,x,y,id,time
0,800,0,A001_001,800
1,792,0,A001_001,1592
2,808,0,A001_001,2400
3,804,0,A001_001,3204
4,796,0,A001_001,4000
5,784,0,A001_001,4784
6,784,0,A001_001,5568
7,788,0,A001_001,6356
8,800,0,A001_001,7156
9,800,0,A001_001,7956
10,796,0,A001_001,8752
11,808,0,A001_001,9560
12,816,0,A001_001,10376
13,824,0,A001_001,11200
14,820,0,A001_001,12020
15,824,0,A001_001,12844
16,824,0,A001_001,13668
17,820,0,A001_001,14488
18,824,0,A001_001,15312
19,820,0,A001_001,16132
20,816,0,A001_001,16948
21,808,0,A001_001,17756
22,808,0,A001_001,18564
23,796,0,A001_001,19360
24,796,0,A001_001,20156
25,804,0,A001_001,20960
26,796,0,A001_001,21756
27,796,0,A001_001,22552
28,804,0,A001_001,23356
29,804,0,A001_001,24160
30,800,0,A001_001,24960
31,796,0,A001_001,25756
32,812,0,A001_001,26568
33,816,0,A001_001,27384
34,808,0,A001_001,28192
35,804,0,A001_001,28996
36,816,0,A001_001,29812
37,796,0,A001_001,30608
38,812,0,A001_001,31420
39,828,0,A001_001,32248
40,828,0,A001_001,33076
41,824,0,A001_001,33900
42,824,0,A001_001,34724
43,816,0,A001_001,35540
44,812,0,A001_001,36352
45,820,0,A001_001,37172
46,812,0,A001_001,37984
47,816,0,A001_001,38800
48,808,0,A001_001,39608
49,812,0,A001_001,40420
50,820,0,A001_001,41240
51,816,0,A001_001,42056
52,804,0,A001_001,42860
53,808,0,A001_001,43668
54,820,0,A001_001,44488
55,812,0,A001_001,45300
56,812,0,A001_001,46112
57,808,0,A001_001,46920
58,804,0,A001_001,47724
59,792,0,A001_001,48516
60,860,0,A001_001,49376
61,820,0,A001_001,50196
62,812,0,A001_001,51008
63,804,0,A001_001,51812
64,804,0,A001_001,52616
65,792,0,A001_001,53408
66,796,0,A001_001,54204
67,740,0,A001_001,54944
68,768,0,A001_001,55712
69,752,0,A001_001,56464
70,744,0,A001_001,57208
71,716,0,A001_001,57924
72,732,0,A001_001,58656
73,732,0,A001_001,59388
74,716,0,A001_001,60104
75,724,0,A001_001,60828
76,700,0,A001_001,61528
77,700,0,A001_001,62228
78,692,0,A001_001,62920
79,692,0,A001_001,63612
80,668,0,A001_001,64280
81,688,0,A001_001,64968
82,672,0,A001_001,65640
83,684,0,A001_001,66324
84,700,0,A001_001,67024
85,692,0,A001_001,67716
86,708,0,A001_001,68424
87,708,0,A001_001,69132
88,732,0,A001_001,69864
89,720,0,A001_001,70584
90,732,0,A001_001,71316
91,748,0,A001_001,72064
92,728,0,A001_001,72792
93,724,0,A001_001,73516
94,740,0,A001_001,74256
95,748,0,A001_001,75004
96,752,0,A001_001,75756
97,760,0,A001_001,76516
98,744,0,A001_001,77260
99,748,0,A001_001,78008
100,756,0,A001_001,78764
101,740,0,A001_001,79504
102,736,0,A001_001,80240
103,736,0,A001_001,80976
104,736,0,A001_001,81712
105,740,0,A001_001,82452
106,732,0,A001_001,83184
107,732,0,A001_001,83916
108,740,0,A001_001,84656
109,732,0,A001_001,85388
110,732,0,A001_001,86120
111,740,0,A001_001,86860
112,752,0,A001_001,87612
113,744,0,A001_001,88356
114,772,0,A001_001,89128
115,764,0,A001_001,89892
116,764,0,A001_001,90656
117,756,0,A001_001,91412
118,744,0,A001_001,92156
119,740,0,A001_001,92896
120,736,0,A001_001,93632
121,744,0,A001_001,94376
122,744,0,A001_001,95120
123,748,0,A001_001,95868
124,752,0,A001_001,96620
125,744,0,A001_001,97364
126,740,0,A001_001,98104
127,736,0,A001_001,98840
128,728,0,A001_001,99568
129,720,0,A001_001,100288
130,712,0,A001_001,101000
131,704,0,A001_001,101704
132,704,0,A001_001,102408
133,684,0,A001_001,103092
134,676,0,A001_001,103768
135,676,0,A001_001,104444
136,672,0,A001_001,105116
137,672,0,A001_001,105788
138,684,0,A001_001,106472
139,684,0,A001_001,107156
140,700,0,A001_001,107856
141,712,0,A001_001,108568
142,724,0,A001_001,109292
143,740,0,A001_001,110032
144,732,0,A001_001,110764
145,744,0,A001_001,111508
146,744,0,A001_001,112252
147,752,0,A001_001,113004
148,744,0,A001_001,113748
149,740,0,A001_001,114488
150,732,0,A001_001,115220
151,728,0,A001_001,115948
152,720,0,A001_001,116668
153,716,0,A001_001,117384
154,700,0,A001_001,118084
155,712,0,A001_001,118796
156,688,0,A001_001,119484
157,704,0,A001_001,120188
158,676,0,A001_001,120864
159,720,0,A001_001,121584
160,692,0,A001_001,122276
161,720,0,A001_001,122996
162,696,0,A001_001,123692
163,752,0,A001_001,124444
164,748,0,A001_001,125192
165,752,0,A001_001,125944
166,760,0,A001_001,126704
167,768,0,A001_001,127472
168,776,0,A001_001,128248
169,776,0,A001_001,129024
170,780,0,A001_001,129804
171,792,0,A001_001,130596
172,796,0,A001_001,131392
173,784,0,A001_001,132176
174,776,0,A001_001,132952
175,764,0,A001_001,133716
176,756,0,A001_001,134472
177,744,0,A001_001,135216
178,732,0,A001_001,135948
179,736,0,A001_001,136684
180,732,0,A001_001,137416
181,716,0,A001_001,138132
182,716,0,A001_001,138848
183,708,0,A001_001,139556
184,684,0,A001_001,140240
185,692,0,A001_001,140932
186,712,0,A001_001,141644
187,684,0,A001_001,142328
188,736,0,A001_001,143064
189,728,0,A001_001,143792
190,744,0,A001_001,144536
191,776,0,A001_001,145312
192,760,0,A001_001,146072
193,756,0,A001_001,146828
194,752,0,A001_001,147580
195,768,0,A001_001,148348
196,760,0,A001_001,149108
197,772,0,A001_001,149880
198,772,0,A001_001,150652
199,768,0,A001_001,151420
200,760,0,A001_001,152180
201,756,0,A001_001,152936
202,768,0,A001_001,153704
203,756,0,A001_001,154460
204,752,0,A001_001,155212
205,820,0,A001_001,156032
206,820,0,A001_001,156852
207,812,0,A001_001,157664
208,804,0,A001_001,158468
209,788,0,A001_001,159256
210,776,0,A001_001,160032
211,772,0,A001_001,160804
212,772,0,A001_001,161576
213,756,0,A001_001,162332
214,764,0,A001_001,163096
215,748,0,A001_001,163844
216,756,0,A001_001,164600
217,764,0,A001_001,165364
218,756,0,A001_001,166120
219,760,0,A001_001,166880
220,756,0,A001_001,167636
221,772,0,A001_001,168408
222,780,0,A001_001,169188
223,796,0,A001_001,169984
224,792,0,A001_001,170776
225,800,0,A001_001,171576
226,796,0,A001_001,172372
227,800,0,A001_001,173172
228,788,0,A001_001,173960
229,784,0,A001_001,174744
230,788,0,A001_001,175532
231,772,0,A001_001,176304
232,772,0,A001_001,177076
233,772,0,A001_001,177848
234,760,0,A001_001,178608
235,772,0,A001_001,179380
236,776,0,A001_001,180156
237,784,0,A001_001,180940
238,784,0,A001_001,181724
239,788,0,A001_001,182512
240,800,0,A001_001,183312
241,792,0,A001_001,184104
242,796,0,A001_001,184900
243,796,0,A001_001,185696
244,812,0,A001_001,186508
245,828,0,A001_001,187336
246,828,0,A001_001,188164
247,828,0,A001_001,188992
248,828,0,A001_001,189820
249,820,0,A001_001,190640
250,812,0,A001_001,191452
251,808,0,A001_001,192260
252,812,0,A001_001,193072
253,816,0,A001_001,193888
254,808,0,A001_001,194696
255,808,0,A001_001,195504
256,796,0,A001_001,196300
257,804,0,A001_001,197104
258,804,0,A001_001,197908
259,800,0,A001_001,198708
260,784,0,A001_001,199492
261,808,0,A001_001,200300
262,812,0,A001_001,201112
263,820,0,A001_001,201932
264,816,0,A001_001,202748
265,796,0,A001_001,203544
266,804,0,A001_001,204348
267,800,0,A001_001,205148
268,788,0,A001_001,205936
269,784,0,A001_001,206720
270,768,0,A001_001,207488
271,776,0,A001_001,208264
272,776,0,A001_001,209040
273,772,0,A001_001,209812
274,772,0,A001_001,210584
275,772,0,A001_001,211356
276,776,0,A001_001,212132
277,780,0,A001_001,212912
278,776,0,A001_001,213688
279,804,0,A001_001,214492
280,840,0,A001_001,215332
281,836,0,A001_001,216168
282,832,0,A001_001,217000
283,820,0,A001_001,217820
284,796,0,A001_001,218616
285,784,0,A001_001,219400
286,776,0,A001_001,220176
287,748,0,A001_001,220924
288,748,0,A001_001,221672
289,756,0,A001_001,222428
290,756,0,A001_001,223184
291,760,0,A001_001,223944
292,760,0,A001_001,224704
293,764,0,A001_001,225468
294,768,0,A001_001,226236
295,752,0,A001_001,226988
296,728,0,A001_001,227716
297,736,0,A001_001,228452
298,728,0,A001_001,229180
299,748,0,A001_001,229928
300,752,0,A001_001,230680
301,768,0,A001_001,231448
302,788,0,A001_001,232236
303,804,0,A001_001,233040
304,824,0,A001_001,233864
305,816,0,A001_001,234680
306,832,0,A001_001,235512
307,840,0,A001_001,236352
308,840,0,A001_001,237192
309,824,0,A001_001,238016
310,840,0,A001_001,238856
311,824,0,A001_001,239680
312,828,0,A001_001,240508
313,812,0,A001_001,241320
314,824,0,A001_001,242144
315,816,0,A001_001,242960
316,820,0,A001_001,243780
317,816,0,A001_001,244596
318,800,0,A001_001,245396
319,812,0,A001_001,246208
320,800,0,A001_001,247008
321,812,0,A001_001,247820
322,820,0,A001_001,248640
323,816,0,A001_001,249456
324,804,0,A001_001,250260
325,812,0,A001_001,251072
326,816,0,A001_001,251888
327,820,0,A001_001,252708
328,808,0,A001_001,253516
329,820,0,A001_001,254336
330,808,0,A001_001,255144
331,816,0,A001_001,255960
332,820,0,A001_001,256780
333,816,0,A001_001,257596
334,824,0,A001_001,258420
335,816,0,A001_001,259236
336,820,0,A001_001,260056
337,824,0,A001_001,260880
338,808,0,A001_001,261688
339,844,0,A001_001,262532
340,836,0,A001_001,263368
341,808,0,A001_001,264176
342,808,0,A001_001,264984
343,800,0,A001_001,265784
344,788,0,A001_001,266572
345,776,0,A001_001,267348
346,772,0,A001_001,268120
347,764,0,A001_001,268884
348,748,0,A001_001,269632
349,732,0,A001_001,270364
350,744,0,A001_001,271108
351,748,0,A001_001,271856
352,740,0,A001_001,272596
353,728,0,A001_001,273324
354,732,0,A001_001,274056
355,748,0,A001_001,274804
356,736,0,A001_001,275540
357,704,0,A001_001,276244
358,712,0,A001_001,276956
359,680,0,A001_001,277636
360,684,0,A001_001,278320
361,688,0,A001_001,279008
362,672,0,A001_001,279680
363,684,0,A001_001,280364
364,676,0,A001_001,281040
365,684,0,A001_001,281724
366,684,0,A001_001,282408
367,716,0,A001_001,283124
368,716,0,A001_001,283840
369,740,0,A001_001,284580
370,720,0,A001_001,285300
371,732,0,A001_001,286032
372,744,0,A001_001,286776
373,740,0,A001_001,287516
374,724,0,A001_001,288240
375,748,0,A001_001,288988
376,736,0,A001_001,289724
377,740,0,A001_001,290464
378,728,0,A001_001,291192
379,744,0,A001_001,291936
380,748,0,A001_001,292684
381,744,0,A001_001,293428
382,724,0,A001_001,294152
383,764,0,A001_001,294916
384,752,0,A001_001,295668
385,752,0,A001_001,296420
386,756,0,A001_001,297176
387,776,0,A001_001,297952
388,780,0,A001_001,298732
389,788,0,A001_001,299520
390,784,0,A001_001,300304
391,784,0,A001_001,301088
392,784,0,A001_001,301872
393,788,0,A001_001,302660
394,796,0,A001_001,303456
395,784,0,A001_001,304240
396,784,0,A001_001,305024
397,788,0,A001_001,305812
398,788,0,A001_001,306600
399,788,0,A001_001,307388
400,784,0,A001_001,308172
401,776,0,A001_001,308948
402,780,0,A001_001,309728
403,776,0,A001_001,310504
404,772,0,A001_001,311276
405,768,0,A001_001,312044
406,776,0,A001_001,312820
407,776,0,A001_001,313596
408,792,0,A001_001,314388
409,788,0,A001_001,315176
410,792,0,A001_001,315968
411,788,0,A001_001,316756
412,788,0,A001_001,317544
413,812,0,A001_001,318356
414,804,0,A001_001,319160
415,812,0,A001_001,319972
416,808,0,A001_001,320780
417,816,0,A001_001,321596
418,804,0,A001_001,322400
419,800,0,A001_001,323200
420,796,0,A001_001,323996
421,800,0,A001_001,324796
422,804,0,A001_001,325600
423,804,0,A001_001,326404
424,812,0,A001_001,327216
425,816,0,A001_001,328032
426,804,0,A001_001,328836
427,808,0,A001_001,329644
428,820,0,A001_001,330464
429,824,0,A001_001,331288
430,832,0,A001_001,332120
431,820,0,A001_001,332940
432,812,0,A001_001,333752
433,808,0,A001_001,334560
434,800,0,A001_001,335360
435,788,0,A001_001,336148
436,776,0,A001_001,336924
437,780,0,A001_001,337704
438,776,0,A001_001,338480
439,772,0,A001_001,339252
440,772,0,A001_001,340024
441,772,0,A001_001,340796
442,788,0,A001_001,341584
443,792,0,A001_001,342376
444,800,0,A001_001,343176
445,800,0,A001_001,343976
446,796,0,A001_001,344772
447,808,0,A001_001,345580
448,816,0,A001_001,346396
449,816,0,A001_001,347212
450,816,0,A001_001,348028
451,808,0,A001_001,348836
452,808,0,A001_001,349644
453,816,0,A001_001,350460
454,812,0,A001_001,351272
455,808,0,A001_001,352080
456,808,0,A001_001,352888
457,808,0,A001_001,353696
458,804,0,A001_001,354500
459,796,0,A001_001,355296
460,796,0,A001_001,356092
461,828,0,A001_001,356920
462,860,0,A001_001,357780
463,852,0,A001_001,358632
464,856,0,A001_001,359488
465,852,0,A001_001,360340
466,840,0,A001_001,361180
467,824,0,A001_001,362004
468,840,0,A001_001,362844
469,828,0,A001_001,363672
470,824,0,A001_001,364496
471,812,0,A001_001,365308
472,800,0,A001_001,366108
473,800,0,A001_001,366908
474,808,0,A001_001,367716
475,816,0,A001_001,368532
476,812,0,A001_001,369344
477,820,0,A001_001,370164
478,840,0,A001_001,371004
479,836,0,A001_001,371840
480,836,0,A001_001,372676
481,832,0,A001_001,373508
482,844,0,A001_001,374352
483,840,0,A001_001,375192
484,840,0,A001_001,376032
485,832,0,A001_001,376864
486,820,0,A001_001,377684
487,820,0,A001_001,378504
488,824,0,A001_001,379328
489,824,0,A001_001,380152
490,816,0,A001_001,380968
491,820,0,A001_001,381788
492,820,0,A001_001,382608
493,820,0,A001_001,383428
494,820,0,A001_001,384248
495,816,0,A001_001,385064
496,816,0,A001_001,385880
497,800,0,A001_001,386680
498,800,0,A001_001,387480
499,800,0,A001_001,388280
500,804,0,A001_001,389084
501,808,0,A001_001,389892
502,804,0,A001_001,390696
503,800,0,A001_001,391496
504,808,0,A001_001,392304
505,816,0,A001_001,393120
506,812,0,A001_001,393932
507,804,0,A001_001,394736
508,812,0,A001_001,395548
509,812,0,A001_001,396360
510,804,0,A001_001,397164
511,800,0,A001_001,397964
512,808,0,A001_001,398772
513,804,0,A001_001,399576
514,796,0,A001_001,400372
515,808,0,A001_001,401180
516,804,0,A001_001,401984
517,792,0,A001_001,402776
518,792,0,A001_001,403568
519,800,0,A001_001,404368
520,800,0,A001_001,405168
521,784,0,A001_001,405952
522,788,0,A001_001,406740
523,792,0,A001_001,407532
524,788,0,A001_001,408320
525,792,0,A001_001,409112
526,788,0,A001_001,409900
527,804,0,A001_001,410704
528,800,0,A001_001,411504
529,804,0,A001_001,412308
530,800,0,A001_001,413108
531,812,0,A001_001,413920
532,816,0,A001_001,414736
533,812,0,A001_001,415548
534,808,0,A001_001,416356
535,816,0,A001_001,417172
536,804,0,A001_001,417976
537,800,0,A001_001,418776
538,808,0,A001_001,419584
539,844,0,A001_001,420428
540,824,0,A001_001,421252
541,832,0,A001_001,422084
542,804,0,A001_001,422888
543,816,0,A001_001,423704
544,800,0,A001_001,424504
545,792,0,A001_001,425296
546,768,0,A001_001,426064
547,760,0,A001_001,426824
548,760,0,A001_001,427584
549,760,0,A001_001,428344
550,772,0,A001_001,429116
551,768,0,A001_001,429884
552,776,0,A001_001,430660
553,776,0,A001_001,431436
554,788,0,A001_001,432224
555,792,0,A001_001,433016
556,800,0,A001_001,433816
557,800,0,A001_001,434616
558,800,0,A001_001,435416
559,808,0,A001_001,436224
560,820,0,A001_001,437044
561,812,0,A001_001,437856
562,804,0,A001_001,438660
563,788,0,A001_001,439448
564,784,0,A001_001,440232
565,784,0,A001_001,441016
566,796,0,A001_001,441812
567,792,0,A001_001,442604
568,788,0,A001_001,443392
569,788,0,A001_001,444180
570,800,0,A001_001,444980
571,804,0,A001_001,445784
572,808,0,A001_001,446592
573,808,0,A001_001,447400
574,812,0,A001_001,448212
575,816,0,A001_001,449028
576,816,0,A001_001,449844
577,812,0,A001_001,450656
578,812,0,A001_001,451468
579,812,0,A001_001,452280
580,816,0,A001_001,453096
581,804,0,A001_001,453900
582,804,0,A001_001,454704
583,808,0,A001_001,455512
584,796,0,A001_001,456308
585,796,0,A001_001,457104
586,800,0,A001_001,457904
587,796,0,A001_001,458700
588,792,0,A001_001,459492
589,796,0,A001_001,460288
590,804,0,A001_001,461092
591,812,0,A001_001,461904
592,808,0,A001_001,462712
593,812,0,A001_001,463524
594,808,0,A001_001,464332
595,812,0,A001_001,465144
596,780,0,A001_001,465924
597,776,0,A001_001,466700
598,764,0,A001_001,467464
599,748,0,A001_001,468212
600,748,0,A001_001,468960
601,744,0,A001_001,469704
602,744,0,A001_001,470448
603,736,0,A001_001,471184
604,724,0,A001_001,471908
605,724,0,A001_001,472632
606,728,0,A001_001,473360
607,724,0,A001_001,474084
608,724,0,A001_001,474808
609,724,0,A001_001,475532
610,720,0,A001_001,476252
611,708,0,A001_001,476960
612,732,0,A001_001,477692
613,736,0,A001_001,478428
614,732,0,A001_001,479160
615,732,0,A001_001,479892
616,748,0,A001_001,480640
617,752,0,A001_001,481392
618,752,0,A001_001,482144
619,752,0,A001_001,482896
620,764,0,A001_001,483660
621,768,0,A001_001,484428
622,748,0,A001_001,485176
623,760,0,A001_001,485936
624,756,0,A001_001,486692
625,764,0,A001_001,487456
626,768,0,A001_001,488224
627,768,0,A001_001,488992
628,772,0,A001_001,489764
629,776,0,A001_001,490540
630,768,0,A001_001,491308
631,768,0,A001_001,492076
632,760,0,A001_001,492836
633,772,0,A001_001,493608
634,768,0,A001_001,494376
635,760,0,A001_001,495136
636,768,0,A001_001,495904
637,760,0,A001_001,496664
638,756,0,A001_001,497420
639,752,0,A001_001,498172
640,760,0,A001_001,498932
641,752,0,A001_001,499684
642,752,0,A001_001,500436
643,752,0,A001_001,501188
644,748,0,A001_001,501936
645,752,0,A001_001,502688
646,748,0,A001_001,503436
647,748,0,A001_001,504184
648,748,0,A001_001,504932
649,748,0,A001_001,505680
650,752,0,A001_001,506432
651,740,0,A001_001,507172
652,728,0,A001_001,507900
653,728,0,A001_001,508628
654,724,0,A001_001,509352
655,724,0,A001_001,510076
656,716,0,A001_001,510792
657,720,0,A001_001,511512
658,708,0,A001_001,512220
659,704,0,A001_001,512924
660,700,0,A001_001,513624
661,708,0,A001_001,514332
662,700,0,A001_001,515032
663,700,0,A001_001,515732
664,700,0,A001_001,516432
665,696,0,A001_001,517128
666,688,0,A001_001,517816
667,676,0,A001_001,518492
668,676,0,A001_001,519168
669,664,0,A001_001,519832
670,680,0,A001_001,520512
671,704,0,A001_001,521216
672,708,0,A001_001,521924
673,736,0,A001_001,522660
674,740,0,A001_001,523400
675,744,0,A001_001,524144
676,732,0,A001_001,524876
677,744,0,A001_001,525620
678,736,0,A001_001,526356
679,728,0,A001_001,527084
680,720,0,A001_001,527804
681,720,0,A001_001,528524
682,736,0,A001_001,529260
683,716,0,A001_001,529976
684,728,0,A001_001,530704
685,716,0,A001_001,531420
686,720,0,A001_001,532140
687,688,0,A001_001,532828
688,728,0,A001_001,533556
689,716,0,A001_001,534272
690,732,0,A001_001,535004
691,736,0,A001_001,535740
692,748,0,A001_001,536488
693,760,0,A001_001,537248
694,740,0,A001_001,537988
695,756,0,A001_001,538744
696,748,0,A001_001,539492
697,752,0,A001_001,540244
698,752,0,A001_001,540996
699,748,0,A001_001,541744
700,752,0,A001_001,542496
701,764,0,A001_001,543260
702,760,0,A001_001,544020
703,752,0,A001_001,544772
704,748,0,A001_001,545520
705,748,0,A001_001,546268
706,748,0,A001_001,547016
707,744,0,A001_001,547760
708,732,0,A001_001,548492
709,732,0,A001_001,549224
710,728,0,A001_001,549952
711,728,0,A001_001,550680
712,720,0,A001_001,551400
713,716,0,A001_001,552116
714,716,0,A001_001,552832
715,724,0,A001_001,553556
716,672,0,A001_001,554228
717,700,0,A001_001,554928
718,676,0,A001_001,555604
719,688,0,A001_001,556292
720,656,0,A001_001,556948
721,664,0,A001_001,557612
722,672,0,A001_001,558284
723,672,0,A001_001,558956
724,692,0,A001_001,559648
725,668,0,A001_001,560316
726,696,0,A001_001,561012
727,696,0,A001_001,561708
728,712,0,A001_001,562420
729,724,0,A001_001,563144
730,752,0,A001_001,563896
731,756,0,A001_001,564652
732,764,0,A001_001,565416
733,764,0,A001_001,566180
734,776,0,A001_001,566956
735,768,0,A001_001,567724
736,748,0,A001_001,568472
737,736,0,A001_001,569208
738,740,0,A001_001,569948
739,740,0,A001_001,570688
740,736,0,A001_001,571424
741,716,0,A001_001,572140
742,728,0,A001_001,572868
743,728,0,A001_001,573596
744,728,0,A001_001,574324
745,708,0,A001_001,575032
746,716,0,A001_001,575748
747,720,0,A001_001,576468
748,728,0,A001_001,577196
749,728,0,A001_001,577924
750,728,0,A001_001,578652
751,728,0,A001_001,579380
752,736,0,A001_001,580116
753,740,0,A001_001,580856
754,732,0,A001_001,581588
755,748,0,A001_001,582336
756,748,0,A001_001,583084
757,752,0,A001_001,583836
758,740,0,A001_001,584576
759,720,0,A001_001,585296
760,744,0,A001_001,586040
761,764,0,A001_001,586804
762,772,0,A001_001,587576
763,780,0,A001_001,588356
764,784,0,A001_001,589140
765,792,0,A001_001,589932
766,788,0,A001_001,590720
767,772,0,A001_001,591492
768,780,0,A001_001,592272
769,780,0,A001_001,593052
770,792,0,A001_001,593844
771,804,0,A001_001,594648
772,784,0,A001_001,595432
773,784,0,A001_001,596216
774,776,0,A001_001,596992
775,784,0,A001_001,597776
776,788,0,A001_001,598564
777,796,0,A001_001,599360
778,812,0,A001_001,600172
779,804,0,A001_001,600976
780,796,0,A001_001,601772
781,788,0,A001_001,602560
782,780,0,A001_001,603340
783,820,0,A001_001,604160
784,824,0,A001_001,604984
785,820,0,A001_001,605804
786,824,0,A001_001,606628
787,816,0,A001_001,607444
788,788,0,A001_001,608232
789,796,0,A001_001,609028
790,784,0,A001_001,609812
791,776,0,A001_001,610588
792,768,0,A001_001,611356
793,768,0,A001_001,612124
794,776,0,A001_001,612900
795,788,0,A001_001,613688
796,784,0,A001_001,614472
797,780,0,A001_001,615252
798,780,0,A001_001,616032
799,788,0,A001_001,616820
800,796,0,A001_001,617616
801,796,0,A001_001,618412
802,804,0,A001_001,619216
803,796,0,A001_001,620012
804,780,0,A001_001,620792
805,792,0,A001_001,621584
806,788,0,A001_001,622372
807,788,0,A001_001,623160
808,800,0,A001_001,623960
809,796,0,A001_001,624756
810,792,0,A001_001,625548
811,792,0,A001_001,626340
812,792,0,A001_001,627132
813,776,0,A001_001,627908
814,784,0,A001_001,628692
815,788,0,A001_001,629480
816,768,0,A001_001,630248
817,764,0,A001_001,631012
818,756,0,A001_001,631768
819,756,0,A001_001,632524
820,752,0,A001_001,633276
821,748,0,A001_001,634024
822,744,0,A001_001,634768
823,740,0,A001_001,635508
824,752,0,A001_001,636260
825,760,0,A001_001,637020
826,764,0,A001_001,637784
827,780,0,A001_001,638564
828,784,0,A001_001,639348
829,788,0,A001_001,640136
830,776,0,A001_001,640912
831,772,0,A001_001,641684
832,780,0,A001_001,642464
833,772,0,A001_001,643236
834,764,0,A001_001,644000
835,768,0,A001_001,644768
836,768,0,A001_001,645536
837,764,0,A001_001,646300
838,764,0,A001_001,647064
839,764,0,A001_001,647828
840,772,0,A001_001,648600
841,784,0,A001_001,649384
842,780,0,A001_001,650164
843,776,0,A001_001,650940
844,776,0,A001_001,651716
845,784,0,A001_001,652500
846,764,0,A001_001,653264
847,760,0,A001_001,654024
848,756,0,A001_001,654780
849,760,0,A001_001,655540
850,760,0,A001_001,656300
851,752,0,A001_001,657052
852,752,0,A001_001,657804
853,752,0,A001_001,658556
854,760,0,A001_001,659316
855,752,0,A001_001,660068
856,752,0,A001_001,660820
857,760,0,A001_001,661580
858,772,0,A001_001,662352
859,768,0,A001_001,663120
860,776,0,A001_001,663896
861,776,0,A001_001,664672
862,772,0,A001_001,665444
863,768,0,A001_001,666212
864,772,0,A001_001,666984
865,764,0,A001_001,667748
866,760,0,A001_001,668508
867,752,0,A001_001,669260
868,756,0,A001_001,670016
869,748,0,A001_001,670764
870,760,0,A001_001,671524
871,756,0,A001_001,672280
872,752,0,A001_001,673032
873,776,0,A001_001,673808
874,764,0,A001_001,674572
875,756,0,A001_001,675328
876,756,0,A001_001,676084
877,756,0,A001_001,676840
878,744,0,A001_001,677584
879,760,0,A001_001,678344
880,756,0,A001_001,679100
881,752,0,A001_001,679852
882,756,0,A001_001,680608
883,752,0,A001_001,681360
884,752,0,A001_001,682112
885,756,0,A001_001,682868
886,768,0,A001_001,683636
887,764,0,A001_001,684400
888,764,0,A001_001,685164
889,776,0,A001_001,685940
890,776,0,A001_001,686716
891,768,0,A001_001,687484
892,760,0,A001_001,688244
893,772,0,A001_001,689016
894,764,0,A001_001,689780
895,756,0,A001_001,690536
896,752,0,A001_001,691288
897,756,0,A001_001,692044
898,752,0,A001_001,692796
899,752,0,A001_001,693548
900,748,0,A001_001,694296
901,736,0,A001_001,695032
902,752,0,A001_001,695784
903,744,0,A001_001,696528
904,736,0,A001_001,697264
905,744,0,A001_001,698008
906,748,0,A001_001,698756
907,744,0,A001_001,699500
908,760,0,A001_001,700260
909,748,0,A001_001,701008
910,760,0,A001_001,701768
911,748,0,A001_001,702516
912,752,0,A001_001,703268
913,760,0,A001_001,704028
914,752,0,A001_001,704780
915,752,0,A001_001,705532
916,756,0,A001_001,706288
917,752,0,A001_001,707040
918,748,0,A001_001,707788
919,732,0,A001_001,708520
920,732,0,A001_001,709252
921,720,0,A001_001,709972
922,712,0,A001_001,710684
923,728,0,A001_001,711412
924,716,0,A001_001,712128
925,728,0,A001_001,712856
926,728,0,A001_001,713584
927,728,0,A001_001,714312
928,728,0,A001_001,715040
929,736,0,A001_001,715776
930,732,0,A001_001,716508
931,732,0,A001_001,717240
932,736,0,A001_001,717976
933,732,0,A001_001,718708
934,740,0,A001_001,719448
935,740,0,A001_001,720188
936,744,0,A001_001,720932
937,748,0,A001_001,721680
938,740,0,A001_001,722420
939,736,0,A001_001,723156
940,744,0,A001_001,723900
941,740,0,A001_001,724640
942,740,0,A001_001,725380
943,744,0,A001_001,726124
944,780,0,A001_001,726904
945,780,0,A001_001,727684
946,772,0,A001_001,728456
947,768,0,A001_001,729224
948,760,0,A001_001,729984
949,748,0,A001_001,730732
950,740,0,A001_001,731472
951,728,0,A001_001,732200
952,736,0,A001_001,732936
953,740,0,A001_001,733676
954,736,0,A001_001,734412
955,752,0,A001_001,735164
956,764,0,A001_001,735928
957,776,0,A001_001,736704
958,764,0,A001_001,737468
959,768,0,A001_001,738236
960,768,0,A001_001,739004
961,764,0,A001_001,739768
962,752,0,A001_001,740520
963,752,0,A001_001,741272
964,748,0,A001_001,742020
965,748,0,A001_001,742768
966,736,0,A001_001,743504
967,740,0,A001_001,744244
968,744,0,A001_001,744988
969,768,0,A001_001,745756
970,760,0,A001_001,746516
971,756,0,A001_001,747272
972,760,0,A001_001,748032
973,768,0,A001_001,748800
974,772,0,A001_001,749572
975,772,0,A001_001,750344
976,776,0,A001_001,751120
977,780,0,A001_001,751900
978,780,0,A001_001,752680
979,760,0,A001_001,753440
980,756,0,A001_001,754196
981,756,0,A001_001,754952
982,744,0,A001_001,755696
983,744,0,A001_001,756440
984,744,0,A001_001,757184
985,756,0,A001_001,757940
986,768,0,A001_001,758708
987,756,0,A001_001,759464
988,764,0,A001_001,760228
989,772,0,A001_001,761000
990,768,0,A001_001,761768
991,764,0,A001_001,762532
992,772,0,A001_001,763304
993,776,0,A001_001,764080
994,788,0,A001_001,764868
995,784,0,A001_001,765652
996,776,0,A001_001,766428
997,780,0,A001_001,767208
998,784,0,A001_001,767992
999,780,0,A001_001,768772
1000,776,0,A001_001,769548
1001,772,0,A001_001,770320
1002,772,0,A001_001,771092
1003,772,0,A001_001,771864
1004,764,0,A001_001,772628
1005,760,0,A001_001,773388
1006,764,0,A001_001,774152
1007,756,0,A001_001,774908
1008,760,0,A001_001,775668
1009,756,0,A001_001,776424
1010,764,0,A001_001,777188
1011,760,0,A001_001,777948
1012,756,0,A001_001,778704
1013,756,0,A001_001,779460
1014,756,0,A001_001,780216
1015,760,0,A001_001,780976
1016,760,0,A001_001,781736
1017,764,0,A001_001,782500
1018,760,0,A001_001,783260
1019,764,0,A001_001,784024
1020,764,0,A001_001,784788
1021,768,0,A001_001,785556
1022,764,0,A001_001,786320
1023,760,0,A001_001,787080
1024,764,0,A001_001,787844
1025,748,0,A001_001,788592
1026,736,0,A001_001,789328
1027,736,0,A001_001,790064
1028,728,0,A001_001,790792
1029,728,0,A001_001,791520
1030,728,0,A001_001,792248
1031,720,0,A001_001,792968
1032,724,0,A001_001,793692
1033,736,0,A001_001,794428
1034,732,0,A001_001,795160
1035,740,0,A001_001,795900
1036,744,0,A001_001,796644
1037,752,0,A001_001,797396
1038,756,0,A001_001,798152
1039,764,0,A001_001,798916
1040,768,0,A001_001,799684
1041,768,0,A001_001,800452
1042,776,0,A001_001,801228
1043,788,0,A001_001,802016
1044,792,0,A001_001,802808
1045,788,0,A001_001,803596
1046,776,0,A001_001,804372
1047,772,0,A001_001,805144
1048,776,0,A001_001,805920
1049,772,0,A001_001,806692
1050,772,0,A001_001,807464
1051,776,0,A001_001,808240
1052,772,0,A001_001,809012
1053,768,0,A001_001,809780
1054,764,0,A001_001,810544
1055,772,0,A001_001,811316
1056,768,0,A001_001,812084
1057,764,0,A001_001,812848
1058,768,0,A001_001,813616
1059,760,0,A001_001,814376
1060,768,0,A001_001,815144
1061,776,0,A001_001,815920
1062,776,0,A001_001,816696
1063,768,0,A001_001,817464
1064,768,0,A001_001,818232
1065,780,0,A001_001,819012
1066,788,0,A001_001,819800
1067,788,0,A001_001,820588
1068,792,0,A001_001,821380
1069,812,0,A001_001,822192
1070,816,0,A001_001,823008
1071,816,0,A001_001,823824
1072,812,0,A001_001,824636
1073,812,0,A001_001,825448
1074,808,0,A001_001,826256
1075,796,0,A001_001,827052
1076,776,0,A001_001,827828
1077,772,0,A001_001,828600
1078,772,0,A001_001,829372
1079,768,0,A001_001,830140
1080,764,0,A001_001,830904
1081,764,0,A001_001,831668
1082,768,0,A001_001,832436
1083,764,0,A001_001,833200
1084,776,0,A001_001,833976
1085,780,0,A001_001,834756
1086,772,0,A001_001,835528
1087,772,0,A001_001,836300
1088,784,0,A001_001,837084
1089,772,0,A001_001,837856
1090,768,0,A001_001,838624
1091,784,0,A001_001,839408
1092,776,0,A001_001,840184
1093,788,0,A001_001,840972
1094,780,0,A001_001,841752
1095,788,0,A001_001,842540
1096,800,0,A001_001,843340
1097,800,0,A001_001,844140
1098,796,0,A001_001,844936
1099,792,0,A001_001,845728
1100,784,0,A001_001,846512
1101,788,0,A001_001,847300
1102,776,0,A001_001,848076
1103,772,0,A001_001,848848
1104,780,0,A001_001,849628
1105,784,0,A001_001,850412
1106,788,0,A001_001,851200
1107,788,0,A001_001,851988
1108,792,0,A001_001,852780
1109,800,0,A001_001,853580
1110,796,0,A001_001,854376
1111,796,0,A001_001,855172
1112,796,0,A001_001,855968
1113,792,0,A001_001,856760
1114,784,0,A001_001,857544
1115,792,0,A001_001,858336
1116,788,0,A001_001,859124
1117,780,0,A001_001,859904
1118,788,0,A001_001,860692
1119,784,0,A001_001,861476
1120,764,0,A001_001,862240
1121,760,0,A001_001,863000
1122,760,0,A001_001,863760
1123,748,0,A001_001,864508
1124,748,0,A001_001,865256
1125,740,0,A001_001,865996
1126,780,0,A001_001,866776
1127,800,0,A001_001,867576
1128,796,0,A001_001,868372
1129,792,0,A001_001,869164
1130,800,0,A001_001,869964
1131,812,0,A001_001,870776
1132,816,0,A001_001,871592
1133,820,0,A001_001,872412
1134,804,0,A001_001,873216
1135,808,0,A001_001,874024
1136,800,0,A001_001,874824
1137,800,0,A001_001,875624
1138,796,0,A001_001,876420
1139,788,0,A001_001,877208
1140,796,0,A001_001,878004
1141,788,0,A001_001,878792
1142,784,0,A001_001,879576
1143,792,0,A001_001,880368
1144,788,0,A001_001,881156
1145,788,0,A001_001,881944
1146,780,0,A001_001,882724
1147,776,0,A001_001,883500
1148,776,0,A001_001,884276
1149,760,0,A001_001,885036
1150,760,0,A001_001,885796
1151,768,0,A001_001,886564
1152,756,0,A001_001,887320
1153,752,0,A001_001,888072
1154,748,0,A001_001,888820
1155,776,0,A001_001,889596
1156,784,0,A001_001,890380
1157,772,0,A001_001,891152
1158,764,0,A001_001,891916
1159,764,0,A001_001,892680
1160,772,0,A001_001,893452
1161,772,0,A001_001,894224
1162,772,0,A001_001,894996
1163,768,0,A001_001,895764
1164,772,0,A001_001,896536
1165,776,0,A001_001,897312
1166,768,0,A001_001,898080
1167,776,0,A001_001,898856
1168,780,0,A001_001,899636
1169,788,0,A001_001,900424
1170,784,0,A001_001,901208
1171,784,0,A001_001,901992
1172,796,0,A001_001,902788
1173,796,0,A001_001,903584
1174,796,0,A001_001,904380
1175,800,0,A001_001,905180
1176,796,0,A001_001,905976
1177,788,0,A001_001,906764
1178,776,0,A001_001,907540
1179,776,0,A001_001,908316
1180,772,0,A001_001,909088
1181,764,0,A001_001,909852
1182,760,0,A001_001,910612
1183,756,0,A001_001,911368
1184,752,0,A001_001,912120
1185,768,0,A001_001,912888
1186,760,0,A001_001,913648
1187,752,0,A001_001,914400
1188,760,0,A001_001,915160
1189,768,0,A001_001,915928
1190,768,0,A001_001,916696
1191,772,0,A001_001,917468
1192,768,0,A001_001,918236
1193,776,0,A001_001,919012
1194,796,0,A001_001,919808
1195,796,0,A001_001,920604
1196,796,0,A001_001,921400
1197,784,0,A001_001,922184
1198,792,0,A001_001,922976
1199,784,0,A001_001,923760
1200,784,0,A001_001,924544
1201,780,0,A001_001,925324
1202,776,0,A001_001,926100
1203,768,0,A001_001,926868
1204,768,0,A001_001,927636
1205,760,0,A001_001,928396
1206,760,0,A001_001,929156
1207,760,0,A001_001,929916
1208,764,0,A001_001,930680
1209,768,0,A001_001,931448
1210,768,0,A001_001,932216
1211,772,0,A001_001,932988
1212,776,0,A001_001,933764
1213,776,0,A001_001,934540
1214,776,0,A001_001,935316
1215,772,0,A001_001,936088
1216,760,0,A001_001,936848
1217,756,0,A001_001,937604
1218,752,0,A001_001,938356
1219,744,0,A001_001,939100
1220,744,0,A001_001,939844
1221,732,0,A001_001,940576
1222,720,0,A001_001,941296
1223,724,0,A001_001,942020
1224,724,0,A001_001,942744
1225,728,0,A001_001,943472
1226,732,0,A001_001,944204
1227,724,0,A001_001,944928
1228,736,0,A001_001,945664
1229,736,0,A001_001,946400
1230,724,0,A001_001,947124
1231,724,0,A001_001,947848
1232,720,0,A001_001,948568
1233,712,0,A001_001,949280
1234,716,0,A001_001,949996
1235,724,0,A001_001,950720
1236,740,0,A001_001,951460
1237,744,0,A001_001,952204
1238,744,0,A001_001,952948
1239,752,0,A001_001,953700
1240,752,0,A001_001,954452
1241,748,0,A001_001,955200
1242,764,0,A001_001,955964
1243,760,0,A001_001,956724
1244,760,0,A001_001,957484
1245,768,0,A001_001,958252
1246,764,0,A001_001,959016
1247,764,0,A001_001,959780
1248,756,0,A001_001,960536
1249,740,0,A001_001,961276
1250,732,0,A001_001,962008
1251,728,0,A001_001,962736
1252,724,0,A001_001,963460
1253,728,0,A001_001,964188
1254,736,0,A001_001,964924
1255,740,0,A001_001,965664
1256,728,0,A001_001,966392
1257,724,0,A001_001,967116
1258,756,0,A001_001,967872
1259,756,0,A001_001,968628
1260,768,0,A001_001,969396
1261,776,0,A001_001,970172
1262,776,0,A001_001,970948
1263,788,0,A001_001,971736
1264,784,0,A001_001,972520
1265,772,0,A001_001,973292
1266,796,0,A001_001,974088
1267,784,0,A001_001,974872
1268,788,0,A001_001,975660
1269,788,0,A001_001,976448
1270,780,0,A001_001,977228
1271,784,0,A001_001,978012
1272,784,0,A001_001,978796
1273,776,0,A001_001,979572
1274,768,0,A001_001,980340
1275,768,0,A001_001,981108
1276,760,0,A001_001,981868
1277,760,0,A001_001,982628
1278,756,0,A001_001,983384
1279,760,0,A001_001,984144
1280,760,0,A001_001,984904
1281,760,0,A001_001,985664
1282,764,0,A001_001,986428
1283,772,0,A001_001,987200
1284,772,0,A001_001,987972
1285,772,0,A001_001,988744
1286,780,0,A001_001,989524
1287,784,0,A001_001,990308
1288,784,0,A001_001,991092
1289,784,0,A001_001,991876
1290,780,0,A001_001,992656
1291,780,0,A001_001,993436
1292,776,0,A001_001,994212
1293,772,0,A001_001,994984
1294,768,0,A001_001,995752
1295,764,0,A001_001,996516
1296,744,0,A001_001,997260
1297,740,0,A001_001,998000
1298,732,0,A001_001,998732
1299,728,0,A001_001,999460
1300,712,0,A001_001,1000172
1301,712,0,A001_001,1000884
1302,716,0,A001_001,1001600
1303,724,0,A001_001,1002324
1304,728,0,A001_001,1003052
1305,712,0,A001_001,1003764
1306,724,0,A001_001,1004488
1307,732,0,A001_001,1005220
1308,740,0,A001_001,1005960
1309,752,0,A001_001,1006712
1310,764,0,A001_001,1007476
1311,764,0,A001_001,1008240
1312,764,0,A001_001,1009004
1313,776,0,A001_001,1009780
1314,772,0,A001_001,1010552
1315,768,0,A001_001,1011320
1316,768,0,A001_001,1012088
1317,760,0,A001_001,1012848
1318,756,0,A001_001,1013604
1319,748,0,A001_001,1014352
1320,744,0,A001_001,1015096
1321,740,0,A001_001,1015836
1322,728,0,A001_001,1016564
1323,732,0,A001_001,1017296
1324,736,0,A001_001,1018032
1325,736,0,A001_001,1018768
1326,732,0,A001_001,1019500
1327,736,0,A001_001,1020236
1328,736,0,A001_001,1020972
1329,748,0,A001_001,1021720
1330,752,0,A001_001,1022472
1331,756,0,A001_001,1023228
1332,756,0,A001_001,1023984
1333,756,0,A001_001,1024740
1334,748,0,A001_001,1025488
1335,748,0,A001_001,1026236
1336,752,0,A001_001,1026988
1337,752,0,A001_001,1027740
1338,748,0,A001_001,1028488
1339,748,0,A001_001,1029236
1340,744,0,A001_001,1029980
1341,744,0,A001_001,1030724
1342,764,0,A001_001,1031488
1343,748,0,A001_001,1032236
1344,756,0,A001_001,1032992
1345,764,0,A001_001,1033756
1346,760,0,A001_001,1034516
1347,752,0,A001_001,1035268
1348,760,0,A001_001,1036028
1349,768,0,A001_001,1036796
1350,776,0,A001_001,1037572
1351,784,0,A001_001,1038356
1352,772,0,A001_001,1039128
1353,780,0,A001_001,1039908
1354,772,0,A001_001,1040680
1355,776,0,A001_001,1041456
1356,772,0,A001_001,1042228
1357,776,0,A001_001,1043004
1358,772,0,A001_001,1043776
1359,772,0,A001_001,1044548
1360,764,0,A001_001,1045312
1361,756,0,A001_001,1046068
1362,760,0,A001_001,1046828
1363,756,0,A001_001,1047584
1364,740,0,A001_001,1048324
1365,776,0,A001_001,1049100
1366,760,0,A001_001,1049860
1367,764,0,A001_001,1050624
1368,764,0,A001_001,1051388
1369,760,0,A001_001,1052148
1370,752,0,A001_001,1052900
1371,760,0,A001_001,1053660
1372,760,0,A001_001,1054420
1373,764,0,A001_001,1055184
1374,772,0,A001_001,1055956
1375,760,0,A001_001,1056716
1376,756,0,A001_001,1057472
1377,740,0,A001_001,1058212
1378,736,0,A001_001,1058948
1379,740,0,A001_001,1059688
1380,732,0,A001_001,1060420
1381,728,0,A001_001,1061148
1382,736,0,A001_001,1061884
1383,748,0,A001_001,1062632
1384,748,0,A001_001,1063380
1385,760,0,A001_001,1064140
1386,768,0,A001_001,1064908
1387,768,0,A001_001,1065676
1388,772,0,A001_001,1066448
1389,776,0,A001_001,1067224
1390,768,0,A001_001,1067992
1391,760,0,A001_001,1068752
1392,764,0,A001_001,1069516
1393,776,0,A001_001,1070292
1394,764,0,A001_001,1071056
1395,772,0,A001_001,1071828
1396,756,0,A001_001,1072584
1397,756,0,A001_001,1073340
1398,776,0,A001_001,1074116
1399,772,0,A001_001,1074888
1400,796,0,A001_001,1075684
1401,792,0,A001_001,1076476
1402,784,0,A001_001,1077260
1403,800,0,A001_001,1078060
1404,692,0,A003_003,692
1405,620,0,A003_003,1312
1406,680,0,A003_003,1992
1407,1184,0,A003_003,3176
1408,980,0,A003_003,4156
1409,972,0,A003_003,5128
1410,960,0,A003_003,6088
1411,952,0,A003_003,7040
1412,968,0,A003_003,8008
1413,968,0,A003_003,8976
1414,968,0,A003_003,9944
1415,968,0,A003_003,10912
1416,964,0,A003_003,11876
1417,944,0,A003_003,12820
1418,940,0,A003_003,13760
1419,924,0,A003_003,14684
1420,952,0,A003_003,15636
1421,968,0,A003_003,16604
1422,972,0,A003_003,17576
1423,984,0,A003_003,18560
1424,968,0,A003_003,19528
1425,964,0,A003_003,20492
1426,1028,0,A003_003,21520
1427,996,0,A003_003,22516
1428,984,0,A003_003,23500
1429,964,0,A003_003,24464
1430,968,0,A003_003,25432
1431,960,0,A003_003,26392
1432,948,0,A003_003,27340
1433,944,0,A003_003,28284
1434,944,0,A003_003,29228
1435,932,0,A003_003,30160
1436,924,0,A003_003,31084
1437,908,0,A003_003,31992
1438,916,0,A003_003,32908
1439,920,0,A003_003,33828
1440,928,0,A003_003,34756
1441,952,0,A003_003,35708
1442,964,0,A003_003,36672
1443,980,0,A003_003,37652
1444,988,0,A003_003,38640
1445,992,0,A003_003,39632
1446,996,0,A003_003,40628
1447,984,0,A003_003,41612
1448,956,0,A003_003,42568
1449,912,0,A003_003,43480
1450,892,0,A003_003,44372
1451,900,0,A003_003,45272
1452,920,0,A003_003,46192
1453,928,0,A003_003,47120
1454,948,0,A003_003,48068
1455,976,0,A003_003,49044
1456,956,0,A003_003,50000
1457,944,0,A003_003,50944
1458,952,0,A003_003,51896
1459,944,0,A003_003,52840
1460,912,0,A003_003,53752
1461,892,0,A003_003,54644
1462,888,0,A003_003,55532
1463,876,0,A003_003,56408
1464,864,0,A003_003,57272
1465,860,0,A003_003,58132
1466,880,0,A003_003,59012
1467,888,0,A003_003,59900
1468,896,0,A003_003,60796
1469,936,0,A003_003,61732
1470,932,0,A003_003,62664
1471,892,0,A003_003,63556
1472,884,0,A003_003,64440
1473,884,0,A003_003,65324
1474,888,0,A003_003,66212
1475,888,0,A003_003,67100
1476,880,0,A003_003,67980
1477,888,0,A003_003,68868
1478,896,0,A003_003,69764
1479,900,0,A003_003,70664
1480,904,0,A003_003,71568
1481,888,0,A003_003,72456
1482,896,0,A003_003,73352
1483,892,0,A003_003,74244
1484,892,0,A003_003,75136
1485,892,0,A003_003,76028
1486,900,0,A003_003,76928
1487,908,0,A003_003,77836
1488,916,0,A003_003,78752
1489,932,0,A003_003,79684
1490,928,0,A003_003,80612
1491,936,0,A003_003,81548
1492,936,0,A003_003,82484
1493,912,0,A003_003,83396
1494,904,0,A003_003,84300
1495,904,0,A003_003,85204
1496,900,0,A003_003,86104
1497,888,0,A003_003,86992
1498,896,0,A003_003,87888
1499,896,0,A003_003,88784
1500,892,0,A003_003,89676
1501,880,0,A003_003,90556
1502,904,0,A003_003,91460
1503,900,0,A003_003,92360
1504,884,0,A003_003,93244
1505,880,0,A003_003,94124
1506,884,0,A003_003,95008
1507,880,0,A003_003,95888
1508,876,0,A003_003,96764
1509,868,0,A003_003,97632
1510,868,0,A003_003,98500
1511,876,0,A003_003,99376
1512,868,0,A003_003,100244
1513,888,0,A003_003,101132
1514,896,0,A003_003,102028
1515,884,0,A003_003,102912
1516,880,0,A003_003,103792
1517,884,0,A003_003,104676
1518,896,0,A003_003,105572
1519,884,0,A003_003,106456
1520,892,0,A003_003,107348
1521,888,0,A003_003,108236
1522,884,0,A003_003,109120
1523,884,0,A003_003,110004
1524,880,0,A003_003,110884
1525,880,0,A003_003,111764
1526,876,0,A003_003,112640
1527,880,0,A003_003,113520
1528,876,0,A003_003,114396
1529,864,0,A003_003,115260
1530,868,0,A003_003,116128
1531,872,0,A003_003,117000
1532,864,0,A003_003,117864
1533,860,0,A003_003,118724
1534,864,0,A003_003,119588
1535,864,0,A003_003,120452
1536,864,0,A003_003,121316
1537,876,0,A003_003,122192
1538,876,0,A003_003,123068
1539,888,0,A003_003,123956
1540,904,0,A003_003,124860
1541,904,0,A003_003,125764
1542,884,0,A003_003,126648
1543,880,0,A003_003,127528
1544,884,0,A003_003,128412
1545,872,0,A003_003,129284
1546,872,0,A003_003,130156
1547,868,0,A003_003,131024
1548,884,0,A003_003,131908
1549,884,0,A003_003,132792
1550,884,0,A003_003,133676
1551,868,0,A003_003,134544
1552,848,0,A003_003,135392
1553,860,0,A003_003,136252
1554,864,0,A003_003,137116
1555,876,0,A003_003,137992
1556,896,0,A003_003,138888
1557,904,0,A003_003,139792
1558,908,0,A003_003,140700
1559,920,0,A003_003,141620
1560,908,0,A003_003,142528
1561,908,0,A003_003,143436
1562,920,0,A003_003,144356
1563,924,0,A003_003,145280
1564,924,0,A003_003,146204
1565,916,0,A003_003,147120
1566,924,0,A003_003,148044
1567,932,0,A003_003,148976
1568,940,0,A003_003,149916
1569,944,0,A003_003,150860
1570,944,0,A003_003,151804
1571,932,0,A003_003,152736
1572,916,0,A003_003,153652
1573,900,0,A003_003,154552
1574,888,0,A003_003,155440
1575,900,0,A003_003,156340
1576,888,0,A003_003,157228
1577,880,0,A003_003,158108
1578,872,0,A003_003,158980
1579,860,0,A003_003,159840
1580,864,0,A003_003,160704
1581,868,0,A003_003,161572
1582,876,0,A003_003,162448
1583,880,0,A003_003,163328
1584,892,0,A003_003,164220
1585,912,0,A003_003,165132
1586,916,0,A003_003,166048
1587,920,0,A003_003,166968
1588,968,0,A003_003,167936
1589,944,0,A003_003,168880
1590,928,0,A003_003,169808
1591,916,0,A003_003,170724
1592,900,0,A003_003,171624
1593,892,0,A003_003,172516
1594,900,0,A003_003,173416
1595,900,0,A003_003,174316
1596,896,0,A003_003,175212
1597,904,0,A003_003,176116
1598,892,0,A003_003,177008
1599,908,0,A003_003,177916
1600,920,0,A003_003,178836
1601,916,0,A003_003,179752
1602,912,0,A003_003,180664
1603,908,0,A003_003,181572
1604,892,0,A003_003,182464
1605,884,0,A003_003,183348
1606,892,0,A003_003,184240
1607,888,0,A003_003,185128
1608,872,0,A003_003,186000
1609,872,0,A003_003,186872
1610,856,0,A003_003,187728
1611,848,0,A003_003,188576
1612,848,0,A003_003,189424
1613,836,0,A003_003,190260
1614,844,0,A003_003,191104
1615,844,0,A003_003,191948
1616,836,0,A003_003,192784
1617,832,0,A003_003,193616
1618,820,0,A003_003,194436
1619,816,0,A003_003,195252
1620,808,0,A003_003,196060
1621,804,0,A003_003,196864
1622,796,0,A003_003,197660
1623,800,0,A003_003,198460
1624,784,0,A003_003,199244
1625,796,0,A003_003,200040
1626,788,0,A003_003,200828
1627,784,0,A003_003,201612
1628,788,0,A003_003,202400
1629,796,0,A003_003,203196
1630,792,0,A003_003,203988
1631,792,0,A003_003,204780
1632,816,0,A003_003,205596
1633,824,0,A003_003,206420
1634,872,0,A003_003,207292
1635,892,0,A003_003,208184
1636,884,0,A003_003,209068
1637,900,0,A003_003,209968
1638,904,0,A003_003,210872
1639,892,0,A003_003,211764
1640,876,0,A003_003,212640
1641,884,0,A003_003,213524
1642,872,0,A003_003,214396
1643,876,0,A003_003,215272
1644,868,0,A003_003,216140
1645,860,0,A003_003,217000
1646,904,0,A003_003,217904
1647,896,0,A003_003,218800
1648,884,0,A003_003,219684
1649,892,0,A003_003,220576
1650,896,0,A003_003,221472
1651,904,0,A003_003,222376
1652,908,0,A003_003,223284
1653,900,0,A003_003,224184
1654,904,0,A003_003,225088
1655,908,0,A003_003,225996
1656,896,0,A003_003,226892
1657,896,0,A003_003,227788
1658,900,0,A003_003,228688
1659,896,0,A003_003,229584
1660,876,0,A003_003,230460
1661,860,0,A003_003,231320
1662,844,0,A003_003,232164
1663,852,0,A003_003,233016
1664,848,0,A003_003,233864
1665,848,0,A003_003,234712
1666,852,0,A003_003,235564
1667,856,0,A003_003,236420
1668,856,0,A003_003,237276
1669,852,0,A003_003,238128
1670,852,0,A003_003,238980
1671,852,0,A003_003,239832
1672,860,0,A003_003,240692
1673,860,0,A003_003,241552
1674,864,0,A003_003,242416
1675,860,0,A003_003,243276
1676,860,0,A003_003,244136
1677,872,0,A003_003,245008
1678,872,0,A003_003,245880
1679,876,0,A003_003,246756
1680,888,0,A003_003,247644
1681,904,0,A003_003,248548
1682,904,0,A003_003,249452
1683,908,0,A003_003,250360
1684,916,0,A003_003,251276
1685,908,0,A003_003,252184
1686,912,0,A003_003,253096
1687,920,0,A003_003,254016
1688,920,0,A003_003,254936
1689,928,0,A003_003,255864
1690,940,0,A003_003,256804
1691,928,0,A003_003,257732
1692,924,0,A003_003,258656
1693,916,0,A003_003,259572
1694,896,0,A003_003,260468
1695,884,0,A003_003,261352
1696,876,0,A003_003,262228
1697,872,0,A003_003,263100
1698,884,0,A003_003,263984
1699,884,0,A003_003,264868
1700,884,0,A003_003,265752
1701,888,0,A003_003,266640
1702,880,0,A003_003,267520
1703,880,0,A003_003,268400
1704,880,0,A003_003,269280
1705,876,0,A003_003,270156
1706,872,0,A003_003,271028
1707,868,0,A003_003,271896
1708,868,0,A003_003,272764
1709,856,0,A003_003,273620
1710,848,0,A003_003,274468
1711,848,0,A003_003,275316
1712,856,0,A003_003,276172
1713,860,0,A003_003,277032
1714,868,0,A003_003,277900
1715,860,0,A003_003,278760
1716,876,0,A003_003,279636
1717,888,0,A003_003,280524
1718,888,0,A003_003,281412
1719,896,0,A003_003,282308
1720,900,0,A003_003,283208
1721,908,0,A003_003,284116
1722,904,0,A003_003,285020
1723,916,0,A003_003,285936
1724,928,0,A003_003,286864
1725,924,0,A003_003,287788
1726,916,0,A003_003,288704
1727,928,0,A003_003,289632
1728,916,0,A003_003,290548
1729,908,0,A003_003,291456
1730,900,0,A003_003,292356
1731,908,0,A003_003,293264
1732,904,0,A003_003,294168
1733,900,0,A003_003,295068
1734,888,0,A003_003,295956
1735,888,0,A003_003,296844
1736,888,0,A003_003,297732
1737,884,0,A003_003,298616
1738,880,0,A003_003,299496
1739,880,0,A003_003,300376
1740,880,0,A003_003,301256
1741,872,0,A003_003,302128
1742,868,0,A003_003,302996
1743,868,0,A003_003,303864
1744,864,0,A003_003,304728
1745,864,0,A003_003,305592
1746,860,0,A003_003,306452
1747,872,0,A003_003,307324
1748,880,0,A003_003,308204
1749,884,0,A003_003,309088
1750,872,0,A003_003,309960
1751,876,0,A003_003,310836
1752,872,0,A003_003,311708
1753,868,0,A003_003,312576
1754,876,0,A003_003,313452
1755,876,0,A003_003,314328
1756,868,0,A003_003,315196
1757,868,0,A003_003,316064
1758,868,0,A003_003,316932
1759,880,0,A003_003,317812
1760,868,0,A003_003,318680
1761,864,0,A003_003,319544
1762,860,0,A003_003,320404
1763,668,0,A003_003,321072
1764,984,0,A003_003,322056
1765,872,0,A003_003,322928
1766,876,0,A003_003,323804
1767,872,0,A003_003,324676
1768,864,0,A003_003,325540
1769,872,0,A003_003,326412
1770,876,0,A003_003,327288
1771,880,0,A003_003,328168
1772,884,0,A003_003,329052
1773,892,0,A003_003,329944
1774,892,0,A003_003,330836
1775,896,0,A003_003,331732
1776,908,0,A003_003,332640
1777,912,0,A003_003,333552
1778,904,0,A003_003,334456
1779,888,0,A003_003,335344
1780,896,0,A003_003,336240
1781,884,0,A003_003,337124
1782,872,0,A003_003,337996
1783,868,0,A003_003,338864
1784,876,0,A003_003,339740
1785,864,0,A003_003,340604
1786,864,0,A003_003,341468
1787,856,0,A003_003,342324
1788,864,0,A003_003,343188
1789,864,0,A003_003,344052
1790,860,0,A003_003,344912
1791,868,0,A003_003,345780
1792,872,0,A003_003,346652
1793,880,0,A003_003,347532
1794,888,0,A003_003,348420
1795,888,0,A003_003,349308
1796,892,0,A003_003,350200
1797,888,0,A003_003,351088
1798,892,0,A003_003,351980
1799,896,0,A003_003,352876
1800,896,0,A003_003,353772
1801,884,0,A003_003,354656
1802,868,0,A003_003,355524
1803,848,0,A003_003,356372
1804,856,0,A003_003,357228
1805,848,0,A003_003,358076
1806,848,0,A003_003,358924
1807,856,0,A003_003,359780
1808,864,0,A003_003,360644
1809,868,0,A003_003,361512
1810,876,0,A003_003,362388
1811,864,0,A003_003,363252
1812,868,0,A003_003,364120
1813,880,0,A003_003,365000
1814,872,0,A003_003,365872
1815,872,0,A003_003,366744
1816,868,0,A003_003,367612
1817,872,0,A003_003,368484
1818,880,0,A003_003,369364
1819,892,0,A003_003,370256
1820,892,0,A003_003,371148
1821,884,0,A003_003,372032
1822,892,0,A003_003,372924
1823,880,0,A003_003,373804
1824,872,0,A003_003,374676
1825,896,0,A003_003,375572
1826,888,0,A003_003,376460
1827,876,0,A003_003,377336
1828,872,0,A003_003,378208
1829,864,0,A003_003,379072
1830,868,0,A003_003,379940
1831,868,0,A003_003,380808
1832,868,0,A003_003,381676
1833,876,0,A003_003,382552
1834,864,0,A003_003,383416
1835,864,0,A003_003,384280
1836,868,0,A003_003,385148
1837,860,0,A003_003,386008
1838,860,0,A003_003,386868
1839,852,0,A003_003,387720
1840,848,0,A003_003,388568
1841,852,0,A003_003,389420
1842,852,0,A003_003,390272
1843,844,0,A003_003,391116
1844,844,0,A003_003,391960
1845,840,0,A003_003,392800
1846,836,0,A003_003,393636
1847,840,0,A003_003,394476
1848,840,0,A003_003,395316
1849,840,0,A003_003,396156
1850,840,0,A003_003,396996
1851,840,0,A003_003,397836
1852,840,0,A003_003,398676
1853,836,0,A003_003,399512
1854,832,0,A003_003,400344
1855,840,0,A003_003,401184
1856,848,0,A003_003,402032
1857,844,0,A003_003,402876
1858,848,0,A003_003,403724
1859,848,0,A003_003,404572
1860,852,0,A003_003,405424
1861,852,0,A003_003,406276
1862,852,0,A003_003,407128
1863,848,0,A003_003,407976
1864,852,0,A003_003,408828
1865,840,0,A003_003,409668
1866,840,0,A003_003,410508
1867,836,0,A003_003,411344
1868,828,0,A003_003,412172
1869,832,0,A003_003,413004
1870,820,0,A003_003,413824
1871,816,0,A003_003,414640
1872,816,0,A003_003,415456
1873,816,0,A003_003,416272
1874,812,0,A003_003,417084
1875,808,0,A003_003,417892
1876,812,0,A003_003,418704
1877,812,0,A003_003,419516
1878,808,0,A003_003,420324
1879,820,0,A003_003,421144
1880,824,0,A003_003,421968
1881,836,0,A003_003,422804
1882,840,0,A003_003,423644
1883,840,0,A003_003,424484
1884,848,0,A003_003,425332
1885,856,0,A003_003,426188
1886,852,0,A003_003,427040
1887,860,0,A003_003,427900
1888,864,0,A003_003,428764
1889,852,0,A003_003,429616
1890,856,0,A003_003,430472
1891,856,0,A003_003,431328
1892,852,0,A003_003,432180
1893,844,0,A003_003,433024
1894,848,0,A003_003,433872
1895,848,0,A003_003,434720
1896,844,0,A003_003,435564
1897,844,0,A003_003,436408
1898,840,0,A003_003,437248
1899,836,0,A003_003,438084
1900,832,0,A003_003,438916
1901,836,0,A003_003,439752
1902,832,0,A003_003,440584
1903,836,0,A003_003,441420
1904,836,0,A003_003,442256
1905,836,0,A003_003,443092
1906,840,0,A003_003,443932
1907,832,0,A003_003,444764
1908,840,0,A003_003,445604
1909,840,0,A003_003,446444
1910,832,0,A003_003,447276
1911,832,0,A003_003,448108
1912,836,0,A003_003,448944
1913,836,0,A003_003,449780
1914,836,0,A003_003,450616
1915,836,0,A003_003,451452
1916,844,0,A003_003,452296
1917,844,0,A003_003,453140
1918,844,0,A003_003,453984
1919,848,0,A003_003,454832
1920,852,0,A003_003,455684
1921,848,0,A003_003,456532
1922,852,0,A003_003,457384
1923,848,0,A003_003,458232
1924,848,0,A003_003,459080
1925,844,0,A003_003,459924
1926,848,0,A003_003,460772
1927,844,0,A003_003,461616
1928,848,0,A003_003,462464
1929,844,0,A003_003,463308
1930,848,0,A003_003,464156
1931,840,0,A003_003,464996
1932,844,0,A003_003,465840
1933,836,0,A003_003,466676
1934,828,0,A003_003,467504
1935,816,0,A003_003,468320
1936,808,0,A003_003,469128
1937,808,0,A003_003,469936
1938,796,0,A003_003,470732
1939,800,0,A003_003,471532
1940,808,0,A003_003,472340
1941,808,0,A003_003,473148
1942,820,0,A003_003,473968
1943,840,0,A003_003,474808
1944,844,0,A003_003,475652
1945,856,0,A003_003,476508
1946,852,0,A003_003,477360
1947,860,0,A003_003,478220
1948,852,0,A003_003,479072
1949,844,0,A003_003,479916
1950,848,0,A003_003,480764
1951,848,0,A003_003,481612
1952,840,0,A003_003,482452
1953,848,0,A003_003,483300
1954,844,0,A003_003,484144
1955,844,0,A003_003,484988
1956,844,0,A003_003,485832
1957,836,0,A003_003,486668
1958,844,0,A003_003,487512
1959,836,0,A003_003,488348
1960,844,0,A003_003,489192
1961,836,0,A003_003,490028
1962,840,0,A003_003,490868
1963,836,0,A003_003,491704
1964,836,0,A003_003,492540
1965,832,0,A003_003,493372
1966,828,0,A003_003,494200
1967,832,0,A003_003,495032
1968,828,0,A003_003,495860
1969,820,0,A003_003,496680
1970,820,0,A003_003,497500
1971,824,0,A003_003,498324
1972,820,0,A003_003,499144
1973,836,0,A003_003,499980
1974,828,0,A003_003,500808
1975,832,0,A003_003,501640
1976,820,0,A003_003,502460
1977,836,0,A003_003,503296
1978,832,0,A003_003,504128
1979,828,0,A003_003,504956
1980,824,0,A003_003,505780
1981,828,0,A003_003,506608
1982,848,0,A003_003,507456
1983,836,0,A003_003,508292
1984,840,0,A003_003,509132
1985,840,0,A003_003,509972
1986,844,0,A003_003,510816
1987,844,0,A003_003,511660
1988,844,0,A003_003,512504
1989,836,0,A003_003,513340
1990,840,0,A003_003,514180
1991,840,0,A003_003,515020
1992,836,0,A003_003,515856
1993,836,0,A003_003,516692
1994,836,0,A003_003,517528
1995,828,0,A003_003,518356
1996,824,0,A003_003,519180
1997,824,0,A003_003,520004
1998,832,0,A003_003,520836
1999,824,0,A003_003,521660
2000,832,0,A003_003,522492
2001,832,0,A003_003,523324
2002,844,0,A003_003,524168
2003,848,0,A003_003,525016
2004,844,0,A003_003,525860
2005,840,0,A003_003,526700
2006,852,0,A003_003,527552
2007,844,0,A003_003,528396
2008,844,0,A003_003,529240
2009,840,0,A003_003,530080
2010,848,0,A003_003,530928
2011,868,0,A003_003,531796
2012,860,0,A003_003,532656
2013,852,0,A003_003,533508
2014,848,0,A003_003,534356
2015,840,0,A003_003,535196
2016,848,0,A003_003,536044
2017,844,0,A003_003,536888
2018,844,0,A003_003,537732
2019,844,0,A003_003,538576
2020,852,0,A003_003,539428
2021,848,0,A003_003,540276
2022,852,0,A003_003,541128
2023,840,0,A003_003,541968
2024,848,0,A003_003,542816
2025,856,0,A003_003,543672
2026,860,0,A003_003,544532
2027,860,0,A003_003,545392
2028,864,0,A003_003,546256
2029,860,0,A003_003,547116
2030,860,0,A003_003,547976
2031,856,0,A003_003,548832
2032,852,0,A003_003,549684
2033,844,0,A003_003,550528
2034,836,0,A003_003,551364
2035,836,0,A003_003,552200
2036,840,0,A003_003,553040
2037,840,0,A003_003,553880
2038,844,0,A003_003,554724
2039,848,0,A003_003,555572
2040,856,0,A003_003,556428
2041,852,0,A003_003,557280
2042,848,0,A003_003,558128
2043,852,0,A003_003,558980
2044,852,0,A003_003,559832
2045,844,0,A003_003,560676
2046,856,0,A003_003,561532
2047,848,0,A003_003,562380
2048,852,0,A003_003,563232
2049,852,0,A003_003,564084
2050,860,0,A003_003,564944
2051,852,0,A003_003,565796
2052,852,0,A003_003,566648
2053,856,0,A003_003,567504
2054,848,0,A003_003,568352
2055,852,0,A003_003,569204
2056,848,0,A003_003,570052
2057,852,0,A003_003,570904
2058,852,0,A003_003,571756
2059,848,0,A003_003,572604
2060,848,0,A003_003,573452
2061,852,0,A003_003,574304
2062,848,0,A003_003,575152
2063,856,0,A003_003,576008
2064,852,0,A003_003,576860
2065,856,0,A003_003,577716
2066,860,0,A003_003,578576
2067,860,0,A003_003,579436
2068,868,0,A003_003,580304
2069,868,0,A003_003,581172
2070,864,0,A003_003,582036
2071,860,0,A003_003,582896
2072,860,0,A003_003,583756
2073,860,0,A003_003,584616
2074,852,0,A003_003,585468
2075,860,0,A003_003,586328
2076,864,0,A003_003,587192
2077,852,0,A003_003,588044
2078,864,0,A003_003,588908
2079,868,0,A003_003,589776
2080,860,0,A003_003,590636
2081,868,0,A003_003,591504
2082,872,0,A003_003,592376
2083,880,0,A003_003,593256
2084,868,0,A003_003,594124
2085,876,0,A003_003,595000
2086,876,0,A003_003,595876
2087,872,0,A003_003,596748
2088,876,0,A003_003,597624
2089,884,0,A003_003,598508
2090,876,0,A003_003,599384
2091,884,0,A003_003,600268
2092,888,0,A003_003,601156
2093,872,0,A003_003,602028
2094,880,0,A003_003,602908
2095,880,0,A003_003,603788
2096,864,0,A003_003,604652
2097,856,0,A003_003,605508
2098,852,0,A003_003,606360
2099,848,0,A003_003,607208
2100,832,0,A003_003,608040
2101,820,0,A003_003,608860
2102,824,0,A003_003,609684
2103,820,0,A003_003,610504
2104,816,0,A003_003,611320
2105,812,0,A003_003,612132
2106,824,0,A003_003,612956
2107,824,0,A003_003,613780
2108,828,0,A003_003,614608
2109,828,0,A003_003,615436
2110,836,0,A003_003,616272
2111,836,0,A003_003,617108
2112,836,0,A003_003,617944
2113,840,0,A003_003,618784
2114,844,0,A003_003,619628
2115,848,0,A003_003,620476
2116,844,0,A003_003,621320
2117,852,0,A003_003,622172
2118,840,0,A003_003,623012
2119,836,0,A003_003,623848
2120,836,0,A003_003,624684
2121,836,0,A003_003,625520
2122,848,0,A003_003,626368
2123,840,0,A003_003,627208
2124,856,0,A003_003,628064
2125,860,0,A003_003,628924
2126,864,0,A003_003,629788
2127,880,0,A003_003,630668
2128,884,0,A003_003,631552
2129,880,0,A003_003,632432
2130,876,0,A003_003,633308
2131,884,0,A003_003,634192
2132,884,0,A003_003,635076
2133,884,0,A003_003,635960
2134,880,0,A003_003,636840
2135,872,0,A003_003,637712
2136,876,0,A003_003,638588
2137,880,0,A003_003,639468
2138,880,0,A003_003,640348
2139,872,0,A003_003,641220
2140,876,0,A003_003,642096
2141,876,0,A003_003,642972
2142,868,0,A003_003,643840
2143,880,0,A003_003,644720
2144,880,0,A003_003,645600
2145,880,0,A003_003,646480
2146,880,0,A003_003,647360
2147,876,0,A003_003,648236
2148,872,0,A003_003,649108
2149,872,0,A003_003,649980
2150,880,0,A003_003,650860
2151,876,0,A003_003,651736
2152,876,0,A003_003,652612
2153,880,0,A003_003,653492
2154,880,0,A003_003,654372
2155,868,0,A003_003,655240
2156,872,0,A003_003,656112
2157,864,0,A003_003,656976
2158,868,0,A003_003,657844
2159,876,0,A003_003,658720
2160,868,0,A003_003,659588
2161,864,0,A003_003,660452
2162,864,0,A003_003,661316
2163,864,0,A003_003,662180
2164,860,0,A003_003,663040
2165,856,0,A003_003,663896
2166,868,0,A003_003,664764
2167,856,0,A003_003,665620
2168,848,0,A003_003,666468
2169,840,0,A003_003,667308
2170,840,0,A003_003,668148
2171,832,0,A003_003,668980
2172,836,0,A003_003,669816
2173,840,0,A003_003,670656
2174,840,0,A003_003,671496
2175,828,0,A003_003,672324
2176,832,0,A003_003,673156
2177,832,0,A003_003,673988
2178,836,0,A003_003,674824
2179,844,0,A003_003,675668
2180,844,0,A003_003,676512
2181,852,0,A003_003,677364
2182,856,0,A003_003,678220
2183,856,0,A003_003,679076
2184,868,0,A003_003,679944
2185,872,0,A003_003,680816
2186,868,0,A003_003,681684
2187,868,0,A003_003,682552
2188,864,0,A003_003,683416
2189,856,0,A003_003,684272
2190,852,0,A003_003,685124
2191,856,0,A003_003,685980
2192,856,0,A003_003,686836
2193,864,0,A003_003,687700
2194,860,0,A003_003,688560
2195,860,0,A003_003,689420
2196,848,0,A003_003,690268
2197,844,0,A003_003,691112
2198,844,0,A003_003,691956
2199,864,0,A003_003,692820
2200,860,0,A003_003,693680
2201,852,0,A003_003,694532
2202,856,0,A003_003,695388
2203,868,0,A003_003,696256
2204,884,0,A003_003,697140
2205,892,0,A003_003,698032
2206,892,0,A003_003,698924
2207,900,0,A003_003,699824
2208,908,0,A003_003,700732
2209,916,0,A003_003,701648
2210,912,0,A003_003,702560
2211,908,0,A003_003,703468
2212,928,0,A003_003,704396
2213,932,0,A003_003,705328
2214,924,0,A003_003,706252
2215,908,0,A003_003,707160
2216,896,0,A003_003,708056
2217,892,0,A003_003,708948
2218,880,0,A003_003,709828
2219,884,0,A003_003,710712
2220,888,0,A003_003,711600
2221,892,0,A003_003,712492
2222,900,0,A003_003,713392
2223,896,0,A003_003,714288
2224,892,0,A003_003,715180
2225,888,0,A003_003,716068
2226,872,0,A003_003,716940
2227,868,0,A003_003,717808
2228,860,0,A003_003,718668
2229,844,0,A003_003,719512
2230,832,0,A003_003,720344
2231,832,0,A003_003,721176
2232,820,0,A003_003,721996
2233,812,0,A003_003,722808
2234,808,0,A003_003,723616
2235,804,0,A003_003,724420
2236,800,0,A003_003,725220
2237,796,0,A003_003,726016
2238,804,0,A003_003,726820
2239,800,0,A003_003,727620
2240,804,0,A003_003,728424
2241,812,0,A003_003,729236
2242,828,0,A003_003,730064
2243,836,0,A003_003,730900
2244,852,0,A003_003,731752
2245,856,0,A003_003,732608
2246,856,0,A003_003,733464
2247,860,0,A003_003,734324
2248,872,0,A003_003,735196
2249,872,0,A003_003,736068
2250,864,0,A003_003,736932
2251,864,0,A003_003,737796
2252,868,0,A003_003,738664
2253,876,0,A003_003,739540
2254,868,0,A003_003,740408
2255,868,0,A003_003,741276
2256,596,0,A003_003,741872
2257,996,0,A003_003,742868
2258,880,0,A003_003,743748
2259,880,0,A003_003,744628
2260,876,0,A003_003,745504
2261,876,0,A003_003,746380
2262,872,0,A003_003,747252
2263,872,0,A003_003,748124
2264,884,0,A003_003,749008
2265,876,0,A003_003,749884
2266,888,0,A003_003,750772
2267,916,0,A003_003,751688
2268,908,0,A003_003,752596
2269,896,0,A003_003,753492
2270,892,0,A003_003,754384
2271,880,0,A003_003,755264
2272,884,0,A003_003,756148
2273,884,0,A003_003,757032
2274,884,0,A003_003,757916
2275,876,0,A003_003,758792
2276,872,0,A003_003,759664
2277,884,0,A003_003,760548
2278,880,0,A003_003,761428
2279,884,0,A003_003,762312
2280,888,0,A003_003,763200
2281,892,0,A003_003,764092
2282,900,0,A003_003,764992
2283,904,0,A003_003,765896
2284,888,0,A003_003,766784
2285,892,0,A003_003,767676
2286,892,0,A003_003,768568
2287,876,0,A003_003,769444
2288,856,0,A003_003,770300
2289,852,0,A003_003,771152
2290,856,0,A003_003,772008
2291,860,0,A003_003,772868
2292,856,0,A003_003,773724
2293,856,0,A003_003,774580
2294,864,0,A003_003,775444
2295,880,0,A003_003,776324
2296,888,0,A003_003,777212
2297,884,0,A003_003,778096
2298,872,0,A003_003,778968
2299,884,0,A003_003,779852
2300,880,0,A003_003,780732
2301,868,0,A003_003,781600
2302,876,0,A003_003,782476
2303,872,0,A003_003,783348
2304,868,0,A003_003,784216
2305,864,0,A003_003,785080
2306,864,0,A003_003,785944
2307,864,0,A003_003,786808
2308,852,0,A003_003,787660
2309,840,0,A003_003,788500
2310,844,0,A003_003,789344
2311,836,0,A003_003,790180
2312,828,0,A003_003,791008
2313,820,0,A003_003,791828
2314,820,0,A003_003,792648
2315,812,0,A003_003,793460
2316,808,0,A003_003,794268
2317,804,0,A003_003,795072
2318,796,0,A003_003,795868
2319,800,0,A003_003,796668
2320,796,0,A003_003,797464
2321,796,0,A003_003,798260
2322,792,0,A003_003,799052
2323,796,0,A003_003,799848
2324,792,0,A003_003,800640
2325,792,0,A003_003,801432
2326,792,0,A003_003,802224
2327,792,0,A003_003,803016
2328,792,0,A003_003,803808
2329,788,0,A003_003,804596
2330,796,0,A003_003,805392
2331,804,0,A003_003,806196
2332,804,0,A003_003,807000
2333,808,0,A003_003,807808
2334,812,0,A003_003,808620
2335,824,0,A003_003,809444
2336,828,0,A003_003,810272
2337,832,0,A003_003,811104
2338,848,0,A003_003,811952
2339,860,0,A003_003,812812
2340,852,0,A003_003,813664
2341,860,0,A003_003,814524
2342,872,0,A003_003,815396
2343,864,0,A003_003,816260
2344,864,0,A003_003,817124
2345,836,0,A003_003,817960
2346,824,0,A003_003,818784
2347,808,0,A003_003,819592
2348,784,0,A003_003,820376
2349,776,0,A003_003,821152
2350,772,0,A003_003,821924
2351,764,0,A003_003,822688
2352,768,0,A003_003,823456
2353,780,0,A003_003,824236
2354,788,0,A003_003,825024
2355,792,0,A003_003,825816
2356,812,0,A003_003,826628
2357,812,0,A003_003,827440
2358,800,0,A003_003,828240
2359,800,0,A003_003,829040
2360,800,0,A003_003,829840
2361,820,0,A003_003,830660
2362,816,0,A003_003,831476
2363,816,0,A003_003,832292
2364,828,0,A003_003,833120
2365,832,0,A003_003,833952
2366,828,0,A003_003,834780
2367,820,0,A003_003,835600
2368,820,0,A003_003,836420
2369,816,0,A003_003,837236
2370,816,0,A003_003,838052
2371,820,0,A003_003,838872
2372,824,0,A003_003,839696
2373,812,0,A003_003,840508
2374,812,0,A003_003,841320
2375,800,0,A003_003,842120
2376,792,0,A003_003,842912
2377,792,0,A003_003,843704
2378,780,0,A003_003,844484
2379,800,0,A003_003,845284
2380,832,0,A003_003,846116
2381,876,0,A003_003,846992
2382,884,0,A003_003,847876
2383,944,0,A003_003,848820
2384,948,0,A003_003,849768
2385,956,0,A003_003,850724
2386,964,0,A003_003,851688
2387,976,0,A003_003,852664
2388,964,0,A003_003,853628
2389,960,0,A003_003,854588
2390,968,0,A003_003,855556
2391,968,0,A003_003,856524
2392,944,0,A003_003,857468
2393,948,0,A003_003,858416
2394,952,0,A003_003,859368
2395,956,0,A003_003,860324
2396,940,0,A003_003,861264
2397,924,0,A003_003,862188
2398,904,0,A003_003,863092
2399,876,0,A003_003,863968
2400,852,0,A003_003,864820
2401,840,0,A003_003,865660
2402,828,0,A003_003,866488
2403,820,0,A003_003,867308
2404,824,0,A003_003,868132
2405,836,0,A003_003,868968
2406,832,0,A003_003,869800
2407,836,0,A003_003,870636
2408,836,0,A003_003,871472
2409,840,0,A003_003,872312
2410,832,0,A003_003,873144
2411,840,0,A003_003,873984
2412,836,0,A003_003,874820
2413,832,0,A003_003,875652
2414,836,0,A003_003,876488
2415,828,0,A003_003,877316
2416,828,0,A003_003,878144
2417,808,0,A003_003,878952
2418,808,0,A003_003,879760
2419,800,0,A003_003,880560
2420,796,0,A003_003,881356
2421,808,0,A003_003,882164
2422,808,0,A003_003,882972
2423,816,0,A003_003,883788
2424,816,0,A003_003,884604
2425,828,0,A003_003,885432
2426,836,0,A003_003,886268
2427,840,0,A003_003,887108
2428,844,0,A003_003,887952
2429,848,0,A003_003,888800
2430,840,0,A003_003,889640
2431,840,0,A003_003,890480
2432,840,0,A003_003,891320
2433,852,0,A003_003,892172
2434,864,0,A003_003,893036
2435,864,0,A003_003,893900
2436,868,0,A003_003,894768
2437,864,0,A003_003,895632
2438,852,0,A003_003,896484
2439,868,0,A003_003,897352
2440,876,0,A003_003,898228
2441,860,0,A003_003,899088
2442,860,0,A003_003,899948
2443,848,0,A003_003,900796
2444,852,0,A003_003,901648
2445,848,0,A003_003,902496
2446,856,0,A003_003,903352
2447,864,0,A003_003,904216
2448,864,0,A003_003,905080
2449,864,0,A003_003,905944
2450,868,0,A003_003,906812
2451,872,0,A003_003,907684
2452,864,0,A003_003,908548
2453,860,0,A003_003,909408
2454,864,0,A003_003,910272
2455,856,0,A003_003,911128
2456,856,0,A003_003,911984
2457,864,0,A003_003,912848
2458,860,0,A003_003,913708
2459,860,0,A003_003,914568
2460,868,0,A003_003,915436
2461,864,0,A003_003,916300
2462,864,0,A003_003,917164
2463,868,0,A003_003,918032
2464,868,0,A003_003,918900
2465,872,0,A003_003,919772
2466,860,0,A003_003,920632
2467,864,0,A003_003,921496
2468,868,0,A003_003,922364
2469,864,0,A003_003,923228
2470,868,0,A003_003,924096
2471,872,0,A003_003,924968
2472,880,0,A003_003,925848
2473,888,0,A003_003,926736
2474,888,0,A003_003,927624
2475,892,0,A003_003,928516
2476,892,0,A003_003,929408
2477,892,0,A003_003,930300
2478,884,0,A003_003,931184
2479,884,0,A003_003,932068
2480,876,0,A003_003,932944
2481,868,0,A003_003,933812
2482,864,0,A003_003,934676
2483,860,0,A003_003,935536
2484,856,0,A003_003,936392
2485,848,0,A003_003,937240
2486,848,0,A003_003,938088
2487,844,0,A003_003,938932
2488,840,0,A003_003,939772
2489,832,0,A003_003,940604
2490,836,0,A003_003,941440
2491,840,0,A003_003,942280
2492,840,0,A003_003,943120
2493,836,0,A003_003,943956
2494,840,0,A003_003,944796
2495,848,0,A003_003,945644
2496,656,0,A003_003,946300
2497,964,0,A003_003,947264
2498,856,0,A003_003,948120
2499,880,0,A003_003,949000
2500,864,0,A003_003,949864
2501,848,0,A003_003,950712
2502,844,0,A003_003,951556
2503,840,0,A003_003,952396
2504,840,0,A003_003,953236
2505,840,0,A003_003,954076
2506,852,0,A003_003,954928
2507,864,0,A003_003,955792
2508,856,0,A003_003,956648
2509,868,0,A003_003,957516
2510,860,0,A003_003,958376
2511,848,0,A003_003,959224
2512,836,0,A003_003,960060
2513,840,0,A003_003,960900
2514,848,0,A003_003,961748
2515,856,0,A003_003,962604
2516,856,0,A003_003,963460
2517,872,0,A003_003,964332
2518,876,0,A003_003,965208
2519,876,0,A003_003,966084
2520,872,0,A003_003,966956
2521,860,0,A003_003,967816
2522,864,0,A003_003,968680
2523,860,0,A003_003,969540
2524,860,0,A003_003,970400
2525,872,0,A003_003,971272
2526,868,0,A003_003,972140
2527,868,0,A003_003,973008
2528,872,0,A003_003,973880
2529,888,0,A003_003,974768
2530,888,0,A003_003,975656
2531,880,0,A003_003,976536
2532,888,0,A003_003,977424
2533,892,0,A003_003,978316
2534,888,0,A003_003,979204
2535,888,0,A003_003,980092
2536,884,0,A003_003,980976
2537,872,0,A003_003,981848
2538,884,0,A003_003,982732
2539,884,0,A003_003,983616
2540,876,0,A003_003,984492
2541,876,0,A003_003,985368
2542,888,0,A003_003,986256
2543,896,0,A003_003,987152
2544,908,0,A003_003,988060
2545,892,0,A003_003,988952
2546,888,0,A003_003,989840
2547,876,0,A003_003,990716
2548,860,0,A003_003,991576
2549,852,0,A003_003,992428
2550,844,0,A003_003,993272
2551,828,0,A003_003,994100
2552,816,0,A003_003,994916
2553,812,0,A003_003,995728
2554,804,0,A003_003,996532
2555,792,0,A003_003,997324
2556,796,0,A003_003,998120
2557,796,0,A003_003,998916
2558,796,0,A003_003,999712
2559,804,0,A003_003,1000516
2560,808,0,A003_003,1001324
2561,816,0,A003_003,1002140
2562,824,0,A003_003,1002964
2563,832,0,A003_003,1003796
2564,836,0,A003_003,1004632
2565,832,0,A003_003,1005464
2566,840,0,A003_003,1006304
2567,836,0,A003_003,1007140
2568,848,0,A003_003,1007988
2569,844,0,A003_003,1008832
2570,848,0,A003_003,1009680
2571,844,0,A003_003,1010524
2572,852,0,A003_003,1011376
2573,860,0,A003_003,1012236
2574,852,0,A003_003,1013088
2575,860,0,A003_003,1013948
2576,860,0,A003_003,1014808
2577,856,0,A003_003,1015664
2578,848,0,A003_003,1016512
2579,856,0,A003_003,1017368
2580,844,0,A003_003,1018212
2581,844,0,A003_003,1019056
2582,840,0,A003_003,1019896
2583,836,0,A003_003,1020732
2584,824,0,A003_003,1021556
2585,828,0,A003_003,1022384
2586,832,0,A003_003,1023216
2587,836,0,A003_003,1024052
2588,824,0,A003_003,1024876
2589,812,0,A003_003,1025688
2590,808,0,A003_003,1026496
2591,804,0,A003_003,1027300
2592,800,0,A003_003,1028100
2593,796,0,A003_003,1028896
2594,800,0,A003_003,1029696
2595,804,0,A003_003,1030500
2596,796,0,A003_003,1031296
2597,800,0,A003_003,1032096
2598,792,0,A003_003,1032888
2599,788,0,A003_003,1033676
2600,788,0,A003_003,1034464
2601,788,0,A003_003,1035252
2602,788,0,A003_003,1036040
2603,792,0,A003_003,1036832
2604,796,0,A003_003,1037628
2605,804,0,A003_003,1038432
2606,804,0,A003_003,1039236
2607,804,0,A003_003,1040040
2608,808,0,A003_003,1040848
2609,812,0,A003_003,1041660
2610,816,0,A003_003,1042476
2611,828,0,A003_003,1043304
2612,824,0,A003_003,1044128
2613,828,0,A003_003,1044956
2614,828,0,A003_003,1045784
2615,828,0,A003_003,1046612
2616,824,0,A003_003,1047436
2617,828,0,A003_003,1048264
2618,832,0,A003_003,1049096
2619,836,0,A003_003,1049932
2620,836,0,A003_003,1050768
2621,836,0,A003_003,1051604
2622,840,0,A003_003,1052444
2623,844,0,A003_003,1053288
2624,844,0,A003_003,1054132
2625,844,0,A003_003,1054976
2626,852,0,A003_003,1055828
2627,848,0,A003_003,1056676
2628,840,0,A003_003,1057516
2629,840,0,A003_003,1058356
2630,848,0,A003_003,1059204
2631,852,0,A003_003,1060056
2632,852,0,A003_003,1060908
2633,856,0,A003_003,1061764
2634,852,0,A003_003,1062616
2635,860,0,A003_003,1063476
2636,860,0,A003_003,1064336
2637,864,0,A003_003,1065200
2638,860,0,A003_003,1066060
2639,860,0,A003_003,1066920
2640,856,0,A003_003,1067776
2641,852,0,A003_003,1068628
2642,844,0,A003_003,1069472
2643,856,0,A003_003,1070328
2644,872,0,A003_003,1071200
2645,860,0,A003_003,1072060
2646,856,0,A003_003,1072916
2647,856,0,A003_003,1073772
2648,852,0,A003_003,1074624
2649,856,0,A003_003,1075480
2650,852,0,A003_003,1076332
2651,860,0,A003_003,1077192
2652,860,0,A003_003,1078052
2653,852,0,A003_003,1078904
2654,848,0,A003_003,1079752
2655,852,0,A003_003,1080604
2656,856,0,A003_003,1081460
2657,844,0,A003_003,1082304
2658,840,0,A003_003,1083144
2659,844,0,A003_003,1083988
2660,836,0,A003_003,1084824
2661,840,0,A003_003,1085664
2662,832,0,A003_003,1086496
2663,844,0,A003_003,1087340
2664,844,0,A003_003,1088184
2665,840,0,A003_003,1089024
2666,840,0,A003_003,1089864
2667,848,0,A003_003,1090712
2668,840,0,A003_003,1091552
2669,840,0,A003_003,1092392
2670,828,0,A003_003,1093220
2671,832,0,A003_003,1094052
2672,836,0,A003_003,1094888
2673,828,0,A003_003,1095716
2674,836,0,A003_003,1096552
2675,832,0,A003_003,1097384
2676,836,0,A003_003,1098220
2677,844,0,A003_003,1099064
2678,836,0,A003_003,1099900
2679,832,0,A003_003,1100732
2680,820,0,A003_003,1101552
2681,816,0,A003_003,1102368
2682,812,0,A003_003,1103180
2683,808,0,A003_003,1103988
2684,812,0,A003_003,1104800
2685,812,0,A003_003,1105612
2686,812,0,A003_003,1106424
2687,812,0,A003_003,1107236
2688,816,0,A003_003,1108052
2689,816,0,A003_003,1108868
2690,820,0,A003_003,1109688
2691,816,0,A003_003,1110504
2692,816,0,A003_003,1111320
2693,808,0,A003_003,1112128
2694,808,0,A003_003,1112936
2695,808,0,A003_003,1113744
2696,800,0,A003_003,1114544
2697,804,0,A003_003,1115348
2698,812,0,A003_003,1116160
2699,820,0,A003_003,1116980
2700,828,0,A003_003,1117808
2701,832,0,A003_003,1118640
2702,840,0,A003_003,1119480
2703,844,0,A003_003,1120324
2704,852,0,A003_003,1121176
2705,848,0,A003_003,1122024
2706,844,0,A003_003,1122868
2707,856,0,A003_003,1123724
2708,856,0,A003_003,1124580
2709,860,0,A003_003,1125440
2710,860,0,A003_003,1126300
2711,856,0,A003_003,1127156
2712,856,0,A003_003,1128012
2713,860,0,A003_003,1128872
2714,852,0,A003_003,1129724
2715,856,0,A003_003,1130580
2716,848,0,A003_003,1131428
2717,852,0,A003_003,1132280
2718,852,0,A003_003,1133132
2719,856,0,A003_003,1133988
2720,860,0,A003_003,1134848
2721,852,0,A003_003,1135700
2722,852,0,A003_003,1136552
2723,848,0,A003_003,1137400
2724,852,0,A003_003,1138252
2725,844,0,A003_003,1139096
2726,848,0,A003_003,1139944
2727,836,0,A003_003,1140780
2728,860,0,A003_003,1141640
2729,840,0,A003_003,1142480
2730,840,0,A003_003,1143320
2731,836,0,A003_003,1144156
2732,832,0,A003_003,1144988
2733,832,0,A003_003,1145820
2734,828,0,A003_003,1146648
2735,816,0,A003_003,1147464
2736,808,0,A003_003,1148272
2737,804,0,A003_003,1149076
2738,800,0,A003_003,1149876
2739,800,0,A003_003,1150676
2740,796,0,A003_003,1151472
2741,792,0,A003_003,1152264
2742,796,0,A003_003,1153060
2743,800,0,A003_003,1153860
2744,800,0,A003_003,1154660
2745,804,0,A003_003,1155464
2746,808,0,A003_003,1156272
2747,808,0,A003_003,1157080
2748,812,0,A003_003,1157892
2749,812,0,A003_003,1158704
2750,812,0,A003_003,1159516
2751,820,0,A003_003,1160336
2752,816,0,A003_003,1161152
2753,820,0,A003_003,1161972
2754,820,0,A003_003,1162792
2755,816,0,A003_003,1163608
2756,820,0,A003_003,1164428
2757,824,0,A003_003,1165252
2758,820,0,A003_003,1166072
2759,820,0,A003_003,1166892
2760,824,0,A003_003,1167716
2761,824,0,A003_003,1168540
2762,824,0,A003_003,1169364
2763,820,0,A003_003,1170184
2764,820,0,A003_003,1171004
2765,828,0,A003_003,1171832
2766,828,0,A003_003,1172660
2767,828,0,A003_003,1173488
2768,828,0,A003_003,1174316
2769,828,0,A003_003,1175144
2770,828,0,A003_003,1175972
2771,828,0,A003_003,1176800
2772,824,0,A003_003,1177624
2773,828,0,A003_003,1178452
2774,832,0,A003_003,1179284
2775,832,0,A003_003,1180116
2776,828,0,A003_003,1180944
2777,832,0,A003_003,1181776
2778,832,0,A003_003,1182608
2779,832,0,A003_003,1183440
2780,836,0,A003_003,1184276
2781,832,0,A003_003,1185108
2782,832,0,A003_003,1185940
2783,836,0,A003_003,1186776
2784,832,0,A003_003,1187608
2785,832,0,A003_003,1188440
2786,832,0,A003_003,1189272
2787,832,0,A003_003,1190104
2788,836,0,A003_003,1190940
2789,828,0,A003_003,1191768
2790,824,0,A003_003,1192592
2791,828,0,A003_003,1193420
2792,832,0,A003_003,1194252
2793,840,0,A003_003,1195092
2794,840,0,A003_003,1195932
2795,840,0,A003_003,1196772
2796,836,0,A003_003,1197608
2797,832,0,A003_003,1198440
2798,816,0,A003_003,1199256
2799,816,0,A003_003,1200072
2800,808,0,A003_003,1200880
2801,800,0,A003_003,1201680
2802,800,0,A003_003,1202480
2803,804,0,A003_003,1203284
2804,800,0,A003_003,1204084
2805,792,0,A003_003,1204876
2806,792,0,A003_003,1205668
2807,792,0,A003_003,1206460
2808,788,0,A003_003,1207248
2809,784,0,A003_003,1208032
2810,788,0,A003_003,1208820
2811,780,0,A003_003,1209600
2812,780,0,A003_003,1210380
2813,780,0,A003_003,1211160
2814,776,0,A003_003,1211936
2815,772,0,A003_003,1212708
2816,780,0,A003_003,1213488
2817,768,0,A003_003,1214256
2818,772,0,A003_003,1215028
2819,776,0,A003_003,1215804
2820,780,0,A003_003,1216584
2821,784,0,A003_003,1217368
2822,780,0,A003_003,1218148
2823,788,0,A003_003,1218936
2824,788,0,A003_003,1219724
2825,788,0,A003_003,1220512
2826,788,0,A003_003,1221300
2827,788,0,A003_003,1222088
2828,788,0,A003_003,1222876
2829,784,0,A003_003,1223660
2830,780,0,A003_003,1224440
2831,780,0,A003_003,1225220
2832,784,0,A003_003,1226004
2833,784,0,A003_003,1226788
2834,776,0,A003_003,1227564
2835,776,0,A003_003,1228340
2836,772,0,A003_003,1229112
2837,776,0,A003_003,1229888
2838,768,0,A003_003,1230656
2839,760,0,A003_003,1231416
2840,756,0,A003_003,1232172
2841,756,0,A003_003,1232928
2842,752,0,A003_003,1233680
2843,752,0,A003_003,1234432
2844,748,0,A003_003,1235180
2845,752,0,A003_003,1235932
2846,756,0,A003_003,1236688
2847,756,0,A003_003,1237444
2848,760,0,A003_003,1238204
2849,756,0,A003_003,1238960
2850,768,0,A003_003,1239728
2851,768,0,A003_003,1240496
2852,764,0,A003_003,1241260
2853,768,0,A003_003,1242028
2854,764,0,A003_003,1242792
2855,772,0,A003_003,1243564
2856,768,0,A003_003,1244332
2857,772,0,A003_003,1245104
2858,768,0,A003_003,1245872
2859,776,0,A003_003,1246648
2860,772,0,A003_003,1247420
2861,772,0,A003_003,1248192
2862,764,0,A003_003,1248956
2863,772,0,A003_003,1249728
2864,768,0,A003_003,1250496
2865,764,0,A003_003,1251260
2866,768,0,A003_003,1252028
2867,768,0,A003_003,1252796
2868,764,0,A003_003,1253560
2869,768,0,A003_003,1254328
2870,764,0,A003_003,1255092
2871,760,0,A003_003,1255852
2872,760,0,A003_003,1256612
2873,764,0,A003_003,1257376
2874,764,0,A003_003,1258140
2875,768,0,A003_003,1258908
2876,764,0,A003_003,1259672
2877,772,0,A003_003,1260444
2878,768,0,A003_003,1261212
2879,772,0,A003_003,1261984
2880,772,0,A003_003,1262756
2881,776,0,A003_003,1263532
2882,796,0,A003_003,1264328
2883,792,0,A003_003,1265120
2884,792,0,A003_003,1265912
2885,792,0,A003_003,1266704
2886,792,0,A003_003,1267496
2887,796,0,A003_003,1268292
2888,792,0,A003_003,1269084
2889,796,0,A003_003,1269880
2890,800,0,A003_003,1270680
2891,800,0,A003_003,1271480
2892,796,0,A003_003,1272276
2893,792,0,A003_003,1273068
2894,796,0,A003_003,1273864
2895,792,0,A003_003,1274656
2896,788,0,A003_003,1275444
2897,552,0,A003_003,1275996
2898,904,0,A003_003,1276900
2899,804,0,A003_003,1277704
2900,796,0,A003_003,1278500
2901,796,0,A003_003,1279296
2902,796,0,A003_003,1280092
2903,792,0,A003_003,1280884
2904,788,0,A003_003,1281672
2905,788,0,A003_003,1282460
2906,784,0,A003_003,1283244
2907,776,0,A003_003,1284020
2908,780,0,A003_003,1284800
2909,784,0,A003_003,1285584
2910,780,0,A003_003,1286364
2911,780,0,A003_003,1287144
2912,780,0,A003_003,1287924
2913,784,0,A003_003,1288708
2914,784,0,A003_003,1289492
2915,784,0,A003_003,1290276
2916,788,0,A003_003,1291064
2917,792,0,A003_003,1291856
2918,796,0,A003_003,1292652
2919,792,0,A003_003,1293444
2920,792,0,A003_003,1294236
2921,796,0,A003_003,1295032
2922,796,0,A003_003,1295828
2923,792,0,A003_003,1296620
2924,788,0,A003_003,1297408
2925,784,0,A003_003,1298192
2926,788,0,A003_003,1298980
2927,780,0,A003_003,1299760
2928,784,0,A003_003,1300544
2929,784,0,A003_003,1301328
2930,792,0,A003_003,1302120
2931,792,0,A003_003,1302912
2932,796,0,A003_003,1303708
2933,796,0,A003_003,1304504
2934,800,0,A003_003,1305304
2935,800,0,A003_003,1306104
2936,796,0,A003_003,1306900
2937,796,0,A003_003,1307696
2938,792,0,A003_003,1308488
2939,788,0,A003_003,1309276
2940,780,0,A003_003,1310056
2941,784,0,A003_003,1310840
2942,780,0,A003_003,1311620
2943,776,0,A003_003,1312396
2944,776,0,A003_003,1313172
2945,780,0,A003_003,1313952
2946,784,0,A003_003,1314736
2947,776,0,A003_003,1315512
2948,776,0,A003_003,1316288
2949,780,0,A003_003,1317068
2950,780,0,A003_003,1317848
2951,776,0,A003_003,1318624
2952,776,0,A003_003,1319400
2953,772,0,A003_003,1320172
2954,772,0,A003_003,1320944
2955,772,0,A003_003,1321716
2956,768,0,A003_003,1322484
2957,764,0,A003_003,1323248
2958,772,0,A003_003,1324020
2959,772,0,A003_003,1324792
2960,776,0,A003_003,1325568
2961,768,0,A003_003,1326336
2962,776,0,A003_003,1327112
2963,776,0,A003_003,1327888
2964,772,0,A003_003,1328660
2965,772,0,A003_003,1329432
2966,772,0,A003_003,1330204
2967,772,0,A003_003,1330976
2968,768,0,A003_003,1331744
2969,772,0,A003_003,1332516
2970,764,0,A003_003,1333280
2971,760,0,A003_003,1334040
2972,768,0,A003_003,1334808
2973,712,0,A003_003,1335520
2974,824,0,A003_003,1336344
2975,776,0,A003_003,1337120
2976,776,0,A003_003,1337896
2977,784,0,A003_003,1338680
2978,780,0,A003_003,1339460
2979,776,0,A003_003,1340236
2980,784,0,A003_003,1341020
2981,788,0,A003_003,1341808
2982,784,0,A003_003,1342592
2983,792,0,A003_003,1343384
2984,788,0,A003_003,1344172
2985,792,0,A003_003,1344964
2986,788,0,A003_003,1345752
2987,788,0,A003_003,1346540
2988,792,0,A003_003,1347332
2989,788,0,A003_003,1348120
2990,780,0,A003_003,1348900
2991,776,0,A003_003,1349676
2992,784,0,A003_003,1350460
2993,776,0,A003_003,1351236
2994,784,0,A003_003,1352020
2995,780,0,A003_003,1352800
2996,560,0,A003_003,1353360
2997,900,0,A003_003,1354260
2998,796,0,A003_003,1355056
2999,796,0,A003_003,1355852
3000,796,0,A003_003,1356648
3001,792,0,A003_003,1357440
3002,792,0,A003_003,1358232
3003,808,0,A003_003,1359040
3004,820,0,A003_003,1359860
3005,824,0,A003_003,1360684
3006,832,0,A003_003,1361516
3007,836,0,A003_003,1362352
3008,832,0,A003_003,1363184
3009,840,0,A003_003,1364024
3010,832,0,A003_003,1364856
3011,832,0,A003_003,1365688
3012,832,0,A003_003,1366520
3013,824,0,A003_003,1367344
3014,824,0,A003_003,1368168
3015,820,0,A003_003,1368988
3016,820,0,A003_003,1369808
3017,820,0,A003_003,1370628
3018,812,0,A003_003,1371440
3019,816,0,A003_003,1372256
3020,812,0,A003_003,1373068
3021,804,0,A003_003,1373872
3022,796,0,A003_003,1374668
3023,784,0,A003_003,1375452
3024,784,0,A003_003,1376236
3025,784,0,A003_003,1377020
3026,776,0,A003_003,1377796
3027,780,0,A003_003,1378576
3028,788,0,A003_003,1379364
3029,800,0,A003_003,1380164
3030,816,0,A003_003,1380980
3031,820,0,A003_003,1381800
3032,828,0,A003_003,1382628
3033,824,0,A003_003,1383452
3034,828,0,A003_003,1384280
3035,820,0,A003_003,1385100
3036,816,0,A003_003,1385916
3037,812,0,A003_003,1386728
3038,804,0,A003_003,1387532
3039,800,0,A003_003,1388332
3040,800,0,A003_003,1389132
3041,800,0,A003_003,1389932
3042,800,0,A003_003,1390732
3043,800,0,A003_003,1391532
3044,804,0,A003_003,1392336
3045,800,0,A003_003,1393136
3046,808,0,A003_003,1393944
3047,808,0,A003_003,1394752
3048,820,0,A003_003,1395572
3049,816,0,A003_003,1396388
3050,812,0,A003_003,1397200
3051,820,0,A003_003,1398020
3052,820,0,A003_003,1398840
3053,820,0,A003_003,1399660
3054,816,0,A003_003,1400476
3055,816,0,A003_003,1401292
3056,812,0,A003_003,1402104
3057,800,0,A003_003,1402904
3058,796,0,A003_003,1403700
3059,792,0,A003_003,1404492
3060,788,0,A003_003,1405280
3061,788,0,A003_003,1406068
3062,796,0,A003_003,1406864
3063,796,0,A003_003,1407660
3064,800,0,A003_003,1408460
3065,804,0,A003_003,1409264
3066,800,0,A003_003,1410064
3067,800,0,A003_003,1410864
3068,796,0,A003_003,1411660
3069,800,0,A003_003,1412460
3070,796,0,A003_003,1413256
3071,796,0,A003_003,1414052
3072,796,0,A003_003,1414848
3073,796,0,A003_003,1415644
3074,804,0,A003_003,1416448
3075,796,0,A003_003,1417244
3076,796,0,A003_003,1418040
3077,788,0,A003_003,1418828
3078,788,0,A003_003,1419616
3079,784,0,A003_003,1420400
3080,776,0,A003_003,1421176
3081,776,0,A003_003,1421952
3082,776,0,A003_003,1422728
3083,768,0,A003_003,1423496
3084,768,0,A003_003,1424264
3085,764,0,A003_003,1425028
3086,764,0,A003_003,1425792
3087,764,0,A003_003,1426556
3088,764,0,A003_003,1427320
3089,764,0,A003_003,1428084
3090,764,0,A003_003,1428848
3091,772,0,A003_003,1429620
3092,772,0,A003_003,1430392
3093,772,0,A003_003,1431164
3094,772,0,A003_003,1431936
3095,780,0,A003_003,1432716
3096,776,0,A003_003,1433492
3097,780,0,A003_003,1434272
3098,780,0,A003_003,1435052
3099,784,0,A003_003,1435836
3100,776,0,A003_003,1436612
3101,768,0,A003_003,1437380
3102,760,0,A003_003,1438140
3103,756,0,A003_003,1438896
3104,752,0,A003_003,1439648
3105,756,0,A003_003,1440404
3106,752,0,A003_003,1441156
3107,760,0,A003_003,1441916
3108,760,0,A003_003,1442676
3109,756,0,A003_003,1443432
3110,760,0,A003_003,1444192
3111,760,0,A003_003,1444952
3112,760,0,A003_003,1445712
3113,760,0,A003_003,1446472
3114,760,0,A003_003,1447232
3115,764,0,A003_003,1447996
3116,768,0,A003_003,1448764
3117,788,0,A003_003,1449552
3118,796,0,A003_003,1450348
3119,788,0,A003_003,1451136
3120,792,0,A003_003,1451928
3121,784,0,A003_003,1452712
3122,792,0,A003_003,1453504
3123,792,0,A003_003,1454296
3124,784,0,A003_003,1455080
3125,792,0,A003_003,1455872
3126,792,0,A003_003,1456664
3127,792,0,A003_003,1457456
3128,792,0,A003_003,1458248
3129,788,0,A003_003,1459036
3130,796,0,A003_003,1459832
3131,792,0,A003_003,1460624
3132,784,0,A003_003,1461408
3133,788,0,A003_003,1462196
3134,784,0,A003_003,1462980
3135,780,0,A003_003,1463760
3136,776,0,A003_003,1464536
3137,764,0,A003_003,1465300
3138,764,0,A003_003,1466064
3139,756,0,A003_003,1466820
3140,756,0,A003_003,1467576
3141,752,0,A003_003,1468328
3142,752,0,A003_003,1469080
3143,752,0,A003_003,1469832
3144,752,0,A003_003,1470584
3145,756,0,A003_003,1471340
3146,752,0,A003_003,1472092
3147,756,0,A003_003,1472848
3148,760,0,A003_003,1473608
3149,760,0,A003_003,1474368
3150,764,0,A003_003,1475132
3151,768,0,A003_003,1475900
3152,764,0,A003_003,1476664
3153,768,0,A003_003,1477432
3154,772,0,A003_003,1478204
3155,776,0,A003_003,1478980
3156,784,0,A003_003,1479764
3157,788,0,A003_003,1480552
3158,788,0,A003_003,1481340
3159,788,0,A003_003,1482128
3160,788,0,A003_003,1482916
3161,796,0,A003_003,1483712
3162,792,0,A003_003,1484504
3163,796,0,A003_003,1485300
3164,796,0,A003_003,1486096
3165,800,0,A003_003,1486896
3166,800,0,A003_003,1487696
3167,800,0,A003_003,1488496
3168,800,0,A003_003,1489296
3169,792,0,A003_003,1490088
3170,788,0,A003_003,1490876
3171,788,0,A003_003,1491664
3172,776,0,A003_003,1492440
3173,768,0,A003_003,1493208
3174,764,0,A003_003,1493972
3175,752,0,A003_003,1494724
3176,756,0,A003_003,1495480
3177,752,0,A003_003,1496232
3178,748,0,A003_003,1496980
3179,760,0,A003_003,1497740
3180,768,0,A003_003,1498508
3181,780,0,A003_003,1499288
3182,788,0,A003_003,1500076
3183,788,0,A003_003,1500864
3184,796,0,A003_003,1501660
3185,800,0,A003_003,1502460
3186,796,0,A003_003,1503256
3187,796,0,A003_003,1504052
3188,800,0,A003_003,1504852
3189,792,0,A003_003,1505644
3190,788,0,A003_003,1506432
3191,788,0,A003_003,1507220
3192,784,0,A003_003,1508004
3193,780,0,A003_003,1508784
3194,776,0,A003_003,1509560
3195,780,0,A003_003,1510340
3196,776,0,A003_003,1511116
3197,776,0,A003_003,1511892
3198,780,0,A003_003,1512672
3199,776,0,A003_003,1513448
3200,776,0,A003_003,1514224
3201,776,0,A003_003,1515000
3202,776,0,A003_003,1515776
3203,772,0,A003_003,1516548
3204,772,0,A003_003,1517320
3205,772,0,A003_003,1518092
3206,772,0,A003_003,1518864
3207,768,0,A003_003,1519632
3208,768,0,A003_003,1520400
3209,772,0,A003_003,1521172
3210,772,0,A003_003,1521944
3211,768,0,A003_003,1522712
3212,768,0,A003_003,1523480
3213,776,0,A003_003,1524256
3214,776,0,A003_003,1525032
3215,780,0,A003_003,1525812
3216,776,0,A003_003,1526588
3217,780,0,A003_003,1527368
3218,780,0,A003_003,1528148
3219,772,0,A003_003,1528920
3220,776,0,A003_003,1529696
3221,784,0,A003_003,1530480
3222,788,0,A003_003,1531268
3223,792,0,A003_003,1532060
3224,792,0,A003_003,1532852
3225,788,0,A003_003,1533640
3226,796,0,A003_003,1534436
3227,796,0,A003_003,1535232
3228,796,0,A003_003,1536028
3229,796,0,A003_003,1536824
3230,792,0,A003_003,1537616
3231,792,0,A003_003,1538408
3232,784,0,A003_003,1539192
3233,784,0,A003_003,1539976
3234,780,0,A003_003,1540756
3235,784,0,A003_003,1541540
3236,772,0,A003_003,1542312
3237,772,0,A003_003,1543084
3238,760,0,A003_003,1543844
3239,752,0,A003_003,1544596
3240,756,0,A003_003,1545352
3241,752,0,A003_003,1546104
3242,744,0,A003_003,1546848
3243,744,0,A003_003,1547592
3244,748,0,A003_003,1548340
3245,748,0,A003_003,1549088
3246,752,0,A003_003,1549840
3247,748,0,A003_003,1550588
3248,752,0,A003_003,1551340
3249,752,0,A003_003,1552092
3250,748,0,A003_003,1552840
3251,748,0,A003_003,1553588
3252,748,0,A003_003,1554336
3253,756,0,A003_003,1555092
3254,748,0,A003_003,1555840
3255,752,0,A003_003,1556592
3256,756,0,A003_003,1557348
3257,760,0,A003_003,1558108
3258,764,0,A003_003,1558872
3259,760,0,A003_003,1559632
3260,772,0,A003_003,1560404
3261,776,0,A003_003,1561180
3262,780,0,A003_003,1561960
3263,780,0,A003_003,1562740
3264,788,0,A003_003,1563528
3265,788,0,A003_003,1564316
3266,792,0,A003_003,1565108
3267,788,0,A003_003,1565896
3268,784,0,A003_003,1566680
3269,800,0,A003_003,1567480
3270,812,0,A003_003,1568292
3271,796,0,A003_003,1569088
3272,796,0,A003_003,1569884
3273,796,0,A003_003,1570680
3274,792,0,A003_003,1571472
3275,784,0,A003_003,1572256
3276,780,0,A003_003,1573036
3277,780,0,A003_003,1573816
3278,780,0,A003_003,1574596
3279,784,0,A003_003,1575380
3280,776,0,A003_003,1576156
3281,776,0,A003_003,1576932
3282,776,0,A003_003,1577708
3283,764,0,A003_003,1578472
3284,776,0,A003_003,1579248
3285,784,0,A003_003,1580032
3286,780,0,A003_003,1580812
3287,776,0,A003_003,1581588
3288,772,0,A003_003,1582360
3289,772,0,A003_003,1583132
3290,772,0,A003_003,1583904
3291,768,0,A003_003,1584672
3292,768,0,A003_003,1585440
3293,772,0,A003_003,1586212
3294,772,0,A003_003,1586984
3295,776,0,A003_003,1587760
3296,776,0,A003_003,1588536
3297,776,0,A003_003,1589312
3298,776,0,A003_003,1590088
3299,780,0,A003_003,1590868
3300,780,0,A003_003,1591648
3301,780,0,A003_003,1592428
3302,784,0,A003_003,1593212
3303,776,0,A003_003,1593988
3304,772,0,A003_003,1594760
3305,776,0,A003_003,1595536
3306,776,0,A003_003,1596312
3307,776,0,A003_003,1597088
3308,776,0,A003_003,1597864
3309,784,0,A003_003,1598648
3310,784,0,A003_003,1599432
3311,788,0,A003_003,1600220
3312,788,0,A003_003,1601008
3313,792,0,A003_003,1601800
3314,792,0,A003_003,1602592
3315,792,0,A003_003,1603384
3316,784,0,A003_003,1604168
3317,792,0,A003_003,1604960
3318,788,0,A003_003,1605748
3319,784,0,A003_003,1606532
3320,780,0,A003_003,1607312
3321,784,0,A003_003,1608096
3322,796,0,A003_003,1608892
3323,788,0,A003_003,1609680
3324,784,0,A003_003,1610464
3325,784,0,A003_003,1611248
3326,780,0,A003_003,1612028
3327,776,0,A003_003,1612804
3328,780,0,A003_003,1613584
3329,784,0,A003_003,1614368
3330,780,0,A003_003,1615148
3331,780,0,A003_003,1615928
3332,788,0,A003_003,1616716
3333,792,0,A003_003,1617508
3334,792,0,A003_003,1618300
3335,796,0,A003_003,1619096
3336,804,0,A003_003,1619900
3337,808,0,A003_003,1620708
3338,812,0,A003_003,1621520
3339,824,0,A003_003,1622344
3340,824,0,A003_003,1623168
3341,820,0,A003_003,1623988
3342,824,0,A003_003,1624812
3343,824,0,A003_003,1625636
3344,824,0,A003_003,1626460
3345,832,0,A003_003,1627292
3346,824,0,A003_003,1628116
3347,820,0,A003_003,1628936
3348,828,0,A003_003,1629764
3349,820,0,A003_003,1630584
3350,820,0,A003_003,1631404
3351,816,0,A003_003,1632220
3352,816,0,A003_003,1633036
3353,816,0,A003_003,1633852
3354,808,0,A003_003,1634660
3355,816,0,A003_003,1635476
3356,812,0,A003_003,1636288
3357,812,0,A003_003,1637100
3358,808,0,A003_003,1637908
3359,816,0,A003_003,1638724
3360,856,0,A003_003,1639580
3361,844,0,A003_003,1640424
3362,828,0,A003_003,1641252
3363,828,0,A003_003,1642080
3364,824,0,A003_003,1642904
3365,820,0,A003_003,1643724
3366,824,0,A003_003,1644548
3367,812,0,A003_003,1645360
3368,808,0,A003_003,1646168
3369,792,0,A003_003,1646960
3370,780,0,A003_003,1647740
3371,772,0,A003_003,1648512
3372,760,0,A003_003,1649272
3373,708,0,A003_003,1649980
3374,792,0,A003_003,1650772
3375,740,0,A003_003,1651512
3376,732,0,A003_003,1652244
3377,728,0,A003_003,1652972
3378,736,0,A003_003,1653708
3379,736,0,A003_003,1654444
3380,740,0,A003_003,1655184
3381,748,0,A003_003,1655932
3382,752,0,A003_003,1656684
3383,752,0,A003_003,1657436
3384,764,0,A003_003,1658200
3385,768,0,A003_003,1658968
3386,768,0,A003_003,1659736
3387,768,0,A003_003,1660504
3388,776,0,A003_003,1661280
3389,768,0,A003_003,1662048
3390,776,0,A003_003,1662824
3391,776,0,A003_003,1663600
3392,780,0,A003_003,1664380
3393,784,0,A003_003,1665164
3394,788,0,A003_003,1665952
3395,788,0,A003_003,1666740
3396,784,0,A003_003,1667524
3397,780,0,A003_003,1668304
3398,792,0,A003_003,1669096
3399,788,0,A003_003,1669884
3400,800,0,A003_003,1670684
3401,816,0,A003_003,1671500
3402,816,0,A003_003,1672316
3403,812,0,A003_003,1673128
3404,820,0,A003_003,1673948
3405,864,0,A003_003,1674812
3406,872,0,A003_003,1675684
3407,860,0,A003_003,1676544
3408,864,0,A003_003,1677408
3409,852,0,A003_003,1678260
3410,852,0,A003_003,1679112
3411,840,0,A003_003,1679952
3412,848,0,A003_003,1680800
3413,848,0,A003_003,1681648
3414,844,0,A003_003,1682492
3415,836,0,A003_003,1683328
3416,836,0,A003_003,1684164
3417,816,0,A003_003,1684980
3418,820,0,A003_003,1685800
3419,820,0,A003_003,1686620
3420,816,0,A003_003,1687436
3421,828,0,A003_003,1688264
3422,828,0,A003_003,1689092
3423,832,0,A003_003,1689924
3424,828,0,A003_003,1690752
3425,824,0,A003_003,1691576
3426,824,0,A003_003,1692400
3427,816,0,A003_003,1693216
3428,804,0,A003_003,1694020
3429,804,0,A003_003,1694824
3430,804,0,A003_003,1695628
3431,796,0,A003_003,1696424
3432,804,0,A003_003,1697228
3433,808,0,A003_003,1698036
3434,800,0,A003_003,1698836
3435,804,0,A003_003,1699640
3436,804,0,A003_003,1700444
3437,796,0,A003_003,1701240
3438,792,0,A003_003,1702032
3439,788,0,A003_003,1702820
3440,784,0,A003_003,1703604
3441,780,0,A003_003,1704384
3442,780,0,A003_003,1705164
3443,772,0,A003_003,1705936
3444,768,0,A003_003,1706704
3445,760,0,A003_003,1707464
3446,764,0,A003_003,1708228
3447,760,0,A003_003,1708988
3448,756,0,A003_003,1709744
3449,756,0,A003_003,1710500
3450,756,0,A003_003,1711256
3451,752,0,A003_003,1712008
3452,752,0,A003_003,1712760
3453,752,0,A003_003,1713512
3454,748,0,A003_003,1714260
3455,744,0,A003_003,1715004
3456,744,0,A003_003,1715748
3457,740,0,A003_003,1716488
3458,740,0,A003_003,1717228
3459,732,0,A003_003,1717960
3460,736,0,A003_003,1718696
3461,732,0,A003_003,1719428
3462,728,0,A003_003,1720156
3463,724,0,A003_003,1720880
3464,724,0,A003_003,1721604
3465,720,0,A003_003,1722324
3466,716,0,A003_003,1723040
3467,716,0,A003_003,1723756
3468,708,0,A003_003,1724464
3469,708,0,A003_003,1725172
3470,708,0,A003_003,1725880
3471,712,0,A003_003,1726592
3472,704,0,A003_003,1727296
3473,704,0,A003_003,1728000
3474,704,0,A003_003,1728704
3475,704,0,A003_003,1729408
3476,700,0,A003_003,1730108
3477,700,0,A003_003,1730808
3478,696,0,A003_003,1731504
3479,704,0,A003_003,1732208
3480,700,0,A003_003,1732908
3481,696,0,A003_003,1733604
3482,704,0,A003_003,1734308
3483,704,0,A003_003,1735012
3484,696,0,A003_003,1735708
3485,704,0,A003_003,1736412
3486,704,0,A003_003,1737116
3487,704,0,A003_003,1737820
3488,712,0,A003_003,1738532
3489,712,0,A003_003,1739244
3490,708,0,A003_003,1739952
3491,712,0,A003_003,1740664
3492,716,0,A003_003,1741380
3493,804,0,A005_001,804
3494,804,0,A005_001,1608
3495,816,0,A005_001,2424
3496,812,0,A005_001,3236
3497,784,0,A005_001,4020
3498,780,0,A005_001,4800
3499,772,0,A005_001,5572
3500,788,0,A005_001,6360
3501,812,0,A005_001,7172
3502,832,0,A005_001,8004
3503,844,0,A005_001,8848
3504,844,0,A005_001,9692
3505,836,0,A005_001,10528
3506,804,0,A005_001,11332
3507,780,0,A005_001,12112
3508,784,0,A005_001,12896
3509,776,0,A005_001,13672
3510,784,0,A005_001,14456
3511,804,0,A005_001,15260
3512,808,0,A005_001,16068
3513,804,0,A005_001,16872
3514,800,0,A005_001,17672
3515,780,0,A005_001,18452
3516,796,0,A005_001,19248
3517,784,0,A005_001,20032
3518,796,0,A005_001,20828
3519,800,0,A005_001,21628
3520,796,0,A005_001,22424
3521,752,0,A005_001,23176
3522,764,0,A005_001,23940
3523,748,0,A005_001,24688
3524,764,0,A005_001,25452
3525,760,0,A005_001,26212
3526,816,0,A005_001,27028
3527,848,0,A005_001,27876
3528,872,0,A005_001,28748
3529,868,0,A005_001,29616
3530,868,0,A005_001,30484
3531,876,0,A005_001,31360
3532,856,0,A005_001,32216
3533,780,0,A005_001,32996
3534,772,0,A005_001,33768
3535,1492,0,A005_001,35260
3536,724,0,A005_001,35984
3537,732,0,A005_001,36716
3538,744,0,A005_001,37460
3539,704,0,A005_001,38164
3540,752,0,A005_001,38916
3541,752,0,A005_001,39668
3542,768,0,A005_001,40436
3543,784,0,A005_001,41220
3544,792,0,A005_001,42012
3545,784,0,A005_001,42796
3546,772,0,A005_001,43568
3547,784,0,A005_001,44352
3548,772,0,A005_001,45124
3549,760,0,A005_001,45884
3550,744,0,A005_001,46628
3551,716,0,A005_001,47344
3552,732,0,A005_001,48076
3553,696,0,A005_001,48772
3554,696,0,A005_001,49468
3555,688,0,A005_001,50156
3556,696,0,A005_001,50852
3557,684,0,A005_001,51536
3558,664,0,A005_001,52200
3559,656,0,A005_001,52856
3560,664,0,A005_001,53520
3561,664,0,A005_001,54184
3562,684,0,A005_001,54868
3563,716,0,A005_001,55584
3564,760,0,A005_001,56344
3565,732,0,A005_001,57076
3566,772,0,A005_001,57848
3567,740,0,A005_001,58588
3568,740,0,A005_001,59328
3569,736,0,A005_001,60064
3570,740,0,A005_001,60804
3571,736,0,A005_001,61540
3572,728,0,A005_001,62268
3573,724,0,A005_001,62992
3574,744,0,A005_001,63736
3575,732,0,A005_001,64468
3576,752,0,A005_001,65220
3577,736,0,A005_001,65956
3578,772,0,A005_001,66728
3579,776,0,A005_001,67504
3580,768,0,A005_001,68272
3581,756,0,A005_001,69028
3582,740,0,A005_001,69768
3583,720,0,A005_001,70488
3584,704,0,A005_001,71192
3585,696,0,A005_001,71888
3586,692,0,A005_001,72580
3587,692,0,A005_001,73272
3588,688,0,A005_001,73960
3589,684,0,A005_001,74644
3590,680,0,A005_001,75324
3591,676,0,A005_001,76000
3592,680,0,A005_001,76680
3593,680,0,A005_001,77360
3594,684,0,A005_001,78044
3595,680,0,A005_001,78724
3596,668,0,A005_001,79392
3597,680,0,A005_001,80072
3598,664,0,A005_001,80736
3599,656,0,A005_001,81392
3600,672,0,A005_001,82064
3601,640,0,A005_001,82704
3602,620,0,A005_001,83324
3603,636,0,A005_001,83960
3604,640,0,A005_001,84600
3605,648,0,A005_001,85248
3606,660,0,A005_001,85908
3607,656,0,A005_001,86564
3608,648,0,A005_001,87212
3609,648,0,A005_001,87860
3610,640,0,A005_001,88500
3611,636,0,A005_001,89136
3612,628,0,A005_001,89764
3613,648,1,A005_001,90412
3614,596,0,A005_001,91008
3615,620,0,A005_001,91628
3616,616,0,A005_001,92244
3617,620,0,A005_001,92864
3618,620,0,A005_001,93484
3619,620,0,A005_001,94104
3620,620,0,A005_001,94724
3621,616,0,A005_001,95340
3622,616,0,A005_001,95956
3623,616,0,A005_001,96572
3624,616,0,A005_001,97188
3625,620,0,A005_001,97808
3626,624,0,A005_001,98432
3627,628,0,A005_001,99060
3628,620,0,A005_001,99680
3629,624,0,A005_001,100304
3630,632,0,A005_001,100936
3631,632,0,A005_001,101568
3632,624,0,A005_001,102192
3633,624,0,A005_001,102816
3634,620,0,A005_001,103436
3635,620,0,A005_001,104056
3636,624,0,A005_001,104680
3637,628,0,A005_001,105308
3638,648,1,A005_001,105956
3639,604,0,A005_001,106560
3640,628,0,A005_001,107188
3641,624,0,A005_001,107812
3642,628,0,A005_001,108440
3643,620,0,A005_001,109060
3644,616,0,A005_001,109676
3645,620,0,A005_001,110296
3646,612,0,A005_001,110908
3647,612,0,A005_001,111520
3648,604,0,A005_001,112124
3649,604,0,A005_001,112728
3650,604,0,A005_001,113332
3651,600,0,A005_001,113932
3652,604,0,A005_001,114536
3653,604,0,A005_001,115140
3654,604,0,A005_001,115744
3655,608,0,A005_001,116352
3656,616,0,A005_001,116968
3657,620,0,A005_001,117588
3658,608,0,A005_001,118196
3659,592,0,A005_001,118788
3660,608,0,A005_001,119396
3661,608,0,A005_001,120004
3662,612,0,A005_001,120616
3663,620,0,A005_001,121236
3664,520,0,A005_001,121756
3665,792,0,A005_001,122548
3666,688,0,A005_001,123236
3667,688,0,A005_001,123924
3668,672,0,A005_001,124596
3669,672,0,A005_001,125268
3670,660,0,A005_001,125928
3671,660,0,A005_001,126588
3672,668,0,A005_001,127256
3673,672,0,A005_001,127928
3674,672,0,A005_001,128600
3675,664,0,A005_001,129264
3676,656,0,A005_001,129920
3677,676,1,A005_001,130596
3678,608,0,A005_001,131204
3679,636,0,A005_001,131840
3680,640,0,A005_001,132480
3681,648,0,A005_001,133128
3682,676,0,A005_001,133804
3683,700,0,A005_001,134504
3684,700,0,A005_001,135204
3685,704,0,A005_001,135908
3686,708,0,A005_001,136616
3687,716,0,A005_001,137332
3688,712,0,A005_001,138044
3689,692,0,A005_001,138736
3690,692,0,A005_001,139428
3691,684,0,A005_001,140112
3692,668,0,A005_001,140780
3693,664,0,A005_001,141444
3694,652,0,A005_001,142096
3695,656,0,A005_001,142752
3696,648,0,A005_001,143400
3697,640,0,A005_001,144040
3698,632,0,A005_001,144672
3699,636,0,A005_001,145308
3700,636,0,A005_001,145944
3701,632,0,A005_001,146576
3702,628,0,A005_001,147204
3703,624,0,A005_001,147828
3704,628,0,A005_001,148456
3705,644,1,A005_001,149100
3706,596,0,A005_001,149696
3707,616,0,A005_001,150312
3708,624,0,A005_001,150936
3709,624,0,A005_001,151560
3710,628,0,A005_001,152188
3711,644,1,A005_001,152832
3712,596,0,A005_001,153428
3713,616,0,A005_001,154044
3714,612,0,A005_001,154656
3715,612,0,A005_001,155268
3716,608,0,A005_001,155876
3717,600,0,A005_001,156476
3718,600,0,A005_001,157076
3719,596,0,A005_001,157672
3720,588,0,A005_001,158260
3721,588,0,A005_001,158848
3722,588,0,A005_001,159436
3723,584,0,A005_001,160020
3724,580,0,A005_001,160600
3725,580,0,A005_001,161180
3726,576,0,A005_001,161756
3727,572,0,A005_001,162328
3728,580,0,A005_001,162908
3729,572,0,A005_001,163480
3730,592,1,A005_001,164072
3731,544,0,A005_001,164616
3732,568,0,A005_001,165184
3733,568,0,A005_001,165752
3734,560,0,A005_001,166312
3735,588,0,A005_001,166900
3736,536,0,A005_001,167436
3737,556,0,A005_001,167992
3738,580,0,A005_001,168572
3739,528,0,A005_001,169100
3740,556,0,A005_001,169656
3741,552,0,A005_001,170208
3742,552,0,A005_001,170760
3743,548,0,A005_001,171308
3744,572,0,A005_001,171880
3745,524,0,A005_001,172404
3746,548,0,A005_001,172952
3747,572,0,A005_001,173524
3748,544,0,A005_001,174068
3749,528,0,A005_001,174596
3750,568,0,A005_001,175164
3751,520,0,A005_001,175684
3752,544,0,A005_001,176228
3753,544,0,A005_001,176772
3754,540,0,A005_001,177312
3755,540,0,A005_001,177852
3756,540,0,A005_001,178392
3757,568,0,A005_001,178960
3758,540,0,A005_001,179500
3759,540,0,A005_001,180040
3760,520,0,A005_001,180560
3761,564,0,A005_001,181124
3762,520,0,A005_001,181644
3763,540,0,A005_001,182184
3764,544,0,A005_001,182728
3765,540,0,A005_001,183268
3766,544,0,A005_001,183812
3767,544,0,A005_001,184356
3768,544,0,A005_001,184900
3769,540,0,A005_001,185440
3770,548,0,A005_001,185988
3771,544,0,A005_001,186532
3772,544,0,A005_001,187076
3773,568,0,A005_001,187644
3774,520,0,A005_001,188164
3775,544,0,A005_001,188708
3776,572,0,A005_001,189280
3777,540,0,A005_001,189820
3778,544,0,A005_001,190364
3779,520,0,A005_001,190884
3780,540,0,A005_001,191424
3781,544,0,A005_001,191968
3782,536,0,A005_001,192504
3783,548,0,A005_001,193052
3784,540,0,A005_001,193592
3785,568,0,A005_001,194160
3786,548,0,A005_001,194708
3787,544,0,A005_001,195252
3788,536,0,A005_001,195788
3789,516,0,A005_001,196304
3790,548,0,A005_001,196852
3791,256,0,A005_001,197108
3792,312,0,A005_001,197420
3793,648,0,A005_001,198068
3794,788,0,A005_001,198856
3795,804,0,A005_001,199660
3796,808,0,A005_001,200468
3797,780,0,A005_001,201248
3798,732,0,A005_001,201980
3799,692,0,A005_001,202672
3800,676,0,A005_001,203348
3801,668,0,A005_001,204016
3802,680,0,A005_001,204696
3803,668,0,A005_001,205364
3804,656,0,A005_001,206020
3805,640,0,A005_001,206660
3806,628,0,A005_001,207288
3807,636,0,A005_001,207924
3808,584,0,A005_001,208508
3809,604,0,A005_001,209112
3810,624,0,A005_001,209736
3811,580,0,A005_001,210316
3812,632,0,A005_001,210948
3813,604,0,A005_001,211552
3814,640,0,A005_001,212192
3815,676,0,A005_001,212868
3816,696,0,A005_001,213564
3817,728,0,A005_001,214292
3818,712,0,A005_001,215004
3819,716,0,A005_001,215720
3820,708,0,A005_001,216428
3821,720,0,A005_001,217148
3822,716,0,A005_001,217864
3823,656,0,A005_001,218520
3824,676,0,A005_001,219196
3825,664,0,A005_001,219860
3826,648,0,A005_001,220508
3827,664,0,A005_001,221172
3828,616,0,A005_001,221788
3829,616,0,A005_001,222404
3830,600,0,A005_001,223004
3831,600,0,A005_001,223604
3832,600,0,A005_001,224204
3833,604,0,A005_001,224808
3834,628,0,A005_001,225436
3835,636,0,A005_001,226072
3836,632,0,A005_001,226704
3837,628,0,A005_001,227332
3838,620,0,A005_001,227952
3839,628,0,A005_001,228580
3840,624,0,A005_001,229204
3841,628,0,A005_001,229832
3842,616,0,A005_001,230448
3843,612,0,A005_001,231060
3844,608,0,A005_001,231668
3845,628,0,A005_001,232296
3846,596,0,A005_001,232892
3847,568,0,A005_001,233460
3848,584,0,A005_001,234044
3849,584,0,A005_001,234628
3850,584,0,A005_001,235212
3851,576,0,A005_001,235788
3852,604,1,A005_001,236392
3853,548,0,A005_001,236940
3854,576,0,A005_001,237516
3855,572,0,A005_001,238088
3856,588,0,A005_001,238676
3857,568,0,A005_001,239244
3858,536,0,A005_001,239780
3859,560,0,A005_001,240340
3860,556,0,A005_001,240896
3861,560,0,A005_001,241456
3862,552,0,A005_001,242008
3863,564,0,A005_001,242572
3864,576,0,A005_001,243148
3865,536,0,A005_001,243684
3866,552,0,A005_001,244236
3867,560,0,A005_001,244796
3868,556,0,A005_001,245352
3869,552,0,A005_001,245904
3870,552,0,A005_001,246456
3871,560,0,A005_001,247016
3872,556,0,A005_001,247572
3873,552,0,A005_001,248124
3874,552,0,A005_001,248676
3875,552,0,A005_001,249228
3876,552,0,A005_001,249780
3877,576,1,A005_001,250356
3878,524,0,A005_001,250880
3879,552,0,A005_001,251432
3880,548,0,A005_001,251980
3881,552,0,A005_001,252532
3882,552,0,A005_001,253084
3883,552,0,A005_001,253636
3884,556,0,A005_001,254192
3885,560,0,A005_001,254752
3886,564,0,A005_001,255316
3887,560,0,A005_001,255876
3888,564,0,A005_001,256440
3889,572,0,A005_001,257012
3890,564,0,A005_001,257576
3891,564,0,A005_001,258140
3892,568,0,A005_001,258708
3893,568,0,A005_001,259276
3894,564,0,A005_001,259840
3895,560,0,A005_001,260400
3896,556,0,A005_001,260956
3897,560,0,A005_001,261516
3898,564,0,A005_001,262080
3899,560,0,A005_001,262640
3900,584,0,A005_001,263224
3901,552,0,A005_001,263776
3902,528,0,A005_001,264304
3903,548,0,A005_001,264852
3904,552,0,A005_001,265404
3905,544,0,A005_001,265948
3906,540,0,A005_001,266488
3907,540,0,A005_001,267028
3908,536,0,A005_001,267564
3909,536,0,A005_001,268100
3910,532,0,A005_001,268632
3911,532,0,A005_001,269164
3912,528,0,A005_001,269692
3913,528,0,A005_001,270220
3914,528,0,A005_001,270748
3915,520,0,A005_001,271268
3916,520,0,A005_001,271788
3917,524,0,A005_001,272312
3918,516,0,A005_001,272828
3919,512,0,A005_001,273340
3920,516,0,A005_001,273856
3921,512,0,A005_001,274368
3922,512,0,A005_001,274880
3923,508,0,A005_001,275388
3924,508,0,A005_001,275896
3925,504,0,A005_001,276400
3926,524,0,A005_001,276924
3927,500,0,A005_001,277424
3928,476,0,A005_001,277900
3929,516,0,A005_001,278416
3930,500,0,A005_001,278916
3931,472,0,A005_001,279388
3932,500,0,A005_001,279888
3933,496,0,A005_001,280384
3934,500,0,A005_001,280884
3935,524,1,A005_001,281408
3936,476,0,A005_001,281884
3937,504,0,A005_001,282388
3938,500,0,A005_001,282888
3939,508,0,A005_001,283396
3940,500,0,A005_001,283896
3941,528,0,A005_001,284424
3942,484,0,A005_001,284908
3943,504,0,A005_001,285412
3944,524,0,A005_001,285936
3945,480,0,A005_001,286416
3946,528,0,A005_001,286944
3947,480,0,A005_001,287424
3948,516,0,A005_001,287940
3949,532,0,A005_001,288472
3950,520,0,A005_001,288992
3951,1084,0,A005_001,290076
3952,540,0,A005_001,290616
3953,544,0,A005_001,291160
3954,1100,0,A005_001,292260
3955,572,0,A005_001,292832
3956,528,0,A005_001,293360
3957,1108,0,A005_001,294468
3958,556,0,A005_001,295024
3959,548,0,A005_001,295572
3960,560,0,A005_001,296132
3961,544,0,A005_001,296676
3962,568,1,A005_001,297244
3963,516,0,A005_001,297760
3964,540,0,A005_001,298300
3965,544,0,A005_001,298844
3966,544,0,A005_001,299388
3967,564,0,A005_001,299952
3968,588,0,A005_001,300540
3969,612,0,A005_001,301152
3970,628,0,A005_001,301780
3971,656,0,A005_001,302436
3972,620,0,A005_001,303056
3973,492,0,A005_001,303548
3974,956,0,A005_001,304504
3975,680,0,A005_001,305184
3976,436,0,A005_001,305620
3977,932,0,A005_001,306552
3978,648,0,A005_001,307200
3979,1288,0,A005_001,308488
3980,636,0,A005_001,309124
3981,648,0,A005_001,309772
3982,644,0,A005_001,310416
3983,640,0,A005_001,311056
3984,648,0,A005_001,311704
3985,644,0,A005_001,312348
3986,1300,0,A005_001,313648
3987,624,0,A005_001,314272
3988,636,0,A005_001,314908
3989,620,0,A005_001,315528
3990,632,0,A005_001,316160
3991,644,0,A005_001,316804
3992,628,0,A005_001,317432
3993,500,0,A005_001,317932
3994,756,0,A005_001,318688
3995,620,0,A005_001,319308
3996,1232,0,A005_001,320540
3997,636,0,A005_001,321176
3998,584,0,A005_001,321760
3999,608,0,A005_001,322368
4000,1224,0,A005_001,323592
4001,612,0,A005_001,324204
4002,624,0,A005_001,324828
4003,600,0,A005_001,325428
4004,588,0,A005_001,326016
4005,372,0,A005_001,326388
4006,250,0,A005_001,326638
4007,564,0,A005_001,327202
4008,580,0,A005_001,327782
4009,596,0,A005_001,328378
4010,596,0,A005_001,328974
4011,616,0,A005_001,329590
4012,1160,0,A005_001,330750
4013,584,0,A005_001,331334
4014,584,0,A005_001,331918
4015,584,0,A005_001,332502
4016,584,0,A005_001,333086
4017,584,0,A005_001,333670
4018,580,0,A005_001,334250
4019,592,0,A005_001,334842
4020,1200,0,A005_001,336042
4021,600,0,A005_001,336642
4022,596,0,A005_001,337238
4023,600,0,A005_001,337838
4024,604,0,A005_001,338442
4025,596,0,A005_001,339038
4026,1204,0,A005_001,340242
4027,604,0,A005_001,340846
4028,596,0,A005_001,341442
4029,608,0,A005_001,342050
4030,624,0,A005_001,342674
4031,608,0,A005_001,343282
4032,584,0,A005_001,343866
4033,612,0,A005_001,344478
4034,604,0,A005_001,345082
4035,608,0,A005_001,345690
4036,612,0,A005_001,346302
4037,1224,0,A005_001,347526
4038,608,0,A005_001,348134
4039,600,0,A005_001,348734
4040,608,0,A005_001,349342
4041,604,0,A005_001,349946
4042,600,0,A005_001,350546
4043,1192,0,A005_001,351738
4044,592,0,A005_001,352330
4045,588,0,A005_001,352918
4046,588,0,A005_001,353506
4047,588,0,A005_001,354094
4048,588,0,A005_001,354682
4049,588,0,A005_001,355270
4050,592,0,A005_001,355862
4051,1188,0,A005_001,357050
4052,596,0,A005_001,357646
4053,592,0,A005_001,358238
4054,616,0,A005_001,358854
4055,588,0,A005_001,359442
4056,592,0,A005_001,360034
4057,564,0,A005_001,360598
4058,588,0,A005_001,361186
4059,584,0,A005_001,361770
4060,584,0,A005_001,362354
4061,1180,0,A005_001,363534
4062,592,0,A005_001,364126
4063,608,0,A005_001,364734
4064,608,0,A005_001,365342
4065,612,0,A005_001,365954
4066,612,0,A005_001,366566
4067,1236,0,A005_001,367802
4068,608,0,A005_001,368410
4069,604,0,A005_001,369014
4070,596,0,A005_001,369610
4071,600,0,A005_001,370210
4072,604,0,A005_001,370814
4073,608,0,A005_001,371422
4074,608,0,A005_001,372030
4075,628,1,A005_001,372658
4076,584,0,A005_001,373242
4077,604,0,A005_001,373846
4078,600,0,A005_001,374446
4079,600,0,A005_001,375046
4080,600,0,A005_001,375646
4081,608,0,A005_001,376254
4082,600,0,A005_001,376854
4083,604,0,A005_001,377458
4084,596,0,A005_001,378054
4085,600,0,A005_001,378654
4086,600,0,A005_001,379254
4087,596,0,A005_001,379850
4088,600,0,A005_001,380450
4089,596,0,A005_001,381046
4090,1200,0,A005_001,382246
4091,616,0,A005_001,382862
4092,564,0,A005_001,383426
4093,584,0,A005_001,384010
4094,588,0,A005_001,384598
4095,596,0,A005_001,385194
4096,604,0,A005_001,385798
4097,620,0,A005_001,386418
4098,624,0,A005_001,387042
4099,636,0,A005_001,387678
4100,632,0,A005_001,388310
4101,636,0,A005_001,388946
4102,612,0,A005_001,389558
4103,620,0,A005_001,390178
4104,620,0,A005_001,390798
4105,616,0,A005_001,391414
4106,636,0,A005_001,392050
4107,664,0,A005_001,392714
4108,696,0,A005_001,393410
4109,712,0,A005_001,394122
4110,728,0,A005_001,394850
4111,708,0,A005_001,395558
4112,712,0,A005_001,396270
4113,712,0,A005_001,396982
4114,708,0,A005_001,397690
4115,704,0,A005_001,398394
4116,700,0,A005_001,399094
4117,692,0,A005_001,399786
4118,692,0,A005_001,400478
4119,684,0,A005_001,401162
4120,692,0,A005_001,401854
4121,692,0,A005_001,402546
4122,696,0,A005_001,403242
4123,704,0,A005_001,403946
4124,736,0,A005_001,404682
4125,776,0,A005_001,405458
4126,748,0,A005_001,406206
4127,756,0,A005_001,406962
4128,764,0,A005_001,407726
4129,760,0,A005_001,408486
4130,764,0,A005_001,409250
4131,768,0,A005_001,410018
4132,756,0,A005_001,410774
4133,724,0,A005_001,411498
4134,704,0,A005_001,412202
4135,688,0,A005_001,412890
4136,676,0,A005_001,413566
4137,672,0,A005_001,414238
4138,660,0,A005_001,414898
4139,700,0,A005_001,415598
4140,668,0,A005_001,416266
4141,668,0,A005_001,416934
4142,652,0,A005_001,417586
4143,656,0,A005_001,418242
4144,640,0,A005_001,418882
4145,640,0,A005_001,419522
4146,624,0,A005_001,420146
4147,624,0,A005_001,420770
4148,628,0,A005_001,421398
4149,632,0,A005_001,422030
4150,632,0,A005_001,422662
4151,640,0,A005_001,423302
4152,636,0,A005_001,423938
4153,636,0,A005_001,424574
4154,628,0,A005_001,425202
4155,632,0,A005_001,425834
4156,632,0,A005_001,426466
4157,636,0,A005_001,427102
4158,628,0,A005_001,427730
4159,640,0,A005_001,428370
4160,636,0,A005_001,429006
4161,640,0,A005_001,429646
4162,644,0,A005_001,430290
4163,652,0,A005_001,430942
4164,652,0,A005_001,431594
4165,672,0,A005_001,432266
4166,656,0,A005_001,432922
4167,648,0,A005_001,433570
4168,640,0,A005_001,434210
4169,632,0,A005_001,434842
4170,628,0,A005_001,435470
4171,616,0,A005_001,436086
4172,620,0,A005_001,436706
4173,612,0,A005_001,437318
4174,632,0,A005_001,437950
4175,604,0,A005_001,438554
4176,584,0,A005_001,439138
4177,600,0,A005_001,439738
4178,604,0,A005_001,440342
4179,608,0,A005_001,440950
4180,612,0,A005_001,441562
4181,624,0,A005_001,442186
4182,632,0,A005_001,442818
4183,636,0,A005_001,443454
4184,648,0,A005_001,444102
4185,640,0,A005_001,444742
4186,644,0,A005_001,445386
4187,632,0,A005_001,446018
4188,632,0,A005_001,446650
4189,612,0,A005_001,447262
4190,628,0,A005_001,447890
4191,616,0,A005_001,448506
4192,616,0,A005_001,449122
4193,612,0,A005_001,449734
4194,604,0,A005_001,450338
4195,604,0,A005_001,450942
4196,596,0,A005_001,451538
4197,596,0,A005_001,452134
4198,592,0,A005_001,452726
4199,604,0,A005_001,453330
4200,596,0,A005_001,453926
4201,596,0,A005_001,454522
4202,596,0,A005_001,455118
4203,596,0,A005_001,455714
4204,596,0,A005_001,456310
4205,588,0,A005_001,456898
4206,596,0,A005_001,457494
4207,584,0,A005_001,458078
4208,592,0,A005_001,458670
4209,612,1,A005_001,459282
4210,568,0,A005_001,459850
4211,596,0,A005_001,460446
4212,592,0,A005_001,461038
4213,596,0,A005_001,461634
4214,596,0,A005_001,462230
4215,600,0,A005_001,462830
4216,600,0,A005_001,463430
4217,604,0,A005_001,464034
4218,636,0,A005_001,464670
4219,628,0,A005_001,465298
4220,628,0,A005_001,465926
4221,628,0,A005_001,466554
4222,624,0,A005_001,467178
4223,628,0,A005_001,467806
4224,612,0,A005_001,468418
4225,612,0,A005_001,469030
4226,604,0,A005_001,469634
4227,608,0,A005_001,470242
4228,600,0,A005_001,470842
4229,596,0,A005_001,471438
4230,600,0,A005_001,472038
4231,596,0,A005_001,472634
4232,600,0,A005_001,473234
4233,600,0,A005_001,473834
4234,600,0,A005_001,474434
4235,600,0,A005_001,475034
4236,596,0,A005_001,475630
4237,596,0,A005_001,476226
4238,596,0,A005_001,476822
4239,588,0,A005_001,477410
4240,592,0,A005_001,478002
4241,588,0,A005_001,478590
4242,604,1,A005_001,479194
4243,560,0,A005_001,479754
4244,584,0,A005_001,480338
4245,588,0,A005_001,480926
4246,584,0,A005_001,481510
4247,612,0,A005_001,482122
4248,612,0,A005_001,482734
4249,632,0,A005_001,483366
4250,644,0,A005_001,484010
4251,620,0,A005_001,484630
4252,592,0,A005_001,485222
4253,632,0,A005_001,485854
4254,588,0,A005_001,486442
4255,616,0,A005_001,487058
4256,612,0,A005_001,487670
4257,616,0,A005_001,488286
4258,620,0,A005_001,488906
4259,624,0,A005_001,489530
4260,628,0,A005_001,490158
4261,628,0,A005_001,490786
4262,624,0,A005_001,491410
4263,620,0,A005_001,492030
4264,624,0,A005_001,492654
4265,612,0,A005_001,493266
4266,612,0,A005_001,493878
4267,608,0,A005_001,494486
4268,608,0,A005_001,495094
4269,612,0,A005_001,495706
4270,612,0,A005_001,496318
4271,608,0,A005_001,496926
4272,596,0,A005_001,497522
4273,612,0,A005_001,498134
4274,600,0,A005_001,498734
4275,624,0,A005_001,499358
4276,592,0,A005_001,499950
4277,564,0,A005_001,500514
4278,608,0,A005_001,501122
4279,580,0,A005_001,501702
4280,548,0,A005_001,502250
4281,592,0,A005_001,502842
4282,544,0,A005_001,503386
4283,564,0,A005_001,503950
4284,564,0,A005_001,504514
4285,572,0,A005_001,505086
4286,576,0,A005_001,505662
4287,612,0,A005_001,506274
4288,588,0,A005_001,506862
4289,572,0,A005_001,507434
4290,600,0,A005_001,508034
4291,604,0,A005_001,508638
4292,608,0,A005_001,509246
4293,616,0,A005_001,509862
4294,624,0,A005_001,510486
4295,620,0,A005_001,511106
4296,624,0,A005_001,511730
4297,612,0,A005_001,512342
4298,620,0,A005_001,512962
4299,612,0,A005_001,513574
4300,612,0,A005_001,514186
4301,608,0,A005_001,514794
4302,604,0,A005_001,515398
4303,596,0,A005_001,515994
4304,596,0,A005_001,516590
4305,600,0,A005_001,517190
4306,592,0,A005_001,517782
4307,592,0,A005_001,518374
4308,588,0,A005_001,518962
4309,592,0,A005_001,519554
4310,596,0,A005_001,520150
4311,596,0,A005_001,520746
4312,592,0,A005_001,521338
4313,592,0,A005_001,521930
4314,596,0,A005_001,522526
4315,588,0,A005_001,523114
4316,608,1,A005_001,523722
4317,560,0,A005_001,524282
4318,580,0,A005_001,524862
4319,580,0,A005_001,525442
4320,576,0,A005_001,526018
4321,576,0,A005_001,526594
4322,588,0,A005_001,527182
4323,580,0,A005_001,527762
4324,580,0,A005_001,528342
4325,584,0,A005_001,528926
4326,576,0,A005_001,529502
4327,584,0,A005_001,530086
4328,584,0,A005_001,530670
4329,584,0,A005_001,531254
4330,584,0,A005_001,531838
4331,588,0,A005_001,532426
4332,604,1,A005_001,533030
4333,560,0,A005_001,533590
4334,584,0,A005_001,534174
4335,584,0,A005_001,534758
4336,588,0,A005_001,535346
4337,596,0,A005_001,535942
4338,608,0,A005_001,536550
4339,608,0,A005_001,537158
4340,616,0,A005_001,537774
4341,616,0,A005_001,538390
4342,636,0,A005_001,539026
4343,608,0,A005_001,539634
4344,580,0,A005_001,540214
4345,600,0,A005_001,540814
4346,600,0,A005_001,541414
4347,608,0,A005_001,542022
4348,612,0,A005_001,542634
4349,636,1,A005_001,543270
4350,588,0,A005_001,543858
4351,608,0,A005_001,544466
4352,608,0,A005_001,545074
4353,596,0,A005_001,545670
4354,592,0,A005_001,546262
4355,620,0,A005_001,546882
4356,616,0,A005_001,547498
4357,632,0,A005_001,548130
4358,616,0,A005_001,548746
4359,624,0,A005_001,549370
4360,616,0,A005_001,549986
4361,608,0,A005_001,550594
4362,608,0,A005_001,551202
4363,604,0,A005_001,551806
4364,596,0,A005_001,552402
4365,588,0,A005_001,552990
4366,588,0,A005_001,553578
4367,600,0,A005_001,554178
4368,576,0,A005_001,554754
4369,572,0,A005_001,555326
4370,544,0,A005_001,555870
4371,584,0,A005_001,556454
4372,560,0,A005_001,557014
4373,528,0,A005_001,557542
4374,548,0,A005_001,558090
4375,544,0,A005_001,558634
4376,544,0,A005_001,559178
4377,540,0,A005_001,559718
4378,544,0,A005_001,560262
4379,552,0,A005_001,560814
4380,556,0,A005_001,561370
4381,568,0,A005_001,561938
4382,576,0,A005_001,562514
4383,584,0,A005_001,563098
4384,592,0,A005_001,563690
4385,600,0,A005_001,564290
4386,600,0,A005_001,564890
4387,604,0,A005_001,565494
4388,616,0,A005_001,566110
4389,592,0,A005_001,566702
4390,584,0,A005_001,567286
4391,560,0,A005_001,567846
4392,584,0,A005_001,568430
4393,580,0,A005_001,569010
4394,584,0,A005_001,569594
4395,600,0,A005_001,570194
4396,592,0,A005_001,570786
4397,588,0,A005_001,571374
4398,612,0,A005_001,571986
4399,596,0,A005_001,572582
4400,600,0,A005_001,573182
4401,596,0,A005_001,573778
4402,616,0,A005_001,574394
4403,564,0,A005_001,574958
4404,584,0,A005_001,575542
4405,604,0,A005_001,576146
4406,552,0,A005_001,576698
4407,572,0,A005_001,577270
4408,572,0,A005_001,577842
4409,572,0,A005_001,578414
4410,568,0,A005_001,578982
4411,572,0,A005_001,579554
4412,576,0,A005_001,580130
4413,584,0,A005_001,580714
4414,612,0,A005_001,581326
4415,588,0,A005_001,581914
4416,592,0,A005_001,582506
4417,576,0,A005_001,583082
4418,596,0,A005_001,583678
4419,596,0,A005_001,584274
4420,596,0,A005_001,584870
4421,596,0,A005_001,585466
4422,616,1,A005_001,586082
4423,568,0,A005_001,586650
4424,592,0,A005_001,587242
4425,592,0,A005_001,587834
4426,584,0,A005_001,588418
4427,592,0,A005_001,589010
4428,604,0,A005_001,589614
4429,620,0,A005_001,590234
4430,624,0,A005_001,590858
4431,628,0,A005_001,591486
4432,620,0,A005_001,592106
4433,624,0,A005_001,592730
4434,616,0,A005_001,593346
4435,612,0,A005_001,593958
4436,604,0,A005_001,594562
4437,596,0,A005_001,595158
4438,616,0,A005_001,595774
4439,592,0,A005_001,596366
4440,564,0,A005_001,596930
4441,600,0,A005_001,597530
4442,556,0,A005_001,598086
4443,576,0,A005_001,598662
4444,560,0,A005_001,599222
4445,580,0,A005_001,599802
4446,568,0,A005_001,600370
4447,572,0,A005_001,600942
4448,572,0,A005_001,601514
4449,572,0,A005_001,602086
4450,596,0,A005_001,602682
4451,572,0,A005_001,603254
4452,572,0,A005_001,603826
4453,552,0,A005_001,604378
4454,592,0,A005_001,604970
4455,560,0,A005_001,605530
4456,588,0,A005_001,606118
4457,596,0,A005_001,606714
4458,612,0,A005_001,607326
4459,620,0,A005_001,607946
4460,640,0,A005_001,608586
4461,652,0,A005_001,609238
4462,664,0,A005_001,609902
4463,684,0,A005_001,610586
4464,648,0,A005_001,611234
4465,640,0,A005_001,611874
4466,616,0,A005_001,612490
4467,632,0,A005_001,613122
4468,636,0,A005_001,613758
4469,632,0,A005_001,614390
4470,644,0,A005_001,615034
4471,656,0,A005_001,615690
4472,636,0,A005_001,616326
4473,612,0,A005_001,616938
4474,640,0,A005_001,617578
4475,648,0,A005_001,618226
4476,648,0,A005_001,618874
4477,648,0,A005_001,619522
4478,644,0,A005_001,620166
4479,644,0,A005_001,620810
4480,640,0,A005_001,621450
4481,636,0,A005_001,622086
4482,628,0,A005_001,622714
4483,624,0,A005_001,623338
4484,628,0,A005_001,623966
4485,636,0,A005_001,624602
4486,616,0,A005_001,625218
4487,592,0,A005_001,625810
4488,616,0,A005_001,626426
4489,616,0,A005_001,627042
4490,624,0,A005_001,627666
4491,628,0,A005_001,628294
4492,632,0,A005_001,628926
4493,652,0,A005_001,629578
4494,648,0,A005_001,630226
4495,644,0,A005_001,630870
4496,656,0,A005_001,631526
4497,600,0,A005_001,632126
4498,636,0,A005_001,632762
4499,616,0,A005_001,633378
4500,612,0,A005_001,633990
4501,612,0,A005_001,634602
4502,604,0,A005_001,635206
4503,620,0,A005_001,635826
4504,576,0,A005_001,636402
4505,592,0,A005_001,636994
4506,612,0,A005_001,637606
4507,568,0,A005_001,638174
4508,592,0,A005_001,638766
4509,600,0,A005_001,639366
4510,616,0,A005_001,639982
4511,652,0,A005_001,640634
4512,648,0,A005_001,641282
4513,648,0,A005_001,641930
4514,656,0,A005_001,642586
4515,656,0,A005_001,643242
4516,668,0,A005_001,643910
4517,680,0,A005_001,644590
4518,688,0,A005_001,645278
4519,688,0,A005_001,645966
4520,672,0,A005_001,646638
4521,676,0,A005_001,647314
4522,680,0,A005_001,647994
4523,676,0,A005_001,648670
4524,680,0,A005_001,649350
4525,692,0,A005_001,650042
4526,692,0,A005_001,650734
4527,688,0,A005_001,651422
4528,684,0,A005_001,652106
4529,676,0,A005_001,652782
4530,664,0,A005_001,653446
4531,656,0,A005_001,654102
4532,648,0,A005_001,654750
4533,640,0,A005_001,655390
4534,636,0,A005_001,656026
4535,632,0,A005_001,656658
4536,632,0,A005_001,657290
4537,640,0,A005_001,657930
4538,640,0,A005_001,658570
4539,632,0,A005_001,659202
4540,636,0,A005_001,659838
4541,628,0,A005_001,660466
4542,624,0,A005_001,661090
4543,632,0,A005_001,661722
4544,624,0,A005_001,662346
4545,628,0,A005_001,662974
4546,624,0,A005_001,663598
4547,624,0,A005_001,664222
4548,620,0,A005_001,664842
4549,620,0,A005_001,665462
4550,620,0,A005_001,666082
4551,636,0,A005_001,666718
4552,596,0,A005_001,667314
4553,632,0,A005_001,667946
4554,620,0,A005_001,668566
4555,620,0,A005_001,669186
4556,616,0,A005_001,669802
4557,608,0,A005_001,670410
4558,612,0,A005_001,671022
4559,600,0,A005_001,671622
4560,604,0,A005_001,672226
4561,624,1,A005_001,672850
4562,576,0,A005_001,673426
4563,600,0,A005_001,674026
4564,592,0,A005_001,674618
4565,612,0,A005_001,675230
4566,592,0,A005_001,675822
4567,564,0,A005_001,676386
4568,588,0,A005_001,676974
4569,588,0,A005_001,677562
4570,588,0,A005_001,678150
4571,588,0,A005_001,678738
4572,592,0,A005_001,679330
4573,600,0,A005_001,679930
4574,624,0,A005_001,680554
4575,584,0,A005_001,681138
4576,612,0,A005_001,681750
4577,632,0,A005_001,682382
4578,608,0,A005_001,682990
4579,588,0,A005_001,683578
4580,628,0,A005_001,684206
4581,600,0,A005_001,684806
4582,604,0,A005_001,685410
4583,580,0,A005_001,685990
4584,612,0,A005_001,686602
4585,624,0,A005_001,687226
4586,644,0,A005_001,687870
4587,656,0,A005_001,688526
4588,672,0,A005_001,689198
4589,676,0,A005_001,689874
4590,684,0,A005_001,690558
4591,708,0,A005_001,691266
4592,712,0,A005_001,691978
4593,704,0,A005_001,692682
4594,704,0,A005_001,693386
4595,688,0,A005_001,694074
4596,680,0,A005_001,694754
4597,668,0,A005_001,695422
4598,668,0,A005_001,696090
4599,656,0,A005_001,696746
4600,656,0,A005_001,697402
4601,648,0,A005_001,698050
4602,648,0,A005_001,698698
4603,652,0,A005_001,699350
4604,652,0,A005_001,700002
4605,640,0,A005_001,700642
4606,656,0,A005_001,701298
4607,624,0,A005_001,701922
4608,592,0,A005_001,702514
4609,616,0,A005_001,703130
4610,608,0,A005_001,703738
4611,604,0,A005_001,704342
4612,604,0,A005_001,704946
4613,608,0,A005_001,705554
4614,604,0,A005_001,706158
4615,608,0,A005_001,706766
4616,612,0,A005_001,707378
4617,608,0,A005_001,707986
4618,620,0,A005_001,708606
4619,616,0,A005_001,709222
4620,624,0,A005_001,709846
4621,624,0,A005_001,710470
4622,612,0,A005_001,711082
4623,612,0,A005_001,711694
4624,608,0,A005_001,712302
4625,604,0,A005_001,712906
4626,592,0,A005_001,713498
4627,612,1,A005_001,714110
4628,556,0,A005_001,714666
4629,588,0,A005_001,715254
4630,580,0,A005_001,715834
4631,580,0,A005_001,716414
4632,600,1,A005_001,717014
4633,544,0,A005_001,717558
4634,584,0,A005_001,718142
4635,572,0,A005_001,718714
4636,580,0,A005_001,719294
4637,572,0,A005_001,719866
4638,572,0,A005_001,720438
4639,596,1,A005_001,721034
4640,540,0,A005_001,721574
4641,580,0,A005_001,722154
4642,576,0,A005_001,722730
4643,580,0,A005_001,723310
4644,580,0,A005_001,723890
4645,580,0,A005_001,724470
4646,572,0,A005_001,725042
4647,588,0,A005_001,725630
4648,600,0,A005_001,726230
4649,572,0,A005_001,726802
4650,572,0,A005_001,727374
4651,564,0,A005_001,727938
4652,564,0,A005_001,728502
4653,536,0,A005_001,729038
4654,556,0,A005_001,729594
4655,564,0,A005_001,730158
4656,564,0,A005_001,730722
4657,576,0,A005_001,731298
4658,580,0,A005_001,731878
4659,580,0,A005_001,732458
4660,576,0,A005_001,733034
4661,580,0,A005_001,733614
4662,596,0,A005_001,734210
4663,556,0,A005_001,734766
4664,596,0,A005_001,735362
4665,552,0,A005_001,735914
4666,580,0,A005_001,736494
4667,580,0,A005_001,737074
4668,608,0,A005_001,737682
4669,556,0,A005_001,738238
4670,600,0,A005_001,738838
4671,548,0,A005_001,739386
4672,568,0,A005_001,739954
4673,564,0,A005_001,740518
4674,580,0,A005_001,741098
4675,536,0,A005_001,741634
4676,576,0,A005_001,742210
4677,524,0,A005_001,742734
4678,540,0,A005_001,743274
4679,544,0,A005_001,743818
4680,544,0,A005_001,744362
4681,544,0,A005_001,744906
4682,552,0,A005_001,745458
4683,548,0,A005_001,746006
4684,560,0,A005_001,746566
4685,560,0,A005_001,747126
4686,564,0,A005_001,747690
4687,568,0,A005_001,748258
4688,568,0,A005_001,748826
4689,584,0,A005_001,749410
4690,564,0,A005_001,749974
4691,556,0,A005_001,750530
4692,556,0,A005_001,751086
4693,528,0,A005_001,751614
4694,560,0,A005_001,752174
4695,552,0,A005_001,752726
4696,560,0,A005_001,753286
4697,560,0,A005_001,753846
4698,556,0,A005_001,754402
4699,580,0,A005_001,754982
4700,544,0,A005_001,755526
4701,584,0,A005_001,756110
4702,544,0,A005_001,756654
4703,580,0,A005_001,757234
4704,540,0,A005_001,757774
4705,560,0,A005_001,758334
4706,572,0,A005_001,758906
4707,532,0,A005_001,759438
4708,548,0,A005_001,759986
4709,544,0,A005_001,760530
4710,552,0,A005_001,761082
4711,544,0,A005_001,761626
4712,548,0,A005_001,762174
4713,568,0,A005_001,762742
4714,524,0,A005_001,763266
4715,568,0,A005_001,763834
4716,516,0,A005_001,764350
4717,548,0,A005_001,764898
4718,564,0,A005_001,765462
4719,528,0,A005_001,765990
4720,544,0,A005_001,766534
4721,572,0,A005_001,767106
4722,532,0,A005_001,767638
4723,552,0,A005_001,768190
4724,552,0,A005_001,768742
4725,560,0,A005_001,769302
4726,560,0,A005_001,769862
4727,568,0,A005_001,770430
4728,564,0,A005_001,770994
4729,568,0,A005_001,771562
4730,584,0,A005_001,772146
4731,536,0,A005_001,772682
4732,556,0,A005_001,773238
4733,576,0,A005_001,773814
4734,548,0,A005_001,774362
4735,548,0,A005_001,774910
4736,516,0,A005_001,775426
4737,552,0,A005_001,775978
4738,544,0,A005_001,776522
4739,576,0,A005_001,777098
4740,552,0,A005_001,777650
4741,528,0,A005_001,778178
4742,568,0,A005_001,778746
4743,568,0,A005_001,779314
4744,584,0,A005_001,779898
4745,588,0,A005_001,780486
4746,596,0,A005_001,781082
4747,616,0,A005_001,781698
4748,584,0,A005_001,782282
4749,576,0,A005_001,782858
4750,560,0,A005_001,783418
4751,572,0,A005_001,783990
4752,592,0,A005_001,784582
4753,540,0,A005_001,785122
4754,560,0,A005_001,785682
4755,580,0,A005_001,786262
4756,532,0,A005_001,786794
4757,556,0,A005_001,787350
4758,556,0,A005_001,787906
4759,552,0,A005_001,788458
4760,552,0,A005_001,789010
4761,572,0,A005_001,789582
4762,548,0,A005_001,790130
4763,516,0,A005_001,790646
4764,544,0,A005_001,791190
4765,540,0,A005_001,791730
4766,556,0,A005_001,792286
4767,536,0,A005_001,792822
4768,512,0,A005_001,793334
4769,540,0,A005_001,793874
4770,536,0,A005_001,794410
4771,540,0,A005_001,794950
4772,556,0,A005_001,795506
4773,484,0,A005_001,795990
4774,616,0,A005_001,796606
4775,540,0,A005_001,797146
4776,560,0,A005_001,797706
4777,556,0,A005_001,798262
4778,560,0,A005_001,798822
4779,1128,0,A005_001,799950
4780,588,0,A005_001,800538
4781,556,0,A005_001,801094
4782,460,0,A005_001,801554
4783,632,0,A005_001,802186
4784,436,0,A005_001,802622
4785,664,0,A005_001,803286
4786,544,0,A005_001,803830
4787,544,0,A005_001,804374
4788,540,0,A005_001,804914
4789,540,0,A005_001,805454
4790,536,0,A005_001,805990
4791,552,0,A005_001,806542
4792,560,0,A005_001,807102
4793,588,0,A005_001,807690
4794,552,0,A005_001,808242
4795,572,0,A005_001,808814
4796,580,0,A005_001,809394
4797,592,0,A005_001,809986
4798,544,0,A005_001,810530
4799,568,0,A005_001,811098
4800,560,0,A005_001,811658
4801,564,0,A005_001,812222
4802,580,0,A005_001,812802
4803,556,0,A005_001,813358
4804,464,0,A005_001,813822
4805,620,0,A005_001,814442
4806,548,0,A005_001,814990
4807,544,0,A005_001,815534
4808,544,0,A005_001,816078
4809,544,0,A005_001,816622
4810,532,0,A005_001,817154
4811,548,0,A005_001,817702
4812,540,0,A005_001,818242
4813,556,0,A005_001,818798
4814,528,0,A005_001,819326
4815,540,0,A005_001,819866
4816,540,0,A005_001,820406
4817,540,0,A005_001,820946
4818,536,0,A005_001,821482
4819,556,0,A005_001,822038
4820,536,0,A005_001,822574
4821,532,0,A005_001,823106
4822,532,0,A005_001,823638
4823,508,0,A005_001,824146
4824,532,0,A005_001,824678
4825,540,0,A005_001,825218
4826,540,0,A005_001,825758
4827,568,0,A005_001,826326
4828,564,0,A005_001,826890
4829,1120,0,A005_001,828010
4830,584,0,A005_001,828594
4831,560,0,A005_001,829154
4832,616,0,A005_001,829770
4833,1392,0,A005_001,831162
4834,704,0,A005_001,831866
4835,740,0,A005_001,832606
4836,1428,0,A005_001,834034
4837,692,0,A005_001,834726
4838,616,0,A005_001,835342
4839,640,0,A005_001,835982
4840,644,0,A005_001,836626
4841,672,0,A005_001,837298
4842,1364,0,A005_001,838662
4843,664,0,A005_001,839326
4844,652,0,A005_001,839978
4845,640,0,A005_001,840618
4846,640,0,A005_001,841258
4847,648,0,A005_001,841906
4848,592,0,A005_001,842498
4849,620,0,A005_001,843118
4850,1232,0,A005_001,844350
4851,608,0,A005_001,844958
4852,1216,0,A005_001,846174
4853,604,0,A005_001,846778
4854,608,0,A005_001,847386
4855,612,0,A005_001,847998
4856,1292,0,A005_001,849290
4857,632,0,A005_001,849922
4858,1276,0,A005_001,851198
4859,624,0,A005_001,851822
4860,1260,0,A005_001,853082
4861,620,0,A005_001,853702
4862,1464,0,A005_001,855166
4863,748,0,A005_001,855914
4864,780,0,A005_001,856694
4865,1584,0,A005_001,858278
4866,744,0,A005_001,859022
4867,732,0,A005_001,859754
4868,1388,0,A005_001,861142
4869,648,0,A005_001,861790
4870,1292,0,A005_001,863082
4871,624,0,A005_001,863706
4872,648,0,A005_001,864354
4873,636,0,A005_001,864990
4874,612,0,A005_001,865602
4875,636,0,A005_001,866238
4876,644,0,A005_001,866882
4877,656,0,A005_001,867538
4878,668,0,A005_001,868206
4879,696,0,A005_001,868902
4880,708,0,A005_001,869610
4881,1512,0,A005_001,871122
4882,736,0,A005_001,871858
4883,796,0,A005_001,872654
4884,1604,0,A005_001,874258
4885,756,0,A005_001,875014
4886,760,0,A005_001,875774
4887,1516,0,A005_001,877290
4888,728,0,A005_001,878018
4889,740,0,A005_001,878758
4890,740,0,A005_001,879498
4891,744,0,A005_001,880242
4892,756,0,A005_001,880998
4893,736,0,A005_001,881734
4894,756,0,A005_001,882490
4895,764,0,A005_001,883254
4896,752,0,A005_001,884006
4897,756,0,A005_001,884762
4898,752,0,A005_001,885514
4899,748,0,A005_001,886262
4900,732,0,A005_001,886994
4901,740,0,A005_001,887734
4902,712,0,A005_001,888446
4903,732,0,A005_001,889178
4904,728,0,A005_001,889906
4905,740,0,A005_001,890646
4906,744,0,A005_001,891390
4907,744,0,A005_001,892134
4908,748,0,A005_001,892882
4909,736,0,A005_001,893618
4910,736,0,A005_001,894354
4911,732,0,A005_001,895086
4912,740,0,A005_001,895826
4913,740,0,A005_001,896566
4914,732,0,A005_001,897298
4915,768,0,A005_001,898066
4916,780,0,A005_001,898846
4917,812,0,A005_001,899658
4918,836,0,A005_001,900494
4919,836,0,A005_001,901330
4920,832,0,A005_001,902162
4921,824,0,A005_001,902986
4922,808,0,A005_001,903794
4923,784,0,A005_001,904578
4924,764,0,A005_001,905342
4925,756,0,A005_001,906098
4926,756,0,A005_001,906854
4927,748,0,A005_001,907602
4928,784,0,A005_001,908386
4929,780,0,A005_001,909166
4930,756,0,A005_001,909922
4931,744,0,A005_001,910666
4932,724,0,A005_001,911390
4933,696,0,A005_001,912086
4934,696,0,A005_001,912782
4935,680,0,A005_001,913462
4936,684,0,A005_001,914146
4937,676,0,A005_001,914822
4938,664,0,A005_001,915486
4939,672,0,A005_001,916158
4940,668,0,A005_001,916826
4941,664,0,A005_001,917490
4942,664,0,A005_001,918154
4943,660,0,A005_001,918814
4944,668,0,A005_001,919482
4945,660,0,A005_001,920142
4946,660,0,A005_001,920802
4947,652,0,A005_001,921454
4948,644,0,A005_001,922098
4949,648,0,A005_001,922746
4950,632,0,A005_001,923378
4951,632,0,A005_001,924010
4952,640,0,A005_001,924650
4953,644,0,A005_001,925294
4954,668,0,A005_001,925962
4955,652,0,A005_001,926614
4956,644,0,A005_001,927258
4957,628,0,A005_001,927886
4958,620,0,A005_001,928506
4959,612,0,A005_001,929118
4960,608,0,A005_001,929726
4961,604,0,A005_001,930330
4962,600,0,A005_001,930930
4963,596,0,A005_001,931526
4964,604,0,A005_001,932130
4965,608,0,A005_001,932738
4966,620,0,A005_001,933358
4967,636,0,A005_001,933994
4968,668,0,A005_001,934662
4969,688,0,A005_001,935350
4970,716,0,A005_001,936066
4971,748,0,A005_001,936814
4972,768,0,A005_001,937582
4973,776,0,A005_001,938358
4974,768,0,A005_001,939126
4975,744,0,A005_001,939870
4976,728,0,A005_001,940598
4977,696,0,A005_001,941294
4978,696,0,A005_001,941990
4979,684,0,A005_001,942674
4980,672,0,A005_001,943346
4981,664,0,A005_001,944010
4982,648,0,A005_001,944658
4983,660,0,A005_001,945318
4984,612,0,A005_001,945930
4985,632,0,A005_001,946562
4986,632,0,A005_001,947194
4987,640,0,A005_001,947834
4988,660,0,A005_001,948494
4989,668,0,A005_001,949162
4990,676,0,A005_001,949838
4991,704,0,A005_001,950542
4992,696,0,A005_001,951238
4993,712,0,A005_001,951950
4994,708,0,A005_001,952658
4995,708,0,A005_001,953366
4996,680,0,A005_001,954046
4997,684,0,A005_001,954730
4998,680,0,A005_001,955410
4999,680,0,A005_001,956090
5000,692,0,A005_001,956782
5001,680,0,A005_001,957462
5002,676,0,A005_001,958138
5003,708,0,A005_001,958846
5004,764,0,A005_001,959610
5005,772,0,A005_001,960382
5006,760,0,A005_001,961142
5007,768,0,A005_001,961910
5008,784,0,A005_001,962694
5009,780,0,A005_001,963474
5010,772,0,A005_001,964246
5011,768,0,A005_001,965014
5012,768,0,A005_001,965782
5013,756,0,A005_001,966538
5014,748,0,A005_001,967286
5015,744,0,A005_001,968030
5016,752,0,A005_001,968782
5017,732,0,A005_001,969514
5018,720,0,A005_001,970234
5019,700,0,A005_001,970934
5020,680,0,A005_001,971614
5021,668,0,A005_001,972282
5022,648,0,A005_001,972930
5023,616,0,A005_001,973546
5024,640,0,A005_001,974186
5025,632,0,A005_001,974818
5026,672,0,A005_001,975490
5027,712,0,A005_001,976202
5028,744,0,A005_001,976946
5029,796,0,A005_001,977742
5030,860,0,A005_001,978602
5031,880,0,A005_001,979482
5032,892,0,A005_001,980374
5033,892,0,A005_001,981266
5034,864,0,A005_001,982130
5035,824,0,A005_001,982954
5036,788,0,A005_001,983742
5037,760,0,A005_001,984502
5038,752,0,A005_001,985254
5039,764,0,A005_001,986018
5040,760,0,A005_001,986778
5041,764,0,A005_001,987542
5042,764,0,A005_001,988306
5043,768,0,A005_001,989074
5044,760,0,A005_001,989834
5045,756,0,A005_001,990590
5046,736,0,A005_001,991326
5047,728,0,A005_001,992054
5048,724,0,A005_001,992778
5049,728,0,A005_001,993506
5050,716,0,A005_001,994222
5051,716,0,A005_001,994938
5052,736,0,A005_001,995674
5053,756,0,A005_001,996430
5054,764,0,A005_001,997194
5055,772,0,A005_001,997966
5056,776,0,A005_001,998742
5057,768,0,A005_001,999510
5058,788,0,A005_001,1000298
5059,772,0,A005_001,1001070
5060,740,0,A005_001,1001810
5061,724,0,A005_001,1002534
5062,708,0,A005_001,1003242
5063,696,0,A005_001,1003938
5064,688,0,A005_001,1004626
5065,696,0,A005_001,1005322
5066,692,0,A005_001,1006014
5067,724,0,A005_001,1006738
5068,724,0,A005_001,1007462
5069,716,0,A005_001,1008178
5070,716,0,A005_001,1008894
5071,712,0,A005_001,1009606
5072,708,0,A005_001,1010314
5073,696,0,A005_001,1011010
5074,684,0,A005_001,1011694
5075,672,0,A005_001,1012366
5076,656,0,A005_001,1013022
5077,648,0,A005_001,1013670
5078,640,0,A005_001,1014310
5079,628,0,A005_001,1014938
5080,632,0,A005_001,1015570
5081,628,0,A005_001,1016198
5082,628,0,A005_001,1016826
5083,660,0,A005_001,1017486
5084,672,0,A005_001,1018158
5085,692,0,A005_001,1018850
5086,712,0,A005_001,1019562
5087,716,0,A005_001,1020278
5088,728,0,A005_001,1021006
5089,720,0,A005_001,1021726
5090,728,0,A005_001,1022454
5091,716,0,A005_001,1023170
5092,700,0,A005_001,1023870
5093,804,0,A007_001,804
5094,800,0,A007_001,1604
5095,872,0,A007_001,2476
5096,896,0,A007_001,3372
5097,836,0,A007_001,4208
5098,836,0,A007_001,5044
5099,888,0,A007_001,5932
5100,876,0,A007_001,6808
5101,1016,0,A007_001,7824
5102,964,0,A007_001,8788
5103,928,0,A007_001,9716
5104,924,0,A007_001,10640
5105,884,0,A007_001,11524
5106,904,0,A007_001,12428
5107,908,0,A007_001,13336
5108,864,0,A007_001,14200
5109,868,0,A007_001,15068
5110,892,0,A007_001,15960
5111,904,0,A007_001,16864
5112,872,0,A007_001,17736
5113,896,0,A007_001,18632
5114,888,0,A007_001,19520
5115,900,0,A007_001,20420
5116,860,0,A007_001,21280
5117,884,0,A007_001,22164
5118,900,0,A007_001,23064
5119,864,0,A007_001,23928
5120,848,0,A007_001,24776
5121,892,0,A007_001,25668
5122,896,0,A007_001,26564
5123,856,0,A007_001,27420
5124,832,0,A007_001,28252
5125,876,0,A007_001,29128
5126,864,0,A007_001,29992
5127,844,0,A007_001,30836
5128,848,0,A007_001,31684
5129,852,0,A007_001,32536
5130,836,0,A007_001,33372
5131,808,0,A007_001,34180
5132,824,0,A007_001,35004
5133,844,0,A007_001,35848
5134,828,0,A007_001,36676
5135,812,0,A007_001,37488
5136,848,0,A007_001,38336
5137,844,0,A007_001,39180
5138,916,0,A007_001,40096
5139,912,0,A007_001,41008
5140,864,0,A007_001,41872
5141,880,0,A007_001,42752
5142,856,0,A007_001,43608
5143,860,0,A007_001,44468
5144,864,0,A007_001,45332
5145,912,0,A007_001,46244
5146,880,0,A007_001,47124
5147,928,0,A007_001,48052
5148,888,0,A007_001,48940
5149,856,0,A007_001,49796
5150,884,0,A007_001,50680
5151,924,0,A007_001,51604
5152,904,0,A007_001,52508
5153,840,0,A007_001,53348
5154,852,0,A007_001,54200
5155,816,0,A007_001,55016
5156,828,0,A007_001,55844
5157,856,0,A007_001,56700
5158,840,0,A007_001,57540
5159,852,0,A007_001,58392
5160,852,0,A007_001,59244
5161,856,0,A007_001,60100
5162,888,0,A007_001,60988
5163,896,0,A007_001,61884
5164,880,0,A007_001,62764
5165,852,0,A007_001,63616
5166,880,0,A007_001,64496
5167,864,0,A007_001,65360
5168,840,0,A007_001,66200
5169,832,0,A007_001,67032
5170,836,0,A007_001,67868
5171,836,0,A007_001,68704
5172,816,0,A007_001,69520
5173,848,0,A007_001,70368
5174,836,0,A007_001,71204
5175,808,0,A007_001,72012
5176,824,0,A007_001,72836
5177,808,0,A007_001,73644
5178,796,0,A007_001,74440
5179,804,0,A007_001,75244
5180,800,0,A007_001,76044
5181,784,0,A007_001,76828
5182,792,0,A007_001,77620
5183,788,0,A007_001,78408
5184,780,0,A007_001,79188
5185,780,0,A007_001,79968
5186,784,0,A007_001,80752
5187,836,0,A007_001,81588
5188,836,0,A007_001,82424
5189,832,0,A007_001,83256
5190,816,0,A007_001,84072
5191,800,0,A007_001,84872
5192,812,0,A007_001,85684
5193,824,0,A007_001,86508
5194,796,0,A007_001,87304
5195,780,0,A007_001,88084
5196,768,0,A007_001,88852
5197,764,0,A007_001,89616
5198,764,0,A007_001,90380
5199,756,0,A007_001,91136
5200,752,0,A007_001,91888
5201,776,0,A007_001,92664
5202,800,0,A007_001,93464
5203,784,0,A007_001,94248
5204,768,0,A007_001,95016
5205,796,0,A007_001,95812
5206,800,0,A007_001,96612
5207,788,0,A007_001,97400
5208,768,0,A007_001,98168
5209,768,0,A007_001,98936
5210,768,0,A007_001,99704
5211,760,0,A007_001,100464
5212,780,0,A007_001,101244
5213,764,0,A007_001,102008
5214,808,0,A007_001,102816
5215,808,0,A007_001,103624
5216,816,0,A007_001,104440
5217,812,0,A007_001,105252
5218,796,0,A007_001,106048
5219,832,0,A007_001,106880
5220,828,0,A007_001,107708
5221,824,0,A007_001,108532
5222,812,0,A007_001,109344
5223,820,0,A007_001,110164
5224,848,0,A007_001,111012
5225,840,0,A007_001,111852
5226,840,0,A007_001,112692
5227,824,0,A007_001,113516
5228,848,0,A007_001,114364
5229,856,0,A007_001,115220
5230,872,0,A007_001,116092
5231,868,0,A007_001,116960
5232,844,0,A007_001,117804
5233,880,0,A007_001,118684
5234,888,0,A007_001,119572
5235,892,0,A007_001,120464
5236,872,0,A007_001,121336
5237,868,0,A007_001,122204
5238,916,0,A007_001,123120
5239,900,0,A007_001,124020
5240,884,0,A007_001,124904
5241,848,0,A007_001,125752
5242,848,0,A007_001,126600
5243,880,0,A007_001,127480
5244,880,0,A007_001,128360
5245,844,0,A007_001,129204
5246,824,0,A007_001,130028
5247,848,0,A007_001,130876
5248,852,0,A007_001,131728
5249,820,0,A007_001,132548
5250,844,0,A007_001,133392
5251,880,0,A007_001,134272
5252,876,0,A007_001,135148
5253,844,0,A007_001,135992
5254,860,0,A007_001,136852
5255,876,0,A007_001,137728
5256,892,0,A007_001,138620
5257,872,0,A007_001,139492
5258,856,0,A007_001,140348
5259,900,0,A007_001,141248
5260,900,0,A007_001,142148
5261,884,0,A007_001,143032
5262,860,0,A007_001,143892
5263,884,0,A007_001,144776
5264,888,0,A007_001,145664
5265,884,0,A007_001,146548
5266,860,0,A007_001,147408
5267,836,0,A007_001,148244
5268,888,0,A007_001,149132
5269,864,0,A007_001,149996
5270,848,0,A007_001,150844
5271,828,0,A007_001,151672
5272,812,0,A007_001,152484
5273,812,0,A007_001,153296
5274,816,0,A007_001,154112
5275,812,0,A007_001,154924
5276,808,0,A007_001,155732
5277,824,0,A007_001,156556
5278,828,0,A007_001,157384
5279,808,0,A007_001,158192
5280,812,0,A007_001,159004
5281,836,0,A007_001,159840
5282,848,0,A007_001,160688
5283,840,0,A007_001,161528
5284,828,0,A007_001,162356
5285,872,0,A007_001,163228
5286,872,0,A007_001,164100
5287,876,0,A007_001,164976
5288,848,0,A007_001,165824
5289,864,0,A007_001,166688
5290,868,0,A007_001,167556
5291,872,0,A007_001,168428
5292,868,0,A007_001,169296
5293,836,0,A007_001,170132
5294,872,0,A007_001,171004
5295,872,0,A007_001,171876
5296,856,0,A007_001,172732
5297,856,0,A007_001,173588
5298,840,0,A007_001,174428
5299,852,0,A007_001,175280
5300,884,0,A007_001,176164
5301,884,0,A007_001,177048
5302,864,0,A007_001,177912
5303,856,0,A007_001,178768
5304,848,0,A007_001,179616
5305,876,0,A007_001,180492
5306,892,0,A007_001,181384
5307,896,0,A007_001,182280
5308,852,0,A007_001,183132
5309,872,0,A007_001,184004
5310,880,0,A007_001,184884
5311,880,0,A007_001,185764
5312,864,0,A007_001,186628
5313,844,0,A007_001,187472
5314,876,0,A007_001,188348
5315,868,0,A007_001,189216
5316,872,0,A007_001,190088
5317,848,0,A007_001,190936
5318,872,0,A007_001,191808
5319,888,0,A007_001,192696
5320,880,0,A007_001,193576
5321,848,0,A007_001,194424
5322,864,0,A007_001,195288
5323,872,0,A007_001,196160
5324,856,0,A007_001,197016
5325,836,0,A007_001,197852
5326,828,0,A007_001,198680
5327,828,0,A007_001,199508
5328,808,0,A007_001,200316
5329,796,0,A007_001,201112
5330,796,0,A007_001,201908
5331,776,0,A007_001,202684
5332,772,0,A007_001,203456
5333,764,0,A007_001,204220
5334,756,0,A007_001,204976
5335,768,0,A007_001,205744
5336,776,0,A007_001,206520
5337,768,0,A007_001,207288
5338,760,0,A007_001,208048
5339,772,0,A007_001,208820
5340,780,0,A007_001,209600
5341,788,0,A007_001,210388
5342,796,0,A007_001,211184
5343,776,0,A007_001,211960
5344,792,0,A007_001,212752
5345,828,0,A007_001,213580
5346,836,0,A007_001,214416
5347,844,0,A007_001,215260
5348,824,0,A007_001,216084
5349,836,0,A007_001,216920
5350,872,0,A007_001,217792
5351,856,0,A007_001,218648
5352,852,0,A007_001,219500
5353,832,0,A007_001,220332
5354,844,0,A007_001,221176
5355,864,0,A007_001,222040
5356,856,0,A007_001,222896
5357,856,0,A007_001,223752
5358,836,0,A007_001,224588
5359,828,0,A007_001,225416
5360,852,0,A007_001,226268
5361,868,0,A007_001,227136
5362,852,0,A007_001,227988
5363,840,0,A007_001,228828
5364,872,0,A007_001,229700
5365,888,0,A007_001,230588
5366,872,0,A007_001,231460
5367,848,0,A007_001,232308
5368,864,0,A007_001,233172
5369,876,0,A007_001,234048
5370,868,0,A007_001,234916
5371,852,0,A007_001,235768
5372,840,0,A007_001,236608
5373,856,0,A007_001,237464
5374,852,0,A007_001,238316
5375,844,0,A007_001,239160
5376,824,0,A007_001,239984
5377,824,0,A007_001,240808
5378,832,0,A007_001,241640
5379,820,0,A007_001,242460
5380,804,0,A007_001,243264
5381,804,0,A007_001,244068
5382,820,0,A007_001,244888
5383,820,0,A007_001,245708
5384,800,0,A007_001,246508
5385,800,0,A007_001,247308
5386,820,0,A007_001,248128
5387,824,0,A007_001,248952
5388,804,0,A007_001,249756
5389,796,0,A007_001,250552
5390,828,0,A007_001,251380
5391,836,0,A007_001,252216
5392,824,0,A007_001,253040
5393,808,0,A007_001,253848
5394,804,0,A007_001,254652
5395,836,0,A007_001,255488
5396,840,0,A007_001,256328
5397,816,0,A007_001,257144
5398,804,0,A007_001,257948
5399,820,0,A007_001,258768
5400,820,0,A007_001,259588
5401,808,0,A007_001,260396
5402,800,0,A007_001,261196
5403,804,0,A007_001,262000
5404,808,0,A007_001,262808
5405,808,0,A007_001,263616
5406,792,0,A007_001,264408
5407,796,0,A007_001,265204
5408,804,0,A007_001,266008
5409,800,0,A007_001,266808
5410,800,0,A007_001,267608
5411,792,0,A007_001,268400
5412,812,0,A007_001,269212
5413,788,0,A007_001,270000
5414,780,0,A007_001,270780
5415,792,0,A007_001,271572
5416,812,0,A007_001,272384
5417,800,0,A007_001,273184
5418,824,0,A007_001,274008
5419,828,0,A007_001,274836
5420,816,0,A007_001,275652
5421,800,0,A007_001,276452
5422,816,0,A007_001,277268
5423,800,0,A007_001,278068
5424,792,0,A007_001,278860
5425,788,0,A007_001,279648
5426,812,0,A007_001,280460
5427,824,0,A007_001,281284
5428,824,0,A007_001,282108
5429,800,0,A007_001,282908
5430,820,0,A007_001,283728
5431,832,0,A007_001,284560
5432,824,0,A007_001,285384
5433,804,0,A007_001,286188
5434,804,0,A007_001,286992
5435,832,0,A007_001,287824
5436,824,0,A007_001,288648
5437,812,0,A007_001,289460
5438,796,0,A007_001,290256
5439,784,0,A007_001,291040
5440,780,0,A007_001,291820
5441,772,0,A007_001,292592
5442,828,0,A007_001,293420
5443,864,0,A007_001,294284
5444,844,0,A007_001,295128
5445,916,0,A007_001,296044
5446,944,0,A007_001,296988
5447,920,0,A007_001,297908
5448,884,0,A007_001,298792
5449,948,0,A007_001,299740
5450,908,0,A007_001,300648
5451,880,0,A007_001,301528
5452,864,0,A007_001,302392
5453,888,0,A007_001,303280
5454,900,0,A007_001,304180
5455,884,0,A007_001,305064
5456,876,0,A007_001,305940
5457,880,0,A007_001,306820
5458,892,0,A007_001,307712
5459,860,0,A007_001,308572
5460,848,0,A007_001,309420
5461,876,0,A007_001,310296
5462,860,0,A007_001,311156
5463,848,0,A007_001,312004
5464,836,0,A007_001,312840
5465,852,0,A007_001,313692
5466,844,0,A007_001,314536
5467,832,0,A007_001,315368
5468,820,0,A007_001,316188
5469,820,0,A007_001,317008
5470,836,0,A007_001,317844
5471,828,0,A007_001,318672
5472,820,0,A007_001,319492
5473,808,0,A007_001,320300
5474,812,0,A007_001,321112
5475,816,0,A007_001,321928
5476,824,0,A007_001,322752
5477,804,0,A007_001,323556
5478,796,0,A007_001,324352
5479,816,0,A007_001,325168
5480,808,0,A007_001,325976
5481,804,0,A007_001,326780
5482,788,0,A007_001,327568
5483,812,0,A007_001,328380
5484,808,0,A007_001,329188
5485,820,0,A007_001,330008
5486,812,0,A007_001,330820
5487,804,0,A007_001,331624
5488,800,0,A007_001,332424
5489,820,0,A007_001,333244
5490,828,0,A007_001,334072
5491,824,0,A007_001,334896
5492,840,0,A007_001,335736
5493,820,0,A007_001,336556
5494,816,0,A007_001,337372
5495,844,0,A007_001,338216
5496,856,0,A007_001,339072
5497,856,0,A007_001,339928
5498,832,0,A007_001,340760
5499,836,0,A007_001,341596
5500,860,0,A007_001,342456
5501,852,0,A007_001,343308
5502,848,0,A007_001,344156
5503,852,0,A007_001,345008
5504,844,0,A007_001,345852
5505,860,0,A007_001,346712
5506,876,0,A007_001,347588
5507,856,0,A007_001,348444
5508,856,0,A007_001,349300
5509,908,0,A007_001,350208
5510,888,0,A007_001,351096
5511,872,0,A007_001,351968
5512,848,0,A007_001,352816
5513,872,0,A007_001,353688
5514,880,0,A007_001,354568
5515,876,0,A007_001,355444
5516,884,0,A007_001,356328
5517,852,0,A007_001,357180
5518,844,0,A007_001,358024
5519,872,0,A007_001,358896
5520,868,0,A007_001,359764
5521,872,0,A007_001,360636
5522,844,0,A007_001,361480
5523,844,0,A007_001,362324
5524,852,0,A007_001,363176
5525,848,0,A007_001,364024
5526,820,0,A007_001,364844
5527,804,0,A007_001,365648
5528,792,0,A007_001,366440
5529,784,0,A007_001,367224
5530,772,0,A007_001,367996
5531,788,0,A007_001,368784
5532,792,0,A007_001,369576
5533,808,0,A007_001,370384
5534,796,0,A007_001,371180
5535,828,0,A007_001,372008
5536,832,0,A007_001,372840
5537,828,0,A007_001,373668
5538,812,0,A007_001,374480
5539,812,0,A007_001,375292
5540,824,0,A007_001,376116
5541,844,0,A007_001,376960
5542,832,0,A007_001,377792
5543,824,0,A007_001,378616
5544,840,0,A007_001,379456
5545,860,0,A007_001,380316
5546,868,0,A007_001,381184
5547,844,0,A007_001,382028
5548,840,0,A007_001,382868
5549,864,0,A007_001,383732
5550,868,0,A007_001,384600
5551,860,0,A007_001,385460
5552,840,0,A007_001,386300
5553,864,0,A007_001,387164
5554,880,0,A007_001,388044
5555,860,0,A007_001,388904
5556,844,0,A007_001,389748
5557,868,0,A007_001,390616
5558,880,0,A007_001,391496
5559,868,0,A007_001,392364
5560,848,0,A007_001,393212
5561,844,0,A007_001,394056
5562,868,0,A007_001,394924
5563,884,0,A007_001,395808
5564,852,0,A007_001,396660
5565,844,0,A007_001,397504
5566,868,0,A007_001,398372
5567,884,0,A007_001,399256
5568,868,0,A007_001,400124
5569,856,0,A007_001,400980
5570,852,0,A007_001,401832
5571,904,0,A007_001,402736
5572,884,0,A007_001,403620
5573,888,0,A007_001,404508
5574,852,0,A007_001,405360
5575,876,0,A007_001,406236
5576,880,0,A007_001,407116
5577,864,0,A007_001,407980
5578,848,0,A007_001,408828
5579,836,0,A007_001,409664
5580,864,0,A007_001,410528
5581,860,0,A007_001,411388
5582,856,0,A007_001,412244
5583,828,0,A007_001,413072
5584,836,0,A007_001,413908
5585,844,0,A007_001,414752
5586,844,0,A007_001,415596
5587,824,0,A007_001,416420
5588,816,0,A007_001,417236
5589,840,0,A007_001,418076
5590,844,0,A007_001,418920
5591,840,0,A007_001,419760
5592,884,0,A007_001,420644
5593,904,0,A007_001,421548
5594,908,0,A007_001,422456
5595,876,0,A007_001,423332
5596,864,0,A007_001,424196
5597,908,0,A007_001,425104
5598,900,0,A007_001,426004
5599,872,0,A007_001,426876
5600,864,0,A007_001,427740
5601,908,0,A007_001,428648
5602,888,0,A007_001,429536
5603,876,0,A007_001,430412
5604,868,0,A007_001,431280
5605,888,0,A007_001,432168
5606,888,0,A007_001,433056
5607,876,0,A007_001,433932
5608,864,0,A007_001,434796
5609,864,0,A007_001,435660
5610,852,0,A007_001,436512
5611,872,0,A007_001,437384
5612,836,0,A007_001,438220
5613,832,0,A007_001,439052
5614,832,0,A007_001,439884
5615,832,0,A007_001,440716
5616,828,0,A007_001,441544
5617,860,0,A007_001,442404
5618,876,0,A007_001,443280
5619,836,0,A007_001,444116
5620,860,0,A007_001,444976
5621,864,0,A007_001,445840
5622,868,0,A007_001,446708
5623,844,0,A007_001,447552
5624,860,0,A007_001,448412
5625,856,0,A007_001,449268
5626,844,0,A007_001,450112
5627,844,0,A007_001,450956
5628,836,0,A007_001,451792
5629,824,0,A007_001,452616
5630,816,0,A007_001,453432
5631,808,0,A007_001,454240
5632,820,0,A007_001,455060
5633,852,0,A007_001,455912
5634,816,0,A007_001,456728
5635,828,0,A007_001,457556
5636,844,0,A007_001,458400
5637,844,0,A007_001,459244
5638,820,0,A007_001,460064
5639,828,0,A007_001,460892
5640,844,0,A007_001,461736
5641,856,0,A007_001,462592
5642,832,0,A007_001,463424
5643,840,0,A007_001,464264
5644,872,0,A007_001,465136
5645,876,0,A007_001,466012
5646,840,0,A007_001,466852
5647,872,0,A007_001,467724
5648,896,0,A007_001,468620
5649,896,0,A007_001,469516
5650,876,0,A007_001,470392
5651,864,0,A007_001,471256
5652,876,0,A007_001,472132
5653,896,0,A007_001,473028
5654,888,0,A007_001,473916
5655,868,0,A007_001,474784
5656,856,0,A007_001,475640
5657,876,0,A007_001,476516
5658,860,0,A007_001,477376
5659,864,0,A007_001,478240
5660,848,0,A007_001,479088
5661,832,0,A007_001,479920
5662,848,0,A007_001,480768
5663,844,0,A007_001,481612
5664,824,0,A007_001,482436
5665,832,0,A007_001,483268
5666,844,0,A007_001,484112
5667,852,0,A007_001,484964
5668,832,0,A007_001,485796
5669,820,0,A007_001,486616
5670,832,0,A007_001,487448
5671,836,0,A007_001,488284
5672,832,0,A007_001,489116
5673,812,0,A007_001,489928
5674,812,0,A007_001,490740
5675,828,0,A007_001,491568
5676,840,0,A007_001,492408
5677,824,0,A007_001,493232
5678,816,0,A007_001,494048
5679,816,0,A007_001,494864
5680,832,0,A007_001,495696
5681,832,0,A007_001,496528
5682,824,0,A007_001,497352
5683,808,0,A007_001,498160
5684,848,0,A007_001,499008
5685,844,0,A007_001,499852
5686,852,0,A007_001,500704
5687,828,0,A007_001,501532
5688,832,0,A007_001,502364
5689,852,0,A007_001,503216
5690,876,0,A007_001,504092
5691,860,0,A007_001,504952
5692,856,0,A007_001,505808
5693,844,0,A007_001,506652
5694,880,0,A007_001,507532
5695,872,0,A007_001,508404
5696,856,0,A007_001,509260
5697,836,0,A007_001,510096
5698,856,0,A007_001,510952
5699,860,0,A007_001,511812
5700,860,0,A007_001,512672
5701,832,0,A007_001,513504
5702,820,0,A007_001,514324
5703,848,0,A007_001,515172
5704,844,0,A007_001,516016
5705,820,0,A007_001,516836
5706,808,0,A007_001,517644
5707,828,0,A007_001,518472
5708,836,0,A007_001,519308
5709,824,0,A007_001,520132
5710,808,0,A007_001,520940
5711,812,0,A007_001,521752
5712,820,0,A007_001,522572
5713,816,0,A007_001,523388
5714,796,0,A007_001,524184
5715,800,0,A007_001,524984
5716,800,0,A007_001,525784
5717,800,0,A007_001,526584
5718,792,0,A007_001,527376
5719,792,0,A007_001,528168
5720,804,0,A007_001,528972
5721,804,0,A007_001,529776
5722,792,0,A007_001,530568
5723,812,0,A007_001,531380
5724,840,0,A007_001,532220
5725,828,0,A007_001,533048
5726,820,0,A007_001,533868
5727,824,0,A007_001,534692
5728,844,0,A007_001,535536
5729,836,0,A007_001,536372
5730,864,0,A007_001,537236
5731,916,0,A007_001,538152
5732,948,0,A007_001,539100
5733,948,0,A007_001,540048
5734,904,0,A007_001,540952
5735,920,0,A007_001,541872
5736,900,0,A007_001,542772
5737,880,0,A007_001,543652
5738,868,0,A007_001,544520
5739,888,0,A007_001,545408
5740,888,0,A007_001,546296
5741,888,0,A007_001,547184
5742,856,0,A007_001,548040
5743,856,0,A007_001,548896
5744,888,0,A007_001,549784
5745,880,0,A007_001,550664
5746,868,0,A007_001,551532
5747,836,0,A007_001,552368
5748,860,0,A007_001,553228
5749,848,0,A007_001,554076
5750,840,0,A007_001,554916
5751,820,0,A007_001,555736
5752,852,0,A007_001,556588
5753,840,0,A007_001,557428
5754,828,0,A007_001,558256
5755,828,0,A007_001,559084
5756,844,0,A007_001,559928
5757,848,0,A007_001,560776
5758,824,0,A007_001,561600
5759,824,0,A007_001,562424
5760,852,0,A007_001,563276
5761,844,0,A007_001,564120
5762,820,0,A007_001,564940
5763,828,0,A007_001,565768
5764,840,0,A007_001,566608
5765,836,0,A007_001,567444
5766,816,0,A007_001,568260
5767,808,0,A007_001,569068
5768,792,0,A007_001,569860
5769,776,0,A007_001,570636
5770,768,0,A007_001,571404
5771,764,0,A007_001,572168
5772,788,0,A007_001,572956
5773,796,0,A007_001,573752
5774,796,0,A007_001,574548
5775,860,0,A007_001,575408
5776,872,0,A007_001,576280
5777,852,0,A007_001,577132
5778,860,0,A007_001,577992
5779,920,0,A007_001,578912
5780,904,0,A007_001,579816
5781,884,0,A007_001,580700
5782,876,0,A007_001,581576
5783,900,0,A007_001,582476
5784,916,0,A007_001,583392
5785,900,0,A007_001,584292
5786,892,0,A007_001,585184
5787,916,0,A007_001,586100
5788,920,0,A007_001,587020
5789,888,0,A007_001,587908
5790,868,0,A007_001,588776
5791,908,0,A007_001,589684
5792,900,0,A007_001,590584
5793,880,0,A007_001,591464
5794,848,0,A007_001,592312
5795,860,0,A007_001,593172
5796,860,0,A007_001,594032
5797,856,0,A007_001,594888
5798,832,0,A007_001,595720
5799,832,0,A007_001,596552
5800,832,0,A007_001,597384
5801,832,0,A007_001,598216
5802,824,0,A007_001,599040
5803,804,0,A007_001,599844
5804,812,0,A007_001,600656
5805,820,0,A007_001,601476
5806,820,0,A007_001,602296
5807,816,0,A007_001,603112
5808,804,0,A007_001,603916
5809,832,0,A007_001,604748
5810,832,0,A007_001,605580
5811,828,0,A007_001,606408
5812,816,0,A007_001,607224
5813,808,0,A007_001,608032
5814,832,0,A007_001,608864
5815,800,0,A007_001,609664
5816,804,0,A007_001,610468
5817,796,0,A007_001,611264
5818,792,0,A007_001,612056
5819,796,0,A007_001,612852
5820,788,0,A007_001,613640
5821,788,0,A007_001,614428
5822,824,0,A007_001,615252
5823,820,0,A007_001,616072
5824,800,0,A007_001,616872
5825,816,0,A007_001,617688
5826,832,0,A007_001,618520
5827,828,0,A007_001,619348
5828,824,0,A007_001,620172
5829,856,0,A007_001,621028
5830,844,0,A007_001,621872
5831,832,0,A007_001,622704
5832,820,0,A007_001,623524
5833,844,0,A007_001,624368
5834,844,0,A007_001,625212
5835,864,0,A007_001,626076
5836,848,0,A007_001,626924
5837,840,0,A007_001,627764
5838,840,0,A007_001,628604
5839,852,0,A007_001,629456
5840,880,0,A007_001,630336
5841,844,0,A007_001,631180
5842,852,0,A007_001,632032
5843,836,0,A007_001,632868
5844,828,0,A007_001,633696
5845,856,0,A007_001,634552
5846,836,0,A007_001,635388
5847,820,0,A007_001,636208
5848,836,0,A007_001,637044
5849,864,0,A007_001,637908
5850,852,0,A007_001,638760
5851,836,0,A007_001,639596
5852,824,0,A007_001,640420
5853,808,0,A007_001,641228
5854,808,0,A007_001,642036
5855,808,0,A007_001,642844
5856,812,0,A007_001,643656
5857,796,0,A007_001,644452
5858,808,0,A007_001,645260
5859,816,0,A007_001,646076
5860,804,0,A007_001,646880
5861,808,0,A007_001,647688
5862,828,0,A007_001,648516
5863,828,0,A007_001,649344
5864,828,0,A007_001,650172
5865,812,0,A007_001,650984
5866,824,0,A007_001,651808
5867,824,0,A007_001,652632
5868,844,0,A007_001,653476
5869,824,0,A007_001,654300
5870,808,0,A007_001,655108
5871,804,0,A007_001,655912
5872,820,0,A007_001,656732
5873,816,0,A007_001,657548
5874,808,0,A007_001,658356
5875,800,0,A007_001,659156
5876,816,0,A007_001,659972
5877,820,0,A007_001,660792
5878,816,0,A007_001,661608
5879,804,0,A007_001,662412
5880,792,0,A007_001,663204
5881,804,0,A007_001,664008
5882,804,0,A007_001,664812
5883,796,0,A007_001,665608
5884,776,0,A007_001,666384
5885,776,0,A007_001,667160
5886,756,0,A007_001,667916
5887,748,0,A007_001,668664
5888,752,0,A007_001,669416
5889,752,0,A007_001,670168
5890,744,0,A007_001,670912
5891,744,0,A007_001,671656
5892,752,0,A007_001,672408
5893,752,0,A007_001,673160
5894,744,0,A007_001,673904
5895,740,0,A007_001,674644
5896,744,0,A007_001,675388
5897,748,0,A007_001,676136
5898,732,0,A007_001,676868
5899,736,0,A007_001,677604
5900,736,0,A007_001,678340
5901,736,0,A007_001,679076
5902,728,0,A007_001,679804
5903,728,0,A007_001,680532
5904,736,0,A007_001,681268
5905,740,0,A007_001,682008
5906,740,0,A007_001,682748
5907,740,0,A007_001,683488
5908,740,0,A007_001,684228
5909,760,0,A007_001,684988
5910,768,0,A007_001,685756
5911,788,0,A007_001,686544
5912,772,0,A007_001,687316
5913,796,0,A007_001,688112
5914,820,0,A007_001,688932
5915,784,0,A007_001,689716
5916,836,0,A007_001,690552
5917,924,0,A007_001,691476
5918,896,0,A007_001,692372
5919,904,0,A007_001,693276
5920,944,0,A007_001,694220
5921,924,0,A007_001,695144
5922,892,0,A007_001,696036
5923,864,0,A007_001,696900
5924,896,0,A007_001,697796
5925,912,0,A007_001,698708
5926,900,0,A007_001,699608
5927,856,0,A007_001,700464
5928,852,0,A007_001,701316
5929,912,0,A007_001,702228
5930,896,0,A007_001,703124
5931,880,0,A007_001,704004
5932,848,0,A007_001,704852
5933,828,0,A007_001,705680
5934,820,0,A007_001,706500
5935,808,0,A007_001,707308
5936,800,0,A007_001,708108
5937,800,0,A007_001,708908
5938,808,0,A007_001,709716
5939,792,0,A007_001,710508
5940,828,0,A007_001,711336
5941,876,0,A007_001,712212
5942,888,0,A007_001,713100
5943,848,0,A007_001,713948
5944,856,0,A007_001,714804
5945,876,0,A007_001,715680
5946,856,0,A007_001,716536
5947,852,0,A007_001,717388
5948,836,0,A007_001,718224
5949,864,0,A007_001,719088
5950,852,0,A007_001,719940
5951,848,0,A007_001,720788
5952,828,0,A007_001,721616
5953,828,0,A007_001,722444
5954,856,0,A007_001,723300
5955,856,0,A007_001,724156
5956,856,0,A007_001,725012
5957,836,0,A007_001,725848
5958,832,0,A007_001,726680
5959,848,0,A007_001,727528
5960,844,0,A007_001,728372
5961,836,0,A007_001,729208
5962,820,0,A007_001,730028
5963,812,0,A007_001,730840
5964,832,0,A007_001,731672
5965,824,0,A007_001,732496
5966,820,0,A007_001,733316
5967,816,0,A007_001,734132
5968,800,0,A007_001,734932
5969,808,0,A007_001,735740
5970,808,0,A007_001,736548
5971,816,0,A007_001,737364
5972,800,0,A007_001,738164
5973,800,0,A007_001,738964
5974,816,0,A007_001,739780
5975,820,0,A007_001,740600
5976,812,0,A007_001,741412
5977,800,0,A007_001,742212
5978,828,0,A007_001,743040
5979,828,0,A007_001,743868
5980,836,0,A007_001,744704
5981,824,0,A007_001,745528
5982,824,0,A007_001,746352
5983,840,0,A007_001,747192
5984,848,0,A007_001,748040
5985,820,0,A007_001,748860
5986,812,0,A007_001,749672
5987,828,0,A007_001,750500
5988,828,0,A007_001,751328
5989,820,0,A007_001,752148
5990,808,0,A007_001,752956
5991,816,0,A007_001,753772
5992,824,0,A007_001,754596
5993,812,0,A007_001,755408
5994,800,0,A007_001,756208
5995,792,0,A007_001,757000
5996,816,0,A007_001,757816
5997,808,0,A007_001,758624
5998,804,0,A007_001,759428
5999,792,0,A007_001,760220
6000,800,0,A007_001,761020
6001,804,0,A007_001,761824
6002,812,0,A007_001,762636
6003,796,0,A007_001,763432
6004,800,0,A007_001,764232
6005,816,0,A007_001,765048
6006,832,0,A007_001,765880
6007,824,0,A007_001,766704
6008,820,0,A007_001,767524
6009,820,0,A007_001,768344
6010,844,0,A007_001,769188
6011,844,0,A007_001,770032
6012,828,0,A007_001,770860
6013,816,0,A007_001,771676
6014,816,0,A007_001,772492
6015,816,0,A007_001,773308
6016,816,0,A007_001,774124
6017,808,0,A007_001,774932
6018,804,0,A007_001,775736
6019,808,0,A007_001,776544
6020,804,0,A007_001,777348
6021,792,0,A007_001,778140
6022,800,0,A007_001,778940
6023,820,0,A007_001,779760
6024,812,0,A007_001,780572
6025,808,0,A007_001,781380
6026,808,0,A007_001,782188
6027,816,0,A007_001,783004
6028,808,0,A007_001,783812
6029,804,0,A007_001,784616
6030,796,0,A007_001,785412
6031,804,0,A007_001,786216
6032,812,0,A007_001,787028
6033,808,0,A007_001,787836
6034,788,0,A007_001,788624
6035,792,0,A007_001,789416
6036,784,0,A007_001,790200
6037,784,0,A007_001,790984
6038,792,0,A007_001,791776
6039,796,0,A007_001,792572
6040,788,0,A007_001,793360
6041,780,0,A007_001,794140
6042,780,0,A007_001,794920
6043,780,0,A007_001,795700
6044,768,0,A007_001,796468
6045,764,0,A007_001,797232
6046,776,0,A007_001,798008
6047,784,0,A007_001,798792
6048,788,0,A007_001,799580
6049,780,0,A007_001,800360
6050,788,0,A007_001,801148
6051,800,0,A007_001,801948
6052,804,0,A007_001,802752
6053,788,0,A007_001,803540
6054,808,0,A007_001,804348
6055,816,0,A007_001,805164
6056,800,0,A007_001,805964
6057,788,0,A007_001,806752
6058,772,0,A007_001,807524
6059,776,0,A007_001,808300
6060,816,0,A007_001,809116
6061,824,0,A007_001,809940
6062,820,0,A007_001,810760
6063,812,0,A007_001,811572
6064,824,0,A007_001,812396
6065,832,0,A007_001,813228
6066,844,0,A007_001,814072
6067,848,0,A007_001,814920
6068,828,0,A007_001,815748
6069,848,0,A007_001,816596
6070,856,0,A007_001,817452
6071,856,0,A007_001,818308
6072,836,0,A007_001,819144
6073,832,0,A007_001,819976
6074,856,0,A007_001,820832
6075,860,0,A007_001,821692
6076,844,0,A007_001,822536
6077,824,0,A007_001,823360
6078,844,0,A007_001,824204
6079,852,0,A007_001,825056
6080,836,0,A007_001,825892
6081,828,0,A007_001,826720
6082,828,0,A007_001,827548
6083,844,0,A007_001,828392
6084,828,0,A007_001,829220
6085,816,0,A007_001,830036
6086,816,0,A007_001,830852
6087,824,0,A007_001,831676
6088,816,0,A007_001,832492
6089,808,0,A007_001,833300
6090,796,0,A007_001,834096
6091,792,0,A007_001,834888
6092,800,0,A007_001,835688
6093,788,0,A007_001,836476
6094,780,0,A007_001,837256
6095,780,0,A007_001,838036
6096,792,0,A007_001,838828
6097,804,0,A007_001,839632
6098,800,0,A007_001,840432
6099,796,0,A007_001,841228
6100,828,0,A007_001,842056
6101,832,0,A007_001,842888
6102,824,0,A007_001,843712
6103,808,0,A007_001,844520
6104,804,0,A007_001,845324
6105,812,0,A007_001,846136
6106,812,0,A007_001,846948
6107,800,0,A007_001,847748
6108,784,0,A007_001,848532
6109,796,0,A007_001,849328
6110,796,0,A007_001,850124
6111,792,0,A007_001,850916
6112,780,0,A007_001,851696
6113,772,0,A007_001,852468
6114,788,0,A007_001,853256
6115,784,0,A007_001,854040
6116,788,0,A007_001,854828
6117,772,0,A007_001,855600
6118,780,0,A007_001,856380
6119,780,0,A007_001,857160
6120,780,0,A007_001,857940
6121,784,0,A007_001,858724
6122,772,0,A007_001,859496
6123,776,0,A007_001,860272
6124,772,0,A007_001,861044
6125,768,0,A007_001,861812
6126,760,0,A007_001,862572
6127,760,0,A007_001,863332
6128,756,0,A007_001,864088
6129,764,0,A007_001,864852
6130,756,0,A007_001,865608
6131,752,0,A007_001,866360
6132,752,0,A007_001,867112
6133,756,0,A007_001,867868
6134,768,0,A007_001,868636
6135,772,0,A007_001,869408
6136,772,0,A007_001,870180
6137,780,0,A007_001,870960
6138,780,0,A007_001,871740
6139,772,0,A007_001,872512
6140,776,0,A007_001,873288
6141,768,0,A007_001,874056
6142,764,0,A007_001,874820
6143,772,0,A007_001,875592
6144,764,0,A007_001,876356
6145,768,0,A007_001,877124
6146,764,0,A007_001,877888
6147,756,0,A007_001,878644
6148,760,0,A007_001,879404
6149,764,0,A007_001,880168
6150,764,0,A007_001,880932
6151,764,0,A007_001,881696
6152,760,0,A007_001,882456
6153,764,0,A007_001,883220
6154,772,0,A007_001,883992
6155,780,0,A007_001,884772
6156,772,0,A007_001,885544
6157,772,0,A007_001,886316
6158,776,0,A007_001,887092
6159,768,0,A007_001,887860
6160,772,0,A007_001,888632
6161,764,0,A007_001,889396
6162,776,0,A007_001,890172
6163,768,0,A007_001,890940
6164,776,0,A007_001,891716
6165,780,0,A007_001,892496
6166,768,0,A007_001,893264
6167,776,0,A007_001,894040
6168,788,0,A007_001,894828
6169,792,0,A007_001,895620
6170,792,0,A007_001,896412
6171,780,0,A007_001,897192
6172,784,0,A007_001,897976
6173,784,0,A007_001,898760
6174,796,0,A007_001,899556
6175,788,0,A007_001,900344
6176,784,0,A007_001,901128
6177,796,0,A007_001,901924
6178,800,0,A007_001,902724
6179,800,0,A007_001,903524
6180,784,0,A007_001,904308
6181,792,0,A007_001,905100
6182,796,0,A007_001,905896
6183,804,0,A007_001,906700
6184,784,0,A007_001,907484
6185,780,0,A007_001,908264
6186,792,0,A007_001,909056
6187,792,0,A007_001,909848
6188,788,0,A007_001,910636
6189,772,0,A007_001,911408
6190,788,0,A007_001,912196
6191,788,0,A007_001,912984
6192,784,0,A007_001,913768
6193,772,0,A007_001,914540
6194,776,0,A007_001,915316
6195,772,0,A007_001,916088
6196,764,0,A007_001,916852
6197,752,0,A007_001,917604
6198,744,0,A007_001,918348
6199,732,0,A007_001,919080
6200,732,0,A007_001,919812
6201,732,0,A007_001,920544
6202,736,0,A007_001,921280
6203,748,0,A007_001,922028
6204,752,0,A007_001,922780
6205,748,0,A007_001,923528
6206,756,0,A007_001,924284
6207,768,0,A007_001,925052
6208,764,0,A007_001,925816
6209,756,0,A007_001,926572
6210,752,0,A007_001,927324
6211,764,0,A007_001,928088
6212,764,0,A007_001,928852
6213,760,0,A007_001,929612
6214,756,0,A007_001,930368
6215,776,0,A007_001,931144
6216,780,0,A007_001,931924
6217,784,0,A007_001,932708
6218,780,0,A007_001,933488
6219,776,0,A007_001,934264
6220,800,0,A007_001,935064
6221,804,0,A007_001,935868
6222,812,0,A007_001,936680
6223,804,0,A007_001,937484
6224,800,0,A007_001,938284
6225,800,0,A007_001,939084
6226,808,0,A007_001,939892
6227,828,0,A007_001,940720
6228,816,0,A007_001,941536
6229,808,0,A007_001,942344
6230,808,0,A007_001,943152
6231,808,0,A007_001,943960
6232,820,0,A007_001,944780
6233,792,0,A007_001,945572
6234,788,0,A007_001,946360
6235,792,0,A007_001,947152
6236,788,0,A007_001,947940
6237,776,0,A007_001,948716
6238,768,0,A007_001,949484
6239,776,0,A007_001,950260
6240,768,0,A007_001,951028
6241,760,0,A007_001,951788
6242,752,0,A007_001,952540
6243,748,0,A007_001,953288
6244,756,0,A007_001,954044
6245,756,0,A007_001,954800
6246,748,0,A007_001,955548
6247,744,0,A007_001,956292
6248,752,0,A007_001,957044
6249,756,0,A007_001,957800
6250,740,0,A007_001,958540
6251,740,0,A007_001,959280
6252,740,0,A007_001,960020
6253,740,0,A007_001,960760
6254,740,0,A007_001,961500
6255,752,0,A007_001,962252
6256,772,0,A007_001,963024
6257,760,0,A007_001,963784
6258,772,0,A007_001,964556
6259,804,0,A007_001,965360
6260,792,0,A007_001,966152
6261,804,0,A007_001,966956
6262,848,0,A007_001,967804
6263,840,0,A007_001,968644
6264,816,0,A007_001,969460
6265,836,0,A007_001,970296
6266,848,0,A007_001,971144
6267,848,0,A007_001,971992
6268,820,0,A007_001,972812
6269,832,0,A007_001,973644
6270,844,0,A007_001,974488
6271,848,0,A007_001,975336
6272,832,0,A007_001,976168
6273,824,0,A007_001,976992
6274,872,0,A007_001,977864
6275,892,0,A007_001,978756
6276,896,0,A007_001,979652
6277,868,0,A007_001,980520
6278,888,0,A007_001,981408
6279,904,0,A007_001,982312
6280,900,0,A007_001,983212
6281,860,0,A007_001,984072
6282,864,0,A007_001,984936
6283,868,0,A007_001,985804
6284,848,0,A007_001,986652
6285,860,0,A007_001,987512
6286,856,0,A007_001,988368
6287,832,0,A007_001,989200
6288,808,0,A007_001,990008
6289,812,0,A007_001,990820
6290,828,0,A007_001,991648
6291,844,0,A007_001,992492
6292,896,0,A007_001,993388
6293,984,0,A007_001,994372
6294,884,0,A007_001,995256
6295,908,0,A007_001,996164
6296,952,0,A007_001,997116
6297,904,0,A007_001,998020
6298,904,0,A007_001,998924
6299,912,0,A007_001,999836
6300,916,0,A007_001,1000752
6301,868,0,A007_001,1001620
6302,872,0,A007_001,1002492
6303,896,0,A007_001,1003388
6304,900,0,A007_001,1004288
6305,900,0,A007_001,1005188
6306,884,0,A007_001,1006072
6307,876,0,A007_001,1006948
6308,912,0,A007_001,1007860
6309,904,0,A007_001,1008764
6310,880,0,A007_001,1009644
6311,860,0,A007_001,1010504
6312,884,0,A007_001,1011388
6313,900,0,A007_001,1012288
6314,876,0,A007_001,1013164
6315,844,0,A007_001,1014008
6316,856,0,A007_001,1014864
6317,868,0,A007_001,1015732
6318,848,0,A007_001,1016580
6319,824,0,A007_001,1017404
6320,856,0,A007_001,1018260
6321,860,0,A007_001,1019120
6322,852,0,A007_001,1019972
6323,824,0,A007_001,1020796
6324,836,0,A007_001,1021632
6325,864,0,A007_001,1022496
6326,868,0,A007_001,1023364
6327,836,0,A007_001,1024200
6328,828,0,A007_001,1025028
6329,848,0,A007_001,1025876
6330,848,0,A007_001,1026724
6331,836,0,A007_001,1027560
6332,828,0,A007_001,1028388
6333,836,0,A007_001,1029224
6334,844,0,A007_001,1030068
6335,832,0,A007_001,1030900
6336,816,0,A007_001,1031716
6337,820,0,A007_001,1032536
6338,844,0,A007_001,1033380
6339,836,0,A007_001,1034216
6340,824,0,A007_001,1035040
6341,820,0,A007_001,1035860
6342,848,0,A007_001,1036708
6343,840,0,A007_001,1037548
6344,844,0,A007_001,1038392
6345,828,0,A007_001,1039220
6346,832,0,A007_001,1040052
6347,836,0,A007_001,1040888
6348,816,0,A007_001,1041704
6349,800,0,A007_001,1042504
6350,824,0,A007_001,1043328
6351,820,0,A007_001,1044148
6352,832,0,A007_001,1044980
6353,808,0,A007_001,1045788
6354,812,0,A007_001,1046600
6355,824,0,A007_001,1047424
6356,820,0,A007_001,1048244
6357,808,0,A007_001,1049052
6358,800,0,A007_001,1049852
6359,820,0,A007_001,1050672
6360,824,0,A007_001,1051496
6361,824,0,A007_001,1052320
6362,812,0,A007_001,1053132
6363,804,0,A007_001,1053936
6364,820,0,A007_001,1054756
6365,824,0,A007_001,1055580
6366,820,0,A007_001,1056400
6367,796,0,A007_001,1057196
6368,800,0,A007_001,1057996
6369,780,0,A007_001,1058776
6370,788,0,A007_001,1059564
6371,796,0,A007_001,1060360
6372,868,0,A007_001,1061228
6373,812,0,A007_001,1062040
6374,792,0,A007_001,1062832
6375,808,0,A007_001,1063640
6376,916,0,A007_001,1064556
6377,896,0,A007_001,1065452
6378,844,0,A007_001,1066296
6379,872,0,A007_001,1067168
6380,956,0,A007_001,1068124
6381,936,0,A007_001,1069060
6382,896,0,A007_001,1069956
6383,936,0,A007_001,1070892
6384,920,0,A007_001,1071812
6385,884,0,A007_001,1072696
6386,876,0,A007_001,1073572
6387,884,0,A007_001,1074456
6388,908,0,A007_001,1075364
6389,904,0,A007_001,1076268
6390,864,0,A007_001,1077132
6391,872,0,A007_001,1078004
6392,908,0,A007_001,1078912
6393,904,0,A007_001,1079816
6394,888,0,A007_001,1080704
6395,908,0,A007_001,1081612
6396,888,0,A007_001,1082500
6397,884,0,A007_001,1083384
6398,928,0,A007_001,1084312
6399,896,0,A007_001,1085208
6400,884,0,A007_001,1086092
6401,864,0,A007_001,1086956
6402,868,0,A007_001,1087824
6403,868,0,A007_001,1088692
6404,868,0,A007_001,1089560
6405,844,0,A007_001,1090404
6406,832,0,A007_001,1091236
6407,852,0,A007_001,1092088
6408,848,0,A007_001,1092936
6409,824,0,A007_001,1093760
6410,836,0,A007_001,1094596
6411,840,0,A007_001,1095436
6412,848,0,A007_001,1096284
6413,820,0,A007_001,1097104
6414,816,0,A007_001,1097920
6415,844,0,A007_001,1098764
6416,852,0,A007_001,1099616
6417,840,0,A007_001,1100456
6418,820,0,A007_001,1101276
6419,836,0,A007_001,1102112
6420,844,0,A007_001,1102956
6421,836,0,A007_001,1103792
6422,820,0,A007_001,1104612
6423,820,0,A007_001,1105432
6424,844,0,A007_001,1106276
6425,844,0,A007_001,1107120
6426,832,0,A007_001,1107952
6427,816,0,A007_001,1108768
6428,844,0,A007_001,1109612
6429,840,0,A007_001,1110452
6430,844,0,A007_001,1111296
6431,832,0,A007_001,1112128
6432,828,0,A007_001,1112956
6433,844,0,A007_001,1113800
6434,824,0,A009_001,824
6435,792,0,A009_001,1616
6436,804,0,A009_001,2420
6437,768,0,A009_001,3188
6438,760,0,A009_001,3948
6439,784,0,A009_001,4732
6440,788,0,A009_001,5520
6441,812,0,A009_001,6332
6442,836,0,A009_001,7168
6443,824,0,A009_001,7992
6444,840,0,A009_001,8832
6445,840,0,A009_001,9672
6446,824,0,A009_001,10496
6447,828,0,A009_001,11324
6448,824,0,A009_001,12148
6449,808,0,A009_001,12956
6450,816,0,A009_001,13772
6451,812,0,A009_001,14584
6452,808,0,A009_001,15392
6453,812,0,A009_001,16204
6454,788,0,A009_001,16992
6455,728,0,A009_001,17720
6456,732,0,A009_001,18452
6457,752,0,A009_001,19204
6458,780,0,A009_001,19984
6459,776,0,A009_001,20760
6460,788,0,A009_001,21548
6461,808,0,A009_001,22356
6462,832,0,A009_001,23188
6463,820,0,A009_001,24008
6464,840,0,A009_001,24848
6465,852,0,A009_001,25700
6466,796,0,A009_001,26496
6467,748,0,A009_001,27244
6468,784,0,A009_001,28028
6469,856,0,A009_001,28884
6470,864,0,A009_001,29748
6471,864,0,A009_001,30612
6472,860,0,A009_001,31472
6473,860,0,A009_001,32332
6474,844,0,A009_001,33176
6475,840,0,A009_001,34016
6476,840,0,A009_001,34856
6477,820,0,A009_001,35676
6478,820,0,A009_001,36496
6479,832,0,A009_001,37328
6480,824,0,A009_001,38152
6481,812,0,A009_001,38964
6482,792,0,A009_001,39756
6483,796,0,A009_001,40552
6484,808,0,A009_001,41360
6485,792,0,A009_001,42152
6486,804,0,A009_001,42956
6487,820,0,A009_001,43776
6488,812,0,A009_001,44588
6489,820,0,A009_001,45408
6490,824,0,A009_001,46232
6491,828,0,A009_001,47060
6492,816,0,A009_001,47876
6493,824,0,A009_001,48700
6494,828,0,A009_001,49528
6495,828,0,A009_001,50356
6496,824,0,A009_001,51180
6497,824,0,A009_001,52004
6498,820,0,A009_001,52824
6499,804,0,A009_001,53628
6500,756,0,A009_001,54384
6501,724,0,A009_001,55108
6502,776,0,A009_001,55884
6503,820,0,A009_001,56704
6504,832,0,A009_001,57536
6505,840,0,A009_001,58376
6506,848,0,A009_001,59224
6507,860,0,A009_001,60084
6508,836,0,A009_001,60920
6509,840,0,A009_001,61760
6510,844,0,A009_001,62604
6511,832,0,A009_001,63436
6512,808,0,A009_001,64244
6513,808,0,A009_001,65052
6514,816,0,A009_001,65868
6515,812,0,A009_001,66680
6516,796,0,A009_001,67476
6517,816,0,A009_001,68292
6518,836,0,A009_001,69128
6519,832,0,A009_001,69960
6520,860,0,A009_001,70820
6521,868,0,A009_001,71688
6522,844,0,A009_001,72532
6523,860,0,A009_001,73392
6524,872,0,A009_001,74264
6525,856,0,A009_001,75120
6526,856,0,A009_001,75976
6527,860,0,A009_001,76836
6528,840,0,A009_001,77676
6529,856,0,A009_001,78532
6530,856,0,A009_001,79388
6531,872,0,A009_001,80260
6532,824,0,A009_001,81084
6533,844,0,A009_001,81928
6534,848,0,A009_001,82776
6535,856,0,A009_001,83632
6536,848,0,A009_001,84480
6537,844,0,A009_001,85324
6538,860,0,A009_001,86184
6539,856,0,A009_001,87040
6540,828,0,A009_001,87868
6541,836,0,A009_001,88704
6542,864,0,A009_001,89568
6543,860,0,A009_001,90428
6544,848,0,A009_001,91276
6545,864,0,A009_001,92140
6546,884,0,A009_001,93024
6547,888,0,A009_001,93912
6548,884,0,A009_001,94796
6549,884,0,A009_001,95680
6550,820,0,A009_001,96500
6551,796,0,A009_001,97296
6552,800,0,A009_001,98096
6553,848,0,A009_001,98944
6554,896,0,A009_001,99840
6555,908,0,A009_001,100748
6556,916,0,A009_001,101664
6557,892,0,A009_001,102556
6558,908,0,A009_001,103464
6559,916,0,A009_001,104380
6560,908,0,A009_001,105288
6561,888,0,A009_001,106176
6562,888,0,A009_001,107064
6563,884,0,A009_001,107948
6564,868,0,A009_001,108816
6565,868,0,A009_001,109684
6566,872,0,A009_001,110556
6567,888,0,A009_001,111444
6568,852,0,A009_001,112296
6569,836,0,A009_001,113132
6570,864,0,A009_001,113996
6571,872,0,A009_001,114868
6572,884,0,A009_001,115752
6573,892,0,A009_001,116644
6574,860,0,A009_001,117504
6575,868,0,A009_001,118372
6576,868,0,A009_001,119240
6577,860,0,A009_001,120100
6578,828,0,A009_001,120928
6579,844,0,A009_001,121772
6580,856,0,A009_001,122628
6581,860,0,A009_001,123488
6582,860,0,A009_001,124348
6583,852,0,A009_001,125200
6584,852,0,A009_001,126052
6585,852,0,A009_001,126904
6586,816,0,A009_001,127720
6587,824,0,A009_001,128544
6588,832,0,A009_001,129376
6589,828,0,A009_001,130204
6590,824,0,A009_001,131028
6591,808,0,A009_001,131836
6592,820,0,A009_001,132656
6593,836,0,A009_001,133492
6594,836,0,A009_001,134328
6595,796,0,A009_001,135124
6596,812,0,A009_001,135936
6597,816,0,A009_001,136752
6598,812,0,A009_001,137564
6599,796,0,A009_001,138360
6600,780,0,A009_001,139140
6601,784,0,A009_001,139924
6602,780,0,A009_001,140704
6603,776,0,A009_001,141480
6604,760,0,A009_001,142240
6605,776,0,A009_001,143016
6606,784,0,A009_001,143800
6607,776,0,A009_001,144576
6608,764,0,A009_001,145340
6609,784,0,A009_001,146124
6610,808,0,A009_001,146932
6611,812,0,A009_001,147744
6612,804,0,A009_001,148548
6613,808,0,A009_001,149356
6614,816,0,A009_001,150172
6615,808,0,A009_001,150980
6616,804,0,A009_001,151784
6617,804,0,A009_001,152588
6618,812,0,A009_001,153400
6619,808,0,A009_001,154208
6620,804,0,A009_001,155012
6621,804,0,A009_001,155816
6622,824,0,A009_001,156640
6623,768,0,A009_001,157408
6624,784,0,A009_001,158192
6625,804,0,A009_001,158996
6626,828,0,A009_001,159824
6627,836,0,A009_001,160660
6628,840,0,A009_001,161500
6629,840,0,A009_001,162340
6630,840,0,A009_001,163180
6631,848,0,A009_001,164028
6632,844,0,A009_001,164872
6633,840,0,A009_001,165712
6634,836,0,A009_001,166548
6635,840,0,A009_001,167388
6636,844,0,A009_001,168232
6637,820,0,A009_001,169052
6638,836,0,A009_001,169888
6639,836,0,A009_001,170724
6640,816,0,A009_001,171540
6641,824,0,A009_001,172364
6642,816,0,A009_001,173180
6643,820,0,A009_001,174000
6644,792,0,A009_001,174792
6645,788,0,A009_001,175580
6646,768,0,A009_001,176348
6647,768,0,A009_001,177116
6648,736,0,A009_001,177852
6649,740,0,A009_001,178592
6650,724,0,A009_001,179316
6651,704,0,A009_001,180020
6652,716,0,A009_001,180736
6653,720,0,A009_001,181456
6654,724,0,A009_001,182180
6655,728,0,A009_001,182908
6656,744,0,A009_001,183652
6657,756,0,A009_001,184408
6658,772,0,A009_001,185180
6659,760,0,A009_001,185940
6660,776,0,A009_001,186716
6661,772,0,A009_001,187488
6662,784,0,A009_001,188272
6663,748,0,A009_001,189020
6664,736,0,A009_001,189756
6665,708,0,A009_001,190464
6666,736,0,A009_001,191200
6667,756,0,A009_001,191956
6668,772,0,A009_001,192728
6669,804,0,A009_001,193532
6670,832,0,A009_001,194364
6671,832,0,A009_001,195196
6672,844,0,A009_001,196040
6673,856,0,A009_001,196896
6674,828,0,A009_001,197724
6675,820,0,A009_001,198544
6676,840,0,A009_001,199384
6677,848,0,A009_001,200232
6678,856,0,A009_001,201088
6679,872,0,A009_001,201960
6680,832,0,A009_001,202792
6681,844,0,A009_001,203636
6682,852,0,A009_001,204488
6683,856,0,A009_001,205344
6684,828,0,A009_001,206172
6685,836,0,A009_001,207008
6686,840,0,A009_001,207848
6687,852,0,A009_001,208700
6688,840,0,A009_001,209540
6689,836,0,A009_001,210376
6690,844,0,A009_001,211220
6691,848,0,A009_001,212068
6692,840,0,A009_001,212908
6693,844,0,A009_001,213752
6694,856,0,A009_001,214608
6695,856,0,A009_001,215464
6696,836,0,A009_001,216300
6697,836,0,A009_001,217136
6698,840,0,A009_001,217976
6699,820,0,A009_001,218796
6700,828,0,A009_001,219624
6701,836,0,A009_001,220460
6702,824,0,A009_001,221284
6703,824,0,A009_001,222108
6704,836,0,A009_001,222944
6705,828,0,A009_001,223772
6706,808,0,A009_001,224580
6707,808,0,A009_001,225388
6708,808,0,A009_001,226196
6709,796,0,A009_001,226992
6710,784,0,A009_001,227776
6711,792,0,A009_001,228568
6712,804,0,A009_001,229372
6713,784,0,A009_001,230156
6714,788,0,A009_001,230944
6715,800,0,A009_001,231744
6716,792,0,A009_001,232536
6717,788,0,A009_001,233324
6718,804,0,A009_001,234128
6719,812,0,A009_001,234940
6720,796,0,A009_001,235736
6721,812,0,A009_001,236548
6722,816,0,A009_001,237364
6723,820,0,A009_001,238184
6724,800,0,A009_001,238984
6725,796,0,A009_001,239780
6726,800,0,A009_001,240580
6727,768,0,A009_001,241348
6728,784,0,A009_001,242132
6729,792,0,A009_001,242924
6730,808,0,A009_001,243732
6731,796,0,A009_001,244528
6732,820,0,A009_001,245348
6733,828,0,A009_001,246176
6734,820,0,A009_001,246996
6735,804,0,A009_001,247800
6736,812,0,A009_001,248612
6737,816,0,A009_001,249428
6738,792,0,A009_001,250220
6739,796,0,A009_001,251016
6740,800,0,A009_001,251816
6741,804,0,A009_001,252620
6742,780,0,A009_001,253400
6743,796,0,A009_001,254196
6744,820,0,A009_001,255016
6745,832,0,A009_001,255848
6746,804,0,A009_001,256652
6747,820,0,A009_001,257472
6748,808,0,A009_001,258280
6749,780,0,A009_001,259060
6750,796,0,A009_001,259856
6751,816,0,A009_001,260672
6752,812,0,A009_001,261484
6753,816,0,A009_001,262300
6754,848,0,A009_001,263148
6755,868,0,A009_001,264016
6756,844,0,A009_001,264860
6757,864,0,A009_001,265724
6758,860,0,A009_001,266584
6759,852,0,A009_001,267436
6760,836,0,A009_001,268272
6761,844,0,A009_001,269116
6762,844,0,A009_001,269960
6763,824,0,A009_001,270784
6764,824,0,A009_001,271608
6765,832,0,A009_001,272440
6766,812,0,A009_001,273252
6767,800,0,A009_001,274052
6768,820,0,A009_001,274872
6769,824,0,A009_001,275696
6770,796,0,A009_001,276492
6771,792,0,A009_001,277284
6772,800,0,A009_001,278084
6773,808,0,A009_001,278892
6774,792,0,A009_001,279684
6775,804,0,A009_001,280488
6776,816,0,A009_001,281304
6777,796,0,A009_001,282100
6778,776,0,A009_001,282876
6779,784,0,A009_001,283660
6780,796,0,A009_001,284456
6781,772,0,A009_001,285228
6782,776,0,A009_001,286004
6783,780,0,A009_001,286784
6784,796,0,A009_001,287580
6785,780,0,A009_001,288360
6786,784,0,A009_001,289144
6787,792,0,A009_001,289936
6788,808,0,A009_001,290744
6789,804,0,A009_001,291548
6790,808,0,A009_001,292356
6791,816,0,A009_001,293172
6792,808,0,A009_001,293980
6793,812,0,A009_001,294792
6794,812,0,A009_001,295604
6795,812,0,A009_001,296416
6796,780,0,A009_001,297196
6797,764,0,A009_001,297960
6798,764,0,A009_001,298724
6799,756,0,A009_001,299480
6800,772,0,A009_001,300252
6801,776,0,A009_001,301028
6802,732,0,A009_001,301760
6803,720,0,A009_001,302480
6804,752,0,A009_001,303232
6805,868,0,A009_001,304100
6806,880,0,A009_001,304980
6807,880,0,A009_001,305860
6808,872,0,A009_001,306732
6809,872,0,A009_001,307604
6810,856,0,A009_001,308460
6811,824,0,A009_001,309284
6812,800,0,A009_001,310084
6813,808,0,A009_001,310892
6814,804,0,A009_001,311696
6815,804,0,A009_001,312500
6816,800,0,A009_001,313300
6817,800,0,A009_001,314100
6818,804,0,A009_001,314904
6819,796,0,A009_001,315700
6820,800,0,A009_001,316500
6821,788,0,A009_001,317288
6822,776,0,A009_001,318064
6823,780,0,A009_001,318844
6824,796,0,A009_001,319640
6825,812,0,A009_001,320452
6826,796,0,A009_001,321248
6827,804,0,A009_001,322052
6828,812,0,A009_001,322864
6829,812,0,A009_001,323676
6830,808,0,A009_001,324484
6831,796,0,A009_001,325280
6832,796,0,A009_001,326076
6833,800,0,A009_001,326876
6834,776,0,A009_001,327652
6835,792,0,A009_001,328444
6836,808,0,A009_001,329252
6837,804,0,A009_001,330056
6838,804,0,A009_001,330860
6839,816,0,A009_001,331676
6840,820,0,A009_001,332496
6841,800,0,A009_001,333296
6842,796,0,A009_001,334092
6843,804,0,A009_001,334896
6844,792,0,A009_001,335688
6845,796,0,A009_001,336484
6846,792,0,A009_001,337276
6847,768,0,A009_001,338044
6848,772,0,A009_001,338816
6849,792,0,A009_001,339608
6850,812,0,A009_001,340420
6851,804,0,A009_001,341224
6852,792,0,A009_001,342016
6853,792,0,A009_001,342808
6854,788,0,A009_001,343596
6855,804,0,A009_001,344400
6856,788,0,A009_001,345188
6857,796,0,A009_001,345984
6858,800,0,A009_001,346784
6859,816,0,A009_001,347600
6860,808,0,A009_001,348408
6861,920,0,A009_001,349328
6862,660,0,A009_001,349988
6863,760,0,A009_001,350748
6864,776,0,A009_001,351524
6865,796,0,A009_001,352320
6866,796,0,A009_001,353116
6867,808,0,A009_001,353924
6868,828,0,A009_001,354752
6869,812,0,A009_001,355564
6870,832,0,A009_001,356396
6871,836,0,A009_001,357232
6872,832,0,A009_001,358064
6873,844,0,A009_001,358908
6874,852,0,A009_001,359760
6875,836,0,A009_001,360596
6876,844,0,A009_001,361440
6877,848,0,A009_001,362288
6878,852,0,A009_001,363140
6879,800,0,A009_001,363940
6880,804,0,A009_001,364744
6881,820,0,A009_001,365564
6882,820,0,A009_001,366384
6883,824,0,A009_001,367208
6884,816,0,A009_001,368024
6885,808,0,A009_001,368832
6886,812,0,A009_001,369644
6887,776,0,A009_001,370420
6888,776,0,A009_001,371196
6889,792,0,A009_001,371988
6890,800,0,A009_001,372788
6891,824,0,A009_001,373612
6892,816,0,A009_001,374428
6893,816,0,A009_001,375244
6894,808,0,A009_001,376052
6895,808,0,A009_001,376860
6896,768,0,A009_001,377628
6897,776,0,A009_001,378404
6898,784,0,A009_001,379188
6899,804,0,A009_001,379992
6900,788,0,A009_001,380780
6901,796,0,A009_001,381576
6902,796,0,A009_001,382372
6903,804,0,A009_001,383176
6904,768,0,A009_001,383944
6905,752,0,A009_001,384696
6906,764,0,A009_001,385460
6907,768,0,A009_001,386228
6908,764,0,A009_001,386992
6909,776,0,A009_001,387768
6910,784,0,A009_001,388552
6911,748,0,A009_001,389300
6912,708,0,A009_001,390008
6913,716,0,A009_001,390724
6914,736,0,A009_001,391460
6915,752,0,A009_001,392212
6916,764,0,A009_001,392976
6917,708,0,A009_001,393684
6918,708,0,A009_001,394392
6919,780,0,A009_001,395172
6920,860,0,A009_001,396032
6921,844,0,A009_001,396876
6922,824,0,A009_001,397700
6923,820,0,A009_001,398520
6924,800,0,A009_001,399320
6925,792,0,A009_001,400112
6926,792,0,A009_001,400904
6927,800,0,A009_001,401704
6928,776,0,A009_001,402480
6929,788,0,A009_001,403268
6930,804,0,A009_001,404072
6931,816,0,A009_001,404888
6932,812,0,A009_001,405700
6933,832,0,A009_001,406532
6934,844,0,A009_001,407376
6935,860,0,A009_001,408236
6936,844,0,A009_001,409080
6937,844,0,A009_001,409924
6938,832,0,A009_001,410756
6939,792,0,A009_001,411548
6940,780,0,A009_001,412328
6941,776,0,A009_001,413104
6942,792,0,A009_001,413896
6943,804,0,A009_001,414700
6944,812,0,A009_001,415512
6945,824,0,A009_001,416336
6946,828,0,A009_001,417164
6947,836,0,A009_001,418000
6948,824,0,A009_001,418824
6949,836,0,A009_001,419660
6950,844,0,A009_001,420504
6951,804,0,A009_001,421308
6952,816,0,A009_001,422124
6953,820,0,A009_001,422944
6954,820,0,A009_001,423764
6955,816,0,A009_001,424580
6956,820,0,A009_001,425400
6957,808,0,A009_001,426208
6958,772,0,A009_001,426980
6959,768,0,A009_001,427748
6960,780,0,A009_001,428528
6961,760,0,A009_001,429288
6962,776,0,A009_001,430064
6963,784,0,A009_001,430848
6964,796,0,A009_001,431644
6965,776,0,A009_001,432420
6966,784,0,A009_001,433204
6967,792,0,A009_001,433996
6968,776,0,A009_001,434772
6969,772,0,A009_001,435544
6970,780,0,A009_001,436324
6971,768,0,A009_001,437092
6972,744,0,A009_001,437836
6973,740,0,A009_001,438576
6974,736,0,A009_001,439312
6975,716,0,A009_001,440028
6976,728,0,A009_001,440756
6977,752,0,A009_001,441508
6978,720,0,A009_001,442228
6979,724,0,A009_001,442952
6980,728,0,A009_001,443680
6981,720,0,A009_001,444400
6982,704,0,A009_001,445104
6983,724,0,A009_001,445828
6984,752,0,A009_001,446580
6985,768,0,A009_001,447348
6986,780,0,A009_001,448128
6987,788,0,A009_001,448916
6988,808,0,A009_001,449724
6989,788,0,A009_001,450512
6990,804,0,A009_001,451316
6991,816,0,A009_001,452132
6992,816,0,A009_001,452948
6993,808,0,A009_001,453756
6994,800,0,A009_001,454556
6995,796,0,A009_001,455352
6996,800,0,A009_001,456152
6997,792,0,A009_001,456944
6998,784,0,A009_001,457728
6999,808,0,A009_001,458536
7000,828,0,A009_001,459364
7001,824,0,A009_001,460188
7002,840,0,A009_001,461028
7003,844,0,A009_001,461872
7004,844,0,A009_001,462716
7005,860,0,A009_001,463576
7006,856,0,A009_001,464432
7007,848,0,A009_001,465280
7008,848,0,A009_001,466128
7009,848,0,A009_001,466976
7010,828,0,A009_001,467804
7011,836,0,A009_001,468640
7012,844,0,A009_001,469484
7013,820,0,A009_001,470304
7014,832,0,A009_001,471136
7015,832,0,A009_001,471968
7016,832,0,A009_001,472800
7017,840,0,A009_001,473640
7018,848,0,A009_001,474488
7019,824,0,A009_001,475312
7020,832,0,A009_001,476144
7021,828,0,A009_001,476972
7022,804,0,A009_001,477776
7023,812,0,A009_001,478588
7024,816,0,A009_001,479404
7025,800,0,A009_001,480204
7026,820,0,A009_001,481024
7027,812,0,A009_001,481836
7028,828,0,A009_001,482664
7029,860,0,A009_001,483524
7030,856,0,A009_001,484380
7031,860,0,A009_001,485240
7032,876,0,A009_001,486116
7033,860,0,A009_001,486976
7034,860,0,A009_001,487836
7035,848,0,A009_001,488684
7036,804,0,A009_001,489488
7037,808,0,A009_001,490296
7038,824,0,A009_001,491120
7039,828,0,A009_001,491948
7040,844,0,A009_001,492792
7041,852,0,A009_001,493644
7042,844,0,A009_001,494488
7043,844,0,A009_001,495332
7044,844,0,A009_001,496176
7045,840,0,A009_001,497016
7046,844,0,A009_001,497860
7047,852,0,A009_001,498712
7048,840,0,A009_001,499552
7049,852,0,A009_001,500404
7050,840,0,A009_001,501244
7051,836,0,A009_001,502080
7052,856,0,A009_001,502936
7053,836,0,A009_001,503772
7054,832,0,A009_001,504604
7055,844,0,A009_001,505448
7056,836,0,A009_001,506284
7057,836,0,A009_001,507120
7058,844,0,A009_001,507964
7059,828,0,A009_001,508792
7060,772,0,A009_001,509564
7061,788,0,A009_001,510352
7062,812,0,A009_001,511164
7063,836,0,A009_001,512000
7064,844,0,A009_001,512844
7065,844,0,A009_001,513688
7066,848,0,A009_001,514536
7067,844,0,A009_001,515380
7068,860,0,A009_001,516240
7069,864,0,A009_001,517104
7070,868,0,A009_001,517972
7071,864,0,A009_001,518836
7072,856,0,A009_001,519692
7073,844,0,A009_001,520536
7074,852,0,A009_001,521388
7075,856,0,A009_001,522244
7076,852,0,A009_001,523096
7077,840,0,A009_001,523936
7078,844,0,A009_001,524780
7079,844,0,A009_001,525624
7080,820,0,A009_001,526444
7081,824,0,A009_001,527268
7082,840,0,A009_001,528108
7083,832,0,A009_001,528940
7084,808,0,A009_001,529748
7085,812,0,A009_001,530560
7086,824,0,A009_001,531384
7087,808,0,A009_001,532192
7088,832,0,A009_001,533024
7089,844,0,A009_001,533868
7090,836,0,A009_001,534704
7091,856,0,A009_001,535560
7092,872,0,A009_001,536432
7093,840,0,A009_001,537272
7094,852,0,A009_001,538124
7095,816,0,A009_001,538940
7096,788,0,A009_001,539728
7097,772,0,A009_001,540500
7098,756,0,A009_001,541256
7099,780,0,A009_001,542036
7100,784,0,A009_001,542820
7101,792,0,A009_001,543612
7102,812,0,A009_001,544424
7103,800,0,A009_001,545224
7104,784,0,A009_001,546008
7105,800,0,A009_001,546808
7106,780,0,A009_001,547588
7107,784,0,A009_001,548372
7108,788,0,A009_001,549160
7109,796,0,A009_001,549956
7110,780,0,A009_001,550736
7111,796,0,A009_001,551532
7112,792,0,A009_001,552324
7113,796,0,A009_001,553120
7114,788,0,A009_001,553908
7115,784,0,A009_001,554692
7116,784,0,A009_001,555476
7117,780,0,A009_001,556256
7118,796,0,A009_001,557052
7119,800,0,A009_001,557852
7120,804,0,A009_001,558656
7121,800,0,A009_001,559456
7122,808,0,A009_001,560264
7123,808,0,A009_001,561072
7124,804,0,A009_001,561876
7125,824,0,A009_001,562700
7126,812,0,A009_001,563512
7127,820,0,A009_001,564332
7128,832,0,A009_001,565164
7129,824,0,A009_001,565988
7130,820,0,A009_001,566808
7131,820,0,A009_001,567628
7132,800,0,A009_001,568428
7133,808,0,A009_001,569236
7134,816,0,A009_001,570052
7135,816,0,A009_001,570868
7136,800,0,A009_001,571668
7137,812,0,A009_001,572480
7138,824,0,A009_001,573304
7139,804,0,A009_001,574108
7140,812,0,A009_001,574920
7141,812,0,A009_001,575732
7142,808,0,A009_001,576540
7143,816,0,A009_001,577356
7144,828,0,A009_001,578184
7145,812,0,A009_001,578996
7146,824,0,A009_001,579820
7147,816,0,A009_001,580636
7148,800,0,A009_001,581436
7149,816,0,A009_001,582252
7150,824,0,A009_001,583076
7151,808,0,A009_001,583884
7152,820,0,A009_001,584704
7153,820,0,A009_001,585524
7154,808,0,A009_001,586332
7155,824,0,A009_001,587156
7156,832,0,A009_001,587988
7157,828,0,A009_001,588816
7158,824,0,A009_001,589640
7159,828,0,A009_001,590468
7160,808,0,A009_001,591276
7161,820,0,A009_001,592096
7162,816,0,A009_001,592912
7163,808,0,A009_001,593720
7164,816,0,A009_001,594536
7165,824,0,A009_001,595360
7166,820,0,A009_001,596180
7167,820,0,A009_001,597000
7168,832,0,A009_001,597832
7169,812,0,A009_001,598644
7170,796,0,A009_001,599440
7171,800,0,A009_001,600240
7172,768,0,A009_001,601008
7173,752,0,A009_001,601760
7174,744,0,A009_001,602504
7175,708,0,A009_001,603212
7176,680,0,A009_001,603892
7177,680,0,A009_001,604572
7178,720,0,A009_001,605292
7179,764,0,A009_001,606056
7180,780,0,A009_001,606836
7181,792,0,A009_001,607628
7182,808,0,A009_001,608436
7183,744,0,A009_001,609180
7184,724,0,A009_001,609904
7185,748,0,A009_001,610652
7186,768,0,A009_001,611420
7187,768,0,A009_001,612188
7188,800,0,A009_001,612988
7189,832,0,A009_001,613820
7190,836,0,A009_001,614656
7191,864,0,A009_001,615520
7192,884,0,A009_001,616404
7193,880,0,A009_001,617284
7194,900,0,A009_001,618184
7195,916,0,A009_001,619100
7196,900,0,A009_001,620000
7197,912,0,A009_001,620912
7198,896,0,A009_001,621808
7199,872,0,A009_001,622680
7200,876,0,A009_001,623556
7201,864,0,A009_001,624420
7202,848,0,A009_001,625268
7203,856,0,A009_001,626124
7204,852,0,A009_001,626976
7205,844,0,A009_001,627820
7206,852,0,A009_001,628672
7207,856,0,A009_001,629528
7208,852,0,A009_001,630380
7209,848,0,A009_001,631228
7210,856,0,A009_001,632084
7211,832,0,A009_001,632916
7212,840,0,A009_001,633756
7213,844,0,A009_001,634600
7214,844,0,A009_001,635444
7215,836,0,A009_001,636280
7216,836,0,A009_001,637116
7217,844,0,A009_001,637960
7218,832,0,A009_001,638792
7219,832,0,A009_001,639624
7220,840,0,A009_001,640464
7221,828,0,A009_001,641292
7222,840,0,A009_001,642132
7223,836,0,A009_001,642968
7224,816,0,A009_001,643784
7225,824,0,A009_001,644608
7226,832,0,A009_001,645440
7227,812,0,A009_001,646252
7228,824,0,A009_001,647076
7229,824,0,A009_001,647900
7230,812,0,A009_001,648712
7231,824,0,A009_001,649536
7232,848,0,A009_001,650384
7233,852,0,A009_001,651236
7234,836,0,A009_001,652072
7235,852,0,A009_001,652924
7236,860,0,A009_001,653784
7237,836,0,A009_001,654620
7238,848,0,A009_001,655468
7239,844,0,A009_001,656312
7240,808,0,A009_001,657120
7241,820,0,A009_001,657940
7242,824,0,A009_001,658764
7243,820,0,A009_001,659584
7244,820,0,A009_001,660404
7245,828,0,A009_001,661232
7246,836,0,A009_001,662068
7247,816,0,A009_001,662884
7248,820,0,A009_001,663704
7249,832,0,A009_001,664536
7250,820,0,A009_001,665356
7251,832,0,A009_001,666188
7252,836,0,A009_001,667024
7253,824,0,A009_001,667848
7254,820,0,A009_001,668668
7255,824,0,A009_001,669492
7256,804,0,A009_001,670296
7257,800,0,A009_001,671096
7258,824,0,A009_001,671920
7259,828,0,A009_001,672748
7260,808,0,A009_001,673556
7261,812,0,A009_001,674368
7262,812,0,A009_001,675180
7263,768,0,A009_001,675948
7264,772,0,A009_001,676720
7265,784,0,A009_001,677504
7266,772,0,A009_001,678276
7267,796,0,A009_001,679072
7268,820,0,A009_001,679892
7269,816,0,A009_001,680708
7270,828,0,A009_001,681536
7271,832,0,A009_001,682368
7272,820,0,A009_001,683188
7273,828,0,A009_001,684016
7274,832,0,A009_001,684848
7275,824,0,A009_001,685672
7276,804,0,A009_001,686476
7277,808,0,A009_001,687284
7278,804,0,A009_001,688088
7279,780,0,A009_001,688868
7280,784,0,A009_001,689652
7281,796,0,A009_001,690448
7282,784,0,A009_001,691232
7283,784,0,A009_001,692016
7284,788,0,A009_001,692804
7285,776,0,A009_001,693580
7286,768,0,A009_001,694348
7287,760,0,A009_001,695108
7288,768,0,A009_001,695876
7289,756,0,A009_001,696632
7290,772,0,A009_001,697404
7291,784,0,A009_001,698188
7292,800,0,A009_001,698988
7293,796,0,A009_001,699784
7294,808,0,A009_001,700592
7295,812,0,A009_001,701404
7296,800,0,A009_001,702204
7297,808,0,A009_001,703012
7298,812,0,A009_001,703824
7299,792,0,A009_001,704616
7300,796,0,A009_001,705412
7301,796,0,A009_001,706208
7302,792,0,A009_001,707000
7303,780,0,A009_001,707780
7304,776,0,A009_001,708556
7305,756,0,A009_001,709312
7306,772,0,A009_001,710084
7307,780,0,A009_001,710864
7308,788,0,A009_001,711652
7309,776,0,A009_001,712428
7310,776,0,A009_001,713204
7311,776,0,A009_001,713980
7312,748,0,A009_001,714728
7313,752,0,A009_001,715480
7314,756,0,A009_001,716236
7315,764,0,A009_001,717000
7316,752,0,A009_001,717752
7317,764,0,A009_001,718516
7318,788,0,A009_001,719304
7319,784,0,A009_001,720088
7320,804,0,A009_001,720892
7321,824,0,A009_001,721716
7322,820,0,A009_001,722536
7323,820,0,A009_001,723356
7324,820,0,A009_001,724176
7325,820,0,A009_001,724996
7326,812,0,A009_001,725808
7327,804,0,A009_001,726612
7328,812,0,A009_001,727424
7329,784,0,A009_001,728208
7330,788,0,A009_001,728996
7331,800,0,A009_001,729796
7332,796,0,A009_001,730592
7333,792,0,A009_001,731384
7334,812,0,A009_001,732196
7335,808,0,A009_001,733004
7336,812,0,A009_001,733816
7337,820,0,A009_001,734636
7338,816,0,A009_001,735452
7339,808,0,A009_001,736260
7340,824,0,A009_001,737084
7341,820,0,A009_001,737904
7342,812,0,A009_001,738716
7343,816,0,A009_001,739532
7344,816,0,A009_001,740348
7345,816,0,A009_001,741164
7346,816,0,A009_001,741980
7347,832,0,A009_001,742812
7348,816,0,A009_001,743628
7349,824,0,A009_001,744452
7350,828,0,A009_001,745280
7351,812,0,A009_001,746092
7352,828,0,A009_001,746920
7353,832,0,A009_001,747752
7354,824,0,A009_001,748576
7355,808,0,A009_001,749384
7356,812,0,A009_001,750196
7357,816,0,A009_001,751012
7358,792,0,A009_001,751804
7359,796,0,A009_001,752600
7360,808,0,A009_001,753408
7361,816,0,A009_001,754224
7362,800,0,A009_001,755024
7363,816,0,A009_001,755840
7364,820,0,A009_001,756660
7365,820,0,A009_001,757480
7366,808,0,A009_001,758288
7367,816,0,A009_001,759104
7368,816,0,A009_001,759920
7369,776,0,A009_001,760696
7370,788,0,A009_001,761484
7371,788,0,A009_001,762272
7372,768,0,A009_001,763040
7373,768,0,A009_001,763808
7374,772,0,A009_001,764580
7375,772,0,A009_001,765352
7376,748,0,A009_001,766100
7377,760,0,A009_001,766860
7378,780,0,A009_001,767640
7379,776,0,A009_001,768416
7380,744,0,A009_001,769160
7381,756,0,A009_001,769916
7382,768,0,A009_001,770684
7383,768,0,A009_001,771452
7384,772,0,A009_001,772224
7385,776,0,A009_001,773000
7386,780,0,A009_001,773780
7387,764,0,A009_001,774544
7388,772,0,A009_001,775316
7389,772,0,A009_001,776088
7390,748,0,A009_001,776836
7391,760,0,A009_001,777596
7392,768,0,A009_001,778364
7393,756,0,A009_001,779120
7394,756,0,A009_001,779876
7395,768,0,A009_001,780644
7396,784,0,A009_001,781428
7397,768,0,A009_001,782196
7398,772,0,A009_001,782968
7399,784,0,A009_001,783752
7400,764,0,A009_001,784516
7401,780,0,A009_001,785296
7402,796,0,A009_001,786092
7403,792,0,A009_001,786884
7404,768,0,A009_001,787652
7405,784,0,A009_001,788436
7406,800,0,A009_001,789236
7407,768,0,A009_001,790004
7408,776,0,A009_001,790780
7409,764,0,A009_001,791544
7410,744,0,A009_001,792288
7411,736,0,A009_001,793024
7412,720,0,A009_001,793744
7413,692,0,A009_001,794436
7414,676,0,A009_001,795112
7415,676,0,A009_001,795788
7416,668,0,A009_001,796456
7417,644,0,A009_001,797100
7418,644,0,A009_001,797744
7419,644,0,A009_001,798388
7420,672,0,A009_001,799060
7421,700,0,A009_001,799760
7422,740,0,A009_001,800500
7423,740,0,A009_001,801240
7424,736,0,A009_001,801976
7425,756,0,A009_001,802732
7426,756,0,A009_001,803488
7427,764,0,A009_001,804252
7428,764,0,A009_001,805016
7429,784,0,A009_001,805800
7430,784,0,A009_001,806584
7431,748,0,A009_001,807332
7432,744,0,A009_001,808076
7433,752,0,A009_001,808828
7434,748,0,A009_001,809576
7435,728,0,A009_001,810304
7436,752,0,A009_001,811056
7437,780,0,A009_001,811836
7438,800,0,A009_001,812636
7439,808,0,A009_001,813444
7440,808,0,A009_001,814252
7441,820,0,A009_001,815072
7442,824,0,A009_001,815896
7443,808,0,A009_001,816704
7444,808,0,A009_001,817512
7445,800,0,A009_001,818312
7446,780,0,A009_001,819092
7447,716,0,A009_001,819808
7448,740,0,A009_001,820548
7449,724,0,A009_001,821272
7450,756,0,A009_001,822028
7451,772,0,A009_001,822800
7452,776,0,A009_001,823576
7453,772,0,A009_001,824348
7454,788,0,A009_001,825136
7455,788,0,A009_001,825924
7456,776,0,A009_001,826700
7457,776,0,A009_001,827476
7458,784,0,A009_001,828260
7459,780,0,A009_001,829040
7460,776,0,A009_001,829816
7461,788,0,A009_001,830604
7462,788,0,A009_001,831392
7463,776,0,A009_001,832168
7464,768,0,A009_001,832936
7465,768,0,A009_001,833704
7466,776,0,A009_001,834480
7467,780,0,A009_001,835260
7468,760,0,A009_001,836020
7469,752,0,A009_001,836772
7470,732,0,A009_001,837504
7471,736,0,A009_001,838240
7472,696,0,A009_001,838936
7473,700,0,A009_001,839636
7474,716,0,A009_001,840352
7475,708,0,A009_001,841060
7476,728,0,A009_001,841788
7477,736,0,A009_001,842524
7478,756,0,A009_001,843280
7479,748,0,A009_001,844028
7480,728,0,A009_001,844756
7481,740,0,A009_001,845496
7482,752,0,A009_001,846248
7483,748,0,A009_001,846996
7484,740,0,A009_001,847736
7485,756,0,A009_001,848492
7486,760,0,A009_001,849252
7487,776,0,A009_001,850028
7488,760,0,A009_001,850788
7489,768,0,A009_001,851556
7490,780,0,A009_001,852336
7491,796,0,A009_001,853132
7492,788,0,A009_001,853920
7493,796,0,A009_001,854716
7494,820,0,A009_001,855536
7495,784,0,A009_001,856320
7496,752,0,A009_001,857072
7497,768,0,A009_001,857840
7498,792,0,A009_001,858632
7499,800,0,A009_001,859432
7500,796,0,A009_001,860228
7501,780,0,A009_001,861008
7502,780,0,A009_001,861788
7503,768,0,A009_001,862556
7504,760,0,A009_001,863316
7505,744,0,A009_001,864060
7506,736,0,A009_001,864796
7507,716,0,A009_001,865512
7508,720,0,A009_001,866232
7509,728,0,A009_001,866960
7510,720,0,A009_001,867680
7511,748,0,A009_001,868428
7512,760,0,A009_001,869188
7513,772,0,A009_001,869960
7514,768,0,A009_001,870728
7515,784,0,A009_001,871512
7516,796,0,A009_001,872308
7517,772,0,A009_001,873080
7518,764,0,A009_001,873844
7519,768,0,A009_001,874612
7520,776,0,A009_001,875388
7521,760,0,A009_001,876148
7522,772,0,A009_001,876920
7523,776,0,A009_001,877696
7524,796,0,A009_001,878492
7525,784,0,A009_001,879276
7526,784,0,A009_001,880060
7527,772,0,A009_001,880832
7528,756,0,A009_001,881588
7529,772,0,A009_001,882360
7530,772,0,A009_001,883132
7531,724,0,A009_001,883856
7532,728,0,A009_001,884584
7533,728,0,A009_001,885312
7534,748,0,A009_001,886060
7535,716,0,A009_001,886776
7536,736,0,A009_001,887512
7537,744,0,A009_001,888256
7538,724,0,A009_001,888980
7539,736,0,A009_001,889716
7540,740,0,A009_001,890456
7541,744,0,A009_001,891200
7542,736,0,A009_001,891936
7543,728,0,A009_001,892664
7544,736,0,A009_001,893400
7545,752,0,A009_001,894152
7546,724,0,A009_001,894876
7547,720,0,A009_001,895596
7548,724,0,A009_001,896320
7549,736,0,A009_001,897056
7550,720,0,A009_001,897776
7551,732,0,A009_001,898508
7552,736,0,A009_001,899244
7553,736,0,A009_001,899980
7554,736,0,A009_001,900716
7555,732,0,A009_001,901448
7556,732,0,A009_001,902180
7557,728,0,A009_001,902908
7558,748,0,A009_001,903656
7559,772,0,A009_001,904428
7560,780,0,A009_001,905208
7561,776,0,A009_001,905984
7562,780,0,A009_001,906764
7563,772,0,A009_001,907536
7564,768,0,A009_001,908304
7565,772,0,A009_001,909076
7566,784,0,A009_001,909860
7567,768,0,A009_001,910628
7568,776,0,A009_001,911404
7569,780,0,A009_001,912184
7570,772,0,A009_001,912956
7571,764,0,A009_001,913720
7572,772,0,A009_001,914492
7573,784,0,A009_001,915276
7574,792,0,A009_001,916068
7575,768,0,A009_001,916836
7576,784,0,A009_001,917620
7577,788,0,A009_001,918408
7578,772,0,A009_001,919180
7579,788,0,A009_001,919968
7580,816,0,A009_001,920784
7581,828,0,A009_001,921612
7582,796,0,A009_001,922408
7583,780,0,A009_001,923188
7584,792,0,A009_001,923980
7585,760,0,A009_001,924740
7586,776,0,A009_001,925516
7587,796,0,A009_001,926312
7588,788,0,A009_001,927100
7589,780,0,A009_001,927880
7590,780,0,A009_001,928660
7591,792,0,A009_001,929452
7592,760,0,A009_001,930212
7593,768,0,A009_001,930980
7594,772,0,A009_001,931752
7595,780,0,A009_001,932532
7596,760,0,A009_001,933292
7597,768,0,A009_001,934060
7598,784,0,A009_001,934844
7599,760,0,A009_001,935604
7600,768,0,A009_001,936372
7601,780,0,A009_001,937152
7602,780,0,A009_001,937932
7603,776,0,A009_001,938708
7604,780,0,A009_001,939488
7605,796,0,A009_001,940284
7606,776,0,A009_001,941060
7607,784,0,A009_001,941844
7608,788,0,A009_001,942632
7609,776,0,A009_001,943408
7610,764,0,A009_001,944172
7611,772,0,A009_001,944944
7612,784,0,A009_001,945728
7613,788,0,A009_001,946516
7614,784,0,A009_001,947300
7615,796,0,A009_001,948096
7616,796,0,A009_001,948892
7617,800,0,A009_001,949692
7618,740,0,A009_001,950432
7619,736,0,A009_001,951168
7620,740,0,A009_001,951908
7621,756,0,A009_001,952664
7622,772,0,A009_001,953436
7623,768,0,A009_001,954204
7624,748,0,A009_001,954952
7625,728,0,A009_001,955680
7626,688,0,A009_001,956368
7627,672,0,A009_001,957040
7628,684,0,A009_001,957724
7629,688,0,A009_001,958412
7630,716,0,A009_001,959128
7631,752,0,A009_001,959880
7632,764,0,A009_001,960644
7633,760,0,A009_001,961404
7634,760,0,A009_001,962164
7635,740,0,A009_001,962904
7636,752,0,A009_001,963656
7637,776,0,A009_001,964432
7638,800,0,A009_001,965232
7639,792,0,A009_001,966024
7640,824,0,A009_001,966848
7641,824,0,A009_001,967672
7642,836,0,A009_001,968508
7643,832,0,A009_001,969340
7644,844,0,A009_001,970184
7645,840,0,A009_001,971024
7646,828,0,A009_001,971852
7647,824,0,A009_001,972676
7648,824,0,A009_001,973500
7649,824,0,A009_001,974324
7650,816,0,A009_001,975140
7651,812,0,A009_001,975952
7652,780,0,A009_001,976732
7653,788,0,A009_001,977520
7654,808,0,A009_001,978328
7655,816,0,A009_001,979144
7656,776,0,A009_001,979920
7657,796,0,A009_001,980716
7658,800,0,A009_001,981516
7659,816,0,A009_001,982332
7660,796,0,A009_001,983128
7661,808,0,A009_001,983936
7662,816,0,A009_001,984752
7663,784,0,A009_001,985536
7664,796,0,A009_001,986332
7665,812,0,A009_001,987144
7666,812,0,A009_001,987956
7667,800,0,A009_001,988756
7668,820,0,A009_001,989576
7669,836,0,A009_001,990412
7670,828,0,A009_001,991240
7671,840,0,A009_001,992080
7672,844,0,A009_001,992924
7673,816,0,A009_001,993740
7674,828,0,A009_001,994568
7675,816,0,A009_001,995384
7676,796,0,A009_001,996180
7677,796,0,A009_001,996976
7678,800,0,A009_001,997776
7679,812,0,A009_001,998588
7680,784,0,A009_001,999372
7681,784,0,A009_001,1000156
7682,808,0,A009_001,1000964
7683,808,0,A009_001,1001772
7684,804,0,A009_001,1002576
7685,816,0,A009_001,1003392
7686,816,0,A009_001,1004208
7687,808,0,A009_001,1005016
7688,808,0,A009_001,1005824
7689,784,0,A009_001,1006608
7690,716,0,A009_001,1007324
7691,712,0,A009_001,1008036
7692,696,0,A009_001,1008732
7693,712,0,A009_001,1009444
7694,700,0,A009_001,1010144
7695,728,0,A009_001,1010872
7696,764,0,A009_001,1011636
7697,748,0,A009_001,1012384
7698,756,0,A009_001,1013140
7699,756,0,A009_001,1013896
7700,744,0,A009_001,1014640
7701,736,0,A009_001,1015376
7702,716,0,A009_001,1016092
7703,700,0,A009_001,1016792
7704,700,0,A009_001,1017492
7705,692,0,A009_001,1018184
7706,688,0,A009_001,1018872
7707,672,0,A009_001,1019544
7708,672,0,A009_001,1020216
7709,680,0,A009_001,1020896
7710,700,0,A009_001,1021596
7711,712,0,A009_001,1022308
7712,680,0,A009_001,1022988
7713,676,0,A009_001,1023664
7714,672,0,A009_001,1024336
7715,652,0,A009_001,1024988
7716,652,0,A009_001,1025640
7717,664,0,A009_001,1026304
7718,688,0,A009_001,1026992
7719,720,0,A009_001,1027712
7720,732,0,A009_001,1028444
7721,760,0,A009_001,1029204
7722,760,0,A009_001,1029964
7723,732,0,A009_001,1030696
7724,692,0,A009_001,1031388
7725,708,0,A009_001,1032096
7726,704,0,A009_001,1032800
7727,696,0,A009_001,1033496
7728,676,0,A009_001,1034172
7729,688,0,A009_001,1034860
7730,696,0,A009_001,1035556
7731,664,0,A009_001,1036220
7732,636,0,A009_001,1036856
7733,640,0,A009_001,1037496
7734,744,0,A009_001,1038240
7735,816,0,A009_001,1039056
7736,796,0,A009_001,1039852
7737,800,0,A009_001,1040652
7738,792,0,A009_001,1041444
7739,780,0,A009_001,1042224
7740,760,0,A009_001,1042984
7741,724,0,A009_001,1043708
7742,716,0,A009_001,1044424
7743,688,0,A009_001,1045112
7744,704,0,A009_001,1045816
7745,720,0,A009_001,1046536
7746,728,0,A009_001,1047264
7747,680,0,A009_001,1047944
7748,684,0,A009_001,1048628
7749,684,0,A009_001,1049312
7750,688,0,A009_001,1050000
7751,648,0,A009_001,1050648
7752,668,0,A009_001,1051316
7753,740,0,A009_001,1052056
7754,700,0,A009_001,1052756
7755,712,0,A009_001,1053468
7756,692,0,A009_001,1054160
7757,636,0,A009_001,1054796
7758,664,0,A009_001,1055460
7759,640,0,A009_001,1056100
7760,672,0,A009_001,1056772
7761,644,0,A009_001,1057416
7762,636,0,A009_001,1058052
7763,648,0,A009_001,1058700
7764,632,0,A009_001,1059332
7765,628,0,A009_001,1059960
7766,672,0,A009_001,1060632
7767,672,0,A009_001,1061304
7768,676,0,A009_001,1061980
7769,688,0,A009_001,1062668
7770,696,0,A009_001,1063364
7771,704,0,A009_001,1064068
7772,716,0,A009_001,1064784
7773,720,0,A009_001,1065504
7774,712,0,A009_001,1066216
7775,700,0,A009_001,1066916
7776,688,0,A009_001,1067604
7777,684,0,A009_001,1068288
7778,676,0,A009_001,1068964
7779,672,0,A009_001,1069636
7780,672,0,A009_001,1070308
7781,656,0,A009_001,1070964
7782,648,0,A009_001,1071612
7783,648,0,A009_001,1072260
7784,656,0,A009_001,1072916
7785,640,0,A009_001,1073556
7786,656,0,A009_001,1074212
7787,660,0,A009_001,1074872
7788,664,0,A009_001,1075536
7789,684,0,A009_001,1076220
7790,696,0,A009_001,1076916
7791,700,0,A009_001,1077616
7792,676,0,A009_001,1078292
7793,684,0,A009_001,1078976
7794,684,0,A009_001,1079660
7795,708,0,A009_001,1080368
7796,708,0,A009_001,1081076
7797,624,0,A009_001,1081700
7798,664,0,A009_001,1082364
7799,652,0,A009_001,1083016
7800,668,0,A009_001,1083684
7801,668,0,A009_001,1084352
7802,680,0,A009_001,1085032
7803,684,0,A009_001,1085716
7804,640,0,A009_001,1086356
7805,720,0,A009_001,1087076
7806,680,0,A009_001,1087756
7807,704,0,A009_001,1088460
7808,724,0,A009_001,1089184
7809,760,0,A009_001,1089944
7810,800,0,A009_001,1090744
7811,804,0,A009_001,1091548
7812,820,0,A009_001,1092368
7813,816,0,A009_001,1093184
7814,800,0,A009_001,1093984
7815,800,0,A009_001,1094784
7816,792,0,A009_001,1095576
7817,764,0,A009_001,1096340
7818,780,0,A009_001,1097120
7819,800,0,A009_001,1097920
7820,756,0,A009_001,1098676
7821,760,0,A009_001,1099436
7822,780,0,A009_001,1100216
7823,752,0,A009_001,1100968
7824,680,0,A009_001,1101648
7825,720,0,A009_001,1102368
7826,696,0,A009_001,1103064
7827,692,0,A009_001,1103756
7828,716,0,A009_001,1104472
7829,740,0,A009_001,1105212
7830,772,0,A009_001,1105984
7831,796,0,A009_001,1106780
7832,816,0,A009_001,1107596
7833,800,0,A009_001,1108396
7834,804,0,A009_001,1109200
7835,804,0,A009_001,1110004
7836,796,0,A009_001,1110800
7837,784,0,A009_001,1111584
7838,780,0,A009_001,1112364
7839,772,0,A009_001,1113136
7840,696,0,A009_001,1113832
7841,728,0,A009_001,1114560
7842,732,0,A009_001,1115292
7843,772,0,A009_001,1116064
7844,804,0,A009_001,1116868
7845,784,0,A009_001,1117652
7846,792,0,A009_001,1118444
7847,792,0,A009_001,1119236
7848,764,0,A009_001,1120000
7849,772,0,A009_001,1120772
7850,776,0,A009_001,1121548
7851,732,0,A009_001,1122280
7852,728,0,A009_001,1123008
7853,728,0,A009_001,1123736
7854,756,0,A009_001,1124492
7855,736,0,A009_001,1125228
7856,752,0,A009_001,1125980
7857,776,0,A009_001,1126756
7858,760,0,A009_001,1127516
7859,756,0,A009_001,1128272
7860,748,0,A009_001,1129020
7861,748,0,A009_001,1129768
7862,744,0,A009_001,1130512
7863,740,0,A009_001,1131252
7864,728,0,A009_001,1131980
7865,724,0,A009_001,1132704
7866,712,0,A009_001,1133416
7867,700,0,A009_001,1134116
7868,660,0,A009_001,1134776
7869,664,0,A009_001,1135440
7870,672,0,A009_001,1136112
7871,696,0,A009_001,1136808
7872,700,0,A009_001,1137508
7873,720,0,A009_001,1138228
7874,752,0,A009_001,1138980
7875,780,0,A009_001,1139760
7876,772,0,A009_001,1140532
7877,784,0,A009_001,1141316
7878,808,0,A009_001,1142124
7879,808,0,A009_001,1142932
7880,764,0,A009_001,1143696
7881,776,0,A009_001,1144472
7882,792,0,A009_001,1145264
7883,804,0,A009_001,1146068
7884,800,0,A009_001,1146868
7885,820,0,A009_001,1147688
7886,812,0,A009_001,1148500
7887,776,0,A009_001,1149276
7888,812,0,A009_001,1150088
7889,836,0,A009_001,1150924
7890,812,0,A009_001,1151736
7891,836,0,A009_001,1152572
7892,852,0,A009_001,1153424
7893,832,0,A009_001,1154256
7894,840,0,A009_001,1155096
7895,776,0,A009_001,1155872
7896,768,0,A009_001,1156640
7897,780,0,A009_001,1157420
7898,768,0,A009_001,1158188
7899,748,0,A009_001,1158936
7900,768,0,A009_001,1159704
7901,780,0,A009_001,1160484
7902,764,0,A009_001,1161248
7903,776,0,A009_001,1162024
7904,780,0,A009_001,1162804
7905,780,0,A009_001,1163584
7906,780,0,A009_001,1164364
7907,780,0,A009_001,1165144
7908,776,0,A009_001,1165920
7909,772,0,A009_001,1166692
7910,776,0,A009_001,1167468
7911,784,0,A009_001,1168252
7912,764,0,A009_001,1169016
7913,776,0,A009_001,1169792
7914,772,0,A009_001,1170564
7915,764,0,A009_001,1171328
7916,772,0,A009_001,1172100
7917,780,0,A009_001,1172880
7918,780,0,A009_001,1173660
7919,764,0,A009_001,1174424
7920,784,0,A009_001,1175208
7921,792,0,A009_001,1176000
7922,772,0,A009_001,1176772
7923,788,0,A009_001,1177560
7924,808,0,A009_001,1178368
7925,804,0,A009_001,1179172
7926,780,0,A009_001,1179952
7927,788,0,A009_001,1180740
7928,788,0,A009_001,1181528
7929,780,0,A009_001,1182308
7930,764,0,A009_001,1183072
7931,768,0,A009_001,1183840
7932,776,0,A009_001,1184616
7933,760,0,A009_001,1185376
7934,772,0,A009_001,1186148
7935,772,0,A009_001,1186920
7936,784,0,A009_001,1187704
7937,760,0,A009_001,1188464
7938,768,0,A009_001,1189232
7939,780,0,A009_001,1190012
7940,760,0,A009_001,1190772
7941,756,0,A009_001,1191528
7942,752,0,A009_001,1192280
7943,764,0,A009_001,1193044
7944,800,0,A009_001,1193844
7945,828,0,A009_001,1194672
7946,848,0,A009_001,1195520
7947,840,0,A009_001,1196360
7948,856,0,A009_001,1197216
7949,856,0,A009_001,1198072
7950,848,0,A009_001,1198920
7951,824,0,A009_001,1199744
7952,816,0,A009_001,1200560
7953,820,0,A009_001,1201380
7954,828,0,A009_001,1202208
7955,824,0,A009_001,1203032
7956,832,0,A009_001,1203864
7957,832,0,A009_001,1204696
7958,820,0,A009_001,1205516
7959,828,0,A009_001,1206344
7960,816,0,A009_001,1207160
7961,796,0,A009_001,1207956
7962,792,0,A009_001,1208748
7963,796,0,A009_001,1209544
7964,800,0,A009_001,1210344
7965,792,0,A009_001,1211136
7966,804,0,A009_001,1211940
7967,820,0,A009_001,1212760
7968,804,0,A009_001,1213564
7969,832,0,A009_001,1214396
7970,832,0,A009_001,1215228
7971,832,0,A009_001,1216060
7972,852,0,A009_001,1216912
7973,848,0,A009_001,1217760
7974,844,0,A009_001,1218604
7975,852,0,A009_001,1219456
7976,844,0,A009_001,1220300
7977,828,0,A009_001,1221128
7978,836,0,A009_001,1221964
7979,840,0,A009_001,1222804
7980,804,0,A009_001,1223608
7981,812,0,A009_001,1224420
7982,828,0,A009_001,1225248
7983,820,0,A009_001,1226068
7984,808,0,A009_001,1226876
7985,824,0,A009_001,1227700
7986,828,0,A009_001,1228528
7987,800,0,A009_001,1229328
7988,808,0,A009_001,1230136
7989,808,0,A009_001,1230944
7990,808,0,A009_001,1231752
7991,800,0,A009_001,1232552
7992,824,0,A009_001,1233376
7993,840,0,A009_001,1234216
7994,820,0,A009_001,1235036
7995,824,0,A009_001,1235860
7996,844,0,A009_001,1236704
7997,828,0,A009_001,1237532
7998,844,0,A009_001,1238376
7999,848,0,A009_001,1239224
8000,828,0,A009_001,1240052
8001,836,0,A009_001,1240888
8002,732,0,A009_001,1241620
8003,700,0,A009_001,1242320
8004,828,0,A011_001,828
8005,828,0,A011_001,1656
8006,828,0,A011_001,2484
8007,836,0,A011_001,3320
8008,840,0,A011_001,4160
8009,844,0,A011_001,5004
8010,848,0,A011_001,5852
8011,848,0,A011_001,6700
8012,848,0,A011_001,7548
8013,844,0,A011_001,8392
8014,840,0,A011_001,9232
8015,840,0,A011_001,10072
8016,832,0,A011_001,10904
8017,836,0,A011_001,11740
8018,832,0,A011_001,12572
8019,832,0,A011_001,13404
8020,804,0,A011_001,14208
8021,860,0,A011_001,15068
8022,836,0,A011_001,15904
8023,828,0,A011_001,16732
8024,832,0,A011_001,17564
8025,832,0,A011_001,18396
8026,832,0,A011_001,19228
8027,832,0,A011_001,20060
8028,832,0,A011_001,20892
8029,840,0,A011_001,21732
8030,844,0,A011_001,22576
8031,840,0,A011_001,23416
8032,840,0,A011_001,24256
8033,840,0,A011_001,25096
8034,848,0,A011_001,25944
8035,856,0,A011_001,26800
8036,856,0,A011_001,27656
8037,856,0,A011_001,28512
8038,868,0,A011_001,29380
8039,872,0,A011_001,30252
8040,872,0,A011_001,31124
8041,860,0,A011_001,31984
8042,872,0,A011_001,32856
8043,876,0,A011_001,33732
8044,876,0,A011_001,34608
8045,872,0,A011_001,35480
8046,864,0,A011_001,36344
8047,860,0,A011_001,37204
8048,844,0,A011_001,38048
8049,844,0,A011_001,38892
8050,852,0,A011_001,39744
8051,856,0,A011_001,40600
8052,852,0,A011_001,41452
8053,856,0,A011_001,42308
8054,868,0,A011_001,43176
8055,872,0,A011_001,44048
8056,864,0,A011_001,44912
8057,880,0,A011_001,45792
8058,868,0,A011_001,46660
8059,872,0,A011_001,47532
8060,888,0,A011_001,48420
8061,880,0,A011_001,49300
8062,880,0,A011_001,50180
8063,892,0,A011_001,51072
8064,860,0,A011_001,51932
8065,852,0,A011_001,52784
8066,872,0,A011_001,53656
8067,868,0,A011_001,54524
8068,876,0,A011_001,55400
8069,888,0,A011_001,56288
8070,888,0,A011_001,57176
8071,876,0,A011_001,58052
8072,884,0,A011_001,58936
8073,888,0,A011_001,59824
8074,876,0,A011_001,60700
8075,868,0,A011_001,61568
8076,864,0,A011_001,62432
8077,872,0,A011_001,63304
8078,860,0,A011_001,64164
8079,872,0,A011_001,65036
8080,864,0,A011_001,65900
8081,876,0,A011_001,66776
8082,864,0,A011_001,67640
8083,872,0,A011_001,68512
8084,872,0,A011_001,69384
8085,880,0,A011_001,70264
8086,872,0,A011_001,71136
8087,876,0,A011_001,72012
8088,888,0,A011_001,72900
8089,876,0,A011_001,73776
8090,884,0,A011_001,74660
8091,876,0,A011_001,75536
8092,892,0,A011_001,76428
8093,888,0,A011_001,77316
8094,880,0,A011_001,78196
8095,888,0,A011_001,79084
8096,868,0,A011_001,79952
8097,472,0,A011_001,80424
8098,1332,0,A011_001,81756
8099,896,0,A011_001,82652
8100,912,0,A011_001,83564
8101,892,0,A011_001,84456
8102,892,0,A011_001,85348
8103,892,0,A011_001,86240
8104,880,0,A011_001,87120
8105,884,0,A011_001,88004
8106,880,0,A011_001,88884
8107,884,0,A011_001,89768
8108,876,0,A011_001,90644
8109,876,0,A011_001,91520
8110,880,0,A011_001,92400
8111,868,0,A011_001,93268
8112,868,0,A011_001,94136
8113,872,0,A011_001,95008
8114,868,0,A011_001,95876
8115,876,0,A011_001,96752
8116,872,0,A011_001,97624
8117,876,0,A011_001,98500
8118,880,0,A011_001,99380
8119,876,0,A011_001,100256
8120,888,0,A011_001,101144
8121,876,0,A011_001,102020
8122,888,0,A011_001,102908
8123,884,0,A011_001,103792
8124,896,0,A011_001,104688
8125,888,0,A011_001,105576
8126,888,0,A011_001,106464
8127,912,1,A011_001,107376
8128,864,0,A011_001,108240
8129,888,0,A011_001,109128
8130,876,0,A011_001,110004
8131,880,0,A011_001,110884
8132,876,0,A011_001,111760
8133,876,0,A011_001,112636
8134,884,0,A011_001,113520
8135,884,0,A011_001,114404
8136,888,0,A011_001,115292
8137,888,0,A011_001,116180
8138,896,0,A011_001,117076
8139,900,0,A011_001,117976
8140,900,0,A011_001,118876
8141,900,0,A011_001,119776
8142,892,0,A011_001,120668
8143,900,0,A011_001,121568
8144,908,0,A011_001,122476
8145,904,0,A011_001,123380
8146,920,0,A011_001,124300
8147,916,0,A011_001,125216
8148,912,0,A011_001,126128
8149,904,0,A011_001,127032
8150,916,0,A011_001,127948
8151,912,0,A011_001,128860
8152,912,0,A011_001,129772
8153,944,0,A011_001,130716
8154,928,0,A011_001,131644
8155,932,0,A011_001,132576
8156,928,0,A011_001,133504
8157,916,0,A011_001,134420
8158,924,0,A011_001,135344
8159,912,0,A011_001,136256
8160,920,0,A011_001,137176
8161,916,0,A011_001,138092
8162,912,0,A011_001,139004
8163,924,0,A011_001,139928
8164,932,0,A011_001,140860
8165,916,0,A011_001,141776
8166,912,0,A011_001,142688
8167,936,0,A011_001,143624
8168,916,0,A011_001,144540
8169,920,0,A011_001,145460
8170,916,0,A011_001,146376
8171,908,0,A011_001,147284
8172,904,0,A011_001,148188
8173,892,0,A011_001,149080
8174,908,0,A011_001,149988
8175,904,0,A011_001,150892
8176,920,0,A011_001,151812
8177,928,0,A011_001,152740
8178,944,0,A011_001,153684
8179,936,0,A011_001,154620
8180,940,0,A011_001,155560
8181,936,0,A011_001,156496
8182,944,0,A011_001,157440
8183,952,0,A011_001,158392
8184,940,0,A011_001,159332
8185,948,0,A011_001,160280
8186,932,0,A011_001,161212
8187,940,0,A011_001,162152
8188,932,0,A011_001,163084
8189,940,0,A011_001,164024
8190,928,0,A011_001,164952
8191,936,0,A011_001,165888
8192,936,0,A011_001,166824
8193,924,0,A011_001,167748
8194,940,0,A011_001,168688
8195,932,0,A011_001,169620
8196,944,0,A011_001,170564
8197,928,0,A011_001,171492
8198,948,0,A011_001,172440
8199,948,0,A011_001,173388
8200,956,0,A011_001,174344
8201,956,0,A011_001,175300
8202,948,0,A011_001,176248
8203,952,0,A011_001,177200
8204,956,0,A011_001,178156
8205,940,0,A011_001,179096
8206,956,0,A011_001,180052
8207,948,0,A011_001,181000
8208,936,0,A011_001,181936
8209,932,0,A011_001,182868
8210,936,0,A011_001,183804
8211,924,0,A011_001,184728
8212,932,0,A011_001,185660
8213,928,0,A011_001,186588
8214,932,0,A011_001,187520
8215,928,0,A011_001,188448
8216,920,0,A011_001,189368
8217,928,0,A011_001,190296
8218,916,0,A011_001,191212
8219,916,0,A011_001,192128
8220,924,0,A011_001,193052
8221,912,0,A011_001,193964
8222,920,0,A011_001,194884
8223,916,0,A011_001,195800
8224,924,0,A011_001,196724
8225,916,0,A011_001,197640
8226,932,0,A011_001,198572
8227,924,0,A011_001,199496
8228,928,0,A011_001,200424
8229,924,0,A011_001,201348
8230,928,0,A011_001,202276
8231,948,1,A011_001,203224
8232,908,0,A011_001,204132
8233,936,0,A011_001,205068
8234,928,0,A011_001,205996
8235,924,0,A011_001,206920
8236,936,0,A011_001,207856
8237,920,0,A011_001,208776
8238,920,0,A011_001,209696
8239,924,0,A011_001,210620
8240,920,0,A011_001,211540
8241,920,0,A011_001,212460
8242,916,0,A011_001,213376
8243,924,0,A011_001,214300
8244,916,0,A011_001,215216
8245,928,0,A011_001,216144
8246,932,0,A011_001,217076
8247,924,0,A011_001,218000
8248,940,0,A011_001,218940
8249,920,0,A011_001,219860
8250,928,0,A011_001,220788
8251,920,0,A011_001,221708
8252,928,0,A011_001,222636
8253,920,0,A011_001,223556
8254,932,0,A011_001,224488
8255,932,0,A011_001,225420
8256,940,0,A011_001,226360
8257,832,0,A011_001,227192
8258,1036,0,A011_001,228228
8259,936,0,A011_001,229164
8260,940,0,A011_001,230104
8261,932,0,A011_001,231036
8262,928,0,A011_001,231964
8263,936,0,A011_001,232900
8264,948,0,A011_001,233848
8265,944,0,A011_001,234792
8266,944,0,A011_001,235736
8267,956,0,A011_001,236692
8268,964,0,A011_001,237656
8269,964,0,A011_001,238620
8270,968,0,A011_001,239588
8271,976,0,A011_001,240564
8272,972,0,A011_001,241536
8273,976,0,A011_001,242512
8274,988,0,A011_001,243500
8275,980,0,A011_001,244480
8276,968,0,A011_001,245448
8277,984,0,A011_001,246432
8278,980,0,A011_001,247412
8279,976,0,A011_001,248388
8280,964,0,A011_001,249352
8281,956,0,A011_001,250308
8282,968,0,A011_001,251276
8283,952,0,A011_001,252228
8284,956,0,A011_001,253184
8285,960,0,A011_001,254144
8286,936,0,A011_001,255080
8287,952,0,A011_001,256032
8288,936,0,A011_001,256968
8289,944,0,A011_001,257912
8290,940,0,A011_001,258852
8291,944,0,A011_001,259796
8292,944,0,A011_001,260740
8293,948,0,A011_001,261688
8294,944,0,A011_001,262632
8295,948,0,A011_001,263580
8296,964,0,A011_001,264544
8297,968,0,A011_001,265512
8298,980,0,A011_001,266492
8299,952,0,A011_001,267444
8300,980,0,A011_001,268424
8301,976,0,A011_001,269400
8302,984,0,A011_001,270384
8303,976,0,A011_001,271360
8304,976,0,A011_001,272336
8305,976,0,A011_001,273312
8306,988,0,A011_001,274300
8307,984,0,A011_001,275284
8308,972,0,A011_001,276256
8309,984,0,A011_001,277240
8310,976,0,A011_001,278216
8311,1004,0,A011_001,279220
8312,1008,0,A011_001,280228
8313,980,0,A011_001,281208
8314,976,0,A011_001,282184
8315,992,0,A011_001,283176
8316,988,0,A011_001,284164
8317,980,0,A011_001,285144
8318,972,0,A011_001,286116
8319,968,0,A011_001,287084
8320,944,0,A011_001,288028
8321,936,0,A011_001,288964
8322,916,0,A011_001,289880
8323,916,0,A011_001,290796
8324,904,0,A011_001,291700
8325,908,0,A011_001,292608
8326,888,0,A011_001,293496
8327,904,0,A011_001,294400
8328,924,0,A011_001,295324
8329,912,0,A011_001,296236
8330,912,0,A011_001,297148
8331,884,0,A011_001,298032
8332,892,0,A011_001,298924
8333,892,0,A011_001,299816
8334,888,0,A011_001,300704
8335,880,0,A011_001,301584
8336,888,0,A011_001,302472
8337,892,0,A011_001,303364
8338,896,0,A011_001,304260
8339,888,0,A011_001,305148
8340,904,0,A011_001,306052
8341,908,0,A011_001,306960
8342,912,0,A011_001,307872
8343,924,0,A011_001,308796
8344,924,0,A011_001,309720
8345,936,0,A011_001,310656
8346,940,0,A011_001,311596
8347,944,0,A011_001,312540
8348,936,0,A011_001,313476
8349,936,0,A011_001,314412
8350,944,0,A011_001,315356
8351,932,0,A011_001,316288
8352,944,0,A011_001,317232
8353,928,0,A011_001,318160
8354,940,0,A011_001,319100
8355,944,0,A011_001,320044
8356,924,0,A011_001,320968
8357,928,0,A011_001,321896
8358,944,0,A011_001,322840
8359,940,0,A011_001,323780
8360,924,0,A011_001,324704
8361,920,0,A011_001,325624
8362,924,0,A011_001,326548
8363,940,0,A011_001,327488
8364,924,0,A011_001,328412
8365,936,0,A011_001,329348
8366,940,0,A011_001,330288
8367,916,0,A011_001,331204
8368,944,0,A011_001,332148
8369,940,0,A011_001,333088
8370,932,0,A011_001,334020
8371,932,0,A011_001,334952
8372,924,0,A011_001,335876
8373,916,0,A011_001,336792
8374,924,0,A011_001,337716
8375,932,0,A011_001,338648
8376,932,0,A011_001,339580
8377,936,0,A011_001,340516
8378,932,0,A011_001,341448
8379,932,0,A011_001,342380
8380,928,0,A011_001,343308
8381,936,0,A011_001,344244
8382,936,0,A011_001,345180
8383,936,0,A011_001,346116
8384,928,0,A011_001,347044
8385,920,0,A011_001,347964
8386,920,0,A011_001,348884
8387,944,0,A011_001,349828
8388,940,0,A011_001,350768
8389,940,0,A011_001,351708
8390,952,0,A011_001,352660
8391,944,0,A011_001,353604
8392,952,0,A011_001,354556
8393,948,0,A011_001,355504
8394,944,0,A011_001,356448
8395,936,0,A011_001,357384
8396,948,0,A011_001,358332
8397,932,0,A011_001,359264
8398,932,0,A011_001,360196
8399,928,0,A011_001,361124
8400,932,0,A011_001,362056
8401,928,0,A011_001,362984
8402,932,0,A011_001,363916
8403,920,0,A011_001,364836
8404,928,0,A011_001,365764
8405,948,0,A011_001,366712
8406,948,0,A011_001,367660
8407,940,0,A011_001,368600
8408,944,0,A011_001,369544
8409,936,0,A011_001,370480
8410,944,0,A011_001,371424
8411,924,0,A011_001,372348
8412,936,0,A011_001,373284
8413,924,0,A011_001,374208
8414,932,0,A011_001,375140
8415,940,0,A011_001,376080
8416,936,0,A011_001,377016
8417,932,0,A011_001,377948
8418,948,0,A011_001,378896
8419,936,0,A011_001,379832
8420,948,0,A011_001,380780
8421,956,0,A011_001,381736
8422,952,0,A011_001,382688
8423,944,0,A011_001,383632
8424,956,0,A011_001,384588
8425,948,0,A011_001,385536
8426,936,0,A011_001,386472
8427,940,0,A011_001,387412
8428,936,0,A011_001,388348
8429,944,0,A011_001,389292
8430,952,0,A011_001,390244
8431,936,0,A011_001,391180
8432,948,0,A011_001,392128
8433,948,0,A011_001,393076
8434,936,0,A011_001,394012
8435,952,0,A011_001,394964
8436,944,0,A011_001,395908
8437,948,0,A011_001,396856
8438,956,0,A011_001,397812
8439,948,0,A011_001,398760
8440,964,0,A011_001,399724
8441,976,0,A011_001,400700
8442,936,0,A011_001,401636
8443,960,0,A011_001,402596
8444,944,0,A011_001,403540
8445,936,0,A011_001,404476
8446,968,0,A011_001,405444
8447,976,0,A011_001,406420
8448,956,0,A011_001,407376
8449,988,0,A011_001,408364
8450,992,0,A011_001,409356
8451,984,0,A011_001,410340
8452,1012,0,A011_001,411352
8453,1000,0,A011_001,412352
8454,1000,0,A011_001,413352
8455,980,0,A011_001,414332
8456,996,0,A011_001,415328
8457,992,0,A011_001,416320
8458,972,0,A011_001,417292
8459,996,0,A011_001,418288
8460,972,0,A011_001,419260
8461,988,0,A011_001,420248
8462,980,0,A011_001,421228
8463,964,0,A011_001,422192
8464,968,0,A011_001,423160
8465,964,0,A011_001,424124
8466,956,0,A011_001,425080
8467,960,0,A011_001,426040
8468,948,0,A011_001,426988
8469,952,0,A011_001,427940
8470,948,0,A011_001,428888
8471,952,0,A011_001,429840
8472,956,0,A011_001,430796
8473,944,0,A011_001,431740
8474,960,0,A011_001,432700
8475,960,0,A011_001,433660
8476,944,0,A011_001,434604
8477,944,0,A011_001,435548
8478,936,0,A011_001,436484
8479,952,0,A011_001,437436
8480,952,0,A011_001,438388
8481,936,0,A011_001,439324
8482,924,0,A011_001,440248
8483,920,0,A011_001,441168
8484,932,0,A011_001,442100
8485,924,0,A011_001,443024
8486,932,0,A011_001,443956
8487,944,0,A011_001,444900
8488,948,0,A011_001,445848
8489,960,0,A011_001,446808
8490,944,0,A011_001,447752
8491,956,0,A011_001,448708
8492,964,0,A011_001,449672
8493,960,0,A011_001,450632
8494,964,0,A011_001,451596
8495,964,0,A011_001,452560
8496,964,0,A011_001,453524
8497,960,0,A011_001,454484
8498,960,0,A011_001,455444
8499,956,0,A011_001,456400
8500,976,0,A011_001,457376
8501,960,0,A011_001,458336
8502,964,0,A011_001,459300
8503,948,0,A011_001,460248
8504,952,0,A011_001,461200
8505,956,0,A011_001,462156
8506,948,0,A011_001,463104
8507,932,0,A011_001,464036
8508,940,0,A011_001,464976
8509,940,0,A011_001,465916
8510,948,0,A011_001,466864
8511,944,0,A011_001,467808
8512,944,0,A011_001,468752
8513,944,0,A011_001,469696
8514,948,0,A011_001,470644
8515,932,0,A011_001,471576
8516,944,0,A011_001,472520
8517,928,0,A011_001,473448
8518,924,0,A011_001,474372
8519,932,0,A011_001,475304
8520,944,0,A011_001,476248
8521,940,0,A011_001,477188
8522,936,0,A011_001,478124
8523,944,0,A011_001,479068
8524,940,0,A011_001,480008
8525,944,0,A011_001,480952
8526,948,0,A011_001,481900
8527,936,0,A011_001,482836
8528,940,0,A011_001,483776
8529,932,0,A011_001,484708
8530,924,0,A011_001,485632
8531,936,0,A011_001,486568
8532,940,0,A011_001,487508
8533,932,0,A011_001,488440
8534,944,0,A011_001,489384
8535,940,0,A011_001,490324
8536,936,0,A011_001,491260
8537,964,0,A011_001,492224
8538,932,0,A011_001,493156
8539,932,0,A011_001,494088
8540,944,0,A011_001,495032
8541,960,0,A011_001,495992
8542,952,0,A011_001,496944
8543,944,0,A011_001,497888
8544,948,0,A011_001,498836
8545,932,0,A011_001,499768
8546,948,0,A011_001,500716
8547,940,0,A011_001,501656
8548,936,0,A011_001,502592
8549,936,0,A011_001,503528
8550,936,0,A011_001,504464
8551,928,0,A011_001,505392
8552,928,0,A011_001,506320
8553,908,0,A011_001,507228
8554,912,0,A011_001,508140
8555,920,0,A011_001,509060
8556,912,0,A011_001,509972
8557,920,0,A011_001,510892
8558,932,0,A011_001,511824
8559,928,0,A011_001,512752
8560,936,0,A011_001,513688
8561,936,0,A011_001,514624
8562,936,0,A011_001,515560
8563,940,0,A011_001,516500
8564,928,0,A011_001,517428
8565,940,0,A011_001,518368
8566,932,0,A011_001,519300
8567,928,0,A011_001,520228
8568,912,0,A011_001,521140
8569,924,0,A011_001,522064
8570,928,0,A011_001,522992
8571,916,0,A011_001,523908
8572,928,0,A011_001,524836
8573,932,0,A011_001,525768
8574,924,0,A011_001,526692
8575,924,0,A011_001,527616
8576,924,0,A011_001,528540
8577,944,0,A011_001,529484
8578,936,0,A011_001,530420
8579,940,0,A011_001,531360
8580,944,0,A011_001,532304
8581,944,0,A011_001,533248
8582,936,0,A011_001,534184
8583,952,0,A011_001,535136
8584,944,0,A011_001,536080
8585,952,0,A011_001,537032
8586,960,0,A011_001,537992
8587,948,0,A011_001,538940
8588,948,0,A011_001,539888
8589,956,0,A011_001,540844
8590,964,0,A011_001,541808
8591,968,0,A011_001,542776
8592,948,0,A011_001,543724
8593,956,0,A011_001,544680
8594,952,0,A011_001,545632
8595,944,0,A011_001,546576
8596,948,0,A011_001,547524
8597,956,0,A011_001,548480
8598,948,0,A011_001,549428
8599,936,0,A011_001,550364
8600,940,0,A011_001,551304
8601,940,0,A011_001,552244
8602,928,0,A011_001,553172
8603,940,0,A011_001,554112
8604,940,0,A011_001,555052
8605,924,0,A011_001,555976
8606,936,0,A011_001,556912
8607,936,0,A011_001,557848
8608,936,0,A011_001,558784
8609,944,0,A011_001,559728
8610,948,0,A011_001,560676
8611,932,0,A011_001,561608
8612,952,0,A011_001,562560
8613,948,0,A011_001,563508
8614,952,0,A011_001,564460
8615,948,0,A011_001,565408
8616,948,0,A011_001,566356
8617,940,0,A011_001,567296
8618,940,0,A011_001,568236
8619,944,0,A011_001,569180
8620,932,0,A011_001,570112
8621,948,0,A011_001,571060
8622,936,0,A011_001,571996
8623,928,0,A011_001,572924
8624,936,0,A011_001,573860
8625,936,0,A011_001,574796
8626,936,0,A011_001,575732
8627,936,0,A011_001,576668
8628,932,0,A011_001,577600
8629,936,0,A011_001,578536
8630,932,0,A011_001,579468
8631,920,0,A011_001,580388
8632,932,0,A011_001,581320
8633,936,0,A011_001,582256
8634,940,0,A011_001,583196
8635,944,0,A011_001,584140
8636,952,0,A011_001,585092
8637,944,0,A011_001,586036
8638,944,0,A011_001,586980
8639,936,0,A011_001,587916
8640,948,0,A011_001,588864
8641,952,0,A011_001,589816
8642,936,0,A011_001,590752
8643,944,0,A011_001,591696
8644,944,0,A011_001,592640
8645,936,0,A011_001,593576
8646,940,0,A011_001,594516
8647,948,0,A011_001,595464
8648,944,0,A011_001,596408
8649,944,0,A011_001,597352
8650,952,0,A011_001,598304
8651,940,0,A011_001,599244
8652,928,0,A011_001,600172
8653,932,0,A011_001,601104
8654,932,0,A011_001,602036
8655,904,0,A011_001,602940
8656,904,0,A011_001,603844
8657,916,0,A011_001,604760
8658,920,0,A011_001,605680
8659,924,0,A011_001,606604
8660,920,0,A011_001,607524
8661,924,0,A011_001,608448
8662,924,0,A011_001,609372
8663,932,0,A011_001,610304
8664,932,0,A011_001,611236
8665,924,0,A011_001,612160
8666,940,0,A011_001,613100
8667,920,0,A011_001,614020
8668,944,0,A011_001,614964
8669,948,0,A011_001,615912
8670,936,0,A011_001,616848
8671,952,0,A011_001,617800
8672,936,0,A011_001,618736
8673,948,0,A011_001,619684
8674,948,0,A011_001,620632
8675,948,0,A011_001,621580
8676,956,0,A011_001,622536
8677,948,0,A011_001,623484
8678,984,0,A011_001,624468
8679,972,0,A011_001,625440
8680,960,0,A011_001,626400
8681,964,0,A011_001,627364
8682,952,0,A011_001,628316
8683,948,0,A011_001,629264
8684,936,0,A011_001,630200
8685,952,0,A011_001,631152
8686,948,0,A011_001,632100
8687,932,0,A011_001,633032
8688,948,0,A011_001,633980
8689,956,0,A011_001,634936
8690,956,0,A011_001,635892
8691,964,0,A011_001,636856
8692,976,0,A011_001,637832
8693,968,0,A011_001,638800
8694,960,0,A011_001,639760
8695,964,0,A011_001,640724
8696,972,0,A011_001,641696
8697,976,0,A011_001,642672
8698,964,0,A011_001,643636
8699,960,0,A011_001,644596
8700,968,0,A011_001,645564
8701,952,0,A011_001,646516
8702,948,0,A011_001,647464
8703,948,0,A011_001,648412
8704,948,0,A011_001,649360
8705,948,0,A011_001,650308
8706,948,0,A011_001,651256
8707,960,0,A011_001,652216
8708,948,0,A011_001,653164
8709,964,0,A011_001,654128
8710,952,0,A011_001,655080
8711,956,0,A011_001,656036
8712,960,0,A011_001,656996
8713,948,0,A011_001,657944
8714,948,0,A011_001,658892
8715,956,0,A011_001,659848
8716,964,0,A011_001,660812
8717,968,0,A011_001,661780
8718,956,0,A011_001,662736
8719,956,0,A011_001,663692
8720,948,0,A011_001,664640
8721,952,0,A011_001,665592
8722,948,0,A011_001,666540
8723,948,0,A011_001,667488
8724,948,0,A011_001,668436
8725,952,0,A011_001,669388
8726,940,0,A011_001,670328
8727,944,0,A011_001,671272
8728,944,0,A011_001,672216
8729,936,0,A011_001,673152
8730,948,0,A011_001,674100
8731,936,0,A011_001,675036
8732,944,0,A011_001,675980
8733,936,0,A011_001,676916
8734,924,0,A011_001,677840
8735,936,0,A011_001,678776
8736,920,0,A011_001,679696
8737,936,0,A011_001,680632
8738,940,0,A011_001,681572
8739,940,0,A011_001,682512
8740,944,0,A011_001,683456
8741,944,0,A011_001,684400
8742,944,0,A011_001,685344
8743,948,0,A011_001,686292
8744,952,0,A011_001,687244
8745,964,0,A011_001,688208
8746,960,0,A011_001,689168
8747,948,0,A011_001,690116
8748,952,0,A011_001,691068
8749,948,0,A011_001,692016
8750,948,0,A011_001,692964
8751,944,0,A011_001,693908
8752,932,0,A011_001,694840
8753,944,0,A011_001,695784
8754,956,0,A011_001,696740
8755,948,0,A011_001,697688
8756,948,0,A011_001,698636
8757,956,0,A011_001,699592
8758,956,0,A011_001,700548
8759,952,0,A011_001,701500
8760,944,0,A011_001,702444
8761,948,0,A011_001,703392
8762,956,0,A011_001,704348
8763,948,0,A011_001,705296
8764,940,0,A011_001,706236
8765,948,0,A011_001,707184
8766,940,0,A011_001,708124
8767,944,0,A011_001,709068
8768,936,0,A011_001,710004
8769,920,0,A011_001,710924
8770,936,0,A011_001,711860
8771,936,0,A011_001,712796
8772,932,0,A011_001,713728
8773,936,0,A011_001,714664
8774,940,0,A011_001,715604
8775,932,0,A011_001,716536
8776,924,0,A011_001,717460
8777,940,0,A011_001,718400
8778,932,0,A011_001,719332
8779,920,0,A011_001,720252
8780,932,0,A011_001,721184
8781,916,0,A011_001,722100
8782,916,0,A011_001,723016
8783,920,0,A011_001,723936
8784,908,0,A011_001,724844
8785,920,0,A011_001,725764
8786,924,0,A011_001,726688
8787,924,0,A011_001,727612
8788,920,0,A011_001,728532
8789,928,0,A011_001,729460
8790,924,0,A011_001,730384
8791,928,0,A011_001,731312
8792,932,0,A011_001,732244
8793,932,0,A011_001,733176
8794,944,0,A011_001,734120
8795,928,0,A011_001,735048
8796,948,0,A011_001,735996
8797,952,0,A011_001,736948
8798,948,0,A011_001,737896
8799,956,0,A011_001,738852
8800,948,0,A011_001,739800
8801,952,0,A011_001,740752
8802,936,0,A011_001,741688
8803,932,0,A011_001,742620
8804,944,0,A011_001,743564
8805,936,0,A011_001,744500
8806,932,0,A011_001,745432
8807,920,0,A011_001,746352
8808,940,0,A011_001,747292
8809,928,0,A011_001,748220
8810,932,0,A011_001,749152
8811,936,0,A011_001,750088
8812,924,0,A011_001,751012
8813,924,0,A011_001,751936
8814,936,0,A011_001,752872
8815,936,0,A011_001,753808
8816,932,0,A011_001,754740
8817,936,0,A011_001,755676
8818,940,0,A011_001,756616
8819,480,0,A011_001,757096
8820,452,0,A011_001,757548
8821,924,0,A011_001,758472
8822,932,0,A011_001,759404
8823,924,0,A011_001,760328
8824,924,0,A011_001,761252
8825,924,0,A011_001,762176
8826,916,0,A011_001,763092
8827,908,0,A011_001,764000
8828,908,0,A011_001,764908
8829,920,0,A011_001,765828
8830,912,0,A011_001,766740
8831,904,0,A011_001,767644
8832,904,0,A011_001,768548
8833,904,0,A011_001,769452
8834,896,0,A011_001,770348
8835,904,0,A011_001,771252
8836,904,0,A011_001,772156
8837,904,0,A011_001,773060
8838,904,0,A011_001,773964
8839,904,0,A011_001,774868
8840,912,0,A011_001,775780
8841,908,0,A011_001,776688
8842,920,0,A011_001,777608
8843,912,0,A011_001,778520
8844,924,0,A011_001,779444
8845,924,0,A011_001,780368
8846,924,0,A011_001,781292
8847,920,0,A011_001,782212
8848,940,0,A011_001,783152
8849,928,0,A011_001,784080
8850,932,0,A011_001,785012
8851,928,0,A011_001,785940
8852,928,0,A011_001,786868
8853,932,0,A011_001,787800
8854,928,0,A011_001,788728
8855,940,0,A011_001,789668
8856,940,0,A011_001,790608
8857,924,0,A011_001,791532
8858,936,0,A011_001,792468
8859,932,0,A011_001,793400
8860,928,0,A011_001,794328
8861,928,0,A011_001,795256
8862,928,0,A011_001,796184
8863,928,0,A011_001,797112
8864,924,0,A011_001,798036
8865,924,0,A011_001,798960
8866,912,0,A011_001,799872
8867,920,0,A011_001,800792
8868,920,0,A011_001,801712
8869,908,0,A011_001,802620
8870,908,0,A011_001,803528
8871,916,0,A011_001,804444
8872,912,0,A011_001,805356
8873,908,0,A011_001,806264
8874,900,0,A011_001,807164
8875,900,0,A011_001,808064
8876,904,0,A011_001,808968
8877,896,0,A011_001,809864
8878,908,0,A011_001,810772
8879,888,0,A011_001,811660
8880,888,0,A011_001,812548
8881,876,0,A011_001,813424
8882,884,0,A011_001,814308
8883,888,0,A011_001,815196
8884,880,0,A011_001,816076
8885,880,0,A011_001,816956
8886,864,0,A011_001,817820
8887,876,0,A011_001,818696
8888,868,0,A011_001,819564
8889,872,0,A011_001,820436
8890,864,0,A011_001,821300
8891,864,0,A011_001,822164
8892,900,1,A011_001,823064
8893,848,0,A011_001,823912
8894,880,0,A011_001,824792
8895,872,0,A011_001,825664
8896,876,0,A011_001,826540
8897,884,0,A011_001,827424
8898,900,0,A011_001,828324
8899,904,0,A011_001,829228
8900,896,0,A011_001,830124
8901,904,0,A011_001,831028
8902,912,0,A011_001,831940
8903,920,0,A011_001,832860
8904,916,0,A011_001,833776
8905,916,0,A011_001,834692
8906,904,0,A011_001,835596
8907,916,0,A011_001,836512
8908,912,0,A011_001,837424
8909,916,0,A011_001,838340
8910,904,0,A011_001,839244
8911,916,0,A011_001,840160
8912,912,0,A011_001,841072
8913,912,0,A011_001,841984
8914,900,0,A011_001,842884
8915,920,0,A011_001,843804
8916,916,0,A011_001,844720
8917,912,0,A011_001,845632
8918,932,0,A011_001,846564
8919,924,0,A011_001,847488
8920,928,0,A011_001,848416
8921,924,0,A011_001,849340
8922,928,0,A011_001,850268
8923,916,0,A011_001,851184
8924,924,0,A011_001,852108
8925,928,0,A011_001,853036
8926,924,0,A011_001,853960
8927,924,0,A011_001,854884
8928,916,0,A011_001,855800
8929,900,0,A011_001,856700
8930,920,0,A011_001,857620
8931,912,0,A011_001,858532
8932,912,0,A011_001,859444
8933,916,0,A011_001,860360
8934,920,0,A011_001,861280
8935,920,0,A011_001,862200
8936,916,0,A011_001,863116
8937,924,0,A011_001,864040
8938,928,0,A011_001,864968
8939,904,0,A011_001,865872
8940,912,0,A011_001,866784
8941,920,0,A011_001,867704
8942,924,0,A011_001,868628
8943,908,0,A011_001,869536
8944,920,0,A011_001,870456
8945,908,0,A011_001,871364
8946,900,0,A011_001,872264
8947,908,0,A011_001,873172
8948,896,0,A011_001,874068
8949,908,0,A011_001,874976
8950,912,0,A011_001,875888
8951,908,0,A011_001,876796
8952,924,0,A011_001,877720
8953,904,0,A011_001,878624
8954,904,0,A011_001,879528
8955,920,0,A011_001,880448
8956,928,0,A011_001,881376
8957,916,0,A011_001,882292
8958,912,0,A011_001,883204
8959,916,0,A011_001,884120
8960,920,0,A011_001,885040
8961,916,0,A011_001,885956
8962,908,0,A011_001,886864
8963,916,0,A011_001,887780
8964,936,0,A011_001,888716
8965,932,0,A011_001,889648
8966,948,0,A011_001,890596
8967,940,0,A011_001,891536
8968,936,0,A011_001,892472
8969,940,0,A011_001,893412
8970,944,0,A011_001,894356
8971,936,0,A011_001,895292
8972,940,0,A011_001,896232
8973,948,0,A011_001,897180
8974,936,0,A011_001,898116
8975,948,0,A011_001,899064
8976,956,0,A011_001,900020
8977,936,0,A011_001,900956
8978,960,0,A011_001,901916
8979,956,0,A011_001,902872
8980,944,0,A011_001,903816
8981,956,0,A011_001,904772
8982,944,0,A011_001,905716
8983,956,0,A011_001,906672
8984,948,0,A011_001,907620
8985,936,0,A011_001,908556
8986,948,0,A011_001,909504
8987,940,0,A011_001,910444
8988,944,0,A011_001,911388
8989,940,0,A011_001,912328
8990,940,0,A011_001,913268
8991,948,0,A011_001,914216
8992,948,0,A011_001,915164
8993,936,0,A011_001,916100
8994,944,0,A011_001,917044
8995,944,0,A011_001,917988
8996,940,0,A011_001,918928
8997,956,0,A011_001,919884
8998,944,0,A011_001,920828
8999,932,0,A011_001,921760
9000,944,0,A011_001,922704
9001,948,0,A011_001,923652
9002,952,0,A011_001,924604
9003,940,0,A011_001,925544
9004,940,0,A011_001,926484
9005,940,0,A011_001,927424
9006,936,0,A011_001,928360
9007,940,0,A011_001,929300
9008,932,0,A011_001,930232
9009,916,0,A011_001,931148
9010,928,0,A011_001,932076
9011,932,0,A011_001,933008
9012,928,0,A011_001,933936
9013,940,0,A011_001,934876
9014,920,0,A011_001,935796
9015,944,0,A011_001,936740
9016,944,0,A011_001,937684
9017,944,0,A011_001,938628
9018,948,0,A011_001,939576
9019,960,0,A011_001,940536
9020,944,0,A011_001,941480
9021,948,0,A011_001,942428
9022,956,0,A011_001,943384
9023,440,0,A011_001,943824
9024,508,0,A011_001,944332
9025,924,0,A011_001,945256
9026,920,0,A011_001,946176
9027,932,0,A011_001,947108
9028,920,0,A011_001,948028
9029,920,0,A011_001,948948
9030,908,0,A011_001,949856
9031,896,0,A011_001,950752
9032,908,0,A011_001,951660
9033,904,0,A011_001,952564
9034,892,0,A011_001,953456
9035,892,0,A011_001,954348
9036,896,0,A011_001,955244
9037,892,0,A011_001,956136
9038,896,0,A011_001,957032
9039,900,0,A011_001,957932
9040,896,0,A011_001,958828
9041,900,0,A011_001,959728
9042,900,0,A011_001,960628
9043,900,0,A011_001,961528
9044,896,0,A011_001,962424
9045,892,0,A011_001,963316
9046,904,0,A011_001,964220
9047,904,0,A011_001,965124
9048,896,0,A011_001,966020
9049,900,0,A011_001,966920
9050,904,0,A011_001,967824
9051,896,0,A011_001,968720
9052,904,0,A011_001,969624
9053,896,0,A011_001,970520
9054,912,0,A011_001,971432
9055,920,0,A011_001,972352
9056,932,0,A011_001,973284
9057,920,0,A011_001,974204
9058,932,0,A011_001,975136
9059,936,0,A011_001,976072
9060,932,0,A011_001,977004
9061,932,0,A011_001,977936
9062,920,0,A011_001,978856
9063,932,0,A011_001,979788
9064,928,0,A011_001,980716
9065,928,0,A011_001,981644
9066,920,0,A011_001,982564
9067,920,0,A011_001,983484
9068,928,0,A011_001,984412
9069,912,0,A011_001,985324
9070,912,0,A011_001,986236
9071,916,0,A011_001,987152
9072,908,0,A011_001,988060
9073,908,0,A011_001,988968
9074,920,0,A011_001,989888
9075,912,0,A011_001,990800
9076,916,0,A011_001,991716
9077,916,0,A011_001,992632
9078,908,0,A011_001,993540
9079,912,0,A011_001,994452
9080,912,0,A011_001,995364
9081,900,0,A011_001,996264
9082,908,0,A011_001,997172
9083,912,0,A011_001,998084
9084,904,0,A011_001,998988
9085,908,0,A011_001,999896
9086,912,0,A011_001,1000808
9087,912,0,A011_001,1001720
9088,904,0,A011_001,1002624
9089,916,0,A011_001,1003540
9090,908,0,A011_001,1004448
9091,908,0,A011_001,1005356
9092,924,0,A011_001,1006280
9093,920,0,A011_001,1007200
9094,924,0,A011_001,1008124
9095,920,0,A011_001,1009044
9096,920,0,A011_001,1009964
9097,912,0,A011_001,1010876
9098,920,0,A011_001,1011796
9099,924,0,A011_001,1012720
9100,928,0,A011_001,1013648
9101,948,1,A011_001,1014596
9102,904,0,A011_001,1015500
9103,924,0,A011_001,1016424
9104,920,0,A011_001,1017344
9105,920,0,A011_001,1018264
9106,936,0,A011_001,1019200
9107,928,0,A011_001,1020128
9108,928,0,A011_001,1021056
9109,932,0,A011_001,1021988
9110,924,0,A011_001,1022912
9111,916,0,A011_001,1023828
9112,904,0,A011_001,1024732
9113,920,0,A011_001,1025652
9114,912,0,A011_001,1026564
9115,912,0,A011_001,1027476
9116,908,0,A011_001,1028384
9117,912,0,A011_001,1029296
9118,912,0,A011_001,1030208
9119,908,0,A011_001,1031116
9120,908,0,A011_001,1032024
9121,904,0,A011_001,1032928
9122,912,0,A011_001,1033840
9123,900,0,A011_001,1034740
9124,912,0,A011_001,1035652
9125,912,0,A011_001,1036564
9126,908,0,A011_001,1037472
9127,920,0,A011_001,1038392
9128,908,0,A011_001,1039300
9129,912,0,A011_001,1040212
9130,908,0,A011_001,1041120
9131,916,0,A011_001,1042036
9132,912,0,A011_001,1042948
9133,916,0,A011_001,1043864
9134,908,0,A011_001,1044772
9135,916,0,A011_001,1045688
9136,896,0,A011_001,1046584
9137,900,0,A011_001,1047484
9138,250,0,A011_001,1047734
9139,484,0,A011_001,1048218
9140,1060,0,A011_001,1049278
9141,884,0,A011_001,1050162
9142,884,0,A011_001,1051046
9143,876,0,A011_001,1051922
9144,880,0,A011_001,1052802
9145,868,0,A011_001,1053670
9146,864,0,A011_001,1054534
9147,864,0,A011_001,1055398
9148,860,0,A011_001,1056258
9149,860,0,A011_001,1057118
9150,852,0,A011_001,1057970
9151,848,0,A011_001,1058818
9152,312,0,A011_001,1059130
9153,532,0,A011_001,1059662
9154,840,0,A011_001,1060502
9155,836,0,A011_001,1061338
9156,836,0,A011_001,1062174
9157,840,0,A011_001,1063014
9158,844,0,A011_001,1063858
9159,852,0,A011_001,1064710
9160,524,0,A011_001,1065234
9161,250,0,A011_001,1065484
9162,476,0,A011_001,1065960
9163,468,0,A011_001,1066428
9164,876,0,A011_001,1067304
9165,492,0,A011_001,1067796
9166,948,0,A011_001,1068744
9167,904,0,A011_001,1069648
9168,836,0,A011_001,1070484
9169,844,0,A011_001,1071328
9170,852,0,A011_001,1072180
9171,836,0,A011_001,1073016
9172,880,0,A011_001,1073896
9173,884,0,A011_001,1074780
9174,912,0,A011_001,1075692
9175,904,0,A011_001,1076596
9176,948,0,A011_001,1077544
9177,968,0,A011_001,1078512
9178,984,0,A011_001,1079496
9179,988,0,A011_001,1080484
9180,1004,0,A011_001,1081488
9181,1004,0,A011_001,1082492
9182,1000,0,A011_001,1083492
9183,972,0,A011_001,1084464
9184,976,0,A011_001,1085440
9185,996,0,A011_001,1086436
9186,1012,0,A011_001,1087448
9187,996,0,A011_001,1088444
9188,1008,0,A011_001,1089452
9189,1008,0,A011_001,1090460
9190,996,0,A011_001,1091456
9191,1004,0,A011_001,1092460
9192,996,0,A011_001,1093456
9193,1004,0,A011_001,1094460
9194,1000,0,A011_001,1095460
9195,692,0,CV0013_001,692
9196,696,0,CV0013_001,1388
9197,708,0,CV0013_001,2096
9198,720,0,CV0013_001,2816
9199,720,0,CV0013_001,3536
9200,732,0,CV0013_001,4268
9201,740,0,CV0013_001,5008
9202,756,0,CV0013_001,5764
9203,768,0,CV0013_001,6532
9204,752,0,CV0013_001,7284
9205,748,0,CV0013_001,8032
9206,752,0,CV0013_001,8784
9207,768,0,CV0013_001,9552
9208,776,0,CV0013_001,10328
9209,772,0,CV0013_001,11100
9210,772,0,CV0013_001,11872
9211,780,0,CV0013_001,12652
9212,768,0,CV0013_001,13420
9213,768,0,CV0013_001,14188
9214,780,0,CV0013_001,14968
9215,1564,0,CV0013_001,16532
9216,800,0,CV0013_001,17332
9217,796,0,CV0013_001,18128
9218,804,0,CV0013_001,18932
9219,1592,0,CV0013_001,20524
9220,168,0,CV0013_001,20692
9221,632,0,CV0013_001,21324
9222,372,0,CV0013_001,21696
9223,420,0,CV0013_001,22116
9224,804,0,CV0013_001,22920
9225,1580,0,CV0013_001,24500
9226,772,0,CV0013_001,25272
9227,768,0,CV0013_001,26040
9228,748,0,CV0013_001,26788
9229,736,0,CV0013_001,27524
9230,736,0,CV0013_001,28260
9231,736,0,CV0013_001,28996
9232,1492,0,CV0013_001,30488
9233,200,0,CV0013_001,30688
9234,564,0,CV0013_001,31252
9235,768,0,CV0013_001,32020
9236,788,0,CV0013_001,32808
9237,804,0,CV0013_001,33612
9238,796,0,CV0013_001,34408
9239,1608,0,CV0013_001,36016
9240,808,0,CV0013_001,36824
9241,796,0,CV0013_001,37620
9242,796,0,CV0013_001,38416
9243,808,0,CV0013_001,39224
9244,800,0,CV0013_001,40024
9245,784,0,CV0013_001,40808
9246,808,0,CV0013_001,41616
9247,820,0,CV0013_001,42436
9248,804,0,CV0013_001,43240
9249,824,0,CV0013_001,44064
9250,824,0,CV0013_001,44888
9251,804,0,CV0013_001,45692
9252,804,0,CV0013_001,46496
9253,812,0,CV0013_001,47308
9254,804,0,CV0013_001,48112
9255,788,0,CV0013_001,48900
9256,800,0,CV0013_001,49700
9257,808,0,CV0013_001,50508
9258,800,0,CV0013_001,51308
9259,796,0,CV0013_001,52104
9260,788,0,CV0013_001,52892
9261,788,0,CV0013_001,53680
9262,780,0,CV0013_001,54460
9263,780,0,CV0013_001,55240
9264,788,0,CV0013_001,56028
9265,796,0,CV0013_001,56824
9266,800,0,CV0013_001,57624
9267,784,0,CV0013_001,58408
9268,792,0,CV0013_001,59200
9269,776,0,CV0013_001,59976
9270,1572,0,CV0013_001,61548
9271,792,0,CV0013_001,62340
9272,796,0,CV0013_001,63136
9273,800,0,CV0013_001,63936
9274,784,0,CV0013_001,64720
9275,804,0,CV0013_001,65524
9276,792,0,CV0013_001,66316
9277,592,0,CV0013_001,66908
9278,196,0,CV0013_001,67104
9279,780,0,CV0013_001,67884
9280,796,0,CV0013_001,68680
9281,796,0,CV0013_001,69476
9282,796,0,CV0013_001,70272
9283,796,0,CV0013_001,71068
9284,792,0,CV0013_001,71860
9285,852,1,CV0013_001,72712
9286,716,0,CV0013_001,73428
9287,780,0,CV0013_001,74208
9288,780,0,CV0013_001,74988
9289,836,1,CV0013_001,75824
9290,732,0,CV0013_001,76556
9291,776,0,CV0013_001,77332
9292,792,0,CV0013_001,78124
9293,776,0,CV0013_001,78900
9294,776,0,CV0013_001,79676
9295,792,0,CV0013_001,80468
9296,784,0,CV0013_001,81252
9297,464,0,CV0013_001,81716
9298,308,0,CV0013_001,82024
9299,788,0,CV0013_001,82812
9300,784,0,CV0013_001,83596
9301,788,0,CV0013_001,84384
9302,776,0,CV0013_001,85160
9303,792,0,CV0013_001,85952
9304,780,0,CV0013_001,86732
9305,788,0,CV0013_001,87520
9306,788,0,CV0013_001,88308
9307,780,0,CV0013_001,89088
9308,792,0,CV0013_001,89880
9309,804,0,CV0013_001,90684
9310,800,0,CV0013_001,91484
9311,800,0,CV0013_001,92284
9312,788,0,CV0013_001,93072
9313,808,0,CV0013_001,93880
9314,808,0,CV0013_001,94688
9315,808,0,CV0013_001,95496
9316,796,0,CV0013_001,96292
9317,816,0,CV0013_001,97108
9318,808,0,CV0013_001,97916
9319,800,0,CV0013_001,98716
9320,812,0,CV0013_001,99528
9321,964,1,CV0013_001,100492
9322,600,0,CV0013_001,101092
9323,756,0,CV0013_001,101848
9324,760,0,CV0013_001,102608
9325,780,0,CV0013_001,103388
9326,788,0,CV0013_001,104176
9327,804,0,CV0013_001,104980
9328,1568,0,CV0013_001,106548
9329,780,0,CV0013_001,107328
9330,780,0,CV0013_001,108108
9331,788,0,CV0013_001,108896
9332,792,0,CV0013_001,109688
9333,800,0,CV0013_001,110488
9334,804,0,CV0013_001,111292
9335,808,0,CV0013_001,112100
9336,820,0,CV0013_001,112920
9337,824,0,CV0013_001,113744
9338,832,0,CV0013_001,114576
9339,832,0,CV0013_001,115408
9340,828,0,CV0013_001,116236
9341,824,0,CV0013_001,117060
9342,840,0,CV0013_001,117900
9343,828,0,CV0013_001,118728
9344,816,0,CV0013_001,119544
9345,808,0,CV0013_001,120352
9346,808,0,CV0013_001,121160
9347,812,0,CV0013_001,121972
9348,1616,0,CV0013_001,123588
9349,812,0,CV0013_001,124400
9350,800,0,CV0013_001,125200
9351,804,0,CV0013_001,126004
9352,820,0,CV0013_001,126824
9353,816,0,CV0013_001,127640
9354,808,0,CV0013_001,128448
9355,812,0,CV0013_001,129260
9356,820,0,CV0013_001,130080
9357,812,0,CV0013_001,130892
9358,788,0,CV0013_001,131680
9359,800,0,CV0013_001,132480
9360,800,0,CV0013_001,133280
9361,792,0,CV0013_001,134072
9362,788,0,CV0013_001,134860
9363,796,0,CV0013_001,135656
9364,800,0,CV0013_001,136456
9365,812,0,CV0013_001,137268
9366,812,0,CV0013_001,138080
9367,816,0,CV0013_001,138896
9368,804,0,CV0013_001,139700
9369,820,0,CV0013_001,140520
9370,804,0,CV0013_001,141324
9371,800,0,CV0013_001,142124
9372,808,0,CV0013_001,142932
9373,796,0,CV0013_001,143728
9374,804,0,CV0013_001,144532
9375,800,0,CV0013_001,145332
9376,784,0,CV0013_001,146116
9377,800,0,CV0013_001,146916
9378,796,0,CV0013_001,147712
9379,788,0,CV0013_001,148500
9380,788,0,CV0013_001,149288
9381,780,0,CV0013_001,150068
9382,764,0,CV0013_001,150832
9383,756,0,CV0013_001,151588
9384,752,0,CV0013_001,152340
9385,416,0,CV0013_001,152756
9386,316,0,CV0013_001,153072
9387,52,0,CV0013_001,153124
9388,732,0,CV0013_001,153856
9389,692,0,CV0013_001,154548
9390,224,0,CV0013_001,154772
9391,524,0,CV0013_001,155296
9392,752,0,CV0013_001,156048
9393,1556,0,CV0013_001,157604
9394,776,0,CV0013_001,158380
9395,812,0,CV0013_001,159192
9396,816,0,CV0013_001,160008
9397,824,0,CV0013_001,160832
9398,804,0,CV0013_001,161636
9399,804,0,CV0013_001,162440
9400,816,0,CV0013_001,163256
9401,812,0,CV0013_001,164068
9402,804,0,CV0013_001,164872
9403,800,0,CV0013_001,165672
9404,812,0,CV0013_001,166484
9405,816,0,CV0013_001,167300
9406,836,0,CV0013_001,168136
9407,832,0,CV0013_001,168968
9408,808,0,CV0013_001,169776
9409,816,0,CV0013_001,170592
9410,820,0,CV0013_001,171412
9411,820,0,CV0013_001,172232
9412,416,0,CV0013_001,172648
9413,392,0,CV0013_001,173040
9414,792,0,CV0013_001,173832
9415,408,0,CV0013_001,174240
9416,384,0,CV0013_001,174624
9417,784,0,CV0013_001,175408
9418,792,0,CV0013_001,176200
9419,780,0,CV0013_001,176980
9420,768,0,CV0013_001,177748
9421,768,0,CV0013_001,178516
9422,772,0,CV0013_001,179288
9423,776,0,CV0013_001,180064
9424,788,0,CV0013_001,180852
9425,796,0,CV0013_001,181648
9426,784,0,CV0013_001,182432
9427,796,0,CV0013_001,183228
9428,800,0,CV0013_001,184028
9429,860,1,CV0013_001,184888
9430,740,0,CV0013_001,185628
9431,800,0,CV0013_001,186428
9432,800,0,CV0013_001,187228
9433,816,0,CV0013_001,188044
9434,824,0,CV0013_001,188868
9435,828,0,CV0013_001,189696
9436,816,0,CV0013_001,190512
9437,824,0,CV0013_001,191336
9438,824,0,CV0013_001,192160
9439,824,0,CV0013_001,192984
9440,804,0,CV0013_001,193788
9441,800,0,CV0013_001,194588
9442,804,0,CV0013_001,195392
9443,808,0,CV0013_001,196200
9444,816,0,CV0013_001,197016
9445,828,0,CV0013_001,197844
9446,796,0,CV0013_001,198640
9447,808,0,CV0013_001,199448
9448,812,0,CV0013_001,200260
9449,824,0,CV0013_001,201084
9450,824,0,CV0013_001,201908
9451,804,0,CV0013_001,202712
9452,804,0,CV0013_001,203516
9453,796,0,CV0013_001,204312
9454,792,0,CV0013_001,205104
9455,784,0,CV0013_001,205888
9456,788,0,CV0013_001,206676
9457,788,0,CV0013_001,207464
9458,792,0,CV0013_001,208256
9459,792,0,CV0013_001,209048
9460,788,0,CV0013_001,209836
9461,780,0,CV0013_001,210616
9462,784,0,CV0013_001,211400
9463,796,0,CV0013_001,212196
9464,796,0,CV0013_001,212992
9465,796,0,CV0013_001,213788
9466,816,0,CV0013_001,214604
9467,832,0,CV0013_001,215436
9468,836,0,CV0013_001,216272
9469,848,0,CV0013_001,217120
9470,840,0,CV0013_001,217960
9471,832,0,CV0013_001,218792
9472,824,0,CV0013_001,219616
9473,836,0,CV0013_001,220452
9474,828,0,CV0013_001,221280
9475,828,0,CV0013_001,222108
9476,828,0,CV0013_001,222936
9477,836,0,CV0013_001,223772
9478,836,0,CV0013_001,224608
9479,812,0,CV0013_001,225420
9480,828,0,CV0013_001,226248
9481,828,0,CV0013_001,227076
9482,828,0,CV0013_001,227904
9483,820,0,CV0013_001,228724
9484,828,0,CV0013_001,229552
9485,244,0,CV0013_001,229796
9486,580,0,CV0013_001,230376
9487,828,0,CV0013_001,231204
9488,596,0,CV0013_001,231800
9489,208,0,CV0013_001,232008
9490,1628,0,CV0013_001,233636
9491,804,0,CV0013_001,234440
9492,804,0,CV0013_001,235244
9493,812,0,CV0013_001,236056
9494,812,0,CV0013_001,236868
9495,800,0,CV0013_001,237668
9496,792,0,CV0013_001,238460
9497,792,0,CV0013_001,239252
9498,792,0,CV0013_001,240044
9499,1584,0,CV0013_001,241628
9500,784,0,CV0013_001,242412
9501,788,0,CV0013_001,243200
9502,788,0,CV0013_001,243988
9503,776,0,CV0013_001,244764
9504,780,0,CV0013_001,245544
9505,784,0,CV0013_001,246328
9506,792,0,CV0013_001,247120
9507,788,0,CV0013_001,247908
9508,784,0,CV0013_001,248692
9509,784,0,CV0013_001,249476
9510,784,0,CV0013_001,250260
9511,788,0,CV0013_001,251048
9512,1584,0,CV0013_001,252632
9513,804,0,CV0013_001,253436
9514,800,0,CV0013_001,254236
9515,804,0,CV0013_001,255040
9516,1636,0,CV0013_001,256676
9517,808,0,CV0013_001,257484
9518,812,0,CV0013_001,258296
9519,812,0,CV0013_001,259108
9520,808,0,CV0013_001,259916
9521,816,0,CV0013_001,260732
9522,808,0,CV0013_001,261540
9523,808,0,CV0013_001,262348
9524,808,0,CV0013_001,263156
9525,788,0,CV0013_001,263944
9526,788,0,CV0013_001,264732
9527,788,0,CV0013_001,265520
9528,788,0,CV0013_001,266308
9529,780,0,CV0013_001,267088
9530,780,0,CV0013_001,267868
9531,768,0,CV0013_001,268636
9532,760,0,CV0013_001,269396
9533,768,0,CV0013_001,270164
9534,776,0,CV0013_001,270940
9535,772,0,CV0013_001,271712
9536,784,0,CV0013_001,272496
9537,788,0,CV0013_001,273284
9538,780,0,CV0013_001,274064
9539,1572,0,CV0013_001,275636
9540,796,0,CV0013_001,276432
9541,804,0,CV0013_001,277236
9542,800,0,CV0013_001,278036
9543,792,0,CV0013_001,278828
9544,792,0,CV0013_001,279620
9545,788,0,CV0013_001,280408
9546,792,0,CV0013_001,281200
9547,788,0,CV0013_001,281988
9548,788,0,CV0013_001,282776
9549,788,0,CV0013_001,283564
9550,788,0,CV0013_001,284352
9551,784,0,CV0013_001,285136
9552,780,0,CV0013_001,285916
9553,788,0,CV0013_001,286704
9554,796,0,CV0013_001,287500
9555,788,0,CV0013_001,288288
9556,780,0,CV0013_001,289068
9557,772,0,CV0013_001,289840
9558,796,0,CV0013_001,290636
9559,796,0,CV0013_001,291432
9560,796,0,CV0013_001,292228
9561,780,0,CV0013_001,293008
9562,776,0,CV0013_001,293784
9563,776,0,CV0013_001,294560
9564,776,0,CV0013_001,295336
9565,776,0,CV0013_001,296112
9566,1540,0,CV0013_001,297652
9567,768,0,CV0013_001,298420
9568,756,0,CV0013_001,299176
9569,760,0,CV0013_001,299936
9570,764,0,CV0013_001,300700
9571,764,0,CV0013_001,301464
9572,768,0,CV0013_001,302232
9573,756,0,CV0013_001,302988
9574,764,0,CV0013_001,303752
9575,760,0,CV0013_001,304512
9576,752,0,CV0013_001,305264
9577,752,0,CV0013_001,306016
9578,752,0,CV0013_001,306768
9579,752,0,CV0013_001,307520
9580,744,0,CV0013_001,308264
9581,748,0,CV0013_001,309012
9582,744,0,CV0013_001,309756
9583,736,0,CV0013_001,310492
9584,740,0,CV0013_001,311232
9585,740,0,CV0013_001,311972
9586,748,0,CV0013_001,312720
9587,748,0,CV0013_001,313468
9588,748,0,CV0013_001,314216
9589,748,0,CV0013_001,314964
9590,748,0,CV0013_001,315712
9591,760,0,CV0013_001,316472
9592,768,0,CV0013_001,317240
9593,776,0,CV0013_001,318016
9594,780,0,CV0013_001,318796
9595,776,0,CV0013_001,319572
9596,760,0,CV0013_001,320332
9597,760,0,CV0013_001,321092
9598,752,0,CV0013_001,321844
9599,764,0,CV0013_001,322608
9600,764,0,CV0013_001,323372
9601,772,0,CV0013_001,324144
9602,784,0,CV0013_001,324928
9603,776,0,CV0013_001,325704
9604,780,0,CV0013_001,326484
9605,772,0,CV0013_001,327256
9606,776,0,CV0013_001,328032
9607,768,0,CV0013_001,328800
9608,768,0,CV0013_001,329568
9609,772,0,CV0013_001,330340
9610,768,0,CV0013_001,331108
9611,1536,0,CV0013_001,332644
9612,760,0,CV0013_001,333404
9613,752,0,CV0013_001,334156
9614,748,0,CV0013_001,334904
9615,756,0,CV0013_001,335660
9616,752,0,CV0013_001,336412
9617,772,0,CV0013_001,337184
9618,760,0,CV0013_001,337944
9619,752,0,CV0013_001,338696
9620,760,0,CV0013_001,339456
9621,760,0,CV0013_001,340216
9622,744,0,CV0013_001,340960
9623,740,0,CV0013_001,341700
9624,744,0,CV0013_001,342444
9625,744,0,CV0013_001,343188
9626,740,0,CV0013_001,343928
9627,740,0,CV0013_001,344668
9628,736,0,CV0013_001,345404
9629,732,0,CV0013_001,346136
9630,732,0,CV0013_001,346868
9631,748,0,CV0013_001,347616
9632,744,0,CV0013_001,348360
9633,752,0,CV0013_001,349112
9634,752,0,CV0013_001,349864
9635,772,0,CV0013_001,350636
9636,784,0,CV0013_001,351420
9637,784,0,CV0013_001,352204
9638,788,0,CV0013_001,352992
9639,780,0,CV0013_001,353772
9640,776,0,CV0013_001,354548
9641,768,0,CV0013_001,355316
9642,768,0,CV0013_001,356084
9643,772,0,CV0013_001,356856
9644,768,0,CV0013_001,357624
9645,772,0,CV0013_001,358396
9646,772,0,CV0013_001,359168
9647,768,0,CV0013_001,359936
9648,768,0,CV0013_001,360704
9649,760,0,CV0013_001,361464
9650,760,0,CV0013_001,362224
9651,756,0,CV0013_001,362980
9652,764,0,CV0013_001,363744
9653,752,0,CV0013_001,364496
9654,760,0,CV0013_001,365256
9655,764,0,CV0013_001,366020
9656,760,0,CV0013_001,366780
9657,756,0,CV0013_001,367536
9658,756,0,CV0013_001,368292
9659,756,0,CV0013_001,369048
9660,768,0,CV0013_001,369816
9661,768,0,CV0013_001,370584
9662,768,0,CV0013_001,371352
9663,756,0,CV0013_001,372108
9664,752,0,CV0013_001,372860
9665,752,0,CV0013_001,373612
9666,752,0,CV0013_001,374364
9667,744,0,CV0013_001,375108
9668,752,0,CV0013_001,375860
9669,756,0,CV0013_001,376616
9670,756,0,CV0013_001,377372
9671,768,0,CV0013_001,378140
9672,1536,0,CV0013_001,379676
9673,768,0,CV0013_001,380444
9674,772,0,CV0013_001,381216
9675,768,0,CV0013_001,381984
9676,764,0,CV0013_001,382748
9677,756,0,CV0013_001,383504
9678,748,0,CV0013_001,384252
9679,740,0,CV0013_001,384992
9680,740,0,CV0013_001,385732
9681,744,0,CV0013_001,386476
9682,740,0,CV0013_001,387216
9683,756,0,CV0013_001,387972
9684,764,0,CV0013_001,388736
9685,760,0,CV0013_001,389496
9686,752,0,CV0013_001,390248
9687,744,0,CV0013_001,390992
9688,732,0,CV0013_001,391724
9689,732,0,CV0013_001,392456
9690,736,0,CV0013_001,393192
9691,748,0,CV0013_001,393940
9692,756,0,CV0013_001,394696
9693,748,0,CV0013_001,395444
9694,752,0,CV0013_001,396196
9695,756,0,CV0013_001,396952
9696,744,0,CV0013_001,397696
9697,740,0,CV0013_001,398436
9698,744,0,CV0013_001,399180
9699,796,1,CV0013_001,399976
9700,700,0,CV0013_001,400676
9701,756,0,CV0013_001,401432
9702,772,0,CV0013_001,402204
9703,768,0,CV0013_001,402972
9704,780,0,CV0013_001,403752
9705,788,0,CV0013_001,404540
9706,784,0,CV0013_001,405324
9707,800,0,CV0013_001,406124
9708,1604,0,CV0013_001,407728
9709,768,0,CV0013_001,408496
9710,768,0,CV0013_001,409264
9711,768,0,CV0013_001,410032
9712,768,0,CV0013_001,410800
9713,776,0,CV0013_001,411576
9714,784,0,CV0013_001,412360
9715,772,0,CV0013_001,413132
9716,772,0,CV0013_001,413904
9717,776,0,CV0013_001,414680
9718,764,0,CV0013_001,415444
9719,760,0,CV0013_001,416204
9720,756,0,CV0013_001,416960
9721,740,0,CV0013_001,417700
9722,736,0,CV0013_001,418436
9723,736,0,CV0013_001,419172
9724,732,0,CV0013_001,419904
9725,744,0,CV0013_001,420648
9726,740,0,CV0013_001,421388
9727,736,0,CV0013_001,422124
9728,740,0,CV0013_001,422864
9729,740,0,CV0013_001,423604
9730,744,0,CV0013_001,424348
9731,752,0,CV0013_001,425100
9732,748,0,CV0013_001,425848
9733,740,0,CV0013_001,426588
9734,740,0,CV0013_001,427328
9735,732,0,CV0013_001,428060
9736,736,0,CV0013_001,428796
9737,744,0,CV0013_001,429540
9738,744,0,CV0013_001,430284
9739,744,0,CV0013_001,431028
9740,752,0,CV0013_001,431780
9741,752,0,CV0013_001,432532
9742,744,0,CV0013_001,433276
9743,736,0,CV0013_001,434012
9744,736,0,CV0013_001,434748
9745,736,0,CV0013_001,435484
9746,744,0,CV0013_001,436228
9747,752,0,CV0013_001,436980
9748,760,0,CV0013_001,437740
9749,768,0,CV0013_001,438508
9750,764,0,CV0013_001,439272
9751,760,0,CV0013_001,440032
9752,752,0,CV0013_001,440784
9753,748,0,CV0013_001,441532
9754,740,0,CV0013_001,442272
9755,736,0,CV0013_001,443008
9756,744,0,CV0013_001,443752
9757,748,0,CV0013_001,444500
9758,756,0,CV0013_001,445256
9759,768,0,CV0013_001,446024
9760,768,0,CV0013_001,446792
9761,776,0,CV0013_001,447568
9762,784,0,CV0013_001,448352
9763,772,0,CV0013_001,449124
9764,764,0,CV0013_001,449888
9765,764,0,CV0013_001,450652
9766,760,0,CV0013_001,451412
9767,760,0,CV0013_001,452172
9768,752,0,CV0013_001,452924
9769,764,0,CV0013_001,453688
9770,764,0,CV0013_001,454452
9771,760,0,CV0013_001,455212
9772,764,0,CV0013_001,455976
9773,768,0,CV0013_001,456744
9774,768,0,CV0013_001,457512
9775,772,0,CV0013_001,458284
9776,776,0,CV0013_001,459060
9777,788,0,CV0013_001,459848
9778,780,0,CV0013_001,460628
9779,776,0,CV0013_001,461404
9780,780,0,CV0013_001,462184
9781,1548,0,CV0013_001,463732
9782,772,0,CV0013_001,464504
9783,780,0,CV0013_001,465284
9784,784,0,CV0013_001,466068
9785,780,0,CV0013_001,466848
9786,772,0,CV0013_001,467620
9787,764,0,CV0013_001,468384
9788,768,0,CV0013_001,469152
9789,768,0,CV0013_001,469920
9790,760,0,CV0013_001,470680
9791,764,0,CV0013_001,471444
9792,756,0,CV0013_001,472200
9793,1488,0,CV0013_001,473688
9794,752,0,CV0013_001,474440
9795,756,0,CV0013_001,475196
9796,1536,0,CV0013_001,476732
9797,780,0,CV0013_001,477512
9798,784,0,CV0013_001,478296
9799,780,0,CV0013_001,479076
9800,788,0,CV0013_001,479864
9801,796,0,CV0013_001,480660
9802,788,0,CV0013_001,481448
9803,784,0,CV0013_001,482232
9804,788,0,CV0013_001,483020
9805,796,0,CV0013_001,483816
9806,784,0,CV0013_001,484600
9807,792,0,CV0013_001,485392
9808,792,0,CV0013_001,486184
9809,1560,0,CV0013_001,487744
9810,780,0,CV0013_001,488524
9811,784,0,CV0013_001,489308
9812,788,0,CV0013_001,490096
9813,780,0,CV0013_001,490876
9814,784,0,CV0013_001,491660
9815,784,0,CV0013_001,492444
9816,772,0,CV0013_001,493216
9817,772,0,CV0013_001,493988
9818,772,0,CV0013_001,494760
9819,776,0,CV0013_001,495536
9820,776,0,CV0013_001,496312
9821,776,0,CV0013_001,497088
9822,780,0,CV0013_001,497868
9823,768,0,CV0013_001,498636
9824,768,0,CV0013_001,499404
9825,764,0,CV0013_001,500168
9826,764,0,CV0013_001,500932
9827,760,0,CV0013_001,501692
9828,760,0,CV0013_001,502452
9829,740,0,CV0013_001,503192
9830,732,0,CV0013_001,503924
9831,728,0,CV0013_001,504652
9832,712,0,CV0013_001,505364
9833,716,0,CV0013_001,506080
9834,724,0,CV0013_001,506804
9835,732,0,CV0013_001,507536
9836,760,0,CV0013_001,508296
9837,788,0,CV0013_001,509084
9838,808,0,CV0013_001,509892
9839,804,0,CV0013_001,510696
9840,820,0,CV0013_001,511516
9841,828,0,CV0013_001,512344
9842,828,0,CV0013_001,513172
9843,836,0,CV0013_001,514008
9844,812,0,CV0013_001,514820
9845,808,0,CV0013_001,515628
9846,808,0,CV0013_001,516436
9847,804,0,CV0013_001,517240
9848,804,0,CV0013_001,518044
9849,796,0,CV0013_001,518840
9850,804,0,CV0013_001,519644
9851,812,0,CV0013_001,520456
9852,812,0,CV0013_001,521268
9853,816,0,CV0013_001,522084
9854,808,0,CV0013_001,522892
9855,796,0,CV0013_001,523688
9856,800,0,CV0013_001,524488
9857,796,0,CV0013_001,525284
9858,776,0,CV0013_001,526060
9859,764,0,CV0013_001,526824
9860,768,0,CV0013_001,527592
9861,768,0,CV0013_001,528360
9862,756,0,CV0013_001,529116
9863,760,0,CV0013_001,529876
9864,772,0,CV0013_001,530648
9865,788,0,CV0013_001,531436
9866,780,0,CV0013_001,532216
9867,788,0,CV0013_001,533004
9868,796,0,CV0013_001,533800
9869,792,0,CV0013_001,534592
9870,800,0,CV0013_001,535392
9871,804,0,CV0013_001,536196
9872,812,0,CV0013_001,537008
9873,804,0,CV0013_001,537812
9874,808,0,CV0013_001,538620
9875,808,0,CV0013_001,539428
9876,800,0,CV0013_001,540228
9877,800,0,CV0013_001,541028
9878,796,0,CV0013_001,541824
9879,784,0,CV0013_001,542608
9880,780,0,CV0013_001,543388
9881,784,0,CV0013_001,544172
9882,784,0,CV0013_001,544956
9883,792,0,CV0013_001,545748
9884,776,0,CV0013_001,546524
9885,784,0,CV0013_001,547308
9886,780,0,CV0013_001,548088
9887,772,0,CV0013_001,548860
9888,764,0,CV0013_001,549624
9889,760,0,CV0013_001,550384
9890,756,0,CV0013_001,551140
9891,748,0,CV0013_001,551888
9892,740,0,CV0013_001,552628
9893,748,0,CV0013_001,553376
9894,752,0,CV0013_001,554128
9895,756,0,CV0013_001,554884
9896,760,0,CV0013_001,555644
9897,768,0,CV0013_001,556412
9898,776,0,CV0013_001,557188
9899,784,0,CV0013_001,557972
9900,792,0,CV0013_001,558764
9901,788,0,CV0013_001,559552
9902,784,0,CV0013_001,560336
9903,780,0,CV0013_001,561116
9904,780,0,CV0013_001,561896
9905,776,0,CV0013_001,562672
9906,772,0,CV0013_001,563444
9907,776,0,CV0013_001,564220
9908,768,0,CV0013_001,564988
9909,768,0,CV0013_001,565756
9910,764,0,CV0013_001,566520
9911,768,0,CV0013_001,567288
9912,764,0,CV0013_001,568052
9913,760,0,CV0013_001,568812
9914,764,0,CV0013_001,569576
9915,764,0,CV0013_001,570340
9916,772,0,CV0013_001,571112
9917,760,0,CV0013_001,571872
9918,768,0,CV0013_001,572640
9919,760,0,CV0013_001,573400
9920,768,0,CV0013_001,574168
9921,752,0,CV0013_001,574920
9922,736,0,CV0013_001,575656
9923,724,0,CV0013_001,576380
9924,716,0,CV0013_001,577096
9925,704,0,CV0013_001,577800
9926,692,0,CV0013_001,578492
9927,1384,0,CV0013_001,579876
9928,720,0,CV0013_001,580596
9929,728,0,CV0013_001,581324
9930,752,0,CV0013_001,582076
9931,768,0,CV0013_001,582844
9932,784,0,CV0013_001,583628
9933,816,0,CV0013_001,584444
9934,816,0,CV0013_001,585260
9935,796,0,CV0013_001,586056
9936,792,0,CV0013_001,586848
9937,804,0,CV0013_001,587652
9938,808,0,CV0013_001,588460
9939,772,0,CV0013_001,589232
9940,768,0,CV0013_001,590000
9941,780,0,CV0013_001,590780
9942,780,0,CV0013_001,591560
9943,780,0,CV0013_001,592340
9944,784,0,CV0013_001,593124
9945,788,0,CV0013_001,593912
9946,788,0,CV0013_001,594700
9947,796,0,CV0013_001,595496
9948,800,0,CV0013_001,596296
9949,792,0,CV0013_001,597088
9950,796,0,CV0013_001,597884
9951,796,0,CV0013_001,598680
9952,808,0,CV0013_001,599488
9953,800,0,CV0013_001,600288
9954,792,0,CV0013_001,601080
9955,780,0,CV0013_001,601860
9956,780,0,CV0013_001,602640
9957,788,0,CV0013_001,603428
9958,788,0,CV0013_001,604216
9959,784,0,CV0013_001,605000
9960,792,0,CV0013_001,605792
9961,792,0,CV0013_001,606584
9962,788,0,CV0013_001,607372
9963,792,0,CV0013_001,608164
9964,788,0,CV0013_001,608952
9965,780,0,CV0013_001,609732
9966,792,0,CV0013_001,610524
9967,792,0,CV0013_001,611316
9968,788,0,CV0013_001,612104
9969,784,0,CV0013_001,612888
9970,768,0,CV0013_001,613656
9971,768,0,CV0013_001,614424
9972,772,0,CV0013_001,615196
9973,780,0,CV0013_001,615976
9974,772,0,CV0013_001,616748
9975,760,0,CV0013_001,617508
9976,768,0,CV0013_001,618276
9977,1540,0,CV0013_001,619816
9978,768,0,CV0013_001,620584
9979,772,0,CV0013_001,621356
9980,784,0,CV0013_001,622140
9981,788,0,CV0013_001,622928
9982,800,0,CV0013_001,623728
9983,796,0,CV0013_001,624524
9984,780,0,CV0013_001,625304
9985,772,0,CV0013_001,626076
9986,776,0,CV0013_001,626852
9987,784,0,CV0013_001,627636
9988,792,0,CV0013_001,628428
9989,796,0,CV0013_001,629224
9990,792,0,CV0013_001,630016
9991,788,0,CV0013_001,630804
9992,772,0,CV0013_001,631576
9993,772,0,CV0013_001,632348
9994,780,0,CV0013_001,633128
9995,780,0,CV0013_001,633908
9996,784,0,CV0013_001,634692
9997,780,0,CV0013_001,635472
9998,780,0,CV0013_001,636252
9999,1556,0,CV0013_001,637808
10000,764,0,CV0013_001,638572
10001,764,0,CV0013_001,639336
10002,772,0,CV0013_001,640108
10003,776,0,CV0013_001,640884
10004,768,0,CV0013_001,641652
10005,768,0,CV0013_001,642420
10006,772,0,CV0013_001,643192
10007,780,0,CV0013_001,643972
10008,768,0,CV0013_001,644740
10009,772,0,CV0013_001,645512
10010,772,0,CV0013_001,646284
10011,1532,0,CV0013_001,647816
10012,768,0,CV0013_001,648584
10013,768,0,CV0013_001,649352
10014,772,0,CV0013_001,650124
10015,776,0,CV0013_001,650900
10016,772,0,CV0013_001,651672
10017,776,0,CV0013_001,652448
10018,776,0,CV0013_001,653224
10019,784,0,CV0013_001,654008
10020,780,0,CV0013_001,654788
10021,772,0,CV0013_001,655560
10022,776,0,CV0013_001,656336
10023,780,0,CV0013_001,657116
10024,784,0,CV0013_001,657900
10025,780,0,CV0013_001,658680
10026,768,0,CV0013_001,659448
10027,776,0,CV0013_001,660224
10028,776,0,CV0013_001,661000
10029,776,0,CV0013_001,661776
10030,764,0,CV0013_001,662540
10031,760,0,CV0013_001,663300
10032,764,0,CV0013_001,664064
10033,768,0,CV0013_001,664832
10034,772,0,CV0013_001,665604
10035,760,0,CV0013_001,666364
10036,768,0,CV0013_001,667132
10037,772,0,CV0013_001,667904
10038,764,0,CV0013_001,668668
10039,756,0,CV0013_001,669424
10040,764,0,CV0013_001,670188
10041,756,0,CV0013_001,670944
10042,744,0,CV0013_001,671688
10043,740,0,CV0013_001,672428
10044,736,0,CV0013_001,673164
10045,732,0,CV0013_001,673896
10046,736,0,CV0013_001,674632
10047,736,0,CV0013_001,675368
10048,744,0,CV0013_001,676112
10049,756,0,CV0013_001,676868
10050,764,0,CV0013_001,677632
10051,768,0,CV0013_001,678400
10052,772,0,CV0013_001,679172
10053,776,0,CV0013_001,679948
10054,788,0,CV0013_001,680736
10055,788,0,CV0013_001,681524
10056,788,0,CV0013_001,682312
10057,788,0,CV0013_001,683100
10058,796,0,CV0013_001,683896
10059,788,0,CV0013_001,684684
10060,800,0,CV0013_001,685484
10061,804,0,CV0013_001,686288
10062,788,0,CV0013_001,687076
10063,788,0,CV0013_001,687864
10064,784,0,CV0013_001,688648
10065,796,0,CV0013_001,689444
10066,804,0,CV0013_001,690248
10067,792,0,CV0013_001,691040
10068,792,0,CV0013_001,691832
10069,788,0,CV0013_001,692620
10070,792,0,CV0013_001,693412
10071,792,0,CV0013_001,694204
10072,788,0,CV0013_001,694992
10073,784,0,CV0013_001,695776
10074,764,0,CV0013_001,696540
10075,772,0,CV0013_001,697312
10076,1560,0,CV0013_001,698872
10077,772,0,CV0013_001,699644
10078,784,0,CV0013_001,700428
10079,784,0,CV0013_001,701212
10080,788,0,CV0013_001,702000
10081,768,0,CV0013_001,702768
10082,744,0,CV0013_001,703512
10083,740,0,CV0013_001,704252
10084,744,0,CV0013_001,704996
10085,748,0,CV0013_001,705744
10086,764,0,CV0013_001,706508
10087,764,0,CV0013_001,707272
10088,768,0,CV0013_001,708040
10089,776,0,CV0013_001,708816
10090,780,0,CV0013_001,709596
10091,784,0,CV0013_001,710380
10092,780,0,CV0013_001,711160
10093,780,0,CV0013_001,711940
10094,772,0,CV0013_001,712712
10095,776,0,CV0013_001,713488
10096,776,0,CV0013_001,714264
10097,784,0,CV0013_001,715048
10098,780,0,CV0013_001,715828
10099,768,0,CV0013_001,716596
10100,772,0,CV0013_001,717368
10101,776,0,CV0013_001,718144
10102,780,0,CV0013_001,718924
10103,780,0,CV0013_001,719704
10104,772,0,CV0013_001,720476
10105,768,0,CV0013_001,721244
10106,768,0,CV0013_001,722012
10107,772,0,CV0013_001,722784
10108,768,0,CV0013_001,723552
10109,760,0,CV0013_001,724312
10110,1520,0,CV0013_001,725832
10111,768,0,CV0013_001,726600
10112,764,0,CV0013_001,727364
10113,760,0,CV0013_001,728124
10114,760,0,CV0013_001,728884
10115,764,0,CV0013_001,729648
10116,768,0,CV0013_001,730416
10117,776,0,CV0013_001,731192
10118,772,0,CV0013_001,731964
10119,776,0,CV0013_001,732740
10120,776,0,CV0013_001,733516
10121,776,0,CV0013_001,734292
10122,760,0,CV0013_001,735052
10123,760,0,CV0013_001,735812
10124,760,0,CV0013_001,736572
10125,760,0,CV0013_001,737332
10126,1508,0,CV0013_001,738840
10127,764,0,CV0013_001,739604
10128,772,0,CV0013_001,740376
10129,776,0,CV0013_001,741152
10130,780,0,CV0013_001,741932
10131,772,0,CV0013_001,742704
10132,776,0,CV0013_001,743480
10133,772,0,CV0013_001,744252
10134,780,0,CV0013_001,745032
10135,776,0,CV0013_001,745808
10136,768,0,CV0013_001,746576
10137,772,0,CV0013_001,747348
10138,776,0,CV0013_001,748124
10139,776,0,CV0013_001,748900
10140,780,0,CV0013_001,749680
10141,772,0,CV0013_001,750452
10142,776,0,CV0013_001,751228
10143,772,0,CV0013_001,752000
10144,768,0,CV0013_001,752768
10145,764,0,CV0013_001,753532
10146,764,0,CV0013_001,754296
10147,760,0,CV0013_001,755056
10148,768,0,CV0013_001,755824
10149,768,0,CV0013_001,756592
10150,764,0,CV0013_001,757356
10151,768,0,CV0013_001,758124
10152,768,0,CV0013_001,758892
10153,776,0,CV0013_001,759668
10154,768,0,CV0013_001,760436
10155,776,0,CV0013_001,761212
10156,772,0,CV0013_001,761984
10157,764,0,CV0013_001,762748
10158,764,0,CV0013_001,763512
10159,768,0,CV0013_001,764280
10160,772,0,CV0013_001,765052
10161,768,0,CV0013_001,765820
10162,760,0,CV0013_001,766580
10163,768,0,CV0013_001,767348
10164,1536,0,CV0013_001,768884
10165,760,0,CV0013_001,769644
10166,752,0,CV0013_001,770396
10167,756,0,CV0013_001,771152
10168,752,0,CV0013_001,771904
10169,760,0,CV0013_001,772664
10170,756,0,CV0013_001,773420
10171,744,0,CV0013_001,774164
10172,756,0,CV0013_001,774920
10173,756,0,CV0013_001,775676
10174,760,0,CV0013_001,776436
10175,752,0,CV0013_001,777188
10176,760,0,CV0013_001,777948
10177,760,0,CV0013_001,778708
10178,764,0,CV0013_001,779472
10179,768,0,CV0013_001,780240
10180,756,0,CV0013_001,780996
10181,752,0,CV0013_001,781748
10182,748,0,CV0013_001,782496
10183,756,0,CV0013_001,783252
10184,764,0,CV0013_001,784016
10185,772,0,CV0013_001,784788
10186,764,0,CV0013_001,785552
10187,764,0,CV0013_001,786316
10188,756,0,CV0013_001,787072
10189,756,0,CV0013_001,787828
10190,752,0,CV0013_001,788580
10191,752,0,CV0013_001,789332
10192,748,0,CV0013_001,790080
10193,740,0,CV0013_001,790820
10194,744,0,CV0013_001,791564
10195,744,0,CV0013_001,792308
10196,748,0,CV0013_001,793056
10197,748,0,CV0013_001,793804
10198,756,0,CV0013_001,794560
10199,768,0,CV0013_001,795328
10200,768,0,CV0013_001,796096
10201,772,0,CV0013_001,796868
10202,760,0,CV0013_001,797628
10203,764,0,CV0013_001,798392
10204,764,0,CV0013_001,799156
10205,768,0,CV0013_001,799924
10206,760,0,CV0013_001,800684
10207,764,0,CV0013_001,801448
10208,756,0,CV0013_001,802204
10209,764,0,CV0013_001,802968
10210,760,0,CV0013_001,803728
10211,764,0,CV0013_001,804492
10212,764,0,CV0013_001,805256
10213,768,0,CV0013_001,806024
10214,768,0,CV0013_001,806792
10215,752,0,CV0013_001,807544
10216,756,0,CV0013_001,808300
10217,756,0,CV0013_001,809056
10218,760,0,CV0013_001,809816
10219,752,0,CV0013_001,810568
10220,760,0,CV0013_001,811328
10221,752,0,CV0013_001,812080
10222,748,0,CV0013_001,812828
10223,748,0,CV0013_001,813576
10224,748,0,CV0013_001,814324
10225,752,0,CV0013_001,815076
10226,760,0,CV0013_001,815836
10227,768,0,CV0013_001,816604
10228,764,0,CV0013_001,817368
10229,744,0,CV0013_001,818112
10230,764,0,CV0013_001,818876
10231,764,0,CV0013_001,819640
10232,764,0,CV0013_001,820404
10233,760,0,CV0013_001,821164
10234,748,0,CV0013_001,821912
10235,752,0,CV0013_001,822664
10236,756,0,CV0013_001,823420
10237,764,0,CV0013_001,824184
10238,764,0,CV0013_001,824948
10239,752,0,CV0013_001,825700
10240,744,0,CV0013_001,826444
10241,748,0,CV0013_001,827192
10242,756,0,CV0013_001,827948
10243,756,0,CV0013_001,828704
10244,764,0,CV0013_001,829468
10245,752,0,CV0013_001,830220
10246,756,0,CV0013_001,830976
10247,760,0,CV0013_001,831736
10248,764,0,CV0013_001,832500
10249,764,0,CV0013_001,833264
10250,752,0,CV0013_001,834016
10251,760,0,CV0013_001,834776
10252,756,0,CV0013_001,835532
10253,760,0,CV0013_001,836292
10254,760,0,CV0013_001,837052
10255,748,0,CV0013_001,837800
10256,752,0,CV0013_001,838552
10257,752,0,CV0013_001,839304
10258,756,0,CV0013_001,840060
10259,748,0,CV0013_001,840808
10260,748,0,CV0013_001,841556
10261,752,0,CV0013_001,842308
10262,756,0,CV0013_001,843064
10263,748,0,CV0013_001,843812
10264,744,0,CV0013_001,844556
10265,744,0,CV0013_001,845300
10266,748,0,CV0013_001,846048
10267,752,0,CV0013_001,846800
10268,744,0,CV0013_001,847544
10269,744,0,CV0013_001,848288
10270,748,0,CV0013_001,849036
10271,748,0,CV0013_001,849784
10272,760,0,CV0013_001,850544
10273,756,0,CV0013_001,851300
10274,744,0,CV0013_001,852044
10275,732,0,CV0013_001,852776
10276,736,0,CV0013_001,853512
10277,740,0,CV0013_001,854252
10278,744,0,CV0013_001,854996
10279,748,0,CV0013_001,855744
10280,752,0,CV0013_001,856496
10281,748,0,CV0013_001,857244
10282,740,0,CV0013_001,857984
10283,736,0,CV0013_001,858720
10284,736,0,CV0013_001,859456
10285,744,0,CV0013_001,860200
10286,740,0,CV0013_001,860940
10287,744,0,CV0013_001,861684
10288,748,0,CV0013_001,862432
10289,752,0,CV0013_001,863184
10290,752,0,CV0013_001,863936
10291,744,0,CV0013_001,864680
10292,748,0,CV0013_001,865428
10293,752,0,CV0013_001,866180
10294,756,0,CV0013_001,866936
10295,760,0,CV0013_001,867696
10296,756,0,CV0013_001,868452
10297,748,0,CV0013_001,869200
10298,756,0,CV0013_001,869956
10299,756,0,CV0013_001,870712
10300,748,0,CV0013_001,871460
10301,756,0,CV0013_001,872216
10302,752,0,CV0013_001,872968
10303,752,0,CV0013_001,873720
10304,752,0,CV0013_001,874472
10305,744,0,CV0013_001,875216
10306,744,0,CV0013_001,875960
10307,744,0,CV0013_001,876704
10308,748,0,CV0013_001,877452
10309,748,0,CV0013_001,878200
10310,756,0,CV0013_001,878956
10311,748,0,CV0013_001,879704
10312,744,0,CV0013_001,880448
10313,748,0,CV0013_001,881196
10314,748,0,CV0013_001,881944
10315,752,0,CV0013_001,882696
10316,748,0,CV0013_001,883444
10317,748,0,CV0013_001,884192
10318,760,0,CV0013_001,884952
10319,760,0,CV0013_001,885712
10320,752,0,CV0013_001,886464
10321,752,0,CV0013_001,887216
10322,756,0,CV0013_001,887972
10323,756,0,CV0013_001,888728
10324,752,0,CV0013_001,889480
10325,748,0,CV0013_001,890228
10326,744,0,CV0013_001,890972
10327,752,0,CV0013_001,891724
10328,752,0,CV0013_001,892476
10329,748,0,CV0013_001,893224
10330,744,0,CV0013_001,893968
10331,748,0,CV0013_001,894716
10332,756,0,CV0013_001,895472
10333,764,0,CV0013_001,896236
10334,764,0,CV0013_001,897000
10335,772,0,CV0013_001,897772
10336,768,0,CV0013_001,898540
10337,772,0,CV0013_001,899312
10338,772,0,CV0013_001,900084
10339,748,0,CV0013_001,900832
10340,740,0,CV0013_001,901572
10341,740,0,CV0013_001,902312
10342,744,0,CV0013_001,903056
10343,744,0,CV0013_001,903800
10344,740,0,CV0013_001,904540
10345,740,0,CV0013_001,905280
10346,740,0,CV0013_001,906020
10347,748,0,CV0013_001,906768
10348,752,0,CV0013_001,907520
10349,752,0,CV0013_001,908272
10350,748,0,CV0013_001,909020
10351,648,0,CV0013_001,909668
10352,836,0,CV0013_001,910504
10353,720,0,CV0013_001,911224
10354,708,0,CV0013_001,911932
10355,712,0,CV0013_001,912644
10356,716,0,CV0013_001,913360
10357,728,0,CV0013_001,914088
10358,732,0,CV0013_001,914820
10359,748,0,CV0013_001,915568
10360,756,0,CV0013_001,916324
10361,760,0,CV0013_001,917084
10362,760,0,CV0013_001,917844
10363,756,0,CV0013_001,918600
10364,756,0,CV0013_001,919356
10365,756,0,CV0013_001,920112
10366,756,0,CV0013_001,920868
10367,752,0,CV0013_001,921620
10368,748,0,CV0013_001,922368
10369,752,0,CV0013_001,923120
10370,752,0,CV0013_001,923872
10371,756,0,CV0013_001,924628
10372,756,0,CV0013_001,925384
10373,736,0,CV0013_001,926120
10374,740,0,CV0013_001,926860
10375,744,0,CV0013_001,927604
10376,744,0,CV0013_001,928348
10377,732,0,CV0013_001,929080
10378,736,0,CV0013_001,929816
10379,740,0,CV0013_001,930556
10380,744,0,CV0013_001,931300
10381,736,0,CV0013_001,932036
10382,740,0,CV0013_001,932776
10383,744,0,CV0013_001,933520
10384,756,0,CV0013_001,934276
10385,776,0,CV0013_001,935052
10386,780,0,CV0013_001,935832
10387,800,0,CV0013_001,936632
10388,796,0,CV0013_001,937428
10389,800,0,CV0013_001,938228
10390,792,0,CV0013_001,939020
10391,784,0,CV0013_001,939804
10392,792,0,CV0013_001,940596
10393,792,0,CV0013_001,941388
10394,788,0,CV0013_001,942176
10395,796,0,CV0013_001,942972
10396,792,0,CV0013_001,943764
10397,792,0,CV0013_001,944556
10398,788,0,CV0013_001,945344
10399,788,0,CV0013_001,946132
10400,784,0,CV0013_001,946916
10401,796,0,CV0013_001,947712
10402,792,0,CV0013_001,948504
10403,796,0,CV0013_001,949300
10404,796,0,CV0013_001,950096
10405,812,0,CV0013_001,950908
10406,796,0,CV0013_001,951704
10407,804,0,CV0013_001,952508
10408,812,0,CV0013_001,953320
10409,804,0,CV0013_001,954124
10410,800,0,CV0013_001,954924
10411,804,0,CV0013_001,955728
10412,808,0,CV0013_001,956536
10413,800,0,CV0013_001,957336
10414,804,0,CV0013_001,958140
10415,804,0,CV0013_001,958944
10416,804,0,CV0013_001,959748
10417,796,0,CV0013_001,960544
10418,804,0,CV0013_001,961348
10419,788,0,CV0013_001,962136
10420,796,0,CV0013_001,962932
10421,796,0,CV0013_001,963728
10422,804,0,CV0013_001,964532
10423,804,0,CV0013_001,965336
10424,800,0,CV0013_001,966136
10425,800,0,CV0013_001,966936
10426,796,0,CV0013_001,967732
10427,792,0,CV0013_001,968524
10428,792,0,CV0013_001,969316
10429,780,0,CV0013_001,970096
10430,764,0,CV0013_001,970860
10431,760,0,CV0013_001,971620
10432,752,0,CV0013_001,972372
10433,744,0,CV0013_001,973116
10434,732,0,CV0013_001,973848
10435,996,0,CV0025_001,996
10436,992,0,CV0025_001,1988
10437,440,0,CV0025_001,2428
10438,556,0,CV0025_001,2984
10439,992,0,CV0025_001,3976
10440,452,0,CV0025_001,4428
10441,536,0,CV0025_001,4964
10442,464,0,CV0025_001,5428
10443,512,0,CV0025_001,5940
10444,968,0,CV0025_001,6908
10445,964,0,CV0025_001,7872
10446,956,0,CV0025_001,8828
10447,944,0,CV0025_001,9772
10448,940,0,CV0025_001,10712
10449,936,0,CV0025_001,11648
10450,940,0,CV0025_001,12588
10451,840,0,CV0025_001,13428
10452,108,0,CV0025_001,13536
10453,896,0,CV0025_001,14432
10454,100,0,CV0025_001,14532
10455,900,0,CV0025_001,15432
10456,944,0,CV0025_001,16376
10457,952,0,CV0025_001,17328
10458,948,0,CV0025_001,18276
10459,156,0,CV0025_001,18432
10460,792,0,CV0025_001,19224
10461,208,0,CV0025_001,19432
10462,740,0,CV0025_001,20172
10463,956,0,CV0025_001,21128
10464,948,0,CV0025_001,22076
10465,956,0,CV0025_001,23032
10466,952,0,CV0025_001,23984
10467,452,0,CV0025_001,24436
10468,492,0,CV0025_001,24928
10469,508,0,CV0025_001,25436
10470,432,0,CV0025_001,25868
10471,568,0,CV0025_001,26436
10472,372,0,CV0025_001,26808
10473,936,0,CV0025_001,27744
10474,940,0,CV0025_001,28684
10475,928,0,CV0025_001,29612
10476,924,0,CV0025_001,30536
10477,1844,0,CV0025_001,32380
10478,920,0,CV0025_001,33300
10479,916,0,CV0025_001,34216
10480,912,0,CV0025_001,35128
10481,896,0,CV0025_001,36024
10482,892,0,CV0025_001,36916
10483,892,0,CV0025_001,37808
10484,892,0,CV0025_001,38700
10485,744,0,CV0025_001,39444
10486,136,0,CV0025_001,39580
10487,1804,0,CV0025_001,41384
10488,920,0,CV0025_001,42304
10489,936,0,CV0025_001,43240
10490,936,0,CV0025_001,44176
10491,948,0,CV0025_001,45124
10492,960,0,CV0025_001,46084
10493,952,0,CV0025_001,47036
10494,412,0,CV0025_001,47448
10495,540,0,CV0025_001,47988
10496,944,0,CV0025_001,48932
10497,928,0,CV0025_001,49860
10498,592,0,CV0025_001,50452
10499,332,0,CV0025_001,50784
10500,1812,0,CV0025_001,52596
10501,1768,0,CV0025_001,54364
10502,872,0,CV0025_001,55236
10503,872,0,CV0025_001,56108
10504,860,0,CV0025_001,56968
10505,484,0,CV0025_001,57452
10506,368,0,CV0025_001,57820
10507,636,0,CV0025_001,58456
10508,208,0,CV0025_001,58664
10509,900,0,CV0025_001,59564
10510,800,0,CV0025_001,60364
10511,852,0,CV0025_001,61216
10512,240,0,CV0025_001,61456
10513,608,0,CV0025_001,62064
10514,856,0,CV0025_001,62920
10515,532,0,CV0025_001,63452
10516,336,0,CV0025_001,63788
10517,872,0,CV0025_001,64660
10518,880,0,CV0025_001,65540
10519,876,0,CV0025_001,66416
10520,884,0,CV0025_001,67300
10521,892,0,CV0025_001,68192
10522,268,0,CV0025_001,68460
10523,608,0,CV0025_001,69068
10524,392,0,CV0025_001,69460
10525,496,0,CV0025_001,69956
10526,888,0,CV0025_001,70844
10527,620,0,CV0025_001,71464
10528,280,0,CV0025_001,71744
10529,388,0,CV0025_001,72132
10530,500,0,CV0025_001,72632
10531,828,0,CV0025_001,73460
10532,76,0,CV0025_001,73536
10533,916,0,CV0025_001,74452
10534,924,0,CV0025_001,75376
10535,924,0,CV0025_001,76300
10536,164,0,CV0025_001,76464
10537,772,0,CV0025_001,77236
10538,228,0,CV0025_001,77464
10539,724,0,CV0025_001,78188
10540,276,0,CV0025_001,78464
10541,660,0,CV0025_001,79124
10542,340,0,CV0025_001,79464
10543,612,0,CV0025_001,80076
10544,956,0,CV0025_001,81032
10545,948,0,CV0025_001,81980
10546,956,0,CV0025_001,82936
10547,532,0,CV0025_001,83468
10548,428,0,CV0025_001,83896
10549,564,0,CV0025_001,84460
10550,400,0,CV0025_001,84860
10551,248,0,CV0025_001,85108
10552,360,0,CV0025_001,85468
10553,352,0,CV0025_001,85820
10554,960,0,CV0025_001,86780
10555,688,0,CV0025_001,87468
10556,300,0,CV0025_001,87768
10557,888,0,CV0025_001,88656
10558,936,0,CV0025_001,89592
10559,968,0,CV0025_001,90560
10560,868,0,CV0025_001,91428
10561,924,0,CV0025_001,92352
10562,928,0,CV0025_001,93280
10563,928,0,CV0025_001,94208
10564,944,0,CV0025_001,95152
10565,320,0,CV0025_001,95472
10566,632,0,CV0025_001,96104
10567,364,0,CV0025_001,96468
10568,588,0,CV0025_001,97056
10569,960,0,CV0025_001,98016
10570,940,0,CV0025_001,98956
10571,944,0,CV0025_001,99900
10572,948,0,CV0025_001,100848
10573,940,0,CV0025_001,101788
10574,684,0,CV0025_001,102472
10575,248,0,CV0025_001,102720
10576,940,0,CV0025_001,103660
10577,816,0,CV0025_001,104476
10578,124,0,CV0025_001,104600
10579,972,0,CV0025_001,105572
10580,892,0,CV0025_001,106464
10581,924,0,CV0025_001,107388
10582,88,0,CV0025_001,107476
10583,824,0,CV0025_001,108300
10584,176,0,CV0025_001,108476
10585,740,0,CV0025_001,109216
10586,908,0,CV0025_001,110124
10587,356,0,CV0025_001,110480
10588,540,0,CV0025_001,111020
10589,460,0,CV0025_001,111480
10590,428,0,CV0025_001,111908
10591,568,0,CV0025_001,112476
10592,316,0,CV0025_001,112792
10593,884,0,CV0025_001,113676
10594,884,0,CV0025_001,114560
10595,888,0,CV0025_001,115448
10596,896,0,CV0025_001,116344
10597,136,0,CV0025_001,116480
10598,772,0,CV0025_001,117252
10599,232,0,CV0025_001,117484
10600,684,0,CV0025_001,118168
10601,312,0,CV0025_001,118480
10602,600,0,CV0025_001,119080
10603,404,0,CV0025_001,119484
10604,556,0,CV0025_001,120040
10605,868,0,CV0025_001,120908
10606,912,0,CV0025_001,121820
10607,920,0,CV0025_001,122740
10608,360,0,CV0025_001,123100
10609,572,0,CV0025_001,123672
10610,936,0,CV0025_001,124608
10611,988,0,CV0025_001,125596
10612,904,0,CV0025_001,126500
10613,1932,0,CV0025_001,128432
10614,952,0,CV0025_001,129384
10615,972,0,CV0025_001,130356
10616,984,0,CV0025_001,131340
10617,980,0,CV0025_001,132320
10618,976,0,CV0025_001,133296
10619,976,0,CV0025_001,134272
10620,968,0,CV0025_001,135240
10621,960,0,CV0025_001,136200
10622,940,0,CV0025_001,137140
10623,944,0,CV0025_001,138084
10624,936,0,CV0025_001,139020
10625,476,0,CV0025_001,139496
10626,452,0,CV0025_001,139948
10627,928,0,CV0025_001,140876
10628,932,0,CV0025_001,141808
10629,928,0,CV0025_001,142736
10630,928,0,CV0025_001,143664
10631,932,0,CV0025_001,144596
10632,904,0,CV0025_001,145500
10633,912,0,CV0025_001,146412
10634,916,0,CV0025_001,147328
10635,908,0,CV0025_001,148236
10636,912,0,CV0025_001,149148
10637,348,0,CV0025_001,149496
10638,576,0,CV0025_001,150072
10639,916,0,CV0025_001,150988
10640,920,0,CV0025_001,151908
10641,588,0,CV0025_001,152496
10642,328,0,CV0025_001,152824
10643,920,0,CV0025_001,153744
10644,920,0,CV0025_001,154664
10645,912,0,CV0025_001,155576
10646,44,0,CV0025_001,155620
10647,860,0,CV0025_001,156480
10648,892,0,CV0025_001,157372
10649,896,0,CV0025_001,158268
10650,892,0,CV0025_001,159160
10651,892,0,CV0025_001,160052
10652,888,0,CV0025_001,160940
10653,880,0,CV0025_001,161820
10654,688,0,CV0025_001,162508
10655,204,0,CV0025_001,162712
10656,796,0,CV0025_001,163508
10657,84,0,CV0025_001,163592
10658,872,0,CV0025_001,164464
10659,880,0,CV0025_001,165344
10660,164,0,CV0025_001,165508
10661,720,0,CV0025_001,166228
10662,280,0,CV0025_001,166508
10663,612,0,CV0025_001,167120
10664,388,0,CV0025_001,167508
10665,504,0,CV0025_001,168012
10666,892,0,CV0025_001,168904
10667,608,0,CV0025_001,169512
10668,288,0,CV0025_001,169800
10669,884,0,CV0025_001,170684
10670,936,0,CV0025_001,171620
10671,896,0,CV0025_001,172516
10672,860,0,CV0025_001,173376
10673,140,0,CV0025_001,173516
10674,764,0,CV0025_001,174280
10675,228,0,CV0025_001,174508
10676,672,0,CV0025_001,175180
10677,332,0,CV0025_001,175512
10678,572,0,CV0025_001,176084
10679,912,0,CV0025_001,176996
10680,916,0,CV0025_001,177912
10681,604,0,CV0025_001,178516
10682,312,0,CV0025_001,178828
10683,688,0,CV0025_001,179516
10684,232,0,CV0025_001,179748
10685,924,0,CV0025_001,180672
10686,928,0,CV0025_001,181600
10687,920,0,CV0025_001,182520
10688,996,1,CV0025_001,183516
10689,848,0,CV0025_001,184364
10690,916,0,CV0025_001,185280
10691,916,0,CV0025_001,186196
10692,912,0,CV0025_001,187108
10693,908,0,CV0025_001,188016
10694,916,0,CV0025_001,188932
10695,588,0,CV0025_001,189520
10696,332,0,CV0025_001,189852
10697,920,0,CV0025_001,190772
10698,748,0,CV0025_001,191520
10699,160,0,CV0025_001,191680
10700,844,0,CV0025_001,192524
10701,72,0,CV0025_001,192596
10702,1816,0,CV0025_001,194412
10703,944,0,CV0025_001,195356
10704,844,0,CV0025_001,196200
10705,200,0,CV0025_001,196400
10706,240,0,CV0025_001,196640
10707,152,0,CV0025_001,196792
10708,452,0,CV0025_001,197244
10709,124,0,CV0025_001,197368
10710,216,0,CV0025_001,197584
10711,224,0,CV0025_001,197808
10712,432,0,CV0025_001,198240
10713,140,0,CV0025_001,198380
10714,320,0,CV0025_001,198700
10715,160,0,CV0025_001,198860
10716,324,0,CV0025_001,199184
10717,280,0,CV0025_001,199464
10718,176,0,CV0025_001,199640
10719,340,0,CV0025_001,199980
10720,48,0,CV0025_001,200028
10721,652,0,CV0025_001,200680
10722,208,0,CV0025_001,200888
10723,184,0,CV0025_001,201072
10724,304,0,CV0025_001,201376
10725,160,0,CV0025_001,201536
10726,272,0,CV0025_001,201808
10727,440,0,CV0025_001,202248
10728,476,0,CV0025_001,202724
10729,456,0,CV0025_001,203180
10730,72,0,CV0025_001,203252
10731,392,0,CV0025_001,203644
10732,236,0,CV0025_001,203880
10733,256,0,CV0025_001,204136
10734,300,0,CV0025_001,204436
10735,56,0,CV0025_001,204492
10736,384,0,CV0025_001,204876
10737,304,0,CV0025_001,205180
10738,152,0,CV0025_001,205332
10739,704,0,CV0025_001,206036
10740,164,0,CV0025_001,206200
10741,280,0,CV0025_001,206480
10742,224,0,CV0025_001,206704
10743,392,0,CV0025_001,207096
10744,148,0,CV0025_001,207244
10745,284,0,CV0025_001,207528
10746,408,0,CV0025_001,207936
10747,140,0,CV0025_001,208076
10748,400,0,CV0025_001,208476
10749,680,0,CV0025_001,209156
10750,144,0,CV0025_001,209300
10751,180,0,CV0025_001,209480
10752,504,0,CV0025_001,209984
10753,292,0,CV0025_001,210276
10754,208,0,CV0025_001,210484
10755,252,0,CV0025_001,210736
10756,264,0,CV0025_001,211000
10757,220,0,CV0025_001,211220
10758,420,0,CV0025_001,211640
10759,392,0,CV0025_001,212032
10760,272,0,CV0025_001,212304
10761,224,0,CV0025_001,212528
10762,140,0,CV0025_001,212668
10763,264,0,CV0025_001,212932
10764,464,0,CV0025_001,213396
10765,116,0,CV0025_001,213512
10766,332,0,CV0025_001,213844
10767,84,0,CV0025_001,213928
10768,192,0,CV0025_001,214120
10769,656,0,CV0025_001,214776
10770,308,0,CV0025_001,215084
10771,116,0,CV0025_001,215200
10772,212,0,CV0025_001,215412
10773,304,0,CV0025_001,215716
10774,440,0,CV0025_001,216156
10775,252,0,CV0025_001,216408
10776,332,0,CV0025_001,216740
10777,248,0,CV0025_001,216988
10778,148,0,CV0025_001,217136
10779,376,0,CV0025_001,217512
10780,348,0,CV0025_001,217860
10781,212,0,CV0025_001,218072
10782,276,0,CV0025_001,218348
10783,64,0,CV0025_001,218412
10784,360,0,CV0025_001,218772
10785,276,0,CV0025_001,219048
10786,136,0,CV0025_001,219184
10787,348,0,CV0025_001,219532
10788,140,0,CV0025_001,219672
10789,300,0,CV0025_001,219972
10790,140,0,CV0025_001,220112
10791,240,0,CV0025_001,220352
10792,316,0,CV0025_001,220668
10793,352,0,CV0025_001,221020
10794,144,0,CV0025_001,221164
10795,196,0,CV0025_001,221360
10796,372,0,CV0025_001,221732
10797,124,0,CV0025_001,221856
10798,268,0,CV0025_001,222124
10799,288,0,CV0025_001,222412
10800,272,0,CV0025_001,222684
10801,180,0,CV0025_001,222864
10802,208,0,CV0025_001,223072
10803,400,0,CV0025_001,223472
10804,308,0,CV0025_001,223780
10805,176,0,CV0025_001,223956
10806,288,0,CV0025_001,224244
10807,92,0,CV0025_001,224336
10808,436,0,CV0025_001,224772
10809,64,0,CV0025_001,224836
10810,308,0,CV0025_001,225144
10811,500,0,CV0025_001,225644
10812,692,0,CV0025_001,226336
10813,648,0,CV0025_001,226984
10814,288,0,CV0025_001,227272
10815,180,0,CV0025_001,227452
10816,384,0,CV0025_001,227836
10817,252,0,CV0025_001,228088
10818,248,0,CV0025_001,228336
10819,304,0,CV0025_001,228640
10820,148,0,CV0025_001,228788
10821,372,0,CV0025_001,229160
10822,256,0,CV0025_001,229416
10823,492,0,CV0025_001,229908
10824,136,0,CV0025_001,230044
10825,1044,0,CV0025_001,231088
10826,908,0,CV0025_001,231996
10827,328,0,CV0025_001,232324
10828,500,0,CV0025_001,232824
10829,496,0,CV0025_001,233320
10830,496,0,CV0025_001,233816
10831,820,0,CV0025_001,234636
10832,84,0,CV0025_001,234720
10833,904,0,CV0025_001,235624
10834,196,0,CV0025_001,235820
10835,496,0,CV0025_001,236316
10836,212,0,CV0025_001,236528
10837,788,0,CV0025_001,237316
10838,1000,0,CV0025_001,238316
10839,228,0,CV0025_001,238544
10840,672,0,CV0025_001,239216
10841,328,0,CV0025_001,239544
10842,568,0,CV0025_001,240112
10843,876,0,CV0025_001,240988
10844,560,0,CV0025_001,241548
10845,324,0,CV0025_001,241872
10846,680,0,CV0025_001,242552
10847,200,0,CV0025_001,242752
10848,884,0,CV0025_001,243636
10849,884,0,CV0025_001,244520
10850,868,0,CV0025_001,245388
10851,880,0,CV0025_001,246268
10852,880,0,CV0025_001,247148
10853,404,0,CV0025_001,247552
10854,476,0,CV0025_001,248028
10855,532,0,CV0025_001,248560
10856,348,0,CV0025_001,248908
10857,872,0,CV0025_001,249780
10858,768,0,CV0025_001,250548
10859,108,0,CV0025_001,250656
10860,880,0,CV0025_001,251536
10861,884,0,CV0025_001,252420
10862,876,0,CV0025_001,253296
10863,884,0,CV0025_001,254180
10864,884,0,CV0025_001,255064
10865,900,0,CV0025_001,255964
10866,888,0,CV0025_001,256852
10867,892,0,CV0025_001,257744
10868,892,0,CV0025_001,258636
10869,900,0,CV0025_001,259536
10870,904,0,CV0025_001,260440
10871,888,0,CV0025_001,261328
10872,232,0,CV0025_001,261560
10873,668,0,CV0025_001,262228
10874,52,0,CV0025_001,262280
10875,272,0,CV0025_001,262552
10876,576,0,CV0025_001,263128
10877,424,0,CV0025_001,263552
10878,476,0,CV0025_001,264028
10879,528,0,CV0025_001,264556
10880,364,0,CV0025_001,264920
10881,636,0,CV0025_001,265556
10882,260,0,CV0025_001,265816
10883,740,0,CV0025_001,266556
10884,164,0,CV0025_001,266720
10885,912,0,CV0025_001,267632
10886,1796,0,CV0025_001,269428
10887,888,0,CV0025_001,270316
10888,248,0,CV0025_001,270564
10889,652,0,CV0025_001,271216
10890,340,0,CV0025_001,271556
10891,576,0,CV0025_001,272132
10892,924,0,CV0025_001,273056
10893,340,0,CV0025_001,273396
10894,572,0,CV0025_001,273968
10895,596,0,CV0025_001,274564
10896,336,0,CV0025_001,274900
10897,664,0,CV0025_001,275564
10898,280,0,CV0025_001,275844
10899,936,0,CV0025_001,276780
10900,784,0,CV0025_001,277564
10901,160,0,CV0025_001,277724
10902,844,0,CV0025_001,278568
10903,108,0,CV0025_001,278676
10904,888,0,CV0025_001,279564
10905,68,0,CV0025_001,279632
10906,936,0,CV0025_001,280568
10907,944,0,CV0025_001,281512
10908,948,0,CV0025_001,282460
10909,832,0,CV0025_001,283292
10910,116,0,CV0025_001,283408
10911,924,0,CV0025_001,284332
10912,232,0,CV0025_001,284564
10913,392,0,CV0025_001,284956
10914,820,0,CV0025_001,285776
10915,416,0,CV0025_001,286192
10916,924,0,CV0025_001,287116
10917,448,0,CV0025_001,287564
10918,472,0,CV0025_001,288036
10919,972,0,CV0025_001,289008
10920,564,0,CV0025_001,289572
10921,324,0,CV0025_001,289896
10922,676,0,CV0025_001,290572
10923,240,0,CV0025_001,290812
10924,400,0,CV0025_001,291212
10925,96,0,CV0025_001,291308
10926,1368,0,CV0025_001,292676
10927,2824,0,CV0025_001,295500
10928,944,0,CV0025_001,296444
10929,944,0,CV0025_001,297388
10930,184,0,CV0025_001,297572
10931,776,0,CV0025_001,298348
10932,960,0,CV0025_001,299308
10933,264,0,CV0025_001,299572
10934,688,0,CV0025_001,300260
10935,316,0,CV0025_001,300576
10936,656,0,CV0025_001,301232
10937,980,0,CV0025_001,302212
10938,988,0,CV0025_001,303200
10939,984,0,CV0025_001,304184
10940,988,0,CV0025_001,305172
10941,1004,0,CV0025_001,306176
10942,992,0,CV0025_001,307168
10943,408,0,CV0025_001,307576
10944,568,0,CV0025_001,308144
10945,992,0,CV0025_001,309136
10946,988,0,CV0025_001,310124
10947,976,0,CV0025_001,311100
10948,484,0,CV0025_001,311584
10949,480,0,CV0025_001,312064
10950,968,0,CV0025_001,313032
10951,548,0,CV0025_001,313580
10952,420,0,CV0025_001,314000
10953,580,0,CV0025_001,314580
10954,376,0,CV0025_001,314956
10955,624,0,CV0025_001,315580
10956,316,0,CV0025_001,315896
10957,684,0,CV0025_001,316580
10958,268,0,CV0025_001,316848
10959,736,0,CV0025_001,317584
10960,216,0,CV0025_001,317800
10961,944,0,CV0025_001,318744
10962,928,0,CV0025_001,319672
10963,1876,0,CV0025_001,321548
10964,920,0,CV0025_001,322468
10965,116,0,CV0025_001,322584
10966,808,0,CV0025_001,323392
10967,196,0,CV0025_001,323588
10968,728,0,CV0025_001,324316
10969,268,0,CV0025_001,324584
10970,660,0,CV0025_001,325244
10971,344,0,CV0025_001,325588
10972,564,0,CV0025_001,326152
10973,440,0,CV0025_001,326592
10974,484,0,CV0025_001,327076
10975,928,0,CV0025_001,328004
10976,584,0,CV0025_001,328588
10977,332,0,CV0025_001,328920
10978,672,0,CV0025_001,329592
10979,252,0,CV0025_001,329844
10980,748,0,CV0025_001,330592
10981,184,0,CV0025_001,330776
10982,980,0,CV0025_001,331756
10983,1792,0,CV0025_001,333548
10984,928,0,CV0025_001,334476
10985,916,0,CV0025_001,335392
10986,912,0,CV0025_001,336304
10987,916,0,CV0025_001,337220
10988,924,0,CV0025_001,338144
10989,928,0,CV0025_001,339072
10990,924,0,CV0025_001,339996
10991,936,0,CV0025_001,340932
10992,940,0,CV0025_001,341872
10993,936,0,CV0025_001,342808
10994,932,0,CV0025_001,343740
10995,944,0,CV0025_001,344684
10996,2832,0,CV0025_001,347516
10997,948,0,CV0025_001,348464
10998,940,0,CV0025_001,349404
10999,940,0,CV0025_001,350344
11000,924,0,CV0025_001,351268
11001,916,0,CV0025_001,352184
11002,920,0,CV0025_001,353104
11003,1840,0,CV0025_001,354944
11004,912,0,CV0025_001,355856
11005,916,0,CV0025_001,356772
11006,928,0,CV0025_001,357700
11007,1856,0,CV0025_001,359556
11008,936,0,CV0025_001,360492
11009,948,0,CV0025_001,361440
11010,948,0,CV0025_001,362388
11011,940,0,CV0025_001,363328
11012,960,0,CV0025_001,364288
11013,952,0,CV0025_001,365240
11014,952,0,CV0025_001,366192
11015,960,0,CV0025_001,367152
11016,1000,1,CV0025_001,368152
11017,908,0,CV0025_001,369060
11018,948,0,CV0025_001,370008
11019,936,0,CV0025_001,370944
11020,1856,0,CV0025_001,372800
11021,928,0,CV0025_001,373728
11022,1832,0,CV0025_001,375560
11023,920,0,CV0025_001,376480
11024,136,0,CV0025_001,376616
11025,784,0,CV0025_001,377400
11026,220,0,CV0025_001,377620
11027,700,0,CV0025_001,378320
11028,292,0,CV0025_001,378612
11029,616,0,CV0025_001,379228
11030,916,0,CV0025_001,380144
11031,476,0,CV0025_001,380620
11032,436,0,CV0025_001,381056
11033,912,0,CV0025_001,381968
11034,648,0,CV0025_001,382616
11035,252,0,CV0025_001,382868
11036,900,0,CV0025_001,383768
11037,1776,0,CV0025_001,385544
11038,896,0,CV0025_001,386440
11039,180,0,CV0025_001,386620
11040,732,0,CV0025_001,387352
11041,904,0,CV0025_001,388256
11042,364,0,CV0025_001,388620
11043,552,0,CV0025_001,389172
11044,444,0,CV0025_001,389616
11045,476,0,CV0025_001,390092
11046,532,0,CV0025_001,390624
11047,392,0,CV0025_001,391016
11048,920,0,CV0025_001,391936
11049,924,0,CV0025_001,392860
11050,932,0,CV0025_001,393792
11051,828,0,CV0025_001,394620
11052,104,0,CV0025_001,394724
11053,1860,0,CV0025_001,396584
11054,924,0,CV0025_001,397508
11055,928,0,CV0025_001,398436
11056,932,0,CV0025_001,399368
11057,916,0,CV0025_001,400284
11058,340,0,CV0025_001,400624
11059,584,0,CV0025_001,401208
11060,928,0,CV0025_001,402136
11061,492,0,CV0025_001,402628
11062,428,0,CV0025_001,403056
11063,576,0,CV0025_001,403632
11064,340,0,CV0025_001,403972
11065,656,0,CV0025_001,404628
11066,268,0,CV0025_001,404896
11067,736,0,CV0025_001,405632
11068,192,0,CV0025_001,405824
11069,916,0,CV0025_001,406740
11070,1856,0,CV0025_001,408596
11071,1032,0,CV0025_001,409628
11072,812,0,CV0025_001,410440
11073,192,0,CV0025_001,410632
11074,736,0,CV0025_001,411368
11075,264,0,CV0025_001,411632
11076,660,0,CV0025_001,412292
11077,912,0,CV0025_001,413204
11078,428,0,CV0025_001,413632
11079,496,0,CV0025_001,414128
11080,932,0,CV0025_001,415060
11081,572,0,CV0025_001,415632
11082,348,0,CV0025_001,415980
11083,928,0,CV0025_001,416908
11084,728,0,CV0025_001,417636
11085,200,0,CV0025_001,417836
11086,800,0,CV0025_001,418636
11087,136,0,CV0025_001,418772
11088,868,0,CV0025_001,419640
11089,104,0,CV0025_001,419744
11090,896,0,CV0025_001,420640
11091,944,0,CV0025_001,421584
11092,956,0,CV0025_001,422540
11093,1004,1,CV0025_001,423544
11094,908,0,CV0025_001,424452
11095,968,0,CV0025_001,425420
11096,968,0,CV0025_001,426388
11097,968,0,CV0025_001,427356
11098,284,0,CV0025_001,427640
11099,676,0,CV0025_001,428316
11100,968,0,CV0025_001,429284
11101,356,0,CV0025_001,429640
11102,612,0,CV0025_001,430252
11103,392,0,CV0025_001,430644
11104,572,0,CV0025_001,431216
11105,424,0,CV0025_001,431640
11106,532,0,CV0025_001,432172
11107,472,0,CV0025_001,432644
11108,484,0,CV0025_001,433128
11109,512,0,CV0025_001,433640
11110,444,0,CV0025_001,434084
11111,556,0,CV0025_001,434640
11112,396,0,CV0025_001,435036
11113,608,0,CV0025_001,435644
11114,332,0,CV0025_001,435976
11115,944,0,CV0025_001,436920
11116,728,0,CV0025_001,437648
11117,216,0,CV0025_001,437864
11118,784,0,CV0025_001,438648
11119,168,0,CV0025_001,438816
11120,936,0,CV0025_001,439752
11121,992,0,CV0025_001,440744
11122,908,0,CV0025_001,441652
11123,948,0,CV0025_001,442600
11124,940,0,CV0025_001,443540
11125,948,0,CV0025_001,444488
11126,156,0,CV0025_001,444644
11127,796,0,CV0025_001,445440
11128,212,0,CV0025_001,445652
11129,728,0,CV0025_001,446380
11130,940,0,CV0025_001,447320
11131,328,0,CV0025_001,447648
11132,608,0,CV0025_001,448256
11133,392,0,CV0025_001,448648
11134,544,0,CV0025_001,449192
11135,920,0,CV0025_001,450112
11136,536,0,CV0025_001,450648
11137,384,0,CV0025_001,451032
11138,620,0,CV0025_001,451652
11139,352,0,CV0025_001,452004
11140,648,0,CV0025_001,452652
11141,216,0,CV0025_001,452868
11142,784,0,CV0025_001,453652
11143,128,0,CV0025_001,453780
11144,1824,0,CV0025_001,455604
11145,904,0,CV0025_001,456508
11146,148,0,CV0025_001,456656
11147,764,0,CV0025_001,457420
11148,236,0,CV0025_001,457656
11149,688,0,CV0025_001,458344
11150,920,0,CV0025_001,459264
11151,392,0,CV0025_001,459656
11152,532,0,CV0025_001,460188
11153,468,0,CV0025_001,460656
11154,464,0,CV0025_001,461120
11155,540,0,CV0025_001,461660
11156,392,0,CV0025_001,462052
11157,604,0,CV0025_001,462656
11158,320,0,CV0025_001,462976
11159,684,0,CV0025_001,463660
11160,240,0,CV0025_001,463900
11161,936,0,CV0025_001,464836
11162,928,0,CV0025_001,465764
11163,1852,0,CV0025_001,467616
11164,940,0,CV0025_001,468556
11165,940,0,CV0025_001,469496
11166,164,0,CV0025_001,469660
11167,792,0,CV0025_001,470452
11168,208,0,CV0025_001,470660
11169,748,0,CV0025_001,471408
11170,256,0,CV0025_001,471664
11171,700,0,CV0025_001,472364
11172,948,0,CV0025_001,473312
11173,948,0,CV0025_001,474260
11174,952,0,CV0025_001,475212
11175,960,0,CV0025_001,476172
11176,960,0,CV0025_001,477132
11177,536,0,CV0025_001,477668
11178,432,0,CV0025_001,478100
11179,564,0,CV0025_001,478664
11180,392,0,CV0025_001,479056
11181,608,0,CV0025_001,479664
11182,360,0,CV0025_001,480024
11183,648,0,CV0025_001,480672
11184,320,0,CV0025_001,480992
11185,960,0,CV0025_001,481952
11186,716,0,CV0025_001,482668
11187,232,0,CV0025_001,482900
11188,772,0,CV0025_001,483672
11189,180,0,CV0025_001,483852
11190,940,0,CV0025_001,484792
11191,984,0,CV0025_001,485776
11192,892,0,CV0025_001,486668
11193,940,0,CV0025_001,487608
11194,928,0,CV0025_001,488536
11195,132,0,CV0025_001,488668
11196,812,0,CV0025_001,489480
11197,952,0,CV0025_001,490432
11198,240,0,CV0025_001,490672
11199,712,0,CV0025_001,491384
11200,292,0,CV0025_001,491676
11201,652,0,CV0025_001,492328
11202,960,0,CV0025_001,493288
11203,384,0,CV0025_001,493672
11204,580,0,CV0025_001,494252
11205,952,0,CV0025_001,495204
11206,952,0,CV0025_001,496156
11207,956,0,CV0025_001,497112
11208,952,0,CV0025_001,498064
11209,936,0,CV0025_001,499000
11210,944,0,CV0025_001,499944
11211,948,0,CV0025_001,500892
11212,1876,0,CV0025_001,502768
11213,2820,0,CV0025_001,505588
11214,936,0,CV0025_001,506524
11215,944,0,CV0025_001,507468
11216,936,0,CV0025_001,508404
11217,280,0,CV0025_001,508684
11218,644,0,CV0025_001,509328
11219,932,0,CV0025_001,510260
11220,420,0,CV0025_001,510680
11221,516,0,CV0025_001,511196
11222,928,0,CV0025_001,512124
11223,560,0,CV0025_001,512684
11224,364,0,CV0025_001,513048
11225,636,0,CV0025_001,513684
11226,292,0,CV0025_001,513976
11227,940,0,CV0025_001,514916
11228,924,0,CV0025_001,515840
11229,936,0,CV0025_001,516776
11230,1868,0,CV0025_001,518644
11231,44,0,CV0025_001,518688
11232,888,0,CV0025_001,519576
11233,936,0,CV0025_001,520512
11234,924,0,CV0025_001,521436
11235,932,0,CV0025_001,522368
11236,320,0,CV0025_001,522688
11237,616,0,CV0025_001,523304
11238,384,0,CV0025_001,523688
11239,548,0,CV0025_001,524236
11240,936,0,CV0025_001,525172
11241,944,0,CV0025_001,526116
11242,952,0,CV0025_001,527068
11243,624,0,CV0025_001,527692
11244,316,0,CV0025_001,528008
11245,948,0,CV0025_001,528956
11246,736,0,CV0025_001,529692
11247,220,0,CV0025_001,529912
11248,948,0,CV0025_001,530860
11249,832,0,CV0025_001,531692
11250,164,0,CV0025_001,531856
11251,904,0,CV0025_001,532760
11252,1492,0,CV0025_001,534252
11253,408,0,CV0025_001,534660
11254,944,0,CV0025_001,535604
11255,944,0,CV0025_001,536548
11256,936,0,CV0025_001,537484
11257,928,0,CV0025_001,538412
11258,936,0,CV0025_001,539348
11259,940,0,CV0025_001,540288
11260,936,0,CV0025_001,541224
11261,944,0,CV0025_001,542168
11262,1664,0,CV0025_001,543832
11263,220,0,CV0025_001,544052
11264,944,0,CV0025_001,544996
11265,940,0,CV0025_001,545936
11266,940,0,CV0025_001,546876
11267,936,0,CV0025_001,547812
11268,888,0,CV0025_001,548700
11269,996,0,CV0025_001,549696
11270,928,0,CV0025_001,550624
11271,932,0,CV0025_001,551556
11272,932,0,CV0025_001,552488
11273,936,0,CV0025_001,553424
11274,924,0,CV0025_001,554348
11275,936,0,CV0025_001,555284
11276,940,0,CV0025_001,556224
11277,480,0,CV0025_001,556704
11278,448,0,CV0025_001,557152
11279,932,0,CV0025_001,558084
11280,936,0,CV0025_001,559020
11281,928,0,CV0025_001,559948
11282,924,0,CV0025_001,560872
11283,924,0,CV0025_001,561796
11284,920,0,CV0025_001,562716
11285,908,0,CV0025_001,563624
11286,904,0,CV0025_001,564528
11287,908,0,CV0025_001,565436
11288,908,0,CV0025_001,566344
11289,368,0,CV0025_001,566712
11290,532,0,CV0025_001,567244
11291,904,0,CV0025_001,568148
11292,912,0,CV0025_001,569060
11293,920,0,CV0025_001,569980
11294,924,0,CV0025_001,570904
11295,936,0,CV0025_001,571840
11296,1000,0,CV0025_001,572840
11297,952,0,CV0025_001,573792
11298,916,0,CV0025_001,574708
11299,964,0,CV0025_001,575672
11300,968,0,CV0025_001,576640
11301,960,0,CV0025_001,577600
11302,120,0,CV0025_001,577720
11303,840,0,CV0025_001,578560
11304,156,0,CV0025_001,578716
11305,796,0,CV0025_001,579512
11306,208,0,CV0025_001,579720
11307,744,0,CV0025_001,580464
11308,932,0,CV0025_001,581396
11309,932,0,CV0025_001,582328
11310,928,0,CV0025_001,583256
11311,972,0,CV0025_001,584228
11312,492,0,CV0025_001,584720
11313,388,0,CV0025_001,585108
11314,936,0,CV0025_001,586044
11315,932,0,CV0025_001,586976
11316,928,0,CV0025_001,587904
11317,936,0,CV0025_001,588840
11318,988,1,CV0025_001,589828
11319,888,0,CV0025_001,590716
11320,932,0,CV0025_001,591648
11321,940,0,CV0025_001,592588
11322,948,0,CV0025_001,593536
11323,192,0,CV0025_001,593728
11324,748,0,CV0025_001,594476
11325,932,0,CV0025_001,595408
11326,928,0,CV0025_001,596336
11327,392,0,CV0025_001,596728
11328,544,0,CV0025_001,597272
11329,452,0,CV0025_001,597724
11330,484,0,CV0025_001,598208
11331,520,0,CV0025_001,598728
11332,408,0,CV0025_001,599136
11333,936,0,CV0025_001,600072
11334,940,0,CV0025_001,601012
11335,944,0,CV0025_001,601956
11336,164,0,CV0025_001,602120
11337,768,0,CV0025_001,602888
11338,844,0,CV0025_001,603732
11339,1064,0,CV0025_001,604796
11340,1928,0,CV0025_001,606724
11341,940,0,CV0025_001,607664
11342,948,0,CV0025_001,608612
11343,956,0,CV0025_001,609568
11344,944,0,CV0025_001,610512
11345,936,0,CV0025_001,611448
11346,652,0,CV0025_001,612100
11347,292,0,CV0025_001,612392
11348,940,0,CV0025_001,613332
11349,936,0,CV0025_001,614268
11350,944,0,CV0025_001,615212
11351,524,0,CV0025_001,615736
11352,424,0,CV0025_001,616160
11353,576,0,CV0025_001,616736
11354,368,0,CV0025_001,617104
11355,948,0,CV0025_001,618052
11356,948,0,CV0025_001,619000
11357,736,0,CV0025_001,619736
11358,216,0,CV0025_001,619952
11359,936,0,CV0025_001,620888
11360,848,0,CV0025_001,621736
11361,96,0,CV0025_001,621832
11362,1872,0,CV0025_001,623704
11363,928,0,CV0025_001,624632
11364,928,0,CV0025_001,625560
11365,924,0,CV0025_001,626484
11366,256,0,CV0025_001,626740
11367,652,0,CV0025_001,627392
11368,912,0,CV0025_001,628304
11369,912,0,CV0025_001,629216
11370,1792,0,CV0025_001,631008
11371,900,0,CV0025_001,631908
11372,944,0,CV0025_001,632852
11373,852,0,CV0025_001,633704
11374,900,0,CV0025_001,634604
11375,904,0,CV0025_001,635508
11376,912,0,CV0025_001,636420
11377,916,0,CV0025_001,637336
11378,916,0,CV0025_001,638252
11379,500,0,CV0025_001,638752
11380,420,0,CV0025_001,639172
11381,928,0,CV0025_001,640100
11382,932,0,CV0025_001,641032
11383,716,0,CV0025_001,641748
11384,208,0,CV0025_001,641956
11385,932,0,CV0025_001,642888
11386,940,0,CV0025_001,643828
11387,928,0,CV0025_001,644756
11388,940,0,CV0025_001,645696
11389,936,0,CV0025_001,646632
11390,980,0,CV0025_001,647612
11391,140,0,CV0025_001,647752
11392,740,0,CV0025_001,648492
11393,256,0,CV0025_001,648748
11394,676,0,CV0025_001,649424
11395,944,0,CV0025_001,650368
11396,388,0,CV0025_001,650756
11397,552,0,CV0025_001,651308
11398,448,0,CV0025_001,651756
11399,264,0,CV0025_001,652020
11400,224,0,CV0025_001,652244
11401,940,0,CV0025_001,653184
11402,920,0,CV0025_001,654104
11403,652,0,CV0025_001,654756
11404,268,0,CV0025_001,655024
11405,924,0,CV0025_001,655948
11406,932,0,CV0025_001,656880
11407,980,1,CV0025_001,657860
11408,888,0,CV0025_001,658748
11409,924,0,CV0025_001,659672
11410,940,0,CV0025_001,660612
11411,144,0,CV0025_001,660756
11412,852,0,CV0025_001,661608
11413,152,0,CV0025_001,661760
11414,744,0,CV0025_001,662504
11415,932,0,CV0025_001,663436
11416,944,0,CV0025_001,664380
11417,380,0,CV0025_001,664760
11418,560,0,CV0025_001,665320
11419,932,0,CV0025_001,666252
11420,512,0,CV0025_001,666764
11421,424,0,CV0025_001,667188
11422,940,0,CV0025_001,668128
11423,924,0,CV0025_001,669052
11424,924,0,CV0025_001,669976
11425,924,0,CV0025_001,670900
11426,960,0,CV0025_001,671860
11427,124,0,CV0025_001,671984
11428,744,0,CV0025_001,672728
11429,912,0,CV0025_001,673640
11430,124,0,CV0025_001,673764
11431,788,0,CV0025_001,674552
11432,900,0,CV0025_001,675452
11433,904,0,CV0025_001,676356
11434,900,0,CV0025_001,677256
11435,888,0,CV0025_001,678144
11436,884,0,CV0025_001,679028
11437,752,0,CV0025_001,679780
11438,120,0,CV0025_001,679900
11439,872,0,CV0025_001,680772
11440,868,0,CV0025_001,681640
11441,864,0,CV0025_001,682504
11442,856,0,CV0025_001,683360
11443,412,0,CV0025_001,683772
11444,444,0,CV0025_001,684216
11445,856,0,CV0025_001,685072
11446,860,0,CV0025_001,685932
11447,848,0,CV0025_001,686780
11448,864,0,CV0025_001,687644
11449,860,0,CV0025_001,688504
11450,860,0,CV0025_001,689364
11451,408,0,CV0025_001,689772
11452,448,0,CV0025_001,690220
11453,864,0,CV0025_001,691084
11454,864,0,CV0025_001,691948
11455,1728,0,CV0025_001,693676
11456,864,0,CV0025_001,694540
11457,876,0,CV0025_001,695416
11458,880,0,CV0025_001,696296
11459,880,0,CV0025_001,697176
11460,888,0,CV0025_001,698064
11461,892,0,CV0025_001,698956
11462,896,0,CV0025_001,699852
11463,896,0,CV0025_001,700748
11464,900,0,CV0025_001,701648
11465,896,0,CV0025_001,702544
11466,240,0,CV0025_001,702784
11467,656,0,CV0025_001,703440
11468,344,0,CV0025_001,703784
11469,552,0,CV0025_001,704336
11470,444,0,CV0025_001,704780
11471,436,0,CV0025_001,705216
11472,564,0,CV0025_001,705780
11473,320,0,CV0025_001,706100
11474,892,0,CV0025_001,706992
11475,880,0,CV0025_001,707872
11476,876,0,CV0025_001,708748
11477,876,0,CV0025_001,709624
11478,880,0,CV0025_001,710504
11479,880,0,CV0025_001,711384
11480,396,0,CV0025_001,711780
11481,476,0,CV0025_001,712256
11482,528,0,CV0025_001,712784
11483,344,0,CV0025_001,713128
11484,660,0,CV0025_001,713788
11485,216,0,CV0025_001,714004
11486,780,0,CV0025_001,714784
11487,92,0,CV0025_001,714876
11488,908,0,CV0025_001,715784
11489,832,0,CV0025_001,716616
11490,872,0,CV0025_001,717488
11491,876,0,CV0025_001,718364
11492,424,0,CV0025_001,718788
11493,456,0,CV0025_001,719244
11494,544,0,CV0025_001,719788
11495,332,0,CV0025_001,720120
11496,868,0,CV0025_001,720988
11497,804,0,CV0025_001,721792
11498,904,0,CV0025_001,722696
11499,840,0,CV0025_001,723536
11500,836,0,CV0025_001,724372
11501,840,0,CV0025_001,725212
11502,844,0,CV0025_001,726056
11503,840,0,CV0025_001,726896
11504,896,0,CV0025_001,727792
11505,816,0,CV0025_001,728608
11506,184,0,CV0025_001,728792
11507,684,0,CV0025_001,729476
11508,324,0,CV0025_001,729800
11509,548,0,CV0025_001,730348
11510,876,0,CV0025_001,731224
11511,884,0,CV0025_001,732108
11512,884,0,CV0025_001,732992
11513,892,0,CV0025_001,733884
11514,900,0,CV0025_001,734784
11515,904,0,CV0025_001,735688
11516,920,0,CV0025_001,736608
11517,928,0,CV0025_001,737536
11518,260,0,CV0025_001,737796
11519,680,0,CV0025_001,738476
11520,940,0,CV0025_001,739416
11521,940,0,CV0025_001,740356
11522,440,0,CV0025_001,740796
11523,500,0,CV0025_001,741296
11524,504,0,CV0025_001,741800
11525,440,0,CV0025_001,742240
11526,932,0,CV0025_001,743172
11527,924,0,CV0025_001,744096
11528,932,0,CV0025_001,745028
11529,928,0,CV0025_001,745956
11530,968,1,CV0025_001,746924
11531,876,0,CV0025_001,747800
11532,904,0,CV0025_001,748704
11533,904,0,CV0025_001,749608
11534,900,0,CV0025_001,750508
11535,888,0,CV0025_001,751396
11536,888,0,CV0025_001,752284
11537,880,0,CV0025_001,753164
11538,872,0,CV0025_001,754036
11539,868,0,CV0025_001,754904
11540,872,0,CV0025_001,755776
11541,868,0,CV0025_001,756644
11542,168,0,CV0025_001,756812
11543,696,0,CV0025_001,757508
11544,304,0,CV0025_001,757812
11545,564,0,CV0025_001,758376
11546,432,0,CV0025_001,758808
11547,436,0,CV0025_001,759244
11548,864,0,CV0025_001,760108
11549,704,0,CV0025_001,760812
11550,168,0,CV0025_001,760980
11551,832,0,CV0025_001,761812
11552,912,0,CV0025_001,762724
11553,868,0,CV0025_001,763592
11554,880,0,CV0025_001,764472
11555,336,0,CV0025_001,764808
11556,596,0,CV0025_001,765404
11557,404,0,CV0025_001,765808
11558,428,0,CV0025_001,766236
11559,892,0,CV0025_001,767128
11560,896,0,CV0025_001,768024
11561,904,0,CV0025_001,768928
11562,1820,0,CV0025_001,770748
11563,924,0,CV0025_001,771672
11564,928,0,CV0025_001,772600
11565,924,0,CV0025_001,773524
11566,932,0,CV0025_001,774456
11567,356,0,CV0025_001,774812
11568,580,0,CV0025_001,775392
11569,424,0,CV0025_001,775816
11570,564,0,CV0025_001,776380
11571,896,0,CV0025_001,777276
11572,948,0,CV0025_001,778224
11573,948,0,CV0025_001,779172
11574,648,0,CV0025_001,779820
11575,300,0,CV0025_001,780120
11576,948,0,CV0025_001,781068
11577,948,0,CV0025_001,782016
11578,948,0,CV0025_001,782964
11579,996,0,CV0025_001,783960
11580,1856,0,CV0025_001,785816
11581,948,0,CV0025_001,786764
11582,944,0,CV0025_001,787708
11583,116,0,CV0025_001,787824
11584,816,0,CV0025_001,788640
11585,188,0,CV0025_001,788828
11586,728,0,CV0025_001,789556
11587,272,0,CV0025_001,789828
11588,644,0,CV0025_001,790472
11589,352,0,CV0025_001,790824
11590,560,0,CV0025_001,791384
11591,952,0,CV0025_001,792336
11592,492,0,CV0025_001,792828
11593,364,0,CV0025_001,793192
11594,636,0,CV0025_001,793828
11595,272,0,CV0025_001,794100
11596,900,0,CV0025_001,795000
11597,900,0,CV0025_001,795900
11598,896,0,CV0025_001,796796
11599,900,0,CV0025_001,797696
11600,888,0,CV0025_001,798584
11601,896,0,CV0025_001,799480
11602,344,0,CV0025_001,799824
11603,548,0,CV0025_001,800372
11604,888,0,CV0025_001,801260
11605,888,0,CV0025_001,802148
11606,888,0,CV0025_001,803036
11607,880,0,CV0025_001,803916
11608,884,0,CV0025_001,804800
11609,892,0,CV0025_001,805692
11610,888,0,CV0025_001,806580
11611,888,0,CV0025_001,807468
11612,368,0,CV0025_001,807836
11613,528,0,CV0025_001,808364
11614,472,0,CV0025_001,808836
11615,1316,0,CV0025_001,810152
11616,896,0,CV0025_001,811048
11617,896,0,CV0025_001,811944
11618,892,0,CV0025_001,812836
11619,900,0,CV0025_001,813736
11620,100,0,CV0025_001,813836
11621,808,0,CV0025_001,814644
11622,196,0,CV0025_001,814840
11623,716,0,CV0025_001,815556
11624,916,0,CV0025_001,816472
11625,924,0,CV0025_001,817396
11626,928,0,CV0025_001,818324
11627,968,0,CV0025_001,819292
11628,552,0,CV0025_001,819844
11629,332,0,CV0025_001,820176
11630,664,0,CV0025_001,820840
11631,264,0,CV0025_001,821104
11632,740,0,CV0025_001,821844
11633,196,0,CV0025_001,822040
11634,804,0,CV0025_001,822844
11635,132,0,CV0025_001,822976
11636,944,0,CV0025_001,823920
11637,2840,0,CV0025_001,826760
11638,944,0,CV0025_001,827704
11639,948,0,CV0025_001,828652
11640,192,0,CV0025_001,828844
11641,752,0,CV0025_001,829596
11642,940,0,CV0025_001,830536
11643,308,0,CV0025_001,830844
11644,636,0,CV0025_001,831480
11645,368,0,CV0025_001,831848
11646,576,0,CV0025_001,832424
11647,944,0,CV0025_001,833368
11648,480,0,CV0025_001,833848
11649,460,0,CV0025_001,834308
11650,540,0,CV0025_001,834848
11651,400,0,CV0025_001,835248
11652,600,0,CV0025_001,835848
11653,336,0,CV0025_001,836184
11654,932,0,CV0025_001,837116
11655,928,0,CV0025_001,838044
11656,932,0,CV0025_001,838976
11657,972,0,CV0025_001,839948
11658,1796,0,CV0025_001,841744
11659,916,0,CV0025_001,842660
11660,908,0,CV0025_001,843568
11661,904,0,CV0025_001,844472
11662,900,0,CV0025_001,845372
11663,484,0,CV0025_001,845856
11664,416,0,CV0025_001,846272
11665,580,0,CV0025_001,846852
11666,308,0,CV0025_001,847160
11667,888,0,CV0025_001,848048
11668,884,0,CV0025_001,848932
11669,880,0,CV0025_001,849812
11670,920,0,CV0025_001,850732
11671,832,0,CV0025_001,851564
11672,292,0,CV0025_001,851856
11673,576,0,CV0025_001,852432
11674,864,0,CV0025_001,853296
11675,560,0,CV0025_001,853856
11676,300,0,CV0025_001,854156
11677,860,0,CV0025_001,855016
11678,856,0,CV0025_001,855872
11679,356,0,CV0025_001,856228
11680,496,0,CV0025_001,856724
11681,852,0,CV0025_001,857576
11682,284,0,CV0025_001,857860
11683,564,0,CV0025_001,858424
11684,844,0,CV0025_001,859268
11685,836,0,CV0025_001,860104
11686,756,0,CV0025_001,860860
11687,84,0,CV0025_001,860944
11688,836,0,CV0025_001,861780
11689,832,0,CV0025_001,862612
11690,828,0,CV0025_001,863440
11691,420,0,CV0025_001,863860
11692,412,0,CV0025_001,864272
11693,824,0,CV0025_001,865096
11694,864,0,CV0025_001,865960
11695,776,0,CV0025_001,866736
11696,816,0,CV0025_001,867552
11697,316,0,CV0025_001,867868
11698,500,0,CV0025_001,868368
11699,808,0,CV0025_001,869176
11700,812,0,CV0025_001,869988
11701,812,0,CV0025_001,870800
11702,72,0,CV0025_001,870872
11703,736,0,CV0025_001,871608
11704,812,0,CV0025_001,872420
11705,812,0,CV0025_001,873232
11706,816,0,CV0025_001,874048
11707,816,0,CV0025_001,874864
11708,812,0,CV0025_001,875676
11709,816,0,CV0025_001,876492
11710,820,0,CV0025_001,877312
11711,560,0,CV0025_001,877872
11712,268,0,CV0025_001,878140
11713,820,0,CV0025_001,878960
11714,824,0,CV0025_001,879784
11715,1084,0,CV0025_001,880868
11716,576,0,CV0025_001,881444
11717,636,0,CV0025_001,882080
11718,200,0,CV0025_001,882280
11719,836,0,CV0025_001,883116
11720,844,0,CV0025_001,883960
11721,844,0,CV0025_001,884804
11722,848,0,CV0025_001,885652
11723,224,0,CV0025_001,885876
11724,628,0,CV0025_001,886504
11725,844,0,CV0025_001,887348
11726,520,0,CV0025_001,887868
11727,336,0,CV0025_001,888204
11728,668,0,CV0025_001,888872
11729,188,0,CV0025_001,889060
11730,812,0,CV0025_001,889872
11731,92,0,CV0025_001,889964
11732,820,0,CV0025_001,890784
11733,864,0,CV0025_001,891648
11734,864,0,CV0025_001,892512
11735,360,0,CV0025_001,892872
11736,508,0,CV0025_001,893380
11737,496,0,CV0025_001,893876
11738,368,0,CV0025_001,894244
11739,860,0,CV0025_001,895104
11740,860,0,CV0025_001,895964
11741,856,0,CV0025_001,896820
11742,52,0,CV0025_001,896872
11743,680,0,CV0025_001,897552
11744,124,0,CV0025_001,897676
11745,200,0,CV0025_001,897876
11746,648,0,CV0025_001,898524
11747,852,0,CV0025_001,899376
11748,508,0,CV0025_001,899884
11749,348,0,CV0025_001,900232
11750,648,0,CV0025_001,900880
11751,204,0,CV0025_001,901084
11752,900,0,CV0025_001,901984
11753,804,0,CV0025_001,902788
11754,852,0,CV0025_001,903640
11755,240,0,CV0025_001,903880
11756,600,0,CV0025_001,904480
11757,404,0,CV0025_001,904884
11758,432,0,CV0025_001,905316
11759,568,0,CV0025_001,905884
11760,264,0,CV0025_001,906148
11761,308,0,CV0025_001,906456
11762,516,0,CV0025_001,906972
11763,208,0,CV0025_001,907180
11764,708,0,CV0025_001,907888
11765,724,0,CV0025_001,908612
11766,816,0,CV0025_001,909428
11767,812,0,CV0025_001,910240
11768,808,0,CV0025_001,911048
11769,812,0,CV0025_001,911860
11770,808,0,CV0025_001,912668
11771,216,0,CV0025_001,912884
11772,584,0,CV0025_001,913468
11773,796,0,CV0025_001,914264
11774,624,0,CV0025_001,914888
11775,224,0,CV0025_001,915112
11776,756,0,CV0025_001,915868
11777,804,0,CV0025_001,916672
11778,796,0,CV0025_001,917468
11779,804,0,CV0025_001,918272
11780,812,0,CV0025_001,919084
11781,816,0,CV0025_001,919900
11782,812,0,CV0025_001,920712
11783,824,0,CV0025_001,921536
11784,832,0,CV0025_001,922368
11785,840,0,CV0025_001,923208
11786,848,0,CV0025_001,924056
11787,848,0,CV0025_001,924904
11788,860,0,CV0025_001,925764
11789,872,0,CV0025_001,926636
11790,872,0,CV0025_001,927508
11791,876,0,CV0025_001,928384
11792,884,0,CV0025_001,929268
11793,892,0,CV0025_001,930160
11794,896,0,CV0025_001,931056
11795,936,0,CV0025_001,931992
11796,840,0,CV0025_001,932832
11797,876,0,CV0025_001,933708
11798,192,0,CV0025_001,933900
11799,692,0,CV0025_001,934592
11800,868,0,CV0025_001,935460
11801,436,0,CV0025_001,935896
11802,440,0,CV0025_001,936336
11803,880,0,CV0025_001,937216
11804,876,0,CV0025_001,938092
11805,868,0,CV0025_001,938960
11806,864,0,CV0025_001,939824
11807,868,0,CV0025_001,940692
11808,864,0,CV0025_001,941556
11809,864,0,CV0025_001,942420
11810,856,0,CV0025_001,943276
11811,628,0,CV0025_001,943904
11812,224,0,CV0025_001,944128
11813,852,0,CV0025_001,944980
11814,844,0,CV0025_001,945824
11815,836,0,CV0025_001,946660
11816,1652,0,CV0025_001,948312
11817,820,0,CV0025_001,949132
11818,1632,0,CV0025_001,950764
11819,812,0,CV0025_001,951576
11820,812,0,CV0025_001,952388
11821,812,0,CV0025_001,953200
11822,816,0,CV0025_001,954016
11823,812,0,CV0025_001,954828
11824,808,0,CV0025_001,955636
11825,820,0,CV0025_001,956456
11826,824,0,CV0025_001,957280
11827,824,0,CV0025_001,958104
11828,1684,0,CV0025_001,959788
11829,852,0,CV0025_001,960640
11830,860,0,CV0025_001,961500
11831,856,0,CV0025_001,962356
11832,864,0,CV0025_001,963220
11833,864,0,CV0025_001,964084
11834,1724,0,CV0025_001,965808
11835,864,0,CV0025_001,966672
11836,864,0,CV0025_001,967536
11837,868,0,CV0025_001,968404
11838,868,0,CV0025_001,969272
11839,872,0,CV0025_001,970144
11840,884,0,CV0025_001,971028
11841,888,0,CV0025_001,971916
11842,892,0,CV0025_001,972808
11843,896,0,CV0025_001,973704
11844,908,0,CV0025_001,974612
11845,912,0,CV0025_001,975524
11846,960,1,CV0025_001,976484
11847,868,0,CV0025_001,977352
11848,924,0,CV0025_001,978276
11849,916,0,CV0025_001,979192
11850,912,0,CV0025_001,980104
11851,956,1,CV0025_001,981060
11852,860,0,CV0025_001,981920
11853,888,0,CV0025_001,982808
11854,884,0,CV0025_001,983692
11855,884,0,CV0025_001,984576
11856,876,0,CV0025_001,985452
11857,868,0,CV0025_001,986320
11858,852,0,CV0025_001,987172
11859,848,0,CV0025_001,988020
11860,836,0,CV0025_001,988856
11861,68,0,CV0025_001,988924
11862,760,0,CV0025_001,989684
11863,252,0,CV0025_001,989936
11864,564,0,CV0025_001,990500
11865,424,0,CV0025_001,990924
11866,392,0,CV0025_001,991316
11867,816,0,CV0025_001,992132
11868,236,0,CV0025_001,992368
11869,572,0,CV0025_001,992940
11870,816,0,CV0025_001,993756
11871,176,0,CV0025_001,993932
11872,640,0,CV0025_001,994572
11873,368,0,CV0025_001,994940
11874,444,0,CV0025_001,995384
11875,548,0,CV0025_001,995932
11876,268,0,CV0025_001,996200
11877,824,0,CV0025_001,997024
11878,820,0,CV0025_001,997844
11879,828,0,CV0025_001,998672
11880,260,0,CV0025_001,998932
11881,564,0,CV0025_001,999496
11882,824,0,CV0025_001,1000320
11883,836,0,CV0025_001,1001156
11884,880,0,CV0025_001,1002036
11885,796,0,CV0025_001,1002832
11886,852,0,CV0025_001,1003684
11887,252,0,CV0025_001,1003936
11888,608,0,CV0025_001,1004544
11889,392,0,CV0025_001,1004936
11890,468,0,CV0025_001,1005404
11891,868,0,CV0025_001,1006272
11892,664,0,CV0025_001,1006936
11893,216,0,CV0025_001,1007152
11894,780,0,CV0025_001,1007932
11895,100,0,CV0025_001,1008032
11896,892,0,CV0025_001,1008924
11897,896,0,CV0025_001,1009820
11898,892,0,CV0025_001,1010712
11899,224,0,CV0025_001,1010936
11900,676,0,CV0025_001,1011612
11901,904,0,CV0025_001,1012516
11902,904,0,CV0025_001,1013420
11903,912,0,CV0025_001,1014332
11904,608,0,CV0025_001,1014940
11905,304,0,CV0025_001,1015244
11906,696,0,CV0025_001,1015940
11907,228,0,CV0025_001,1016168
11908,924,0,CV0025_001,1017092
11909,224,0,CV0025_001,1017316
11910,712,0,CV0025_001,1018028
11911,1852,0,CV0025_001,1019880
11912,924,0,CV0025_001,1020804
11913,928,0,CV0025_001,1021732
11914,208,0,CV0025_001,1021940
11915,720,0,CV0025_001,1022660
11916,284,0,CV0025_001,1022944
11917,636,0,CV0025_001,1023580
11918,364,0,CV0025_001,1023944
11919,556,0,CV0025_001,1024500
11920,920,0,CV0025_001,1025420
11921,524,0,CV0025_001,1025944
11922,1308,0,CV0025_001,1027252
11923,692,0,CV0025_001,1027944
11924,212,0,CV0025_001,1028156
11925,892,0,CV0025_001,1029048
11926,888,0,CV0025_001,1029936
11927,884,0,CV0025_001,1030820
11928,888,0,CV0025_001,1031708
11929,236,0,CV0025_001,1031944
11930,644,0,CV0025_001,1032588
11931,884,0,CV0025_001,1033472
11932,476,0,CV0025_001,1033948
11933,404,0,CV0025_001,1034352
11934,596,0,CV0025_001,1034948
11935,272,0,CV0025_001,1035220
11936,864,0,CV0025_001,1036084
11937,860,0,CV0025_001,1036944
11938,860,0,CV0025_001,1037804
11939,856,0,CV0025_001,1038660
11940,292,0,CV0025_001,1038952
11941,564,0,CV0025_001,1039516
11942,848,0,CV0025_001,1040364
11943,848,0,CV0025_001,1041212
11944,852,0,CV0025_001,1042064
11945,844,0,CV0025_001,1042908
11946,44,0,CV0025_001,1042952
11947,804,0,CV0025_001,1043756
11948,200,0,CV0025_001,1043956
11949,640,0,CV0025_001,1044596
11950,840,0,CV0025_001,1045436
11951,516,0,CV0025_001,1045952
11952,324,0,CV0025_001,1046276
11953,832,0,CV0025_001,1047108
11954,824,0,CV0025_001,1047932
11955,820,0,CV0025_001,1048752
11956,820,0,CV0025_001,1049572
11957,384,0,CV0025_001,1049956
11958,436,0,CV0025_001,1050392
11959,564,0,CV0025_001,1050956
11960,248,0,CV0025_001,1051204
11961,824,0,CV0025_001,1052028
11962,836,0,CV0025_001,1052864
11963,836,0,CV0025_001,1053700
11964,844,0,CV0025_001,1054544
11965,868,0,CV0025_001,1055412
11966,888,0,CV0025_001,1056300
11967,660,0,CV0025_001,1056960
11968,248,0,CV0025_001,1057208
11969,752,0,CV0025_001,1057960
11970,160,0,CV0025_001,1058120
11971,844,0,CV0025_001,1058964
11972,100,0,CV0025_001,1059064
11973,1012,0,CV0025_001,1060076
11974,1884,0,CV0025_001,1061960
11975,984,0,CV0025_001,1062944
11976,980,0,CV0025_001,1063924
11977,980,0,CV0025_001,1064904
11978,984,0,CV0025_001,1065888
11979,980,0,CV0025_001,1066868
11980,956,0,CV0025_001,1067824
11981,144,0,CV0025_001,1067968
11982,804,0,CV0025_001,1068772
11983,196,0,CV0025_001,1068968
11984,752,0,CV0025_001,1069720
11985,936,0,CV0025_001,1070656
11986,312,0,CV0025_001,1070968
11987,612,0,CV0025_001,1071580
11988,388,0,CV0025_001,1071968
11989,532,0,CV0025_001,1072500
11990,904,0,CV0025_001,1073404
11991,904,0,CV0025_001,1074308
11992,884,0,CV0025_001,1075192
11993,884,0,CV0025_001,1076076
11994,888,0,CV0025_001,1076964
11995,880,0,CV0025_001,1077844
11996,876,0,CV0025_001,1078720
11997,880,0,CV0025_001,1079600
11998,372,0,CV0025_001,1079972
11999,508,0,CV0025_001,1080480
12000,492,0,CV0025_001,1080972
12001,388,0,CV0025_001,1081360
12002,608,0,CV0025_001,1081968
12003,1004,0,CV0025_001,1082972
12004,144,0,CV0025_001,1083116
12005,1776,0,CV0025_001,1084892
12006,888,0,CV0025_001,1085780
12007,888,0,CV0025_001,1086668
12008,888,0,CV0025_001,1087556
12009,420,0,CV0025_001,1087976
12010,456,0,CV0025_001,1088432
12011,872,0,CV0025_001,1089304
12012,868,0,CV0025_001,1090172
12013,804,0,CV0025_001,1090976
12014,108,0,CV0025_001,1091084
12015,828,0,CV0025_001,1091912
12016,868,0,CV0025_001,1092780
12017,876,0,CV0025_001,1093656
12018,860,0,CV0025_001,1094516
12019,860,0,CV0025_001,1095376
12020,860,0,CV0025_001,1096236
12021,864,0,CV0025_001,1097100
12022,852,0,CV0025_001,1097952
12023,856,0,CV0025_001,1098808
12024,176,0,CV0025_001,1098984
12025,684,0,CV0025_001,1099668
12026,864,0,CV0025_001,1100532
12027,456,0,CV0025_001,1100988
12028,424,0,CV0025_001,1101412
12029,568,0,CV0025_001,1101980
12030,316,0,CV0025_001,1102296
12031,944,0,CV0025_001,1103240
12032,416,0,CV0025_001,1103656
12033,448,0,CV0025_001,1104104
12034,1804,0,CV0025_001,1105908
12035,908,0,CV0025_001,1106816
12036,904,0,CV0025_001,1107720
12037,900,0,CV0025_001,1108620
12038,904,0,CV0025_001,1109524
12039,904,0,CV0025_001,1110428
12040,904,0,CV0025_001,1111332
12041,908,0,CV0025_001,1112240
12042,748,0,CV0025_001,1112988
12043,168,0,CV0025_001,1113156
12044,912,0,CV0025_001,1114068
12045,912,0,CV0025_001,1114980
12046,924,0,CV0025_001,1115904
12047,924,0,CV0025_001,1116828
12048,924,0,CV0025_001,1117752
12049,1248,0,CV0025_001,1119000
12050,572,0,CV0025_001,1119572
12051,420,0,CV0025_001,1119992
12052,496,0,CV0025_001,1120488
12053,500,0,CV0025_001,1120988
12054,404,0,CV0025_001,1121392
12055,604,0,CV0025_001,1121996
12056,296,0,CV0025_001,1122292
12057,908,0,CV0025_001,1123200
12058,796,0,CV0025_001,1123996
12059,116,0,CV0025_001,1124112
12060,1812,0,CV0025_001,1125924
12061,904,0,CV0025_001,1126828
12062,168,0,CV0025_001,1126996
12063,740,0,CV0025_001,1127736
12064,908,0,CV0025_001,1128644
12065,348,0,CV0025_001,1128992
12066,564,0,CV0025_001,1129556
12067,916,0,CV0025_001,1130472
12068,920,0,CV0025_001,1131392
12069,920,0,CV0025_001,1132312
12070,916,0,CV0025_001,1133228
12071,920,0,CV0025_001,1134148
12072,1852,0,CV0025_001,1136000
12073,932,0,CV0025_001,1136932
12074,936,0,CV0025_001,1137868
12075,940,0,CV0025_001,1138808
12076,196,0,CV0025_001,1139004
12077,732,0,CV0025_001,1139736
12078,940,0,CV0025_001,1140676
12079,332,0,CV0025_001,1141008
12080,600,0,CV0025_001,1141608
12081,396,0,CV0025_001,1142004
12082,520,0,CV0025_001,1142524
12083,908,0,CV0025_001,1143432
12084,900,0,CV0025_001,1144332
12085,908,0,CV0025_001,1145240
12086,764,0,CV0025_001,1146004
12087,128,0,CV0025_001,1146132
12088,880,0,CV0025_001,1147012
12089,884,0,CV0025_001,1147896
12090,872,0,CV0025_001,1148768
12091,236,0,CV0025_001,1149004
12092,632,0,CV0025_001,1149636
12093,372,0,CV0025_001,1150008
12094,500,0,CV0025_001,1150508
12095,500,0,CV0025_001,1151008
12096,376,0,CV0025_001,1151384
12097,628,0,CV0025_001,1152012
12098,256,0,CV0025_001,1152268
12099,872,0,CV0025_001,1153140
12100,1788,0,CV0025_001,1154928
12101,904,0,CV0025_001,1155832
12102,900,0,CV0025_001,1156732
12103,896,0,CV0025_001,1157628
12104,916,0,CV0025_001,1158544
12105,916,0,CV0025_001,1159460
12106,664,0,CV0025_001,1160124
12107,256,0,CV0025_001,1160380
12108,912,0,CV0025_001,1161292
12109,924,0,CV0025_001,1162216
12110,924,0,CV0025_001,1163140
12111,972,0,CV0025_001,1164112
12112,1812,0,CV0025_001,1165924
12113,932,0,CV0025_001,1166856
12114,928,0,CV0025_001,1167784
12115,924,0,CV0025_001,1168708
12116,316,0,CV0025_001,1169024
12117,604,0,CV0025_001,1169628
12118,972,0,CV0025_001,1170600
12119,884,0,CV0025_001,1171484
12120,932,0,CV0025_001,1172416
12121,936,0,CV0025_001,1173352
12122,928,0,CV0025_001,1174280
12123,932,0,CV0025_001,1175212
12124,932,0,CV0025_001,1176144
12125,980,0,CV0025_001,1177124
12126,1804,0,CV0025_001,1178928
12127,924,0,CV0025_001,1179852
12128,908,0,CV0025_001,1180760
12129,908,0,CV0025_001,1181668
12130,944,1,CV0025_001,1182612
12131,844,0,CV0025_001,1183456
12132,888,0,CV0025_001,1184344
12133,884,0,CV0025_001,1185228
12134,884,0,CV0025_001,1186112
12135,868,0,CV0025_001,1186980
12136,44,0,CV0025_001,1187024
12137,820,0,CV0025_001,1187844
12138,868,0,CV0025_001,1188712
12139,864,0,CV0025_001,1189576
12140,856,0,CV0025_001,1190432
12141,860,0,CV0025_001,1191292
12142,864,0,CV0025_001,1192156
12143,860,0,CV0025_001,1193016
12144,860,0,CV0025_001,1193876
12145,156,0,CV0025_001,1194032
12146,708,0,CV0025_001,1194740
12147,868,0,CV0025_001,1195608
12148,424,0,CV0025_001,1196032
12149,444,0,CV0025_001,1196476
12150,556,0,CV0025_001,1197032
12151,312,0,CV0025_001,1197344
12152,876,0,CV0025_001,1198220
12153,920,0,CV0025_001,1199140
12154,828,0,CV0025_001,1199968
12155,880,0,CV0025_001,1200848
12156,188,0,CV0025_001,1201036
12157,692,0,CV0025_001,1201728
12158,308,0,CV0025_001,1202036
12159,576,0,CV0025_001,1202612
12160,420,0,CV0025_001,1203032
12161,448,0,CV0025_001,1203480
12162,556,0,CV0025_001,1204036
12163,324,0,CV0025_001,1204360
12164,880,0,CV0025_001,1205240
12165,872,0,CV0025_001,1206112
12166,756,0,CV0025_001,1206868
12167,120,0,CV0025_001,1206988
12168,880,0,CV0025_001,1207868
12169,876,0,CV0025_001,1208744
12170,876,0,CV0025_001,1209620
12171,880,0,CV0025_001,1210500
12172,880,0,CV0025_001,1211380
12173,876,0,CV0025_001,1212256
12174,192,0,CV0025_001,1212448
12175,684,0,CV0025_001,1213132
12176,876,0,CV0025_001,1214008
12177,40,0,CV0025_001,1214048
12178,836,0,CV0025_001,1214884
12179,864,0,CV0025_001,1215748
12180,868,0,CV0025_001,1216616
12181,864,0,CV0025_001,1217480
12182,564,0,CV0025_001,1218044
12183,296,0,CV0025_001,1218340
12184,856,0,CV0025_001,1219196
12185,840,0,CV0025_001,1220036
12186,848,0,CV0025_001,1220884
12187,836,0,CV0025_001,1221720
12188,328,0,CV0025_001,1222048
12189,508,0,CV0025_001,1222556
12190,492,0,CV0025_001,1223048
12191,348,0,CV0025_001,1223396
12192,652,0,CV0025_001,1224048
12193,184,0,CV0025_001,1224232
12194,1664,0,CV0025_001,1225896
12195,836,0,CV0025_001,1226732
12196,316,0,CV0025_001,1227048
12197,520,0,CV0025_001,1227568
12198,840,0,CV0025_001,1228408
12199,844,0,CV0025_001,1229252
12200,900,0,CV0025_001,1230152
12201,804,0,CV0025_001,1230956
12202,860,0,CV0025_001,1231816
12203,592,0,CV0025_001,1232408
12204,276,0,CV0025_001,1232684
12205,860,0,CV0025_001,1233544
12206,864,0,CV0025_001,1234408
12207,640,0,CV0025_001,1235048
12208,228,0,CV0025_001,1235276
12209,772,0,CV0025_001,1236048
12210,100,0,CV0025_001,1236148
12211,912,0,CV0025_001,1237060
12212,836,0,CV0025_001,1237896
12213,876,0,CV0025_001,1238772
12214,876,0,CV0025_001,1239648
12215,880,0,CV0025_001,1240528
12216,524,0,CV0025_001,1241052
12217,356,0,CV0025_001,1241408
12218,880,0,CV0025_001,1242288
12219,872,0,CV0025_001,1243160
12220,1744,0,CV0025_001,1244904
12221,868,0,CV0025_001,1245772
12222,284,0,CV0025_001,1246056
12223,580,0,CV0025_001,1246636
12224,864,0,CV0025_001,1247500
12225,860,0,CV0025_001,1248360
12226,852,0,CV0025_001,1249212
12227,1716,0,CV0025_001,1250928
12228,132,0,CV0025_001,1251060
12229,724,0,CV0025_001,1251784
12230,276,0,CV0025_001,1252060
12231,572,0,CV0025_001,1252632
12232,852,0,CV0025_001,1253484
12233,840,0,CV0025_001,1254324
12234,836,0,CV0025_001,1255160
12235,836,0,CV0025_001,1255996
12236,836,0,CV0025_001,1256832
12237,840,0,CV0025_001,1257672
12238,840,0,CV0025_001,1258512
12239,840,0,CV0025_001,1259352
12240,840,0,CV0025_001,1260192
12241,884,0,CV0025_001,1261076
12242,988,0,CV0025_001,1262064
12243,668,0,CV0025_001,1262732
12244,848,0,CV0025_001,1263580
12245,484,0,CV0025_001,1264064
12246,368,0,CV0025_001,1264432
12247,632,0,CV0025_001,1265064
12248,216,0,CV0025_001,1265280
12249,788,0,CV0025_001,1266068
12250,108,0,CV0025_001,1266176
12251,808,0,CV0025_001,1266984
12252,860,0,CV0025_001,1267844
12253,224,0,CV0025_001,1268068
12254,640,0,CV0025_001,1268708
12255,860,0,CV0025_001,1269568
12256,864,0,CV0025_001,1270432
12257,912,0,CV0025_001,1271344
12258,828,0,CV0025_001,1272172
12259,868,0,CV0025_001,1273040
12260,40,0,CV0025_001,1273080
12261,832,0,CV0025_001,1273912
12262,872,0,CV0025_001,1274784
12263,876,0,CV0025_001,1275660
12264,872,0,CV0025_001,1276532
12265,876,0,CV0025_001,1277408
12266,876,0,CV0025_001,1278284
12267,872,0,CV0025_001,1279156
12268,876,0,CV0025_001,1280032
12269,884,0,CV0025_001,1280916
12270,872,0,CV0025_001,1281788
12271,288,0,CV0025_001,1282076
12272,584,0,CV0025_001,1282660
12273,416,0,CV0025_001,1283076
12274,456,0,CV0025_001,1283532
12275,540,0,CV0025_001,1284072
12276,332,0,CV0025_001,1284404
12277,676,0,CV0025_001,1285080
12278,188,0,CV0025_001,1285268
12279,908,0,CV0025_001,1286176
12280,820,0,CV0025_001,1286996
12281,864,0,CV0025_001,1287860
12282,220,0,CV0025_001,1288080
12283,632,0,CV0025_001,1288712
12284,848,0,CV0025_001,1289560
12285,844,0,CV0025_001,1290404
12286,840,0,CV0025_001,1291244
12287,828,0,CV0025_001,1292072
12288,828,0,CV0025_001,1292900
12289,184,0,CV0025_001,1293084
12290,640,0,CV0025_001,1293724
12291,812,0,CV0025_001,1294536
12292,816,0,CV0025_001,1295352
12293,732,0,CV0025_001,1296084
12294,80,0,CV0025_001,1296164
12295,800,0,CV0025_001,1296964
12296,804,0,CV0025_001,1297768
12297,804,0,CV0025_001,1298572
12298,512,0,CV0025_001,1299084
12299,292,0,CV0025_001,1299376
12300,800,0,CV0025_001,1300176
12301,804,0,CV0025_001,1300980
12302,804,0,CV0025_001,1301784
12303,812,0,CV0025_001,1302596
12304,812,0,CV0025_001,1303408
12305,812,0,CV0025_001,1304220
12306,824,0,CV0025_001,1305044
12307,832,0,CV0025_001,1305876
12308,828,0,CV0025_001,1306704
12309,836,0,CV0025_001,1307540
12310,844,0,CV0025_001,1308384
12311,856,0,CV0025_001,1309240
12312,852,0,CV0025_001,1310092
12313,860,0,CV0025_001,1310952
12314,868,0,CV0025_001,1311820
12315,264,0,CV0025_001,1312084
12316,600,0,CV0025_001,1312684
12317,876,0,CV0025_001,1313560
12318,892,0,CV0025_001,1314452
12319,900,0,CV0025_001,1315352
12320,896,0,CV0025_001,1316248
12321,944,0,CV0025_001,1317192
12322,852,0,CV0025_001,1318044
12323,888,0,CV0025_001,1318932
12324,164,0,CV0025_001,1319096
12325,724,0,CV0025_001,1319820
12326,880,0,CV0025_001,1320700
12327,880,0,CV0025_001,1321580
12328,516,0,CV0025_001,1322096
12329,356,0,CV0025_001,1322452
12330,868,0,CV0025_001,1323320
12331,872,0,CV0025_001,1324192
12332,912,1,CV0025_001,1325104
12333,824,0,CV0025_001,1325928
12334,864,0,CV0025_001,1326792
12335,860,0,CV0025_001,1327652
12336,448,0,CV0025_001,1328100
12337,408,0,CV0025_001,1328508
12338,592,0,CV0025_001,1329100
12339,308,0,CV0025_001,1329408
12340,812,0,CV0025_001,1330220
12341,848,0,CV0025_001,1331068
12342,856,0,CV0025_001,1331924
12343,180,0,CV0025_001,1332104
12344,1000,0,CV0025_001,1333104
12345,512,0,CV0025_001,1333616
12346,848,0,CV0025_001,1334464
12347,840,0,CV0025_001,1335304
12348,1672,0,CV0025_001,1336976
12349,836,0,CV0025_001,1337812
12350,672,0,CV0025_001,1338484
12351,148,0,CV0025_001,1338632
12352,364,0,CV0025_001,1338996
12353,116,0,CV0025_001,1339112
12354,376,0,CV0025_001,1339488
12355,844,0,CV0025_001,1340332
12356,880,0,CV0025_001,1341212
12357,804,0,CV0025_001,1342016
12358,840,0,CV0025_001,1342856
12359,840,0,CV0025_001,1343696
12360,844,0,CV0025_001,1344540
12361,848,0,CV0025_001,1345388
12362,844,0,CV0025_001,1346232
12363,884,0,CV0025_001,1347116
12364,804,0,CV0025_001,1347920
12365,188,0,CV0025_001,1348108
12366,648,0,CV0025_001,1348756
12367,356,0,CV0025_001,1349112
12368,476,0,CV0025_001,1349588
12369,836,0,CV0025_001,1350424
12370,684,0,CV0025_001,1351108
12371,144,0,CV0025_001,1351252
12372,864,0,CV0025_001,1352116
12373,784,0,CV0025_001,1352900
12374,1212,0,CV0025_001,1354112
12375,420,0,CV0025_001,1354532
12376,816,0,CV0025_001,1355348
12377,1628,0,CV0025_001,1356976
12378,816,0,CV0025_001,1357792
12379,324,0,CV0025_001,1358116
12380,492,0,CV0025_001,1358608
12381,504,0,CV0025_001,1359112
12382,320,0,CV0025_001,1359432
12383,820,0,CV0025_001,1360252
12384,820,0,CV0025_001,1361072
12385,824,0,CV0025_001,1361896
12386,828,0,CV0025_001,1362724
12387,824,0,CV0025_001,1363548
12388,572,0,CV0025_001,1364120
12389,252,0,CV0025_001,1364372
12390,832,0,CV0025_001,1365204
12391,828,0,CV0025_001,1366032
12392,832,0,CV0025_001,1366864
12393,832,0,CV0025_001,1367696
12394,840,0,CV0025_001,1368536
12395,836,0,CV0025_001,1369372
12396,840,0,CV0025_001,1370212
12397,844,0,CV0025_001,1371056
12398,852,0,CV0025_001,1371908
12399,848,0,CV0025_001,1372756
12400,848,0,CV0025_001,1373604
12401,844,0,CV0025_001,1374448
12402,852,0,CV0025_001,1375300
12403,1700,0,CV0025_001,1377000
12404,852,0,CV0025_001,1377852
12405,852,0,CV0025_001,1378704
12406,844,0,CV0025_001,1379548
12407,852,0,CV0025_001,1380400
12408,852,0,CV0025_001,1381252
12409,1692,0,CV0025_001,1382944
12410,840,0,CV0025_001,1383784
12411,340,0,CV0025_001,1384124
12412,500,0,CV0025_001,1384624
12413,840,0,CV0025_001,1385464
12414,828,0,CV0025_001,1386292
12415,832,0,CV0025_001,1387124
12416,824,0,CV0025_001,1387948
12417,820,0,CV0025_001,1388768
12418,812,0,CV0025_001,1389580
12419,812,0,CV0025_001,1390392
12420,848,0,CV0025_001,1391240
12421,748,0,CV0025_001,1391988
12422,520,0,CV0025_001,1392508
12423,268,0,CV0025_001,1392776
12424,788,0,CV0025_001,1393564
12425,784,0,CV0025_001,1394348
12426,784,0,CV0025_001,1395132
12427,780,0,CV0025_001,1395912
12428,780,0,CV0025_001,1396692
12429,788,0,CV0025_001,1397480
12430,372,0,CV0025_001,1397852
12431,412,0,CV0025_001,1398264
12432,788,0,CV0025_001,1399052
12433,800,0,CV0025_001,1399852
12434,796,0,CV0025_001,1400648
12435,488,0,CV0025_001,1401136
12436,324,0,CV0025_001,1401460
12437,816,0,CV0025_001,1402276
12438,864,0,CV0025_001,1403140
12439,260,0,CV0025_001,1403400
12440,536,0,CV0025_001,1403936
12441,836,0,CV0025_001,1404772
12442,880,0,CV0025_001,1405652
12443,800,0,CV0025_001,1406452
12444,852,0,CV0025_001,1407304
12445,840,0,CV0025_001,1408144
12446,848,0,CV0025_001,1408992
12447,856,0,CV0025_001,1409848
12448,848,0,CV0025_001,1410696
12449,852,0,CV0025_001,1411548
12450,596,0,CV0025_001,1412144
12451,252,0,CV0025_001,1412396
12452,748,0,CV0025_001,1413144
12453,96,0,CV0025_001,1413240
12454,836,0,CV0025_001,1414076
12455,844,0,CV0025_001,1414920
12456,220,0,CV0025_001,1415140
12457,624,0,CV0025_001,1415764
12458,384,0,CV0025_001,1416148
12459,500,0,CV0025_001,1416648
12460,500,0,CV0025_001,1417148
12461,292,0,CV0025_001,1417440
12462,836,0,CV0025_001,1418276
12463,836,0,CV0025_001,1419112
12464,40,0,CV0025_001,1419152
12465,788,0,CV0025_001,1419940
12466,828,0,CV0025_001,1420768
12467,1380,0,CV0025_001,1422148
12468,280,0,CV0025_001,1422428
12469,564,0,CV0025_001,1422992
12470,264,0,CV0025_001,1423256
12471,836,0,CV0025_001,1424092
12472,840,0,CV0025_001,1424932
12473,216,0,CV0025_001,1425148
12474,624,0,CV0025_001,1425772
12475,380,0,CV0025_001,1426152
12476,460,0,CV0025_001,1426612
12477,848,0,CV0025_001,1427460
12478,848,0,CV0025_001,1428308
12479,1716,0,CV0025_001,1430024
12480,860,0,CV0025_001,1430884
12481,268,0,CV0025_001,1431152
12482,584,0,CV0025_001,1431736
12483,416,0,CV0025_001,1432152
12484,480,0,CV0025_001,1432632
12485,632,0,CV0025_001,1433264
12486,176,0,CV0025_001,1433440
12487,852,0,CV0025_001,1434292
12488,844,0,CV0025_001,1435136
12489,840,0,CV0025_001,1435976
12490,836,0,CV0025_001,1436812
12491,340,0,CV0025_001,1437152
12492,492,0,CV0025_001,1437644
12493,824,0,CV0025_001,1438468
12494,824,0,CV0025_001,1439292
12495,824,0,CV0025_001,1440116
12496,820,0,CV0025_001,1440936
12497,816,0,CV0025_001,1441752
12498,856,0,CV0025_001,1442608
12499,764,0,CV0025_001,1443372
12500,1628,0,CV0025_001,1445000
12501,812,0,CV0025_001,1445812
12502,824,0,CV0025_001,1446636
12503,520,0,CV0025_001,1447156
12504,308,0,CV0025_001,1447464
12505,840,0,CV0025_001,1448304
12506,840,0,CV0025_001,1449144
12507,848,0,CV0025_001,1449992
12508,856,0,CV0025_001,1450848
12509,312,0,CV0025_001,1451160
12510,552,0,CV0025_001,1451712
12511,864,0,CV0025_001,1452576
12512,872,0,CV0025_001,1453448
12513,876,0,CV0025_001,1454324
12514,1740,0,CV0025_001,1456064
12515,872,0,CV0025_001,1456936
12516,876,0,CV0025_001,1457812
12517,352,0,CV0025_001,1458164
12518,516,0,CV0025_001,1458680
12519,484,0,CV0025_001,1459164
12520,392,0,CV0025_001,1459556
12521,872,0,CV0025_001,1460428
12522,868,0,CV0025_001,1461296
12523,860,0,CV0025_001,1462156
12524,316,0,CV0025_001,1462472
12525,544,0,CV0025_001,1463016
12526,860,0,CV0025_001,1463876
12527,856,0,CV0025_001,1464732
12528,856,0,CV0025_001,1465588
12529,852,0,CV0025_001,1466440
12530,852,0,CV0025_001,1467292
12531,852,0,CV0025_001,1468144
12532,840,0,CV0025_001,1468984
12533,840,0,CV0025_001,1469824
12534,840,0,CV0025_001,1470664
12535,832,0,CV0025_001,1471496
12536,672,0,CV0025_001,1472168
12537,164,0,CV0025_001,1472332
12538,832,0,CV0025_001,1473164
12539,876,0,CV0025_001,1474040
12540,788,0,CV0025_001,1474828
12541,832,0,CV0025_001,1475660
12542,836,0,CV0025_001,1476496
12543,840,0,CV0025_001,1477336
12544,840,0,CV0025_001,1478176
12545,836,0,CV0025_001,1479012
12546,168,0,CV0025_001,1479180
12547,672,0,CV0025_001,1479852
12548,320,0,CV0025_001,1480172
12549,524,0,CV0025_001,1480696
12550,832,0,CV0025_001,1481528
12551,844,0,CV0025_001,1482372
12552,888,1,CV0025_001,1483260
12553,796,0,CV0025_001,1484056
12554,836,0,CV0025_001,1484892
12555,836,0,CV0025_001,1485728
12556,452,0,CV0025_001,1486180
12557,384,0,CV0025_001,1486564
12558,836,0,CV0025_001,1487400
12559,776,0,CV0025_001,1488176
12560,892,0,CV0025_001,1489068
12561,844,0,CV0025_001,1489912
12562,840,0,CV0025_001,1490752
12563,844,0,CV0025_001,1491596
12564,1584,0,CV0025_001,1493180
12565,132,0,CV0025_001,1493312
12566,860,0,CV0025_001,1494172
12567,860,0,CV0025_001,1495032
12568,868,0,CV0025_001,1495900
12569,2584,0,CV0025_001,1498484
12570,76,0,CV0025_001,1498560
12571,780,0,CV0025_001,1499340
12572,1724,0,CV0025_001,1501064
12573,912,0,CV0025_001,1501976
12574,212,0,CV0025_001,1502188
12575,596,0,CV0025_001,1502784
12576,860,0,CV0025_001,1503644
12577,860,0,CV0025_001,1504504
12578,856,0,CV0025_001,1505360
12579,1704,0,CV0025_001,1507064
12580,844,0,CV0025_001,1507908
12581,844,0,CV0025_001,1508752
12582,840,0,CV0025_001,1509592
12583,840,0,CV0025_001,1510432
12584,836,0,CV0025_001,1511268
12585,836,0,CV0025_001,1512104
12586,836,0,CV0025_001,1512940
12587,832,0,CV0025_001,1513772
12588,832,0,CV0025_001,1514604
12589,872,1,CV0025_001,1515476
12590,788,0,CV0025_001,1516264
12591,824,0,CV0025_001,1517088
12592,828,0,CV0025_001,1517916
12593,276,0,CV0025_001,1518192
12594,552,0,CV0025_001,1518744
12595,828,0,CV0025_001,1519572
12596,620,0,CV0025_001,1520192
12597,1872,0,CV0025_001,1522064
12598,132,0,CV0025_001,1522196
12599,748,0,CV0025_001,1522944
12600,252,0,CV0025_001,1523196
12601,540,0,CV0025_001,1523736
12602,840,0,CV0025_001,1524576
12603,848,0,CV0025_001,1525424
12604,848,0,CV0025_001,1526272
12605,848,0,CV0025_001,1527120
12606,848,0,CV0025_001,1527968
12607,848,0,CV0025_001,1528816
12608,848,0,CV0025_001,1529664
12609,540,0,CV0025_001,1530204
12610,308,0,CV0025_001,1530512
12611,1688,0,CV0025_001,1532200
12612,848,0,CV0025_001,1533048
12613,848,0,CV0025_001,1533896
12614,852,0,CV0025_001,1534748
12615,456,0,CV0025_001,1535204
12616,400,0,CV0025_001,1535604
12617,844,0,CV0025_001,1536448
12618,844,0,CV0025_001,1537292
12619,848,0,CV0025_001,1538140
12620,844,0,CV0025_001,1538984
12621,840,0,CV0025_001,1539824
12622,384,0,CV0025_001,1540208
12623,460,0,CV0025_001,1540668
12624,844,0,CV0025_001,1541512
12625,692,0,CV0025_001,1542204
12626,1108,0,CV0025_001,1543312
12627,708,0,CV0025_001,1544020
12628,196,0,CV0025_001,1544216
12629,624,0,CV0025_001,1544840
12630,836,0,CV0025_001,1545676
12631,836,0,CV0025_001,1546512
12632,700,0,CV0025_001,1547212
12633,180,0,CV0025_001,1547392
12634,1648,0,CV0025_001,1549040
12635,172,0,CV0025_001,1549212
12636,680,0,CV0025_001,1549892
12637,320,0,CV0025_001,1550212
12638,528,0,CV0025_001,1550740
12639,860,0,CV0025_001,1551600
12640,860,0,CV0025_001,1552460
12641,856,0,CV0025_001,1553316
12642,904,0,CV0025_001,1554220
12643,816,0,CV0025_001,1555036
12644,856,0,CV0025_001,1555892
12645,320,0,CV0025_001,1556212
12646,532,0,CV0025_001,1556744
12647,852,0,CV0025_001,1557596
12648,620,0,CV0025_001,1558216
12649,228,0,CV0025_001,1558444
12650,768,0,CV0025_001,1559212
12651,80,0,CV0025_001,1559292
12652,848,0,CV0025_001,1560140
12653,844,0,CV0025_001,1560984
12654,236,0,CV0025_001,1561220
12655,648,0,CV0025_001,1561868
12656,800,0,CV0025_001,1562668
12657,544,0,CV0025_001,1563212
12658,296,0,CV0025_001,1563508
12659,828,0,CV0025_001,1564336
12660,832,0,CV0025_001,1565168
12661,828,0,CV0025_001,1565996
12662,220,0,CV0025_001,1566216
12663,656,0,CV0025_001,1566872
12664,344,0,CV0025_001,1567216
12665,488,0,CV0025_001,1567704
12666,788,0,CV0025_001,1568492
12667,872,0,CV0025_001,1569364
12668,784,0,CV0025_001,1570148
12669,832,0,CV0025_001,1570980
12670,868,0,CV0025_001,1571848
12671,824,0,CV0025_001,1572672
12672,780,0,CV0025_001,1573452
12673,864,0,CV0025_001,1574316
12674,764,0,CV0025_001,1575080
12675,816,0,CV0025_001,1575896
12676,808,0,CV0025_001,1576704
12677,804,0,CV0025_001,1577508
12678,800,0,CV0025_001,1578308
12679,796,0,CV0025_001,1579104
12680,800,0,CV0025_001,1579904
12681,792,0,CV0025_001,1580696
12682,792,0,CV0025_001,1581488
12683,836,1,CV0025_001,1582324
12684,744,0,CV0025_001,1583068
12685,788,0,CV0025_001,1583856
12686,788,0,CV0025_001,1584644
12687,792,0,CV0025_001,1585436
12688,792,0,CV0025_001,1586228
12689,792,0,CV0025_001,1587020
12690,792,0,CV0025_001,1587812
12691,792,0,CV0025_001,1588604
12692,792,0,CV0025_001,1589396
12693,796,0,CV0025_001,1590192
12694,796,0,CV0025_001,1590988
12695,800,0,CV0025_001,1591788
12696,800,0,CV0025_001,1592588
12697,800,0,CV0025_001,1593388
12698,804,0,CV0025_001,1594192
12699,808,0,CV0025_001,1595000
12700,812,0,CV0025_001,1595812
12701,816,0,CV0025_001,1596628
12702,820,0,CV0025_001,1597448
12703,1640,0,CV0025_001,1599088
12704,148,0,CV0025_001,1599236
12705,664,0,CV0025_001,1599900
12706,336,0,CV0025_001,1600236
12707,480,0,CV0025_001,1600716
12708,816,0,CV0025_001,1601532
12709,816,0,CV0025_001,1602348
12710,816,0,CV0025_001,1603164
12711,816,0,CV0025_001,1603980
12712,820,0,CV0025_001,1604800
12713,812,0,CV0025_001,1605612
12714,820,0,CV0025_001,1606432
12715,812,0,CV0025_001,1607244
12716,816,0,CV0025_001,1608060
12717,180,0,CV0025_001,1608240
12718,636,0,CV0025_001,1608876
12719,368,0,CV0025_001,1609244
12720,444,0,CV0025_001,1609688
12721,556,0,CV0025_001,1610244
12722,252,0,CV0025_001,1610496
12723,852,0,CV0025_001,1611348
12724,768,0,CV0025_001,1612116
12725,564,0,CV0025_001,1612680
12726,248,0,CV0025_001,1612928
12727,316,0,CV0025_001,1613244
12728,492,0,CV0025_001,1613736
12729,808,0,CV0025_001,1614544
12730,808,0,CV0025_001,1615352
12731,808,0,CV0025_001,1616160
12732,804,0,CV0025_001,1616964
12733,808,0,CV0025_001,1617772
12734,472,0,CV0025_001,1618244
12735,332,0,CV0025_001,1618576
12736,668,0,CV0025_001,1619244
12737,128,0,CV0025_001,1619372
12738,796,0,CV0025_001,1620168
12739,796,0,CV0025_001,1620964
12740,284,0,CV0025_001,1621248
12741,516,0,CV0025_001,1621764
12742,484,0,CV0025_001,1622248
12743,312,0,CV0025_001,1622560
12744,796,0,CV0025_001,1623356
12745,800,0,CV0025_001,1624156
12746,96,0,CV0025_001,1624252
12747,700,0,CV0025_001,1624952
12748,300,0,CV0025_001,1625252
12749,500,0,CV0025_001,1625752
12750,496,0,CV0025_001,1626248
12751,304,0,CV0025_001,1626552
12752,804,0,CV0025_001,1627356
12753,804,0,CV0025_001,1628160
12754,816,0,CV0025_001,1628976
12755,808,0,CV0025_001,1629784
12756,816,0,CV0025_001,1630600
12757,816,0,CV0025_001,1631416
12758,1636,0,CV0025_001,1633052
12759,200,0,CV0025_001,1633252
12760,620,0,CV0025_001,1633872
12761,384,0,CV0025_001,1634256
12762,2104,0,CV0025_001,1636360
12763,764,0,CV0025_001,1637124
12764,128,0,CV0025_001,1637252
12765,684,0,CV0025_001,1637936
12766,324,0,CV0025_001,1638260
12767,492,0,CV0025_001,1638752
12768,508,0,CV0025_001,1639260
12769,308,0,CV0025_001,1639568
12770,820,0,CV0025_001,1640388
12771,824,0,CV0025_001,1641212
12772,824,0,CV0025_001,1642036
12773,224,0,CV0025_001,1642260
12774,604,0,CV0025_001,1642864
12775,832,0,CV0025_001,1643696
12776,820,0,CV0025_001,1644516
12777,744,0,CV0025_001,1645260
12778,76,0,CV0025_001,1645336
12779,872,0,CV0025_001,1646208
12780,788,0,CV0025_001,1646996
12781,824,0,CV0025_001,1647820
12782,440,0,CV0025_001,1648260
12783,1224,0,CV0025_001,1649484
12784,880,0,CV0025_001,1650364
12785,780,0,CV0025_001,1651144
12786,828,0,CV0025_001,1651972
12787,824,0,CV0025_001,1652796
12788,824,0,CV0025_001,1653620
12789,828,0,CV0025_001,1654448
12790,828,0,CV0025_001,1655276
12791,832,0,CV0025_001,1656108
12792,832,0,CV0025_001,1656940
12793,832,0,CV0025_001,1657772
12794,496,0,CV0025_001,1658268
12795,340,0,CV0025_001,1658608
12796,840,0,CV0025_001,1659448
12797,1680,0,CV0025_001,1661128
12798,144,0,CV0025_001,1661272
12799,704,0,CV0025_001,1661976
12800,848,0,CV0025_001,1662824
12801,844,0,CV0025_001,1663668
12802,604,0,CV0025_001,1664272
12803,240,0,CV0025_001,1664512
12804,836,0,CV0025_001,1665348
12805,832,0,CV0025_001,1666180
12806,832,0,CV0025_001,1667012
12807,260,0,CV0025_001,1667272
12808,564,0,CV0025_001,1667836
12809,824,0,CV0025_001,1668660
12810,816,0,CV0025_001,1669476
12811,1636,0,CV0025_001,1671112
12812,164,0,CV0025_001,1671276
12813,652,0,CV0025_001,1671928
12814,344,0,CV0025_001,1672272
12815,472,0,CV0025_001,1672744
12816,532,0,CV0025_001,1673276
12817,284,0,CV0025_001,1673560
12818,820,0,CV0025_001,1674380
12819,816,0,CV0025_001,1675196
12820,820,0,CV0025_001,1676016
12821,820,0,CV0025_001,1676836
12822,440,0,CV0025_001,1677276
12823,380,0,CV0025_001,1677656
12824,624,0,CV0025_001,1678280
12825,204,0,CV0025_001,1678484
12826,1652,0,CV0025_001,1680136
12827,828,0,CV0025_001,1680964
12828,316,0,CV0025_001,1681280
12829,516,0,CV0025_001,1681796
12830,480,0,CV0025_001,1682276
12831,348,0,CV0025_001,1682624
12832,840,0,CV0025_001,1683464
12833,1680,0,CV0025_001,1685144
12834,136,0,CV0025_001,1685280
12835,704,0,CV0025_001,1685984
12836,840,0,CV0025_001,1686824
12837,848,0,CV0025_001,1687672
12838,852,0,CV0025_001,1688524
12839,840,0,CV0025_001,1689364
12840,848,0,CV0025_001,1690212
12841,848,0,CV0025_001,1691060
12842,848,0,CV0025_001,1691908
12843,376,0,CV0025_001,1692284
12844,468,0,CV0025_001,1692752
12845,532,0,CV0025_001,1693284
12846,316,0,CV0025_001,1693600
12847,844,0,CV0025_001,1694444
12848,836,0,CV0025_001,1695280
12849,848,0,CV0025_001,1696128
12850,844,0,CV0025_001,1696972
12851,316,0,CV0025_001,1697288
12852,528,0,CV0025_001,1697816
12853,468,0,CV0025_001,1698284
12854,372,0,CV0025_001,1698656
12855,632,0,CV0025_001,1699288
12856,216,0,CV0025_001,1699504
12857,880,0,CV0025_001,1700384
12858,792,0,CV0025_001,1701176
12859,836,0,CV0025_001,1702012
12860,840,0,CV0025_001,1702852
12861,440,0,CV0025_001,1703292
12862,376,0,CV0025_001,1703668
12863,620,0,CV0025_001,1704288
12864,196,0,CV0025_001,1704484
12865,1644,0,CV0025_001,1706128
12866,828,0,CV0025_001,1706956
12867,824,0,CV0025_001,1707780
12868,836,0,CV0025_001,1708616
12869,676,0,CV0025_001,1709292
12870,160,0,CV0025_001,1709452
12871,844,0,CV0025_001,1710296
12872,844,0,CV0025_001,1711140
12873,844,0,CV0025_001,1711984
12874,312,0,CV0025_001,1712296
12875,532,0,CV0025_001,1712828
12876,836,0,CV0025_001,1713664
12877,840,0,CV0025_001,1714504
12878,888,1,CV0025_001,1715392
12879,788,0,CV0025_001,1716180
12880,836,0,CV0025_001,1717016
12881,832,0,CV0025_001,1717848
12882,836,0,CV0025_001,1718684
12883,2480,0,CV0025_001,1721164
12884,132,0,CV0025_001,1721296
12885,696,0,CV0025_001,1721992
12886,824,0,CV0025_001,1722816
12887,824,0,CV0025_001,1723640
12888,820,0,CV0025_001,1724460
12889,1632,0,CV0025_001,1726092
12890,212,0,CV0025_001,1726304
12891,156,0,CV0025_001,1726460
12892,444,0,CV0025_001,1726904
12893,396,0,CV0025_001,1727300
12894,412,0,CV0025_001,1727712
12895,588,0,CV0025_001,1728300
12896,224,0,CV0025_001,1728524
12897,1608,0,CV0025_001,1730132
12898,808,0,CV0025_001,1730940
12899,804,0,CV0025_001,1731744
12900,564,0,CV0025_001,1732308
12901,240,0,CV0025_001,1732548
12902,852,0,CV0025_001,1733400
12903,756,0,CV0025_001,1734156
12904,804,0,CV0025_001,1734960
12905,344,0,CV0025_001,1735304
12906,460,0,CV0025_001,1735764
12907,548,0,CV0025_001,1736312
12908,264,0,CV0025_001,1736576
12909,728,0,CV0025_001,1737304
12910,84,0,CV0025_001,1737388
12911,824,0,CV0025_001,1738212
12912,816,0,CV0025_001,1739028
12913,276,0,CV0025_001,1739304
12914,548,0,CV0025_001,1739852
12915,456,0,CV0025_001,1740308
12916,368,0,CV0025_001,1740676
12917,824,0,CV0025_001,1741500
12918,816,0,CV0025_001,1742316
12919,836,0,CV0025_001,1743152
12920,828,0,CV0025_001,1743980
12921,324,0,CV0025_001,1744304
12922,500,0,CV0025_001,1744804
12923,504,0,CV0025_001,1745308
12924,328,0,CV0025_001,1745636
12925,832,0,CV0025_001,1746468
12926,840,0,CV0025_001,1747308
12927,832,0,CV0025_001,1748140
12928,836,0,CV0025_001,1748976
12929,332,0,CV0025_001,1749308
12930,496,0,CV0025_001,1749804
12931,824,0,CV0025_001,1750628
12932,876,0,CV0025_001,1751504
12933,784,0,CV0025_001,1752288
12934,828,0,CV0025_001,1753116
12935,824,0,CV0025_001,1753940
12936,372,0,CV0025_001,1754312
12937,456,0,CV0025_001,1754768
12938,820,0,CV0025_001,1755588
12939,824,0,CV0025_001,1756412
12940,824,0,CV0025_001,1757236
12941,820,0,CV0025_001,1758056
12942,820,0,CV0025_001,1758876
12943,824,0,CV0025_001,1759700
12944,616,0,CV0025_001,1760316
12945,204,0,CV0025_001,1760520
12946,1656,0,CV0025_001,1762176
12947,828,0,CV0025_001,1763004
12948,316,0,CV0025_001,1763320
12949,508,0,CV0025_001,1763828
12950,492,0,CV0025_001,1764320
12951,336,0,CV0025_001,1764656
12952,664,0,CV0025_001,1765320
12953,160,0,CV0025_001,1765480
12954,832,0,CV0025_001,1766312
12955,820,0,CV0025_001,1767132
12956,824,0,CV0025_001,1767956
12957,364,0,CV0025_001,1768320
12958,456,0,CV0025_001,1768776
12959,544,0,CV0025_001,1769320
12960,280,0,CV0025_001,1769600
12961,824,0,CV0025_001,1770424
12962,820,0,CV0025_001,1771244
12963,816,0,CV0025_001,1772060
12964,820,0,CV0025_001,1772880
12965,812,0,CV0025_001,1773692
12966,808,0,CV0025_001,1774500
12967,820,0,CV0025_001,1775320
12968,820,0,CV0025_001,1776140
12969,820,0,CV0025_001,1776960
12970,824,0,CV0025_001,1777784
12971,836,0,CV0025_001,1778620
12972,828,0,CV0025_001,1779448
12973,836,0,CV0025_001,1780284
12974,840,0,CV0025_001,1781124
12975,832,0,CV0025_001,1781956
12976,832,0,CV0025_001,1782788
12977,836,0,CV0025_001,1783624
12978,836,0,CV0025_001,1784460
12979,876,1,CV0025_001,1785336
12980,792,0,CV0025_001,1786128
12981,832,0,CV0025_001,1786960
12982,832,0,CV0025_001,1787792
12983,544,0,CV0025_001,1788336
12984,292,0,CV0025_001,1788628
12985,832,0,CV0025_001,1789460
12986,828,0,CV0025_001,1790288
12987,828,0,CV0025_001,1791116
12988,220,0,CV0025_001,1791336
12989,608,0,CV0025_001,1791944
12990,824,0,CV0025_001,1792768
12991,820,0,CV0025_001,1793588
12992,744,0,CV0025_001,1794332
12993,84,0,CV0025_001,1794416
12994,832,0,CV0025_001,1795248
12995,828,0,CV0025_001,1796076
12996,828,0,CV0025_001,1796904
12997,824,0,CV0025_001,1797728
12998,836,0,CV0025_001,1798564
12999,848,0,CV0025_001,1799412
13000,836,0,CV0025_001,1800248
13001,844,0,CV0025_001,1801092
13002,836,0,CV0025_001,1801928
13003,408,0,CV0025_001,1802336
13004,432,0,CV0025_001,1802768
13005,828,0,CV0025_001,1803596
13006,868,0,CV0025_001,1804464
13007,784,0,CV0025_001,1805248
13008,820,0,CV0025_001,1806068
13009,824,0,CV0025_001,1806892
13010,828,0,CV0025_001,1807720
13011,836,0,CV0025_001,1808556
13012,1692,0,CV0025_001,1810248
13013,848,0,CV0025_001,1811096
13014,860,0,CV0025_001,1811956
13015,848,0,CV0025_001,1812804
13016,860,0,CV0025_001,1813664
13017,844,0,CV0025_001,1814508
13018,848,0,CV0025_001,1815356
13019,848,0,CV0025_001,1816204
13020,844,0,CV0025_001,1817048
13021,300,0,CV0025_001,1817348
13022,544,0,CV0025_001,1817892
13023,456,0,CV0025_001,1818348
13024,384,0,CV0025_001,1818732
13025,616,0,CV0025_001,1819348
13026,216,0,CV0025_001,1819564
13027,872,0,CV0025_001,1820436
13028,784,0,CV0025_001,1821220
13029,832,0,CV0025_001,1822052
13030,300,0,CV0025_001,1822352
13031,532,0,CV0025_001,1822884
13032,472,0,CV0025_001,1823356
13033,364,0,CV0025_001,1823720
13034,632,0,CV0025_001,1824352
13035,204,0,CV0025_001,1824556
13036,1668,0,CV0025_001,1826224
13037,836,0,CV0025_001,1827060
13038,836,0,CV0025_001,1827896
13039,832,0,CV0025_001,1828728
13040,836,0,CV0025_001,1829564
13041,1684,0,CV0025_001,1831248
13042,108,0,CV0025_001,1831356
13043,732,0,CV0025_001,1832088
13044,860,0,CV0025_001,1832948
13045,868,0,CV0025_001,1833816
13046,860,0,CV0025_001,1834676
13047,856,0,CV0025_001,1835532
13048,880,0,CV0025_001,1836412
13049,904,0,CV0025_001,1837316
13050,928,0,CV0025_001,1838244
13051,116,0,CV0025_001,1838360
13052,796,0,CV0025_001,1839156
13053,204,0,CV0025_001,1839360
13054,704,0,CV0025_001,1840064
13055,300,0,CV0025_001,1840364
13056,604,0,CV0025_001,1840968
13057,904,0,CV0025_001,1841872
13058,1764,0,CV0025_001,1843636
13059,884,0,CV0025_001,1844520
13060,1728,0,CV0025_001,1846248
13061,860,0,CV0025_001,1847108
13062,860,0,CV0025_001,1847968
13063,392,0,CV0025_001,1848360
13064,456,0,CV0025_001,1848816
13065,548,0,CV0025_001,1849364
13066,300,0,CV0025_001,1849664
13067,700,0,CV0025_001,1850364
13068,148,0,CV0025_001,1850512
13069,852,0,CV0025_001,1851364
13070,844,0,CV0025_001,1852208
13071,848,0,CV0025_001,1853056
13072,844,0,CV0025_001,1853900
13073,468,0,CV0025_001,1854368
13074,352,0,CV0025_001,1854720
13075,648,0,CV0025_001,1855368
13076,180,0,CV0025_001,1855548
13077,828,0,CV0025_001,1856376
13078,832,0,CV0025_001,1857208
13079,160,0,CV0025_001,1857368
13080,668,0,CV0025_001,1858036
13081,832,0,CV0025_001,1858868
13082,844,0,CV0025_001,1859712
13083,856,0,CV0025_001,1860568
13084,896,0,CV0025_001,1861464
13085,940,0,CV002_001,940
13086,904,0,CV002_001,1844
13087,892,0,CV002_001,2736
13088,848,0,CV002_001,3584
13089,948,0,CV002_001,4532
13090,868,0,CV002_001,5400
13091,892,0,CV002_001,6292
13092,912,0,CV002_001,7204
13093,860,0,CV002_001,8064
13094,880,0,CV002_001,8944
13095,880,0,CV002_001,9824
13096,868,0,CV002_001,10692
13097,472,0,CV002_001,11164
13098,432,0,CV002_001,11596
13099,812,0,CV002_001,12408
13100,924,0,CV002_001,13332
13101,876,0,CV002_001,14208
13102,396,0,CV002_001,14604
13103,248,0,CV002_001,14852
13104,948,0,CV002_001,15800
13105,128,0,CV002_001,15928
13106,164,0,CV002_001,16092
13107,1204,0,CV002_001,17296
13108,24,0,CV002_001,17320
13109,256,0,CV002_001,17576
13110,932,0,CV002_001,18508
13111,1720,0,CV002_001,20228
13112,900,0,CV002_001,21128
13113,900,0,CV002_001,22028
13114,912,0,CV002_001,22940
13115,944,0,CV002_001,23884
13116,892,0,CV002_001,24776
13117,940,0,CV002_001,25716
13118,928,0,CV002_001,26644
13119,956,0,CV002_001,27600
13120,872,0,CV002_001,28472
13121,932,0,CV002_001,29404
13122,996,0,CV002_001,30400
13123,952,0,CV002_001,31352
13124,856,0,CV002_001,32208
13125,936,0,CV002_001,33144
13126,1000,0,CV002_001,34144
13127,872,0,CV002_001,35016
13128,936,0,CV002_001,35952
13129,936,0,CV002_001,36888
13130,904,0,CV002_001,37792
13131,904,0,CV002_001,38696
13132,580,0,CV002_001,39276
13133,348,0,CV002_001,39624
13134,876,0,CV002_001,40500
13135,916,0,CV002_001,41416
13136,952,0,CV002_001,42368
13137,864,0,CV002_001,43232
13138,884,0,CV002_001,44116
13139,960,0,CV002_001,45076
13140,852,0,CV002_001,45928
13141,880,0,CV002_001,46808
13142,380,0,CV002_001,47188
13143,312,0,CV002_001,47500
13144,184,0,CV002_001,47684
13145,944,0,CV002_001,48628
13146,948,0,CV002_001,49576
13147,932,0,CV002_001,50508
13148,868,0,CV002_001,51376
13149,896,0,CV002_001,52272
13150,916,0,CV002_001,53188
13151,928,0,CV002_001,54116
13152,900,0,CV002_001,55016
13153,908,0,CV002_001,55924
13154,876,0,CV002_001,56800
13155,904,0,CV002_001,57704
13156,904,0,CV002_001,58608
13157,920,0,CV002_001,59528
13158,892,0,CV002_001,60420
13159,908,0,CV002_001,61328
13160,912,0,CV002_001,62240
13161,944,0,CV002_001,63184
13162,880,0,CV002_001,64064
13163,948,0,CV002_001,65012
13164,940,0,CV002_001,65952
13165,916,0,CV002_001,66868
13166,912,0,CV002_001,67780
13167,916,0,CV002_001,68696
13168,908,0,CV002_001,69604
13169,916,0,CV002_001,70520
13170,860,0,CV002_001,71380
13171,900,0,CV002_001,72280
13172,896,0,CV002_001,73176
13173,884,0,CV002_001,74060
13174,968,1,CV002_001,75028
13175,860,0,CV002_001,75888
13176,884,0,CV002_001,76772
13177,916,0,CV002_001,77688
13178,892,0,CV002_001,78580
13179,948,1,CV002_001,79528
13180,832,0,CV002_001,80360
13181,896,0,CV002_001,81256
13182,908,0,CV002_001,82164
13183,864,0,CV002_001,83028
13184,900,0,CV002_001,83928
13185,892,0,CV002_001,84820
13186,848,0,CV002_001,85668
13187,876,0,CV002_001,86544
13188,872,0,CV002_001,87416
13189,868,0,CV002_001,88284
13190,856,0,CV002_001,89140
13191,888,0,CV002_001,90028
13192,880,0,CV002_001,90908
13193,888,0,CV002_001,91796
13194,864,0,CV002_001,92660
13195,892,0,CV002_001,93552
13196,896,0,CV002_001,94448
13197,860,0,CV002_001,95308
13198,864,0,CV002_001,96172
13199,880,0,CV002_001,97052
13200,880,0,CV002_001,97932
13201,880,0,CV002_001,98812
13202,896,0,CV002_001,99708
13203,900,0,CV002_001,100608
13204,932,1,CV002_001,101540
13205,816,0,CV002_001,102356
13206,912,0,CV002_001,103268
13207,892,0,CV002_001,104160
13208,880,0,CV002_001,105040
13209,904,0,CV002_001,105944
13210,928,0,CV002_001,106872
13211,876,0,CV002_001,107748
13212,896,0,CV002_001,108644
13213,888,0,CV002_001,109532
13214,656,0,CV002_001,110188
13215,1084,0,CV002_001,111272
13216,912,0,CV002_001,112184
13217,860,0,CV002_001,113044
13218,916,0,CV002_001,113960
13219,792,0,CV002_001,114752
13220,824,0,CV002_001,115576
13221,864,0,CV002_001,116440
13222,764,0,CV002_001,117204
13223,808,0,CV002_001,118012
13224,840,0,CV002_001,118852
13225,840,0,CV002_001,119692
13226,860,0,CV002_001,120552
13227,948,0,CV002_001,121500
13228,960,0,CV002_001,122460
13229,908,0,CV002_001,123368
13230,900,0,CV002_001,124268
13231,876,0,CV002_001,125144
13232,820,0,CV002_001,125964
13233,884,0,CV002_001,126848
13234,772,0,CV002_001,127620
13235,844,0,CV002_001,128464
13236,824,0,CV002_001,129288
13237,916,0,CV002_001,130204
13238,868,0,CV002_001,131072
13239,872,0,CV002_001,131944
13240,868,0,CV002_001,132812
13241,832,0,CV002_001,133644
13242,908,0,CV002_001,134552
13243,860,0,CV002_001,135412
13244,900,0,CV002_001,136312
13245,924,0,CV002_001,137236
13246,812,0,CV002_001,138048
13247,896,0,CV002_001,138944
13248,880,0,CV002_001,139824
13249,848,0,CV002_001,140672
13250,868,0,CV002_001,141540
13251,860,0,CV002_001,142400
13252,900,0,CV002_001,143300
13253,884,0,CV002_001,144184
13254,860,0,CV002_001,145044
13255,880,0,CV002_001,145924
13256,896,0,CV002_001,146820
13257,852,0,CV002_001,147672
13258,908,0,CV002_001,148580
13259,872,0,CV002_001,149452
13260,820,0,CV002_001,150272
13261,852,0,CV002_001,151124
13262,884,0,CV002_001,152008
13263,888,0,CV002_001,152896
13264,872,0,CV002_001,153768
13265,856,0,CV002_001,154624
13266,872,0,CV002_001,155496
13267,932,1,CV002_001,156428
13268,820,0,CV002_001,157248
13269,852,0,CV002_001,158100
13270,860,0,CV002_001,158960
13271,864,0,CV002_001,159824
13272,828,0,CV002_001,160652
13273,848,0,CV002_001,161500
13274,848,0,CV002_001,162348
13275,860,0,CV002_001,163208
13276,836,0,CV002_001,164044
13277,860,0,CV002_001,164904
13278,936,1,CV002_001,165840
13279,804,0,CV002_001,166644
13280,860,0,CV002_001,167504
13281,888,0,CV002_001,168392
13282,872,0,CV002_001,169264
13283,932,1,CV002_001,170196
13284,780,0,CV002_001,170976
13285,868,0,CV002_001,171844
13286,848,0,CV002_001,172692
13287,876,0,CV002_001,173568
13288,856,0,CV002_001,174424
13289,924,0,CV002_001,175348
13290,812,0,CV002_001,176160
13291,824,0,CV002_001,176984
13292,804,0,CV002_001,177788
13293,872,0,CV002_001,178660
13294,836,0,CV002_001,179496
13295,1828,0,CV002_001,181324
13296,832,0,CV002_001,182156
13297,868,0,CV002_001,183024
13298,900,0,CV002_001,183924
13299,912,0,CV002_001,184836
13300,896,0,CV002_001,185732
13301,884,0,CV002_001,186616
13302,888,0,CV002_001,187504
13303,884,0,CV002_001,188388
13304,908,1,CV002_001,189296
13305,832,0,CV002_001,190128
13306,892,0,CV002_001,191020
13307,888,0,CV002_001,191908
13308,876,0,CV002_001,192784
13309,880,0,CV002_001,193664
13310,928,1,CV002_001,194592
13311,792,0,CV002_001,195384
13312,880,0,CV002_001,196264
13313,892,0,CV002_001,197156
13314,896,0,CV002_001,198052
13315,872,0,CV002_001,198924
13316,888,0,CV002_001,199812
13317,892,0,CV002_001,200704
13318,884,0,CV002_001,201588
13319,852,0,CV002_001,202440
13320,880,0,CV002_001,203320
13321,864,0,CV002_001,204184
13322,928,0,CV002_001,205112
13323,784,0,CV002_001,205896
13324,872,0,CV002_001,206768
13325,944,0,CV002_001,207712
13326,888,0,CV002_001,208600
13327,800,0,CV002_001,209400
13328,880,0,CV002_001,210280
13329,888,0,CV002_001,211168
13330,868,0,CV002_001,212036
13331,860,0,CV002_001,212896
13332,888,0,CV002_001,213784
13333,884,0,CV002_001,214668
13334,832,0,CV002_001,215500
13335,868,0,CV002_001,216368
13336,920,1,CV002_001,217288
13337,796,0,CV002_001,218084
13338,844,0,CV002_001,218928
13339,868,0,CV002_001,219796
13340,864,0,CV002_001,220660
13341,852,0,CV002_001,221512
13342,840,0,CV002_001,222352
13343,864,0,CV002_001,223216
13344,916,1,CV002_001,224132
13345,796,0,CV002_001,224928
13346,844,0,CV002_001,225772
13347,856,0,CV002_001,226628
13348,872,0,CV002_001,227500
13349,836,0,CV002_001,228336
13350,852,0,CV002_001,229188
13351,860,0,CV002_001,230048
13352,848,0,CV002_001,230896
13353,840,0,CV002_001,231736
13354,852,0,CV002_001,232588
13355,860,0,CV002_001,233448
13356,864,0,CV002_001,234312
13357,900,0,CV002_001,235212
13358,828,0,CV002_001,236040
13359,920,0,CV002_001,236960
13360,808,0,CV002_001,237768
13361,848,0,CV002_001,238616
13362,856,0,CV002_001,239472
13363,908,0,CV002_001,240380
13364,844,0,CV002_001,241224
13365,780,0,CV002_001,242004
13366,888,0,CV002_001,242892
13367,792,0,CV002_001,243684
13368,832,0,CV002_001,244516
13369,864,0,CV002_001,245380
13370,860,0,CV002_001,246240
13371,864,0,CV002_001,247104
13372,844,0,CV002_001,247948
13373,916,1,CV002_001,248864
13374,808,0,CV002_001,249672
13375,820,0,CV002_001,250492
13376,848,0,CV002_001,251340
13377,840,0,CV002_001,252180
13378,836,0,CV002_001,253016
13379,828,0,CV002_001,253844
13380,840,0,CV002_001,254684
13381,844,0,CV002_001,255528
13382,816,0,CV002_001,256344
13383,828,0,CV002_001,257172
13384,820,0,CV002_001,257992
13385,824,0,CV002_001,258816
13386,812,0,CV002_001,259628
13387,608,0,CV002_001,260236
13388,280,0,CV002_001,260516
13389,112,0,CV002_001,260628
13390,432,0,CV002_001,261060
13391,408,0,CV002_001,261468
13392,476,0,CV002_001,261944
13393,200,0,CV002_001,262144
13394,600,0,CV002_001,262744
13395,76,0,CV002_001,262820
13396,932,0,CV002_001,263752
13397,176,0,CV002_001,263928
13398,152,0,CV002_001,264080
13399,408,0,CV002_001,264488
13400,292,0,CV002_001,264780
13401,128,0,CV002_001,264908
13402,400,0,CV002_001,265308
13403,780,0,CV002_001,266088
13404,784,0,CV002_001,266872
13405,800,0,CV002_001,267672
13406,764,0,CV002_001,268436
13407,832,0,CV002_001,269268
13408,840,0,CV002_001,270108
13409,844,0,CV002_001,270952
13410,820,0,CV002_001,271772
13411,848,0,CV002_001,272620
13412,880,0,CV002_001,273500
13413,776,0,CV002_001,274276
13414,824,0,CV002_001,275100
13415,860,0,CV002_001,275960
13416,852,0,CV002_001,276812
13417,932,0,CV002_001,277744
13418,800,0,CV002_001,278544
13419,940,0,CV002_001,279484
13420,848,0,CV002_001,280332
13421,116,0,CV002_001,280448
13422,812,0,CV002_001,281260
13423,856,0,CV002_001,282116
13424,2604,0,CV002_001,284720
13425,1640,0,CV002_001,286360
13426,868,0,CV002_001,287228
13427,884,0,CV002_001,288112
13428,844,0,CV002_001,288956
13429,924,1,CV002_001,289880
13430,808,0,CV002_001,290688
13431,860,0,CV002_001,291548
13432,836,0,CV002_001,292384
13433,880,0,CV002_001,293264
13434,872,0,CV002_001,294136
13435,880,0,CV002_001,295016
13436,876,0,CV002_001,295892
13437,880,0,CV002_001,296772
13438,884,0,CV002_001,297656
13439,892,0,CV002_001,298548
13440,888,0,CV002_001,299436
13441,852,0,CV002_001,300288
13442,876,0,CV002_001,301164
13443,944,0,CV002_001,302108
13444,832,0,CV002_001,302940
13445,856,0,CV002_001,303796
13446,940,0,CV002_001,304736
13447,824,0,CV002_001,305560
13448,852,0,CV002_001,306412
13449,940,0,CV002_001,307352
13450,908,0,CV002_001,308260
13451,820,0,CV002_001,309080
13452,864,0,CV002_001,309944
13453,948,0,CV002_001,310892
13454,840,0,CV002_001,311732
13455,908,0,CV002_001,312640
13456,836,0,CV002_001,313476
13457,876,0,CV002_001,314352
13458,856,0,CV002_001,315208
13459,840,0,CV002_001,316048
13460,872,0,CV002_001,316920
13461,880,0,CV002_001,317800
13462,868,0,CV002_001,318668
13463,916,1,CV002_001,319584
13464,820,0,CV002_001,320404
13465,872,0,CV002_001,321276
13466,840,0,CV002_001,322116
13467,852,0,CV002_001,322968
13468,868,0,CV002_001,323836
13469,844,0,CV002_001,324680
13470,848,0,CV002_001,325528
13471,912,1,CV002_001,326440
13472,812,0,CV002_001,327252
13473,840,0,CV002_001,328092
13474,856,0,CV002_001,328948
13475,860,0,CV002_001,329808
13476,876,0,CV002_001,330684
13477,848,0,CV002_001,331532
13478,848,0,CV002_001,332380
13479,792,0,CV002_001,333172
13480,820,0,CV002_001,333992
13481,880,0,CV002_001,334872
13482,844,0,CV002_001,335716
13483,848,0,CV002_001,336564
13484,844,0,CV002_001,337408
13485,860,0,CV002_001,338268
13486,872,0,CV002_001,339140
13487,844,0,CV002_001,339984
13488,880,0,CV002_001,340864
13489,872,0,CV002_001,341736
13490,932,1,CV002_001,342668
13491,856,0,CV002_001,343524
13492,892,0,CV002_001,344416
13493,896,0,CV002_001,345312
13494,812,0,CV002_001,346124
13495,872,0,CV002_001,346996
13496,860,0,CV002_001,347856
13497,880,0,CV002_001,348736
13498,852,0,CV002_001,349588
13499,916,0,CV002_001,350504
13500,868,0,CV002_001,351372
13501,812,0,CV002_001,352184
13502,848,0,CV002_001,353032
13503,876,0,CV002_001,353908
13504,856,0,CV002_001,354764
13505,904,0,CV002_001,355668
13506,812,0,CV002_001,356480
13507,736,0,CV002_001,357216
13508,816,0,CV002_001,358032
13509,892,0,CV002_001,358924
13510,764,0,CV002_001,359688
13511,824,0,CV002_001,360512
13512,844,0,CV002_001,361356
13513,908,1,CV002_001,362264
13514,788,0,CV002_001,363052
13515,832,0,CV002_001,363884
13516,848,0,CV002_001,364732
13517,860,0,CV002_001,365592
13518,836,0,CV002_001,366428
13519,832,0,CV002_001,367260
13520,872,0,CV002_001,368132
13521,892,0,CV002_001,369024
13522,768,0,CV002_001,369792
13523,896,0,CV002_001,370688
13524,780,0,CV002_001,371468
13525,836,0,CV002_001,372304
13526,820,0,CV002_001,373124
13527,828,0,CV002_001,373952
13528,852,0,CV002_001,374804
13529,868,0,CV002_001,375672
13530,840,0,CV002_001,376512
13531,916,1,CV002_001,377428
13532,796,0,CV002_001,378224
13533,840,0,CV002_001,379064
13534,884,0,CV002_001,379948
13535,812,0,CV002_001,380760
13536,948,0,CV002_001,381708
13537,804,0,CV002_001,382512
13538,852,0,CV002_001,383364
13539,864,0,CV002_001,384228
13540,872,0,CV002_001,385100
13541,840,0,CV002_001,385940
13542,864,0,CV002_001,386804
13543,908,1,CV002_001,387712
13544,756,0,CV002_001,388468
13545,804,0,CV002_001,389272
13546,796,0,CV002_001,390068
13547,852,0,CV002_001,390920
13548,856,0,CV002_001,391776
13549,932,0,CV002_001,392708
13550,1772,0,CV002_001,394480
13551,932,0,CV002_001,395412
13552,924,0,CV002_001,396336
13553,952,0,CV002_001,397288
13554,892,0,CV002_001,398180
13555,812,0,CV002_001,398992
13556,848,0,CV002_001,399840
13557,876,0,CV002_001,400716
13558,912,0,CV002_001,401628
13559,824,0,CV002_001,402452
13560,856,0,CV002_001,403308
13561,892,0,CV002_001,404200
13562,880,0,CV002_001,405080
13563,856,0,CV002_001,405936
13564,868,0,CV002_001,406804
13565,896,1,CV002_001,407700
13566,812,0,CV002_001,408512
13567,864,0,CV002_001,409376
13568,860,0,CV002_001,410236
13569,844,0,CV002_001,411080
13570,844,0,CV002_001,411924
13571,864,0,CV002_001,412788
13572,920,1,CV002_001,413708
13573,796,0,CV002_001,414504
13574,884,0,CV002_001,415388
13575,852,0,CV002_001,416240
13576,836,0,CV002_001,417076
13577,884,0,CV002_001,417960
13578,896,0,CV002_001,418856
13579,852,0,CV002_001,419708
13580,772,0,CV002_001,420480
13581,880,0,CV002_001,421360
13582,872,0,CV002_001,422232
13583,852,0,CV002_001,423084
13584,852,0,CV002_001,423936
13585,864,0,CV002_001,424800
13586,920,1,CV002_001,425720
13587,788,0,CV002_001,426508
13588,888,0,CV002_001,427396
13589,864,0,CV002_001,428260
13590,860,0,CV002_001,429120
13591,828,0,CV002_001,429948
13592,884,0,CV002_001,430832
13593,872,0,CV002_001,431704
13594,832,0,CV002_001,432536
13595,876,0,CV002_001,433412
13596,880,0,CV002_001,434292
13597,848,0,CV002_001,435140
13598,860,0,CV002_001,436000
13599,860,0,CV002_001,436860
13600,884,0,CV002_001,437744
13601,836,0,CV002_001,438580
13602,880,0,CV002_001,439460
13603,872,0,CV002_001,440332
13604,844,0,CV002_001,441176
13605,864,0,CV002_001,442040
13606,924,0,CV002_001,442964
13607,848,0,CV002_001,443812
13608,816,0,CV002_001,444628
13609,732,0,CV002_001,445360
13610,860,0,CV002_001,446220
13611,784,0,CV002_001,447004
13612,792,0,CV002_001,447796
13613,736,0,CV002_001,448532
13614,856,0,CV002_001,449388
13615,768,0,CV002_001,450156
13616,860,0,CV002_001,451016
13617,832,0,CV002_001,451848
13618,896,0,CV002_001,452744
13619,864,0,CV002_001,453608
13620,864,0,CV002_001,454472
13621,788,0,CV002_001,455260
13622,848,0,CV002_001,456108
13623,856,0,CV002_001,456964
13624,840,0,CV002_001,457804
13625,824,0,CV002_001,458628
13626,884,0,CV002_001,459512
13627,888,0,CV002_001,460400
13628,924,0,CV002_001,461324
13629,796,0,CV002_001,462120
13630,844,0,CV002_001,462964
13631,852,0,CV002_001,463816
13632,896,0,CV002_001,464712
13633,772,0,CV002_001,465484
13634,804,0,CV002_001,466288
13635,896,0,CV002_001,467184
13636,788,0,CV002_001,467972
13637,852,0,CV002_001,468824
13638,864,0,CV002_001,469688
13639,844,0,CV002_001,470532
13640,888,0,CV002_001,471420
13641,900,0,CV002_001,472320
13642,944,0,CV002_001,473264
13643,852,0,CV002_001,474116
13644,896,0,CV002_001,475012
13645,856,0,CV002_001,475868
13646,872,0,CV002_001,476740
13647,892,0,CV002_001,477632
13648,852,0,CV002_001,478484
13649,852,0,CV002_001,479336
13650,884,0,CV002_001,480220
13651,852,0,CV002_001,481072
13652,848,0,CV002_001,481920
13653,828,0,CV002_001,482748
13654,844,0,CV002_001,483592
13655,852,0,CV002_001,484444
13656,824,0,CV002_001,485268
13657,860,0,CV002_001,486128
13658,916,0,CV002_001,487044
13659,816,0,CV002_001,487860
13660,856,0,CV002_001,488716
13661,856,0,CV002_001,489572
13662,832,0,CV002_001,490404
13663,816,0,CV002_001,491220
13664,880,1,CV002_001,492100
13665,752,0,CV002_001,492852
13666,804,0,CV002_001,493656
13667,824,0,CV002_001,494480
13668,824,0,CV002_001,495304
13669,840,0,CV002_001,496144
13670,824,0,CV002_001,496968
13671,872,0,CV002_001,497840
13672,912,0,CV002_001,498752
13673,800,0,CV002_001,499552
13674,868,0,CV002_001,500420
13675,852,0,CV002_001,501272
13676,928,0,CV002_001,502200
13677,780,0,CV002_001,502980
13678,856,0,CV002_001,503836
13679,900,0,CV002_001,504736
13680,820,0,CV002_001,505556
13681,828,0,CV002_001,506384
13682,868,0,CV002_001,507252
13683,856,0,CV002_001,508108
13684,872,0,CV002_001,508980
13685,904,0,CV002_001,509884
13686,872,0,CV002_001,510756
13687,800,0,CV002_001,511556
13688,856,0,CV002_001,512412
13689,908,0,CV002_001,513320
13690,792,0,CV002_001,514112
13691,852,0,CV002_001,514964
13692,832,0,CV002_001,515796
13693,820,0,CV002_001,516616
13694,856,0,CV002_001,517472
13695,832,0,CV002_001,518304
13696,872,0,CV002_001,519176
13697,760,0,CV002_001,519936
13698,864,0,CV002_001,520800
13699,748,0,CV002_001,521548
13700,804,0,CV002_001,522352
13701,860,0,CV002_001,523212
13702,736,0,CV002_001,523948
13703,844,0,CV002_001,524792
13704,756,0,CV002_001,525548
13705,816,0,CV002_001,526364
13706,836,0,CV002_001,527200
13707,880,0,CV002_001,528080
13708,776,0,CV002_001,528856
13709,808,0,CV002_001,529664
13710,800,0,CV002_001,530464
13711,804,0,CV002_001,531268
13712,804,0,CV002_001,532072
13713,812,0,CV002_001,532884
13714,800,0,CV002_001,533684
13715,824,0,CV002_001,534508
13716,820,0,CV002_001,535328
13717,796,0,CV002_001,536124
13718,828,0,CV002_001,536952
13719,860,0,CV002_001,537812
13720,744,0,CV002_001,538556
13721,828,0,CV002_001,539384
13722,892,0,CV002_001,540276
13723,848,0,CV002_001,541124
13724,760,0,CV002_001,541884
13725,896,0,CV002_001,542780
13726,840,0,CV002_001,543620
13727,796,0,CV002_001,544416
13728,828,0,CV002_001,545244
13729,900,0,CV002_001,546144
13730,848,0,CV002_001,546992
13731,816,0,CV002_001,547808
13732,824,0,CV002_001,548632
13733,844,0,CV002_001,549476
13734,844,0,CV002_001,550320
13735,848,0,CV002_001,551168
13736,828,0,CV002_001,551996
13737,864,0,CV002_001,552860
13738,900,0,CV002_001,553760
13739,808,0,CV002_001,554568
13740,832,0,CV002_001,555400
13741,848,0,CV002_001,556248
13742,900,0,CV002_001,557148
13743,792,0,CV002_001,557940
13744,840,0,CV002_001,558780
13745,860,0,CV002_001,559640
13746,904,0,CV002_001,560544
13747,796,0,CV002_001,561340
13748,812,0,CV002_001,562152
13749,848,0,CV002_001,563000
13750,816,0,CV002_001,563816
13751,828,0,CV002_001,564644
13752,848,0,CV002_001,565492
13753,832,0,CV002_001,566324
13754,904,1,CV002_001,567228
13755,768,0,CV002_001,567996
13756,844,0,CV002_001,568840
13757,844,0,CV002_001,569684
13758,820,0,CV002_001,570504
13759,820,0,CV002_001,571324
13760,840,0,CV002_001,572164
13761,904,0,CV002_001,573068
13762,796,0,CV002_001,573864
13763,828,0,CV002_001,574692
13764,900,0,CV002_001,575592
13765,780,0,CV002_001,576372
13766,812,0,CV002_001,577184
13767,804,0,CV002_001,577988
13768,824,0,CV002_001,578812
13769,828,0,CV002_001,579640
13770,908,0,CV002_001,580548
13771,860,0,CV002_001,581408
13772,804,0,CV002_001,582212
13773,844,0,CV002_001,583056
13774,876,0,CV002_001,583932
13775,864,0,CV002_001,584796
13776,848,0,CV002_001,585644
13777,916,0,CV002_001,586560
13778,784,0,CV002_001,587344
13779,824,0,CV002_001,588168
13780,872,0,CV002_001,589040
13781,772,0,CV002_001,589812
13782,896,0,CV002_001,590708
13783,772,0,CV002_001,591480
13784,832,0,CV002_001,592312
13785,856,0,CV002_001,593168
13786,892,0,CV002_001,594060
13787,788,0,CV002_001,594848
13788,860,0,CV002_001,595708
13789,832,0,CV002_001,596540
13790,848,0,CV002_001,597388
13791,836,0,CV002_001,598224
13792,840,0,CV002_001,599064
13793,888,1,CV002_001,599952
13794,756,0,CV002_001,600708
13795,828,0,CV002_001,601536
13796,828,0,CV002_001,602364
13797,888,1,CV002_001,603252
13798,776,0,CV002_001,604028
13799,852,0,CV002_001,604880
13800,820,0,CV002_001,605700
13801,804,0,CV002_001,606504
13802,824,0,CV002_001,607328
13803,812,0,CV002_001,608140
13804,884,1,CV002_001,609024
13805,768,0,CV002_001,609792
13806,852,0,CV002_001,610644
13807,836,0,CV002_001,611480
13808,844,0,CV002_001,612324
13809,816,0,CV002_001,613140
13810,888,0,CV002_001,614028
13811,836,0,CV002_001,614864
13812,756,0,CV002_001,615620
13813,832,0,CV002_001,616452
13814,856,0,CV002_001,617308
13815,748,0,CV002_001,618056
13816,820,0,CV002_001,618876
13817,796,0,CV002_001,619672
13818,796,0,CV002_001,620468
13819,776,0,CV002_001,621244
13820,776,0,CV002_001,622020
13821,812,1,CV002_001,622832
13822,708,0,CV002_001,623540
13823,756,0,CV002_001,624296
13824,768,0,CV002_001,625064
13825,780,0,CV002_001,625844
13826,808,0,CV002_001,626652
13827,796,0,CV002_001,627448
13828,796,0,CV002_001,628244
13829,840,0,CV002_001,629084
13830,848,0,CV002_001,629932
13831,804,0,CV002_001,630736
13832,848,0,CV002_001,631584
13833,844,0,CV002_001,632428
13834,816,0,CV002_001,633244
13835,884,0,CV002_001,634128
13836,568,0,CV002_001,634696
13837,944,0,CV002_001,635640
13838,624,0,CV002_001,636264
13839,164,0,CV002_001,636428
13840,392,0,CV002_001,636820
13841,404,0,CV002_001,637224
13842,848,0,CV002_001,638072
13843,784,0,CV002_001,638856
13844,764,0,CV002_001,639620
13845,764,0,CV002_001,640384
13846,756,0,CV002_001,641140
13847,716,0,CV002_001,641856
13848,832,0,CV002_001,642688
13849,788,0,CV002_001,643476
13850,360,0,CV002_001,643836
13851,292,0,CV002_001,644128
13852,728,0,CV002_001,644856
13853,200,0,CV002_001,645056
13854,828,0,CV002_001,645884
13855,744,0,CV002_001,646628
13856,784,0,CV002_001,647412
13857,792,0,CV002_001,648204
13858,800,0,CV002_001,649004
13859,796,0,CV002_001,649800
13860,764,0,CV002_001,650564
13861,864,0,CV002_001,651428
13862,800,0,CV002_001,652228
13863,844,0,CV002_001,653072
13864,852,0,CV002_001,653924
13865,904,0,CV002_001,654828
13866,816,0,CV002_001,655644
13867,832,0,CV002_001,656476
13868,888,0,CV002_001,657364
13869,884,0,CV002_001,658248
13870,868,0,CV002_001,659116
13871,932,0,CV002_001,660048
13872,840,0,CV002_001,660888
13873,844,0,CV002_001,661732
13874,808,0,CV002_001,662540
13875,832,0,CV002_001,663372
13876,836,0,CV002_001,664208
13877,828,0,CV002_001,665036
13878,888,0,CV002_001,665924
13879,808,0,CV002_001,666732
13880,896,0,CV002_001,667628
13881,796,0,CV002_001,668424
13882,844,0,CV002_001,669268
13883,892,0,CV002_001,670160
13884,848,0,CV002_001,671008
13885,872,0,CV002_001,671880
13886,776,0,CV002_001,672656
13887,828,0,CV002_001,673484
13888,888,0,CV002_001,674372
13889,876,0,CV002_001,675248
13890,924,0,CV002_001,676172
13891,876,0,CV002_001,677048
13892,808,0,CV002_001,677856
13893,872,0,CV002_001,678728
13894,860,0,CV002_001,679588
13895,892,0,CV002_001,680480
13896,868,0,CV002_001,681348
13897,868,0,CV002_001,682216
13898,940,1,CV002_001,683156
13899,820,0,CV002_001,683976
13900,884,0,CV002_001,684860
13901,892,0,CV002_001,685752
13902,912,0,CV002_001,686664
13903,856,0,CV002_001,687520
13904,880,0,CV002_001,688400
13905,944,1,CV002_001,689344
13906,812,0,CV002_001,690156
13907,884,0,CV002_001,691040
13908,872,0,CV002_001,691912
13909,936,1,CV002_001,692848
13910,796,0,CV002_001,693644
13911,900,0,CV002_001,694544
13912,888,0,CV002_001,695432
13913,860,0,CV002_001,696292
13914,884,0,CV002_001,697176
13915,892,0,CV002_001,698068
13916,884,0,CV002_001,698952
13917,900,0,CV002_001,699852
13918,888,0,CV002_001,700740
13919,876,0,CV002_001,701616
13920,860,0,CV002_001,702476
13921,892,0,CV002_001,703368
13922,876,0,CV002_001,704244
13923,884,0,CV002_001,705128
13924,908,0,CV002_001,706036
13925,788,0,CV002_001,706824
13926,812,0,CV002_001,707636
13927,796,0,CV002_001,708432
13928,856,0,CV002_001,709288
13929,800,0,CV002_001,710088
13930,788,0,CV002_001,710876
13931,724,0,CV002_001,711600
13932,844,0,CV002_001,712444
13933,764,0,CV002_001,713208
13934,752,0,CV002_001,713960
13935,764,0,CV002_001,714724
13936,716,0,CV002_001,715440
13937,840,0,CV002_001,716280
13938,780,0,CV002_001,717060
13939,804,0,CV002_001,717864
13940,768,0,CV002_001,718632
13941,884,0,CV002_001,719516
13942,872,0,CV002_001,720388
13943,880,0,CV002_001,721268
13944,888,0,CV002_001,722156
13945,868,0,CV002_001,723024
13946,880,0,CV002_001,723904
13947,872,0,CV002_001,724776
13948,232,0,CV002_001,725008
13949,532,0,CV002_001,725540
13950,816,0,CV002_001,726356
13951,472,0,CV002_001,726828
13952,448,0,CV002_001,727276
13953,268,0,CV002_001,727544
13954,52,0,CV002_001,727596
13955,336,0,CV002_001,727932
13956,436,0,CV002_001,728368
13957,416,0,CV002_001,728784
13958,828,0,CV002_001,729612
13959,260,0,CV002_001,729872
13960,552,0,CV002_001,730424
13961,156,0,CV002_001,730580
13962,272,0,CV002_001,730852
13963,220,0,CV002_001,731072
13964,340,0,CV002_001,731412
13965,424,0,CV002_001,731836
13966,264,0,CV002_001,732100
13967,888,0,CV002_001,732988
13968,76,0,CV002_001,733064
13969,300,0,CV002_001,733364
13970,312,0,CV002_001,733676
13971,284,0,CV002_001,733960
13972,652,0,CV002_001,734612
13973,900,0,CV002_001,735512
13974,828,0,CV002_001,736340
13975,800,0,CV002_001,737140
13976,712,0,CV002_001,737852
13977,468,0,CV002_001,738320
13978,272,0,CV002_001,738592
13979,192,0,CV002_001,738784
13980,808,0,CV002_001,739592
13981,836,0,CV002_001,740428
13982,852,0,CV002_001,741280
13983,784,0,CV002_001,742064
13984,716,0,CV002_001,742780
13985,1984,0,CV002_001,744764
13986,892,0,CV002_001,745656
13987,884,0,CV002_001,746540
13988,336,0,CV002_001,746876
13989,516,0,CV002_001,747392
13990,244,0,CV002_001,747636
13991,316,0,CV002_001,747952
13992,288,0,CV002_001,748240
13993,304,0,CV002_001,748544
13994,448,0,CV002_001,748992
13995,148,0,CV002_001,749140
13996,628,0,CV002_001,749768
13997,872,0,CV002_001,750640
13998,812,0,CV002_001,751452
13999,828,0,CV002_001,752280
14000,772,0,CV002_001,753052
14001,888,0,CV002_001,753940
14002,792,0,CV002_001,754732
14003,928,0,CV002_001,755660
14004,804,0,CV002_001,756464
14005,908,0,CV002_001,757372
14006,856,0,CV002_001,758228
14007,868,0,CV002_001,759096
14008,836,0,CV002_001,759932
14009,844,0,CV002_001,760776
14010,852,0,CV002_001,761628
14011,304,0,CV002_001,761932
14012,556,0,CV002_001,762488
14013,84,0,CV002_001,762572
14014,460,0,CV002_001,763032
14015,248,0,CV002_001,763280
14016,336,0,CV002_001,763616
14017,496,0,CV002_001,764112
14018,224,0,CV002_001,764336
14019,660,0,CV002_001,764996
14020,204,0,CV002_001,765200
14021,508,0,CV002_001,765708
14022,504,0,CV002_001,766212
14023,396,0,CV002_001,766608
14024,824,0,CV002_001,767432
14025,344,0,CV002_001,767776
14026,536,0,CV002_001,768312
14027,796,0,CV002_001,769108
14028,296,0,CV002_001,769404
14029,108,0,CV002_001,769512
14030,404,0,CV002_001,769916
14031,292,0,CV002_001,770208
14032,560,0,CV002_001,770768
14033,628,0,CV002_001,771396
14034,196,0,CV002_001,771592
14035,852,0,CV002_001,772444
14036,148,0,CV002_001,772592
14037,660,0,CV002_001,773252
14038,220,0,CV002_001,773472
14039,544,0,CV002_001,774016
14040,884,0,CV002_001,774900
14041,808,0,CV002_001,775708
14042,736,0,CV002_001,776444
14043,852,0,CV002_001,777296
14044,736,0,CV002_001,778032
14045,856,0,CV002_001,778888
14046,808,0,CV002_001,779696
14047,752,0,CV002_001,780448
14048,808,0,CV002_001,781256
14049,116,0,CV002_001,781372
14050,744,0,CV002_001,782116
14051,736,0,CV002_001,782852
14052,844,0,CV002_001,783696
14053,780,0,CV002_001,784476
14054,476,0,CV002_001,784952
14055,312,0,CV002_001,785264
14056,792,0,CV002_001,786056
14057,744,0,CV002_001,786800
14058,868,0,CV002_001,787668
14059,344,0,CV002_001,788012
14060,444,0,CV002_001,788456
14061,788,0,CV002_001,789244
14062,432,0,CV002_001,789676
14063,232,0,CV002_001,789908
14064,624,0,CV002_001,790532
14065,260,0,CV002_001,790792
14066,852,0,CV002_001,791644
14067,180,0,CV002_001,791824
14068,736,0,CV002_001,792560
14069,672,0,CV002_001,793232
14070,796,0,CV002_001,794028
14071,1516,0,CV002_001,795544
14072,268,0,CV002_001,795812
14073,580,0,CV002_001,796392
14074,152,0,CV002_001,796544
14075,628,0,CV002_001,797172
14076,864,0,CV002_001,798036
14077,804,0,CV002_001,798840
14078,584,0,CV002_001,799424
14079,200,0,CV002_001,799624
14080,184,0,CV002_001,799808
14081,284,0,CV002_001,800092
14082,224,0,CV002_001,800316
14083,644,0,CV002_001,800960
14084,60,0,CV002_001,801020
14085,396,0,CV002_001,801416
14086,140,0,CV002_001,801556
14087,392,0,CV002_001,801948
14088,592,0,CV002_001,802540
14089,264,0,CV002_001,802804
14090,728,0,CV002_001,803532
14091,788,0,CV002_001,804320
14092,192,0,CV002_001,804512
14093,388,0,CV002_001,804900
14094,244,0,CV002_001,805144
14095,772,0,CV002_001,805916
14096,240,0,CV002_001,806156
14097,516,0,CV002_001,806672
14098,744,0,CV002_001,807416
14099,740,0,CV002_001,808156
14100,744,0,CV002_001,808900
14101,764,0,CV002_001,809664
14102,784,0,CV002_001,810448
14103,776,0,CV002_001,811224
14104,808,0,CV002_001,812032
14105,764,0,CV002_001,812796
14106,804,0,CV002_001,813600
14107,892,0,CV002_001,814492
14108,848,0,CV002_001,815340
14109,872,0,CV002_001,816212
14110,888,0,CV002_001,817100
14111,836,0,CV002_001,817936
14112,876,0,CV002_001,818812
14113,868,0,CV002_001,819680
14114,816,0,CV002_001,820496
14115,828,0,CV002_001,821324
14116,892,0,CV002_001,822216
14117,788,0,CV002_001,823004
14118,824,0,CV002_001,823828
14119,916,0,CV002_001,824744
14120,872,0,CV002_001,825616
14121,884,0,CV002_001,826500
14122,888,0,CV002_001,827388
14123,800,0,CV002_001,828188
14124,916,0,CV002_001,829104
14125,876,0,CV002_001,829980
14126,856,0,CV002_001,830836
14127,772,0,CV002_001,831608
14128,884,0,CV002_001,832492
14129,820,0,CV002_001,833312
14130,836,0,CV002_001,834148
14131,828,0,CV002_001,834976
14132,836,0,CV002_001,835812
14133,852,0,CV002_001,836664
14134,856,0,CV002_001,837520
14135,836,0,CV002_001,838356
14136,848,0,CV002_001,839204
14137,860,0,CV002_001,840064
14138,836,0,CV002_001,840900
14139,848,0,CV002_001,841748
14140,848,0,CV002_001,842596
14141,824,0,CV002_001,843420
14142,800,0,CV002_001,844220
14143,820,0,CV002_001,845040
14144,800,0,CV002_001,845840
14145,796,0,CV002_001,846636
14146,800,0,CV002_001,847436
14147,788,0,CV002_001,848224
14148,808,0,CV002_001,849032
14149,1580,0,CV002_001,850612
14150,840,0,CV002_001,851452
14151,884,0,CV002_001,852336
14152,852,0,CV002_001,853188
14153,768,0,CV002_001,853956
14154,888,0,CV002_001,854844
14155,776,0,CV002_001,855620
14156,824,0,CV002_001,856444
14157,860,0,CV002_001,857304
14158,768,0,CV002_001,858072
14159,860,0,CV002_001,858932
14160,732,0,CV002_001,859664
14161,772,0,CV002_001,860436
14162,788,0,CV002_001,861224
14163,836,0,CV002_001,862060
14164,804,0,CV002_001,862864
14165,796,0,CV002_001,863660
14166,732,0,CV002_001,864392
14167,856,0,CV002_001,865248
14168,796,0,CV002_001,866044
14169,812,0,CV002_001,866856
14170,768,0,CV002_001,867624
14171,824,0,CV002_001,868448
14172,800,0,CV002_001,869248
14173,856,0,CV002_001,870104
14174,888,0,CV002_001,870992
14175,756,0,CV002_001,871748
14176,800,0,CV002_001,872548
14177,780,0,CV002_001,873328
14178,784,0,CV002_001,874112
14179,864,0,CV002_001,874976
14180,820,0,CV002_001,875796
14181,816,0,CV002_001,876612
14182,792,0,CV002_001,877404
14183,804,0,CV002_001,878208
14184,824,0,CV002_001,879032
14185,812,0,CV002_001,879844
14186,836,0,CV002_001,880680
14187,860,0,CV002_001,881540
14188,880,0,CV002_001,882420
14189,880,0,CV002_001,883300
14190,884,0,CV002_001,884184
14191,844,0,CV002_001,885028
14192,832,0,CV002_001,885860
14193,808,0,CV002_001,886668
14194,804,0,CV002_001,887472
14195,816,0,CV002_001,888288
14196,484,0,CV002_001,888772
14197,224,0,CV002_001,888996
14198,64,0,CV002_001,889060
14199,796,0,CV002_001,889856
14200,876,0,CV002_001,890732
14201,836,0,CV002_001,891568
14202,764,0,CV002_001,892332
14203,836,0,CV002_001,893168
14204,904,0,CV002_001,894072
14205,800,0,CV002_001,894872
14206,924,0,CV002_001,895796
14207,796,0,CV002_001,896592
14208,840,0,CV002_001,897432
14209,912,0,CV002_001,898344
14210,852,0,CV002_001,899196
14211,840,0,CV002_001,900036
14212,832,0,CV002_001,900868
14213,828,0,CV002_001,901696
14214,752,0,CV002_001,902448
14215,872,0,CV002_001,903320
14216,804,0,CV002_001,904124
14217,808,0,CV002_001,904932
14218,828,0,CV002_001,905760
14219,764,0,CV002_001,906524
14220,880,0,CV002_001,907404
14221,836,0,CV002_001,908240
14222,848,0,CV002_001,909088
14223,852,0,CV002_001,909940
14224,844,0,CV002_001,910784
14225,852,0,CV002_001,911636
14226,784,0,CV002_001,912420
14227,824,0,CV002_001,913244
14228,872,0,CV002_001,914116
14229,748,0,CV002_001,914864
14230,824,0,CV002_001,915688
14231,836,0,CV002_001,916524
14232,800,0,CV002_001,917324
14233,576,0,CV002_001,917900
14234,328,0,CV002_001,918228
14235,664,0,CV002_001,918892
14236,512,0,CV002_001,919404
14237,264,0,CV002_001,919668
14238,760,0,CV002_001,920428
14239,772,0,CV002_001,921200
14240,776,0,CV002_001,921976
14241,740,0,CV002_001,922716
14242,792,0,CV002_001,923508
14243,892,0,CV002_001,924400
14244,808,0,CV002_001,925208
14245,876,0,CV002_001,926084
14246,884,0,CV002_001,926968
14247,908,0,CV002_001,927876
14248,872,0,CV002_001,928748
14249,884,0,CV002_001,929632
14250,884,0,CV002_001,930516
14251,876,0,CV002_001,931392
14252,896,0,CV002_001,932288
14253,904,0,CV002_001,933192
14254,820,0,CV002_001,934012
14255,936,0,CV002_001,934948
14256,832,0,CV002_001,935780
14257,924,0,CV002_001,936704
14258,812,0,CV002_001,937516
14259,852,0,CV002_001,938368
14260,828,0,CV002_001,939196
14261,864,0,CV002_001,940060
14262,836,0,CV002_001,940896
14263,800,0,CV002_001,941696
14264,888,0,CV002_001,942584
14265,852,0,CV002_001,943436
14266,808,0,CV002_001,944244
14267,832,0,CV002_001,945076
14268,912,0,CV002_001,945988
14269,864,0,CV002_001,946852
14270,836,0,CV002_001,947688
14271,808,0,CV002_001,948496
14272,872,0,CV002_001,949368
14273,848,0,CV002_001,950216
14274,876,0,CV002_001,951092
14275,876,0,CV002_001,951968
14276,900,0,CV002_001,952868
14277,800,0,CV002_001,953668
14278,928,0,CV002_001,954596
14279,788,0,CV002_001,955384
14280,860,0,CV002_001,956244
14281,920,0,CV002_001,957164
14282,836,0,CV002_001,958000
14283,804,0,CV002_001,958804
14284,920,0,CV002_001,959724
14285,808,0,CV002_001,960532
14286,900,0,CV002_001,961432
14287,804,0,CV002_001,962236
14288,868,0,CV002_001,963104
14289,904,0,CV002_001,964008
14290,812,0,CV002_001,964820
14291,864,0,CV002_001,965684
14292,896,0,CV002_001,966580
14293,852,0,CV002_001,967432
14294,800,0,CV002_001,968232
14295,884,0,CV002_001,969116
14296,852,0,CV002_001,969968
14297,800,0,CV002_001,970768
14298,884,0,CV002_001,971652
14299,856,0,CV002_001,972508
14300,804,0,CV002_001,973312
14301,884,0,CV002_001,974196
14302,844,0,CV002_001,975040
14303,836,0,CV002_001,975876
14304,824,0,CV002_001,976700
14305,776,0,CV002_001,977476
14306,892,0,CV002_001,978368
14307,824,0,CV002_001,979192
14308,852,0,CV002_001,980044
14309,856,0,CV002_001,980900
14310,828,0,CV002_001,981728
14311,844,0,CV002_001,982572
14312,844,0,CV002_001,983416
14313,836,0,CV002_001,984252
14314,836,0,CV002_001,985088
14315,796,0,CV002_001,985884
14316,820,0,CV002_001,986704
14317,876,0,CV002_001,987580
14318,824,0,CV002_001,988404
14319,780,0,CV002_001,989184
14320,856,0,CV002_001,990040
14321,768,0,CV002_001,990808
14322,876,0,CV002_001,991684
14323,768,0,CV002_001,992452
14324,880,0,CV002_001,993332
14325,824,0,CV002_001,994156
14326,756,0,CV002_001,994912
14327,876,0,CV002_001,995788
14328,832,0,CV002_001,996620
14329,764,0,CV002_001,997384
14330,872,0,CV002_001,998256
14331,832,0,CV002_001,999088
14332,824,0,CV002_001,999912
14333,764,0,CV002_001,1000676
14334,900,0,CV002_001,1001576
14335,844,0,CV002_001,1002420
14336,828,0,CV002_001,1003248
14337,848,0,CV002_001,1004096
14338,804,0,CV002_001,1004900
14339,884,0,CV002_001,1005784
14340,848,0,CV002_001,1006632
14341,848,0,CV002_001,1007480
14342,768,0,CV002_001,1008248
14343,888,0,CV002_001,1009136
14344,852,0,CV002_001,1009988
14345,768,0,CV002_001,1010756
14346,880,0,CV002_001,1011636
14347,836,0,CV002_001,1012472
14348,848,0,CV002_001,1013320
14349,772,0,CV002_001,1014092
14350,900,0,CV002_001,1014992
14351,788,0,CV002_001,1015780
14352,888,0,CV002_001,1016668
14353,852,0,CV002_001,1017520
14354,840,0,CV002_001,1018360
14355,772,0,CV002_001,1019132
14356,896,0,CV002_001,1020028
14357,780,0,CV002_001,1020808
14358,812,0,CV002_001,1021620
14359,896,0,CV002_001,1022516
14360,772,0,CV002_001,1023288
14361,860,0,CV002_001,1024148
14362,764,0,CV002_001,1024912
14363,864,0,CV002_001,1025776
14364,744,0,CV002_001,1026520
14365,880,0,CV002_001,1027400
14366,832,0,CV002_001,1028232
14367,812,0,CV002_001,1029044
14368,776,0,CV002_001,1029820
14369,896,0,CV002_001,1030716
14370,812,0,CV002_001,1031528
14371,832,0,CV002_001,1032360
14372,836,0,CV002_001,1033196
14373,824,0,CV002_001,1034020
14374,824,0,CV002_001,1034844
14375,764,0,CV002_001,1035608
14376,808,0,CV002_001,1036416
14377,856,0,CV002_001,1037272
14378,764,0,CV002_001,1038036
14379,856,0,CV002_001,1038892
14380,804,0,CV002_001,1039696
14381,820,0,CV002_001,1040516
14382,836,0,CV002_001,1041352
14383,828,0,CV002_001,1042180
14384,836,0,CV002_001,1043016
14385,796,0,CV002_001,1043812
14386,812,0,CV002_001,1044624
14387,876,0,CV002_001,1045500
14388,848,0,CV002_001,1046348
14389,824,0,CV002_001,1047172
14390,768,0,CV002_001,1047940
14391,896,0,CV002_001,1048836
14392,832,0,CV002_001,1049668
14393,808,0,CV002_001,1050476
14394,828,0,CV002_001,1051304
14395,844,0,CV002_001,1052148
14396,764,0,CV002_001,1052912
14397,832,0,CV002_001,1053744
14398,832,0,CV002_001,1054576
14399,860,0,CV002_001,1055436
14400,804,0,CV002_001,1056240
14401,804,0,CV002_001,1057044
14402,732,0,CV002_001,1057776
14403,848,0,CV002_001,1058624
14404,808,0,CV002_001,1059432
14405,800,0,CV002_001,1060232
14406,804,0,CV002_001,1061036
14407,812,0,CV002_001,1061848
14408,768,0,CV002_001,1062616
14409,868,0,CV002_001,1063484
14410,820,0,CV002_001,1064304
14411,756,0,CV002_001,1065060
14412,816,0,CV002_001,1065876
14413,876,0,CV002_001,1066752
14414,760,0,CV002_001,1067512
14415,852,0,CV002_001,1068364
14416,816,0,CV002_001,1069180
14417,756,0,CV002_001,1069936
14418,868,0,CV002_001,1070804
14419,828,0,CV002_001,1071632
14420,768,0,CV002_001,1072400
14421,864,0,CV002_001,1073264
14422,764,0,CV002_001,1074028
14423,884,0,CV002_001,1074912
14424,812,0,CV002_001,1075724
14425,788,0,CV002_001,1076512
14426,848,0,CV002_001,1077360
14427,884,0,CV002_001,1078244
14428,856,0,CV002_001,1079100
14429,796,0,CV002_001,1079896
14430,824,0,CV002_001,1080720
14431,900,0,CV002_001,1081620
14432,852,0,CV002_001,1082472
14433,832,0,CV002_001,1083304
14434,832,0,CV002_001,1084136
14435,844,0,CV002_001,1084980
14436,832,0,CV002_001,1085812
14437,824,0,CV002_001,1086636
14438,792,0,CV002_001,1087428
14439,832,0,CV002_001,1088260
14440,820,0,CV002_001,1089080
14441,884,1,CV002_001,1089964
14442,764,0,CV002_001,1090728
14443,856,0,CV002_001,1091584
14444,816,0,CV002_001,1092400
14445,836,0,CV002_001,1093236
14446,816,0,CV002_001,1094052
14447,828,0,CV002_001,1094880
14448,836,0,CV002_001,1095716
14449,768,0,CV002_001,1096484
14450,880,0,CV002_001,1097364
14451,776,0,CV002_001,1098140
14452,816,0,CV002_001,1098956
14453,868,0,CV002_001,1099824
14454,820,0,CV002_001,1100644
14455,832,0,CV002_001,1101476
14456,816,0,CV002_001,1102292
14457,816,0,CV002_001,1103108
14458,828,0,CV002_001,1103936
14459,836,0,CV002_001,1104772
14460,808,0,CV002_001,1105580
14461,772,0,CV002_001,1106352
14462,892,0,CV002_001,1107244
14463,812,0,CV002_001,1108056
14464,816,0,CV002_001,1108872
14465,832,0,CV002_001,1109704
14466,752,0,CV002_001,1110456
14467,856,0,CV002_001,1111312
14468,768,0,CV002_001,1112080
14469,872,0,CV002_001,1112952
14470,800,0,CV002_001,1113752
14471,808,0,CV002_001,1114560
14472,824,0,CV002_001,1115384
14473,820,0,CV002_001,1116204
14474,852,0,CV002_001,1117056
14475,844,0,CV002_001,1117900
14476,828,0,CV002_001,1118728
14477,844,0,CV002_001,1119572
14478,856,0,CV002_001,1120428
14479,760,0,CV002_001,1121188
14480,792,0,CV002_001,1121980
14481,828,0,CV002_001,1122808
14482,840,0,CV002_001,1123648
14483,860,0,CV002_001,1124508
14484,884,0,CV002_001,1125392
14485,864,0,CV002_001,1126256
14486,884,0,CV002_001,1127140
14487,928,0,CV002_001,1128068
14488,824,0,CV002_001,1128892
14489,848,0,CV002_001,1129740
14490,884,0,CV002_001,1130624
14491,868,0,CV002_001,1131492
14492,840,0,CV002_001,1132332
14493,860,0,CV002_001,1133192
14494,880,0,CV002_001,1134072
14495,860,0,CV002_001,1134932
14496,848,0,CV002_001,1135780
14497,880,0,CV002_001,1136660
14498,892,0,CV002_001,1137552
14499,856,0,CV002_001,1138408
14500,888,0,CV002_001,1139296
14501,864,0,CV002_001,1140160
14502,928,1,CV002_001,1141088
14503,808,0,CV002_001,1141896
14504,880,0,CV002_001,1142776
14505,852,0,CV002_001,1143628
14506,840,0,CV002_001,1144468
14507,856,0,CV002_001,1145324
14508,872,0,CV002_001,1146196
14509,924,0,CV002_001,1147120
14510,856,0,CV002_001,1147976
14511,800,0,CV002_001,1148776
14512,844,0,CV002_001,1149620
14513,884,0,CV002_001,1150504
14514,820,0,CV002_001,1151324
14515,780,0,CV002_001,1152104
14516,2380,0,CV002_001,1154484
14517,764,0,CV002_001,1155248
14518,840,0,CV002_001,1156088
14519,744,0,CV002_001,1156832
14520,852,0,CV002_001,1157684
14521,800,0,CV002_001,1158484
14522,820,0,CV002_001,1159304
14523,740,0,CV002_001,1160044
14524,832,0,CV002_001,1160876
14525,840,0,CV002_001,1161716
14526,892,0,CV002_001,1162608
14527,872,0,CV002_001,1163480
14528,772,0,CV002_001,1164252
14529,916,0,CV002_001,1165168
14530,808,0,CV002_001,1165976
14531,808,0,CV002_001,1166784
14532,856,0,CV002_001,1167640
14533,820,0,CV002_001,1168460
14534,752,0,CV002_001,1169212
14535,908,0,CV002_001,1170120
14536,852,0,CV002_001,1170972
14537,864,0,CV002_001,1171836
14538,784,0,CV002_001,1172620
14539,840,0,CV002_001,1173460
14540,840,0,CV002_001,1174300
14541,908,0,CV002_001,1175208
14542,788,0,CV002_001,1175996
14543,840,0,CV002_001,1176836
14544,940,0,CV002_001,1177776
14545,884,0,CV002_001,1178660
14546,780,0,CV002_001,1179440
14547,876,0,CV002_001,1180316
14548,872,0,CV002_001,1181188
14549,940,0,CV002_001,1182128
14550,832,0,CV002_001,1182960
14551,856,0,CV002_001,1183816
14552,908,0,CV002_001,1184724
14553,888,0,CV002_001,1185612
14554,896,0,CV002_001,1186508
14555,856,0,CV002_001,1187364
14556,908,0,CV002_001,1188272
14557,884,0,CV002_001,1189156
14558,936,0,CV002_001,1190092
14559,816,0,CV002_001,1190908
14560,864,0,CV002_001,1191772
14561,880,0,CV002_001,1192652
14562,844,0,CV002_001,1193496
14563,896,0,CV002_001,1194392
14564,904,0,CV002_001,1195296
14565,900,0,CV002_001,1196196
14566,884,0,CV002_001,1197080
14567,912,0,CV002_001,1197992
14568,876,0,CV002_001,1198868
14569,852,0,CV002_001,1199720
14570,936,0,CV002_001,1200656
14571,860,0,CV002_001,1201516
14572,848,0,CV002_001,1202364
14573,792,0,CV002_001,1203156
14574,868,0,CV002_001,1204024
14575,936,0,CV002_001,1204960
14576,792,0,CV002_001,1205752
14577,872,0,CV002_001,1206624
14578,924,0,CV002_001,1207548
14579,812,0,CV002_001,1208360
14580,844,0,CV002_001,1209204
14581,920,0,CV002_001,1210124
14582,884,0,CV002_001,1211008
14583,880,0,CV002_001,1211888
14584,868,0,CV002_001,1212756
14585,884,0,CV002_001,1213640
14586,836,0,CV002_001,1214476
14587,908,0,CV002_001,1215384
14588,844,0,CV002_001,1216228
14589,944,0,CV002_001,1217172
14590,796,0,CV002_001,1217968
14591,896,0,CV002_001,1218864
14592,876,0,CV002_001,1219740
14593,940,0,CV002_001,1220680
14594,860,0,CV002_001,1221540
14595,880,0,CV002_001,1222420
14596,820,0,CV002_001,1223240
14597,876,0,CV002_001,1224116
14598,892,0,CV002_001,1225008
14599,872,0,CV002_001,1225880
14600,948,0,CV002_001,1226828
14601,808,0,CV002_001,1227636
14602,948,0,CV002_001,1228584
14603,832,0,CV002_001,1229416
14604,864,0,CV002_001,1230280
14605,884,0,CV002_001,1231164
14606,948,0,CV002_001,1232112
14607,824,0,CV002_001,1232936
14608,852,0,CV002_001,1233788
14609,940,0,CV002_001,1234728
14610,896,0,CV002_001,1235624
14611,816,0,CV002_001,1236440
14612,864,0,CV002_001,1237304
14613,936,0,CV002_001,1238240
14614,892,0,CV002_001,1239132
14615,800,0,CV002_001,1239932
14616,868,0,CV002_001,1240800
14617,880,0,CV002_001,1241680
14618,876,0,CV002_001,1242556
14619,836,0,CV002_001,1243392
14620,932,0,CV002_001,1244324
14621,888,0,CV002_001,1245212
14622,900,0,CV002_001,1246112
14623,792,0,CV002_001,1246904
14624,912,0,CV002_001,1247816
14625,860,0,CV002_001,1248676
14626,780,0,CV002_001,1249456
14627,880,0,CV002_001,1250336
14628,844,0,CV002_001,1251180
14629,852,0,CV002_001,1252032
14630,784,0,CV002_001,1252816
14631,860,0,CV002_001,1253676
14632,852,0,CV002_001,1254528
14633,932,0,CV002_001,1255460
14634,796,0,CV002_001,1256256
14635,880,0,CV002_001,1257136
14636,868,0,CV002_001,1258004
14637,864,0,CV002_001,1258868
14638,860,0,CV002_001,1259728
14639,936,0,CV002_001,1260664
14640,812,0,CV002_001,1261476
14641,844,0,CV002_001,1262320
14642,924,0,CV002_001,1263244
14643,804,0,CV002_001,1264048
14644,832,0,CV002_001,1264880
14645,900,0,CV002_001,1265780
14646,780,0,CV002_001,1266560
14647,824,0,CV002_001,1267384
14648,816,0,CV002_001,1268200
14649,836,0,CV002_001,1269036
14650,860,0,CV002_001,1269896
14651,832,0,CV002_001,1270728
14652,864,0,CV002_001,1271592
14653,932,0,CV002_001,1272524
14654,864,0,CV002_001,1273388
14655,860,0,CV002_001,1274248
14656,884,0,CV002_001,1275132
14657,832,0,CV002_001,1275964
14658,836,0,CV002_001,1276800
14659,916,0,CV002_001,1277716
14660,872,0,CV002_001,1278588
14661,800,0,CV002_001,1279388
14662,840,0,CV002_001,1280228
14663,920,0,CV002_001,1281148
14664,872,0,CV002_001,1282020
14665,784,0,CV002_001,1282804
14666,932,0,CV002_001,1283736
14667,868,0,CV002_001,1284604
14668,812,0,CV002_001,1285416
14669,920,0,CV002_001,1286336
14670,880,0,CV002_001,1287216
14671,824,0,CV002_001,1288040
14672,852,0,CV002_001,1288892
14673,888,0,CV002_001,1289780
14674,956,0,CV002_001,1290736
14675,860,0,CV002_001,1291596
14676,880,0,CV002_001,1292476
14677,872,0,CV002_001,1293348
14678,892,0,CV002_001,1294240
14679,412,0,CV002_001,1294652
14680,164,0,CV002_001,1294816
14681,196,0,CV002_001,1295012
14682,656,0,CV002_001,1295668
14683,284,0,CV002_001,1295952
14684,108,0,CV002_001,1296060
14685,588,0,CV002_001,1296648
14686,220,0,CV002_001,1296868
14687,584,0,CV002_001,1297452
14688,228,0,CV002_001,1297680
14689,528,0,CV002_001,1298208
14690,808,0,CV002_001,1299016
14691,796,0,CV002_001,1299812
14692,732,0,CV002_001,1300544
14693,796,0,CV002_001,1301340
14694,864,0,CV002_001,1302204
14695,824,0,CV002_001,1303028
14696,788,0,CV002_001,1303816
14697,824,0,CV002_001,1304640
14698,860,0,CV002_001,1305500
14699,856,0,CV002_001,1306356
14700,844,0,CV002_001,1307200
14701,872,0,CV002_001,1308072
14702,944,0,CV002_001,1309016
14703,860,0,CV002_001,1309876
14704,848,0,CV002_001,1310724
14705,812,0,CV002_001,1311536
14706,792,0,CV002_001,1312328
14707,748,0,CV002_001,1313076
14708,876,0,CV002_001,1313952
14709,748,0,CV002_001,1314700
14710,876,0,CV002_001,1315576
14711,840,0,CV002_001,1316416
14712,872,0,CV002_001,1317288
14713,852,0,CV002_001,1318140
14714,872,0,CV002_001,1319012
14715,884,0,CV002_001,1319896
14716,848,0,CV002_001,1320744
14717,912,0,CV002_001,1321656
14718,820,0,CV002_001,1322476
14719,824,0,CV002_001,1323300
14720,868,0,CV002_001,1324168
14721,736,0,CV002_001,1324904
14722,756,0,CV002_001,1325660
14723,764,0,CV002_001,1326424
14724,748,0,CV002_001,1327172
14725,756,0,CV002_001,1327928
14726,744,0,CV002_001,1328672
14727,792,0,CV002_001,1329464
14728,688,0,CV002_001,1330152
14729,216,0,CV002_001,1330368
14730,348,0,CV002_001,1330716
14731,124,0,CV002_001,1330840
14732,200,0,CV002_001,1331040
14733,604,0,CV002_001,1331644
14734,84,0,CV002_001,1331728
14735,312,0,CV002_001,1332040
14736,320,0,CV002_001,1332360
14737,228,0,CV002_001,1332588
14738,200,0,CV002_001,1332788
14739,856,0,CV002_001,1333644
14740,776,0,CV002_001,1334420
14741,556,0,CV002_001,1334976
14742,428,0,CV002_001,1335404
14743,88,0,CV002_001,1335492
14744,252,0,CV002_001,1335744
14745,688,0,CV002_001,1336432
14746,708,0,CV002_001,1337140
14747,308,0,CV002_001,1337448
14748,424,0,CV002_001,1337872
14749,1228,0,CV002_001,1339100
14750,160,0,CV002_001,1339260
14751,740,0,CV002_001,1340000
14752,268,0,CV002_001,1340268
14753,540,0,CV002_001,1340808
14754,1168,0,CV002_001,1341976
14755,200,0,CV002_001,1342176
14756,336,0,CV002_001,1342512
14757,204,0,CV002_001,1342716
14758,308,0,CV002_001,1343024
14759,1356,0,CV002_001,1344380
14760,608,0,CV002_001,1344988
14761,248,0,CV002_001,1345236
14762,336,0,CV002_001,1345572
14763,64,0,CV002_001,1345636
14764,260,0,CV002_001,1345896
14765,676,0,CV002_001,1346572
14766,360,0,CV002_001,1346932
14767,164,0,CV002_001,1347096
14768,440,0,CV002_001,1347536
14769,128,0,CV002_001,1347664
14770,300,0,CV002_001,1347964
14771,296,0,CV002_001,1348260
14772,92,0,CV002_001,1348352
14773,644,0,CV002_001,1348996
14774,768,0,CV002_001,1349764
14775,384,0,CV002_001,1350148
14776,232,0,CV002_001,1350380
14777,232,0,CV002_001,1350612
14778,1164,0,CV002_001,1351776
14779,656,0,CV002_001,1352432
14780,272,0,CV002_001,1352704
14781,376,0,CV002_001,1353080
14782,644,0,CV002_001,1353724
14783,584,0,CV002_001,1354308
14784,632,0,CV002_001,1354940
14785,504,0,CV002_001,1355444
14786,188,0,CV002_001,1355632
14787,288,0,CV002_001,1355920
14788,300,0,CV002_001,1356220
14789,628,0,CV002_001,1356848
14790,628,0,CV002_001,1357476
14791,648,0,CV002_001,1358124
14792,648,0,CV002_001,1358772
14793,636,0,CV002_001,1359408
14794,628,0,CV002_001,1360036
14795,628,0,CV002_001,1360664
14796,628,0,CV002_001,1361292
14797,464,0,CV002_001,1361756
14798,416,0,CV002_001,1362172
14799,64,0,CV002_001,1362236
14800,272,0,CV002_001,1362508
14801,676,0,CV002_001,1363184
14802,616,0,CV002_001,1363800
14803,1084,0,CV002_001,1364884
14804,128,0,CV002_001,1365012
14805,548,0,CV002_001,1365560
14806,652,0,CV002_001,1366212
14807,600,0,CV002_001,1366812
14808,600,0,CV002_001,1367412
14809,568,0,CV002_001,1367980
14810,196,0,CV002_001,1368176
14811,380,0,CV002_001,1368556
14812,432,0,CV002_001,1368988
14813,252,0,CV002_001,1369240
14814,1096,0,CV002_001,1370336
14815,276,0,CV002_001,1370612
14816,56,0,CV002_001,1370668
14817,260,0,CV002_001,1370928
14818,604,0,CV002_001,1371532
14819,292,0,CV002_001,1371824
14820,144,0,CV002_001,1371968
14821,212,0,CV002_001,1372180
14822,308,0,CV002_001,1372488
14823,1116,0,CV002_001,1373604
14824,160,0,CV002_001,1373764
14825,128,0,CV002_001,1373892
14826,440,0,CV002_001,1374332
14827,220,0,CV002_001,1374552
14828,648,0,CV002_001,1375200
14829,272,0,CV002_001,1375472
14830,144,0,CV002_001,1375616
14831,352,0,CV002_001,1375968
14832,332,0,CV002_001,1376300
14833,592,0,CV002_001,1376892
14834,636,0,CV002_001,1377528
14835,552,0,CV002_001,1378080
14836,1228,0,CV002_001,1379308
14837,632,0,CV002_001,1379940
14838,668,0,CV002_001,1380608
14839,416,0,CV002_001,1381024
14840,88,0,CV002_001,1381112
14841,180,0,CV002_001,1381292
14842,648,0,CV002_001,1381940
14843,660,0,CV002_001,1382600
14844,672,0,CV002_001,1383272
14845,724,0,CV002_001,1383996
14846,144,0,CV002_001,1384140
14847,132,0,CV002_001,1384272
14848,348,0,CV002_001,1384620
14849,648,0,CV002_001,1385268
14850,664,0,CV002_001,1385932
14851,660,0,CV002_001,1386592
14852,660,0,CV002_001,1387252
14853,308,0,CV002_001,1387560
14854,356,0,CV002_001,1387916
14855,324,0,CV002_001,1388240
14856,480,0,CV002_001,1388720
14857,216,0,CV002_001,1388936
14858,228,0,CV002_001,1389164
14859,124,0,CV002_001,1389288
14860,640,0,CV002_001,1389928
14861,276,0,CV002_001,1390204
14862,352,0,CV002_001,1390556
14863,1236,0,CV002_001,1391792
14864,296,0,CV002_001,1392088
14865,272,0,CV002_001,1392360
14866,212,0,CV002_001,1392572
14867,352,0,CV002_001,1392924
14868,56,0,CV002_001,1392980
14869,620,0,CV002_001,1393600
14870,340,0,CV002_001,1393940
14871,24,0,CV002_001,1393964
14872,300,0,CV002_001,1394264
14873,312,0,CV002_001,1394576
14874,152,0,CV002_001,1394728
14875,804,0,CV002_001,1395532
14876,692,0,CV002_001,1396224
14877,372,0,CV002_001,1396596
14878,212,0,CV002_001,1396808
14879,604,0,CV002_001,1397412
14880,96,0,CV002_001,1397508
14881,592,0,CV002_001,1398100
14882,460,0,CV002_001,1398560
14883,232,0,CV002_001,1398792
14884,260,0,CV002_001,1399052
14885,280,0,CV002_001,1399332
14886,92,0,CV002_001,1399424
14887,292,0,CV002_001,1399716
14888,228,0,CV002_001,1399944
14889,676,0,CV002_001,1400620
14890,476,0,CV002_001,1401096
14891,132,0,CV002_001,1401228
14892,640,0,CV002_001,1401868
14893,400,0,CV002_001,1402268
14894,244,0,CV002_001,1402512
14895,268,0,CV002_001,1402780
14896,360,0,CV002_001,1403140
14897,48,0,CV002_001,1403188
14898,232,0,CV002_001,1403420
14899,312,0,CV002_001,1403732
14900,152,0,CV002_001,1403884
14901,416,0,CV002_001,1404300
14902,128,0,CV002_001,1404428
14903,396,0,CV002_001,1404824
14904,64,0,CV002_001,1404888
14905,392,0,CV002_001,1405280
14906,320,0,CV002_001,1405600
14907,608,0,CV002_001,1406208
14908,612,0,CV002_001,1406820
14909,600,0,CV002_001,1407420
14910,304,0,CV002_001,1407724
14911,316,0,CV002_001,1408040
14912,184,0,CV002_001,1408224
14913,336,0,CV002_001,1408560
14914,244,0,CV002_001,1408804
14915,40,0,CV002_001,1408844
14916,468,0,CV002_001,1409312
14917,560,0,CV002_001,1409872
14918,620,0,CV002_001,1410492
14919,320,0,CV002_001,1410812
14920,88,0,CV002_001,1410900
14921,560,0,CV002_001,1411460
14922,560,0,CV002_001,1412020
14923,124,0,CV002_001,1412144
14924,340,0,CV002_001,1412484
14925,260,0,CV002_001,1412744
14926,300,0,CV002_001,1413044
14927,72,0,CV002_001,1413116
14928,452,0,CV002_001,1413568
14929,328,0,CV002_001,1413896
14930,340,0,CV002_001,1414236
14931,584,0,CV002_001,1414820
14932,228,0,CV002_001,1415048
14933,420,0,CV002_001,1415468
14934,44,0,CV002_001,1415512
14935,604,0,CV002_001,1416116
14936,220,0,CV002_001,1416336
14937,352,0,CV002_001,1416688
14938,252,0,CV002_001,1416940
14939,156,0,CV002_001,1417096
14940,232,0,CV002_001,1417328
14941,876,0,CV002_001,1418204
14942,412,0,CV002_001,1418616
14943,176,0,CV002_001,1418792
14944,688,0,CV002_001,1419480
14945,648,0,CV002_001,1420128
14946,656,0,CV002_001,1420784
14947,444,0,CV002_001,1421228
14948,52,0,CV002_001,1421280
14949,812,0,CV002_001,1422092
14950,648,0,CV002_001,1422740
14951,216,0,CV002_001,1422956
14952,352,0,CV002_001,1423308
14953,832,0,CV002_001,1424140
14954,628,0,CV002_001,1424768
14955,660,0,CV002_001,1425428
14956,728,0,CV002_001,1426156
14957,60,0,CV002_001,1426216
14958,340,0,CV002_001,1426556
14959,372,0,CV002_001,1426928
14960,136,0,CV002_001,1427064
14961,176,0,CV002_001,1427240
14962,284,0,CV002_001,1427524
14963,220,0,CV002_001,1427744
14964,388,0,CV002_001,1428132
14965,356,0,CV002_001,1428488
14966,396,0,CV002_001,1428884
14967,512,0,CV002_001,1429396
14968,820,0,CV002_001,1430216
14969,752,0,CV002_001,1430968
14970,284,0,CV002_001,1431252
14971,416,0,CV002_001,1431668
14972,708,0,CV002_001,1432376
14973,712,0,CV002_001,1433088
14974,164,0,CV002_001,1433252
14975,244,0,CV002_001,1433496
14976,256,0,CV002_001,1433752
14977,720,0,CV002_001,1434472
14978,748,0,CV002_001,1435220
14979,664,0,CV002_001,1435884
14980,736,0,CV002_001,1436620
14981,704,0,CV002_001,1437324
14982,728,0,CV002_001,1438052
14983,724,0,CV002_001,1438776
14984,720,0,CV002_001,1439496
14985,748,0,CV002_001,1440244
14986,740,0,CV002_001,1440984
14987,720,0,CV002_001,1441704
14988,736,0,CV002_001,1442440
14989,772,0,CV002_001,1443212
14990,740,0,CV002_001,1443952
14991,744,0,CV002_001,1444696
14992,756,0,CV002_001,1445452
14993,672,0,CV002_001,1446124
14994,728,0,CV002_001,1446852
14995,736,0,CV002_001,1447588
14996,732,0,CV002_001,1448320
14997,736,0,CV002_001,1449056
14998,752,0,CV002_001,1449808
14999,764,0,CV002_001,1450572
15000,736,0,CV002_001,1451308
15001,816,0,CV002_001,1452124
15002,684,0,CV002_001,1452808
15003,788,0,CV002_001,1453596
15004,688,0,CV002_001,1454284
15005,720,0,CV002_001,1455004
15006,700,0,CV002_001,1455704
15007,736,0,CV002_001,1456440
15008,708,0,CV002_001,1457148
15009,740,0,CV002_001,1457888
15010,768,0,CV002_001,1458656
15011,224,0,CV002_001,1458880
15012,64,0,CV002_001,1458944
15013,352,0,CV002_001,1459296
15014,688,0,CV002_001,1459984
15015,180,0,CV002_001,1460164
15016,388,0,CV002_001,1460552
15017,336,0,CV002_001,1460888
15018,692,0,CV002_001,1461580
15019,700,0,CV002_001,1462280
15020,712,0,CV002_001,1462992
15021,720,0,CV002_001,1463712
15022,660,0,CV002_001,1464372
15023,768,0,CV002_001,1465140
15024,724,0,CV002_001,1465864
15025,740,0,CV002_001,1466604
15026,748,0,CV002_001,1467352
15027,684,0,CV002_001,1468036
15028,744,0,CV002_001,1468780
15029,820,0,CV002_001,1469600
15030,704,0,CV002_001,1470304
15031,740,0,CV002_001,1471044
15032,800,0,CV002_001,1471844
15033,708,0,CV002_001,1472552
15034,836,0,CV002_001,1473388
15035,780,0,CV002_001,1474168
15036,712,0,CV002_001,1474880
15037,724,0,CV002_001,1475604
15038,736,0,CV002_001,1476340
15039,704,0,CV002_001,1477044
15040,704,0,CV002_001,1477748
15041,732,0,CV002_001,1478480
15042,724,0,CV002_001,1479204
15043,760,0,CV002_001,1479964
15044,772,0,CV002_001,1480736
15045,764,0,CV002_001,1481500
15046,816,0,CV002_001,1482316
15047,416,0,CV002_001,1482732
15048,288,0,CV002_001,1483020
15049,720,0,CV002_001,1483740
15050,764,0,CV002_001,1484504
15051,652,0,CV002_001,1485156
15052,756,0,CV002_001,1485912
15053,284,0,CV002_001,1486196
15054,44,0,CV002_001,1486240
15055,324,0,CV002_001,1486564
15056,736,0,CV002_001,1487300
15057,740,0,CV002_001,1488040
15058,736,0,CV002_001,1488776
15059,812,0,CV002_001,1489588
15060,708,0,CV002_001,1490296
15061,748,0,CV002_001,1491044
15062,760,0,CV002_001,1491804
15063,752,0,CV002_001,1492556
15064,748,0,CV002_001,1493304
15065,732,0,CV002_001,1494036
15066,804,0,CV002_001,1494840
15067,476,0,CV002_001,1495316
15068,284,0,CV002_001,1495600
15069,268,0,CV002_001,1495868
15070,516,0,CV002_001,1496384
15071,428,0,CV002_001,1496812
15072,204,0,CV002_001,1497016
15073,704,0,CV002_001,1497720
15074,772,0,CV002_001,1498492
15075,712,0,CV002_001,1499204
15076,284,0,CV002_001,1499488
15077,444,0,CV002_001,1499932
15078,228,0,CV002_001,1500160
15079,500,0,CV002_001,1500660
15080,660,0,CV002_001,1501320
15081,424,0,CV002_001,1501744
15082,288,0,CV002_001,1502032
15083,780,0,CV002_001,1502812
15084,720,0,CV002_001,1503532
15085,468,0,CV002_001,1504000
15086,340,0,CV002_001,1504340
15087,496,0,CV002_001,1504836
15088,708,0,CV002_001,1505544
15089,444,0,CV002_001,1505988
15090,144,0,CV002_001,1506132
15091,424,0,CV002_001,1506556
15092,688,0,CV002_001,1507244
15093,84,0,CV002_001,1507328
15094,436,0,CV002_001,1507764
15095,680,0,CV002_001,1508444
15096,156,0,CV002_001,1508600
15097,464,0,CV002_001,1509064
15098,680,0,CV002_001,1509744
15099,376,0,CV002_001,1510120
15100,260,0,CV002_001,1510380
15101,328,0,CV002_001,1510708
15102,264,0,CV002_001,1510972
15103,484,0,CV002_001,1511456
15104,132,0,CV002_001,1511588
15105,1036,0,CV002_001,1512624
15106,268,0,CV002_001,1512892
15107,164,0,CV002_001,1513056
15108,780,0,CV002_001,1513836
15109,688,0,CV002_001,1514524
15110,736,0,CV002_001,1515260
15111,640,0,CV002_001,1515900
15112,680,0,CV002_001,1516580
15113,696,0,CV002_001,1517276
15114,660,0,CV002_001,1517936
15115,680,0,CV002_001,1518616
15116,672,0,CV002_001,1519288
15117,704,0,CV002_001,1519992
15118,700,0,CV002_001,1520692
15119,700,0,CV002_001,1521392
15120,776,0,CV002_001,1522168
15121,1464,0,CV002_001,1523632
15122,148,0,CV002_001,1523780
15123,356,0,CV002_001,1524136
15124,320,0,CV002_001,1524456
15125,452,0,CV002_001,1524908
15126,464,0,CV002_001,1525372
15127,72,0,CV002_001,1525444
15128,784,0,CV002_001,1526228
15129,1324,0,CV002_001,1527552
15130,132,0,CV002_001,1527684
15131,372,0,CV002_001,1528056
15132,124,0,CV002_001,1528180
15133,1820,0,CV002_001,1530000
15134,424,0,CV002_001,1530424
15135,348,0,CV002_001,1530772
15136,460,0,CV002_001,1531232
15137,180,0,CV002_001,1531412
15138,584,0,CV002_001,1531996
15139,644,0,CV002_001,1532640
15140,692,0,CV002_001,1533332
15141,516,0,CV002_001,1533848
15142,732,0,CV002_001,1534580
15143,664,0,CV002_001,1535244
15144,652,0,CV002_001,1535896
15145,720,0,CV002_001,1536616
15146,644,0,CV002_001,1537260
15147,716,0,CV002_001,1537976
15148,536,0,CV002_001,1538512
15149,48,0,CV002_001,1538560
15150,396,0,CV002_001,1538956
15151,968,0,CV002_001,1539924
15152,320,0,CV002_001,1540244
15153,80,0,CV002_001,1540324
15154,572,0,CV002_001,1540896
15155,272,0,CV002_001,1541168
15156,184,0,CV002_001,1541352
15157,252,0,CV002_001,1541604
15158,440,0,CV002_001,1542044
15159,284,0,CV002_001,1542328
15160,676,0,CV002_001,1543004
15161,560,0,CV002_001,1543564
15162,364,0,CV002_001,1543928
15163,64,0,CV002_001,1543992
15164,480,0,CV002_001,1544472
15165,748,0,CV002_001,1545220
15166,752,0,CV002_001,1545972
15167,1904,0,CV002_001,1547876
15168,316,0,CV002_001,1548192
15169,1236,0,CV002_001,1549428
15170,228,0,CV002_001,1549656
15171,528,0,CV002_001,1550184
15172,364,0,CV002_001,1550548
15173,1148,0,CV002_001,1551696
15174,688,0,CV002_001,1552384
15175,236,0,CV002_001,1552620
15176,44,0,CV002_001,1552664
15177,1700,0,CV002_001,1554364
15178,520,0,CV002_001,1554884
15179,308,0,CV002_001,1555192
15180,384,0,CV002_001,1555576
15181,136,0,CV002_001,1555712
15182,276,0,CV002_001,1555988
15183,176,0,CV002_001,1556164
15184,636,0,CV002_001,1556800
15185,776,0,CV002_001,1557576
15186,476,0,CV002_001,1558052
15187,80,0,CV002_001,1558132
15188,1064,0,CV002_001,1559196
15189,504,0,CV002_001,1559700
15190,188,0,CV002_001,1559888
15191,540,0,CV002_001,1560428
15192,388,0,CV002_001,1560816
15193,748,0,CV002_001,1561564
15194,352,0,CV002_001,1561916
15195,432,0,CV002_001,1562348
15196,188,0,CV002_001,1562536
15197,560,0,CV002_001,1563096
15198,312,0,CV002_001,1563408
15199,396,0,CV002_001,1563804
15200,92,0,CV002_001,1563896
15201,748,0,CV002_001,1564644
15202,612,0,CV002_001,1565256
15203,164,0,CV002_001,1565420
15204,736,0,CV002_001,1566156
15205,528,0,CV002_001,1566684
15206,216,0,CV002_001,1566900
15207,752,0,CV002_001,1567652
15208,736,0,CV002_001,1568388
15209,796,0,CV002_001,1569184
15210,1464,0,CV002_001,1570648
15211,736,0,CV002_001,1571384
15212,752,0,CV002_001,1572136
15213,468,0,CV002_001,1572604
15214,284,0,CV002_001,1572888
15215,536,0,CV002_001,1573424
15216,136,0,CV002_001,1573560
15217,872,0,CV002_001,1574432
15218,392,0,CV002_001,1574824
15219,380,0,CV002_001,1575204
15220,88,0,CV002_001,1575292
15221,552,0,CV002_001,1575844
15222,892,0,CV002_001,1576736
15223,724,0,CV002_001,1577460
15224,196,0,CV002_001,1577656
15225,188,0,CV002_001,1577844
15226,312,0,CV002_001,1578156
15227,160,0,CV002_001,1578316
15228,332,0,CV002_001,1578648
15229,68,0,CV002_001,1578716
15230,384,0,CV002_001,1579100
15231,812,0,CV002_001,1579912
15232,160,0,CV002_001,1580072
15233,264,0,CV002_001,1580336
15234,328,0,CV002_001,1580664
15235,164,0,CV002_001,1580828
15236,264,0,CV002_001,1581092
15237,128,0,CV002_001,1581220
15238,408,0,CV002_001,1581628
15239,184,0,CV002_001,1581812
15240,196,0,CV002_001,1582008
15241,304,0,CV002_001,1582312
15242,656,0,CV002_001,1582968
15243,436,0,CV002_001,1583404
15244,572,0,CV002_001,1583976
15245,264,0,CV002_001,1584240
15246,264,0,CV002_001,1584504
15247,488,0,CV002_001,1584992
15248,460,0,CV002_001,1585452
15249,384,0,CV002_001,1585836
15250,272,0,CV002_001,1586108
15251,172,0,CV002_001,1586280
15252,188,0,CV002_001,1586468
15253,404,0,CV002_001,1586872
15254,156,0,CV002_001,1587028
15255,192,0,CV002_001,1587220
15256,872,0,CV002_001,1588092
15257,392,0,CV002_001,1588484
15258,172,0,CV002_001,1588656
15259,448,0,CV002_001,1589104
15260,68,0,CV002_001,1589172
15261,256,0,CV002_001,1589428
15262,584,0,CV002_001,1590012
15263,132,0,CV002_001,1590144
15264,236,0,CV002_001,1590380
15265,548,0,CV002_001,1590928
15266,820,0,CV002_001,1591748
15267,344,0,CV002_001,1592092
15268,412,0,CV002_001,1592504
15269,716,0,CV002_001,1593220
15270,840,0,CV002_001,1594060
15271,1492,0,CV002_001,1595552
15272,748,0,CV002_001,1596300
15273,824,0,CV002_001,1597124
15274,468,0,CV002_001,1597592
15275,304,0,CV002_001,1597896
15276,356,0,CV002_001,1598252
15277,256,0,CV002_001,1598508
15278,680,0,CV002_001,1599188
15279,140,0,CV002_001,1599328
15280,472,0,CV002_001,1599800
15281,136,0,CV002_001,1599936
15282,104,0,CV002_001,1600040
15283,276,0,CV002_001,1600316
15284,244,0,CV002_001,1600560
15285,268,0,CV002_001,1600828
15286,840,0,CV002_001,1601668
15287,120,0,CV002_001,1601788
15288,592,0,CV002_001,1602380
15289,268,0,CV002_001,1602648
15290,216,0,CV002_001,1602864
15291,272,0,CV002_001,1603136
15292,652,0,CV002_001,1603788
15293,688,0,CV002_001,1604476
15294,716,0,CV002_001,1605192
15295,784,0,CV002_001,1605976
15296,684,0,CV002_001,1606660
15297,736,0,CV002_001,1607396
15298,788,0,CV002_001,1608184
15299,812,0,CV002_001,1608996
15300,820,0,CV002_001,1609816
15301,848,0,CV002_001,1610664
15302,712,0,CV002_001,1611376
15303,764,0,CV002_001,1612140
15304,740,0,CV002_001,1612880
15305,808,0,CV002_001,1613688
15306,780,0,CV002_001,1614468
15307,736,0,CV002_001,1615204
15308,792,0,CV002_001,1615996
15309,768,0,CV002_001,1616764
15310,812,0,CV002_001,1617576
15311,872,0,CV002_001,1618448
15312,768,0,CV002_001,1619216
15313,864,0,CV002_001,1620080
15314,772,0,CV002_001,1620852
15315,820,0,CV002_001,1621672
15316,792,0,CV002_001,1622464
15317,868,0,CV002_001,1623332
15318,756,0,CV002_001,1624088
15319,888,0,CV002_001,1624976
15320,760,0,CV002_001,1625736
15321,820,0,CV002_001,1626556
15322,876,0,CV002_001,1627432
15323,804,0,CV002_001,1628236
15324,808,0,CV002_001,1629044
15325,800,0,CV002_001,1629844
15326,780,0,CV002_001,1630624
15327,772,0,CV002_001,1631396
15328,756,0,CV002_001,1632152
15329,776,0,CV002_001,1632928
15330,768,0,CV002_001,1633696
15331,788,0,CV002_001,1634484
15332,740,0,CV002_001,1635224
15333,820,0,CV002_001,1636044
15334,784,0,CV002_001,1636828
15335,700,0,CV002_001,1637528
15336,820,0,CV002_001,1638348
15337,760,0,CV002_001,1639108
15338,772,0,CV002_001,1639880
15339,744,0,CV002_001,1640624
15340,732,0,CV002_001,1641356
15341,696,0,CV002_001,1642052
15342,264,0,CV002_001,1642316
15343,544,0,CV002_001,1642860
15344,744,0,CV002_001,1643604
15345,752,0,CV002_001,1644356
15346,724,0,CV002_001,1645080
15347,772,0,CV002_001,1645852
15348,756,0,CV002_001,1646608
15349,776,0,CV002_001,1647384
15350,776,0,CV002_001,1648160
15351,752,0,CV002_001,1648912
15352,752,0,CV002_001,1649664
15353,756,0,CV002_001,1650420
15354,804,0,CV002_001,1651224
15355,688,0,CV002_001,1651912
15356,276,0,CV002_001,1652188
15357,172,0,CV002_001,1652360
15358,292,0,CV002_001,1652652
15359,736,0,CV002_001,1653388
15360,732,0,CV002_001,1654120
15361,732,0,CV002_001,1654852
15362,712,0,CV002_001,1655564
15363,1420,0,CV002_001,1656984
15364,696,0,CV002_001,1657680
15365,668,0,CV002_001,1658348
15366,624,0,CV002_001,1658972
15367,192,0,CV002_001,1659164
15368,288,0,CV002_001,1659452
15369,320,0,CV002_001,1659772
15370,624,0,CV002_001,1660396
15371,548,0,CV002_001,1660944
15372,176,0,CV002_001,1661120
15373,628,0,CV002_001,1661748
15374,732,0,CV002_001,1662480
15375,672,0,CV002_001,1663152
15376,616,0,CV002_001,1663768
15377,684,0,CV002_001,1664452
15378,736,0,CV002_001,1665188
15379,652,0,CV002_001,1665840
15380,284,0,CV002_001,1666124
15381,428,0,CV002_001,1666552
15382,700,0,CV002_001,1667252
15383,444,0,CV002_001,1667696
15384,292,0,CV002_001,1667988
15385,740,0,CV002_001,1668728
15386,292,0,CV002_002,292
15387,824,0,CV002_002,1116
15388,2972,0,CV002_002,4088
15389,512,0,CV002_002,4600
15390,4112,0,CV002_002,8712
15391,760,0,CV002_002,9472
15392,844,0,CV002_002,10316
15393,340,0,CV002_002,10656
15394,304,0,CV002_002,10960
15395,404,0,CV002_002,11364
15396,2736,0,CV002_002,14100
15397,1576,0,CV002_002,15676
15398,784,0,CV002_002,16460
15399,732,0,CV002_002,17192
15400,816,0,CV002_002,18008
15401,784,0,CV002_002,18792
15402,776,0,CV002_002,19568
15403,784,0,CV002_002,20352
15404,100,0,CV002_002,20452
15405,164,0,CV002_002,20616
15406,504,0,CV002_002,21120
15407,1544,0,CV002_002,22664
15408,772,0,CV002_002,23436
15409,756,0,CV002_002,24192
15410,760,0,CV002_002,24952
15411,684,0,CV002_002,25636
15412,208,0,CV002_002,25844
15413,588,0,CV002_002,26432
15414,296,0,CV002_002,26728
15415,152,0,CV002_002,26880
15416,232,0,CV002_002,27112
15417,424,0,CV002_002,27536
15418,168,0,CV002_002,27704
15419,320,0,CV002_002,28024
15420,208,0,CV002_002,28232
15421,336,0,CV002_002,28568
15422,216,0,CV002_002,28784
15423,580,0,CV002_002,29364
15424,240,0,CV002_002,29604
15425,208,0,CV002_002,29812
15426,408,0,CV002_002,30220
15427,212,0,CV002_002,30432
15428,388,0,CV002_002,30820
15429,640,0,CV002_002,31460
15430,720,0,CV002_002,32180
15431,252,0,CV002_002,32432
15432,744,0,CV002_002,33176
15433,1120,0,CV002_002,34296
15434,408,0,CV002_002,34704
15435,248,0,CV002_002,34952
15436,36,0,CV002_002,34988
15437,688,0,CV002_002,35676
15438,200,0,CV002_002,35876
15439,160,0,CV002_002,36036
15440,1976,0,CV002_002,38012
15441,292,0,CV002_002,38304
15442,2752,0,CV002_002,41056
15443,724,0,CV002_002,41780
15444,732,0,CV002_002,42512
15445,784,0,CV002_002,43296
15446,792,0,CV002_002,44088
15447,832,0,CV002_002,44920
15448,732,0,CV002_002,45652
15449,784,0,CV002_002,46436
15450,820,0,CV002_002,47256
15451,772,0,CV002_002,48028
15452,776,0,CV002_002,48804
15453,648,0,CV002_002,49452
15454,192,0,CV002_002,49644
15455,676,0,CV002_002,50320
15456,756,0,CV002_002,51076
15457,760,0,CV002_002,51836
15458,812,0,CV002_002,52648
15459,768,0,CV002_002,53416
15460,720,0,CV002_002,54136
15461,780,0,CV002_002,54916
15462,824,0,CV002_002,55740
15463,788,0,CV002_002,56528
15464,728,0,CV002_002,57256
15465,848,0,CV002_002,58104
15466,744,0,CV002_002,58848
15467,788,0,CV002_002,59636
15468,776,0,CV002_002,60412
15469,800,0,CV002_002,61212
15470,788,0,CV002_002,62000
15471,756,0,CV002_002,62756
15472,848,0,CV002_002,63604
15473,748,0,CV002_002,64352
15474,780,0,CV002_002,65132
15475,768,0,CV002_002,65900
15476,836,1,CV002_002,66736
15477,728,0,CV002_002,67464
15478,752,0,CV002_002,68216
15479,780,0,CV002_002,68996
15480,780,0,CV002_002,69776
15481,820,1,CV002_002,70596
15482,724,0,CV002_002,71320
15483,788,0,CV002_002,72108
15484,768,0,CV002_002,72876
15485,784,0,CV002_002,73660
15486,1612,0,CV002_002,75272
15487,764,0,CV002_002,76036
15488,728,0,CV002_002,76764
15489,760,0,CV002_002,77524
15490,820,0,CV002_002,78344
15491,716,0,CV002_002,79060
15492,768,0,CV002_002,79828
15493,796,0,CV002_002,80624
15494,704,0,CV002_002,81328
15495,764,0,CV002_002,82092
15496,760,0,CV002_002,82852
15497,472,0,CV002_002,83324
15498,284,0,CV002_002,83608
15499,776,0,CV002_002,84384
15500,1572,0,CV002_002,85956
15501,776,0,CV002_002,86732
15502,768,0,CV002_002,87500
15503,780,0,CV002_002,88280
15504,764,0,CV002_002,89044
15505,776,0,CV002_002,89820
15506,768,0,CV002_002,90588
15507,784,0,CV002_002,91372
15508,760,0,CV002_002,92132
15509,784,0,CV002_002,92916
15510,776,0,CV002_002,93692
15511,752,0,CV002_002,94444
15512,784,0,CV002_002,95228
15513,772,0,CV002_002,96000
15514,752,0,CV002_002,96752
15515,780,0,CV002_002,97532
15516,776,0,CV002_002,98308
15517,776,0,CV002_002,99084
15518,764,0,CV002_002,99848
15519,776,0,CV002_002,100624
15520,784,0,CV002_002,101408
15521,764,0,CV002_002,102172
15522,772,0,CV002_002,102944
15523,776,0,CV002_002,103720
15524,768,0,CV002_002,104488
15525,776,0,CV002_002,105264
15526,776,0,CV002_002,106040
15527,752,0,CV002_002,106792
15528,748,0,CV002_002,107540
15529,784,0,CV002_002,108324
15530,764,0,CV002_002,109088
15531,764,0,CV002_002,109852
15532,772,0,CV002_002,110624
15533,764,0,CV002_002,111388
15534,788,0,CV002_002,112176
15535,796,0,CV002_002,112972
15536,768,0,CV002_002,113740
15537,788,0,CV002_002,114528
15538,784,0,CV002_002,115312
15539,772,0,CV002_002,116084
15540,772,0,CV002_002,116856
15541,772,0,CV002_002,117628
15542,784,0,CV002_002,118412
15543,768,0,CV002_002,119180
15544,784,0,CV002_002,119964
15545,780,0,CV002_002,120744
15546,768,0,CV002_002,121512
15547,756,0,CV002_002,122268
15548,772,0,CV002_002,123040
15549,768,0,CV002_002,123808
15550,744,0,CV002_002,124552
15551,788,0,CV002_002,125340
15552,784,0,CV002_002,126124
15553,800,0,CV002_002,126924
15554,780,0,CV002_002,127704
15555,804,0,CV002_002,128508
15556,804,0,CV002_002,129312
15557,768,0,CV002_002,130080
15558,780,0,CV002_002,130860
15559,772,0,CV002_002,131632
15560,812,1,CV002_002,132444
15561,696,0,CV002_002,133140
15562,772,0,CV002_002,133912
15563,764,0,CV002_002,134676
15564,776,0,CV002_002,135452
15565,756,0,CV002_002,136208
15566,788,0,CV002_002,136996
15567,792,0,CV002_002,137788
15568,776,0,CV002_002,138564
15569,784,0,CV002_002,139348
15570,796,0,CV002_002,140144
15571,440,0,CV002_002,140584
15572,352,0,CV002_002,140936
15573,780,0,CV002_002,141716
15574,784,0,CV002_002,142500
15575,796,0,CV002_002,143296
15576,808,0,CV002_002,144104
15577,784,0,CV002_002,144888
15578,792,0,CV002_002,145680
15579,788,0,CV002_002,146468
15580,892,0,CV002_002,147360
15581,288,0,CV002_002,147648
15582,396,0,CV002_002,148044
15583,512,0,CV002_002,148556
15584,36,0,CV002_002,148592
15585,280,0,CV002_002,148872
15586,444,0,CV002_002,149316
15587,132,0,CV002_002,149448
15588,156,0,CV002_002,149604
15589,320,0,CV002_002,149924
15590,368,0,CV002_002,150292
15591,140,0,CV002_002,150432
15592,408,0,CV002_002,150840
15593,236,0,CV002_002,151076
15594,340,0,CV002_002,151416
15595,388,0,CV002_002,151804
15596,180,0,CV002_002,151984
15597,296,0,CV002_002,152280
15598,180,0,CV002_002,152460
15599,104,0,CV002_002,152564
15600,268,0,CV002_002,152832
15601,248,0,CV002_002,153080
15602,316,0,CV002_002,153396
15603,144,0,CV002_002,153540
15604,348,0,CV002_002,153888
15605,380,0,CV002_002,154268
15606,816,0,CV002_002,155084
15607,760,0,CV002_002,155844
15608,712,0,CV002_002,156556
15609,764,0,CV002_002,157320
15610,356,0,CV002_002,157676
15611,104,0,CV002_002,157780
15612,348,0,CV002_002,158128
15613,720,0,CV002_002,158848
15614,292,0,CV002_002,159140
15615,508,0,CV002_002,159648
15616,80,0,CV002_002,159728
15617,280,0,CV002_002,160008
15618,400,0,CV002_002,160408
15619,740,0,CV002_002,161148
15620,684,0,CV002_002,161832
15621,336,0,CV002_002,162168
15622,212,0,CV002_002,162380
15623,1024,0,CV002_002,163404
15624,236,0,CV002_002,163640
15625,92,0,CV002_002,163732
15626,840,0,CV002_002,164572
15627,256,0,CV002_002,164828
15628,276,0,CV002_002,165104
15629,292,0,CV002_002,165396
15630,152,0,CV002_002,165548
15631,368,0,CV002_002,165916
15632,52,0,CV002_002,165968
15633,348,0,CV002_002,166316
15634,260,0,CV002_002,166576
15635,136,0,CV002_002,166712
15636,276,0,CV002_002,166988
15637,172,0,CV002_002,167160
15638,340,0,CV002_002,167500
15639,296,0,CV002_002,167796
15640,284,0,CV002_002,168080
15641,132,0,CV002_002,168212
15642,388,0,CV002_002,168600
15643,148,0,CV002_002,168748
15644,528,0,CV002_002,169276
15645,184,0,CV002_002,169460
15646,324,0,CV002_002,169784
15647,260,0,CV002_002,170044
15648,240,0,CV002_002,170284
15649,316,0,CV002_002,170600
15650,244,0,CV002_002,170844
15651,108,0,CV002_002,170952
15652,396,0,CV002_002,171348
15653,80,0,CV002_002,171428
15654,404,0,CV002_002,171832
15655,284,0,CV002_002,172116
15656,88,0,CV002_002,172204
15657,256,0,CV002_002,172460
15658,392,0,CV002_002,172852
15659,184,0,CV002_002,173036
15660,268,0,CV002_002,173304
15661,212,0,CV002_002,173516
15662,168,0,CV002_002,173684
15663,220,0,CV002_002,173904
15664,452,0,CV002_002,174356
15665,248,0,CV002_002,174604
15666,60,0,CV002_002,174664
15667,424,0,CV002_002,175088
15668,232,0,CV002_002,175320
15669,176,0,CV002_002,175496
15670,204,0,CV002_002,175700
15671,408,0,CV002_002,176108
15672,216,0,CV002_002,176324
15673,152,0,CV002_002,176476
15674,204,0,CV002_002,176680
15675,568,0,CV002_002,177248
15676,188,0,CV002_002,177436
15677,260,0,CV002_002,177696
15678,276,0,CV002_002,177972
15679,220,0,CV002_002,178192
15680,284,0,CV002_002,178476
15681,360,0,CV002_002,178836
15682,56,0,CV002_002,178892
15683,352,0,CV002_002,179244
15684,92,0,CV002_002,179336
15685,336,0,CV002_002,179672
15686,248,0,CV002_002,179920
15687,388,0,CV002_002,180308
15688,204,0,CV002_002,180512
15689,140,0,CV002_002,180652
15690,340,0,CV002_002,180992
15691,520,0,CV002_002,181512
15692,52,0,CV002_002,181564
15693,340,0,CV002_002,181904
15694,264,0,CV002_002,182168
15695,156,0,CV002_002,182324
15696,228,0,CV002_002,182552
15697,532,0,CV002_002,183084
15698,624,0,CV002_002,183708
15699,412,0,CV002_002,184120
15700,392,0,CV002_002,184512
15701,256,0,CV002_002,184768
15702,24,0,CV002_002,184792
15703,480,0,CV002_002,185272
15704,44,0,CV002_002,185316
15705,664,0,CV002_002,185980
15706,128,0,CV002_002,186108
15707,256,0,CV002_002,186364
15708,420,0,CV002_002,186784
15709,328,0,CV002_002,187112
15710,368,0,CV002_002,187480
15711,44,0,CV002_002,187524
15712,376,0,CV002_002,187900
15713,320,0,CV002_002,188220
15714,132,0,CV002_002,188352
15715,260,0,CV002_002,188612
15716,364,0,CV002_002,188976
15717,200,0,CV002_002,189176
15718,96,0,CV002_002,189272
15719,568,0,CV002_002,189840
15720,408,0,CV002_002,190248
15721,672,0,CV002_002,190920
15722,164,0,CV002_002,191084
15723,312,0,CV002_002,191396
15724,1304,0,CV002_002,192700
15725,756,0,CV002_002,193456
15726,788,0,CV002_002,194244
15727,488,0,CV002_002,194732
15728,188,0,CV002_002,194920
15729,404,0,CV002_002,195324
15730,344,0,CV002_002,195668
15731,172,0,CV002_002,195840
15732,136,0,CV002_002,195976
15733,428,0,CV002_002,196404
15734,272,0,CV002_002,196676
15735,664,0,CV002_002,197340
15736,324,0,CV002_002,197664
15737,316,0,CV002_002,197980
15738,524,0,CV002_002,198504
15739,860,0,CV002_002,199364
15740,620,0,CV002_002,199984
15741,180,0,CV002_002,200164
15742,416,0,CV002_002,200580
15743,272,0,CV002_002,200852
15744,60,0,CV002_002,200912
15745,692,0,CV002_002,201604
15746,524,0,CV002_002,202128
15747,284,0,CV002_002,202412
15748,412,0,CV002_002,202824
15749,284,0,CV002_002,203108
15750,200,0,CV002_002,203308
15751,268,0,CV002_002,203576
15752,100,0,CV002_002,203676
15753,380,0,CV002_002,204056
15754,60,0,CV002_002,204116
15755,308,0,CV002_002,204424
15756,196,0,CV002_002,204620
15757,560,0,CV002_002,205180
15758,420,0,CV002_002,205600
15759,204,0,CV002_002,205804
15760,172,0,CV002_002,205976
15761,352,0,CV002_002,206328
15762,280,0,CV002_002,206608
15763,400,0,CV002_002,207008
15764,184,0,CV002_002,207192
15765,448,0,CV002_002,207640
15766,948,0,CV002_002,208588
15767,444,0,CV002_002,209032
15768,52,0,CV002_002,209084
15769,508,0,CV002_002,209592
15770,460,0,CV002_002,210052
15771,108,0,CV002_002,210160
15772,432,0,CV002_002,210592
15773,756,0,CV002_002,211348
15774,1492,0,CV002_002,212840
15775,736,0,CV002_002,213576
15776,768,0,CV002_002,214344
15777,744,0,CV002_002,215088
15778,736,0,CV002_002,215824
15779,528,0,CV002_002,216352
15780,236,0,CV002_002,216588
15781,748,0,CV002_002,217336
15782,740,0,CV002_002,218076
15783,3012,0,CV002_002,221088
15784,812,0,CV002_002,221900
15785,776,0,CV002_002,222676
15786,728,0,CV002_002,223404
15787,764,0,CV002_002,224168
15788,280,0,CV002_002,224448
15789,492,0,CV002_002,224940
15790,816,0,CV002_002,225756
15791,708,0,CV002_002,226464
15792,2300,0,CV002_002,228764
15793,752,0,CV002_002,229516
15794,520,0,CV002_002,230036
15795,216,0,CV002_002,230252
15796,768,0,CV002_002,231020
15797,1500,0,CV002_002,232520
15798,752,0,CV002_002,233272
15799,764,0,CV002_002,234036
15800,788,0,CV002_002,234824
15801,708,0,CV002_002,235532
15802,616,0,CV002_002,236148
15803,896,0,CV002_002,237044
15804,1524,0,CV002_002,238568
15805,2456,0,CV002_002,241024
15806,104,0,CV002_002,241128
15807,588,0,CV002_002,241716
15808,328,0,CV002_002,242044
15809,392,0,CV002_002,242436
15810,812,0,CV002_002,243248
15811,532,0,CV002_002,243780
15812,248,0,CV002_002,244028
15813,724,0,CV002_002,244752
15814,2400,0,CV002_002,247152
15815,808,0,CV002_002,247960
15816,360,0,CV002_002,248320
15817,412,0,CV002_002,248732
15818,736,0,CV002_002,249468
15819,60,0,CV002_002,249528
15820,816,0,CV002_002,250344
15821,716,0,CV002_002,251060
15822,324,0,CV002_002,251384
15823,552,0,CV002_002,251936
15824,764,0,CV002_002,252700
15825,424,0,CV002_002,253124
15826,344,0,CV002_002,253468
15827,24,0,CV002_002,253492
15828,432,0,CV002_002,253924
15829,180,0,CV002_002,254104
15830,192,0,CV002_002,254296
15831,712,0,CV002_002,255008
15832,756,0,CV002_002,255764
15833,824,0,CV002_002,256588
15834,840,0,CV002_002,257428
15835,308,0,CV002_002,257736
15836,520,0,CV002_002,258256
15837,384,0,CV002_002,258640
15838,284,0,CV002_002,258924
15839,476,0,CV002_002,259400
15840,344,0,CV002_002,259744
15841,232,0,CV002_002,259976
15842,340,0,CV002_002,260316
15843,468,0,CV002_002,260784
15844,188,0,CV002_002,260972
15845,396,0,CV002_002,261368
15846,220,0,CV002_002,261588
15847,244,0,CV002_002,261832
15848,284,0,CV002_002,262116
15849,280,0,CV002_002,262396
15850,352,0,CV002_002,262748
15851,232,0,CV002_002,262980
15852,144,0,CV002_002,263124
15853,492,0,CV002_002,263616
15854,304,0,CV002_002,263920
15855,1572,0,CV002_002,265492
15856,204,0,CV002_002,265696
15857,460,0,CV002_002,266156
15858,884,0,CV002_002,267040
15859,792,0,CV002_002,267832
15860,320,0,CV002_002,268152
15861,532,0,CV002_002,268684
15862,388,0,CV002_002,269072
15863,792,0,CV002_002,269864
15864,304,0,CV002_002,270168
15865,180,0,CV002_002,270348
15866,384,0,CV002_002,270732
15867,212,0,CV002_002,270944
15868,208,0,CV002_002,271152
15869,580,0,CV002_002,271732
15870,148,0,CV002_002,271880
15871,396,0,CV002_002,272276
15872,236,0,CV002_002,272512
15873,520,0,CV002_002,273032
15874,168,0,CV002_002,273200
15875,108,0,CV002_002,273308
15876,404,0,CV002_002,273712
15877,152,0,CV002_002,273864
15878,364,0,CV002_002,274228
15879,692,0,CV002_002,274920
15880,452,0,CV002_002,275372
15881,360,0,CV002_002,275732
15882,236,0,CV002_002,275968
15883,244,0,CV002_002,276212
15884,252,0,CV002_002,276464
15885,368,0,CV002_002,276832
15886,428,0,CV002_002,277260
15887,160,0,CV002_002,277420
15888,316,0,CV002_002,277736
15889,52,0,CV002_002,277788
15890,356,0,CV002_002,278144
15891,628,0,CV002_002,278772
15892,124,0,CV002_002,278896
15893,204,0,CV002_002,279100
15894,424,0,CV002_002,279524
15895,212,0,CV002_002,279736
15896,48,0,CV002_002,279784
15897,236,0,CV002_002,280020
15898,388,0,CV002_002,280408
15899,164,0,CV002_002,280572
15900,632,0,CV002_002,281204
15901,164,0,CV002_002,281368
15902,332,0,CV002_002,281700
15903,64,0,CV002_002,281764
15904,296,0,CV002_002,282060
15905,864,0,CV002_002,282924
15906,380,0,CV002_002,283304
15907,732,0,CV002_002,284036
15908,316,0,CV002_002,284352
15909,372,0,CV002_002,284724
15910,360,0,CV002_002,285084
15911,408,0,CV002_002,285492
15912,660,0,CV002_002,286152
15913,700,0,CV002_002,286852
15914,136,0,CV002_002,286988
15915,556,0,CV002_002,287544
15916,712,0,CV002_002,288256
15917,740,0,CV002_002,288996
15918,320,0,CV002_002,289316
15919,212,0,CV002_002,289528
15920,884,0,CV002_002,290412
15921,420,0,CV002_002,290832
15922,304,0,CV002_002,291136
15923,360,0,CV002_002,291496
15924,768,0,CV002_002,292264
15925,988,0,CV002_002,293252
15926,268,0,CV002_002,293520
15927,304,0,CV002_002,293824
15928,380,0,CV002_002,294204
15929,864,0,CV002_002,295068
15930,780,0,CV002_002,295848
15931,372,0,CV002_002,296220
15932,212,0,CV002_002,296432
15933,280,0,CV002_002,296712
15934,196,0,CV002_002,296908
15935,1860,0,CV002_002,298768
15936,128,0,CV002_002,298896
15937,216,0,CV002_002,299112
15938,296,0,CV002_002,299408
15939,360,0,CV002_002,299768
15940,144,0,CV002_002,299912
15941,208,0,CV002_002,300120
15942,412,0,CV002_002,300532
15943,416,0,CV002_002,300948
15944,352,0,CV002_002,301300
15945,204,0,CV002_002,301504
15946,168,0,CV002_002,301672
15947,232,0,CV002_002,301904
15948,672,0,CV002_002,302576
15949,184,0,CV002_002,302760
15950,128,0,CV002_002,302888
15951,812,0,CV002_002,303700
15952,484,0,CV002_002,304184
15953,180,0,CV002_002,304364
15954,336,0,CV002_002,304700
15955,136,0,CV002_002,304836
15956,468,0,CV002_002,305304
15957,1820,0,CV002_002,307124
15958,192,0,CV002_002,307316
15959,464,0,CV002_002,307780
15960,1256,0,CV002_002,309036
15961,1808,0,CV002_002,310844
15962,308,0,CV002_002,311152
15963,476,0,CV002_002,311628
15964,616,0,CV002_002,312244
15965,264,0,CV002_002,312508
15966,328,0,CV002_002,312836
15967,412,0,CV002_002,313248
15968,236,0,CV002_002,313484
15969,492,0,CV002_002,313976
15970,780,0,CV002_002,314756
15971,636,0,CV002_002,315392
15972,212,0,CV002_002,315604
15973,168,0,CV002_002,315772
15974,628,0,CV002_002,316400
15975,788,0,CV002_002,317188
15976,792,0,CV002_002,317980
15977,748,0,CV002_002,318728
15978,784,0,CV002_002,319512
15979,800,0,CV002_002,320312
15980,832,0,CV002_002,321144
15981,744,0,CV002_002,321888
15982,856,0,CV002_002,322744
15983,820,0,CV002_002,323564
15984,816,0,CV002_002,324380
15985,808,0,CV002_002,325188
15986,436,0,CV002_002,325624
15987,316,0,CV002_002,325940
15988,856,0,CV002_002,326796
15989,784,0,CV002_002,327580
15990,784,0,CV002_002,328364
15991,796,0,CV002_002,329160
15992,716,0,CV002_002,329876
15993,844,0,CV002_002,330720
15994,760,0,CV002_002,331480
15995,844,0,CV002_002,332324
15996,788,0,CV002_002,333112
15997,744,0,CV002_002,333856
15998,804,0,CV002_002,334660
15999,840,0,CV002_002,335500
16000,1584,0,CV002_002,337084
16001,328,0,CV002_002,337412
16002,464,0,CV002_002,337876
16003,784,0,CV002_002,338660
16004,756,0,CV002_002,339416
16005,796,0,CV002_002,340212
16006,1964,0,CV002_002,342176
16007,472,0,CV002_002,342648
16008,2208,0,CV002_002,344856
16009,976,0,CV002_002,345832
16010,3156,0,CV002_002,348988
16011,748,0,CV002_002,349736
16012,840,0,CV002_002,350576
16013,776,0,CV002_002,351352
16014,772,0,CV002_002,352124
16015,732,0,CV002_002,352856
16016,804,0,CV002_002,353660
16017,780,0,CV002_002,354440
16018,832,0,CV002_002,355272
16019,748,0,CV002_002,356020
16020,768,0,CV002_002,356788
16021,788,0,CV002_002,357576
16022,856,0,CV002_002,358432
16023,776,0,CV002_002,359208
16024,732,0,CV002_002,359940
16025,340,0,CV002_002,360280
16026,432,0,CV002_002,360712
16027,816,0,CV002_002,361528
16028,760,0,CV002_002,362288
16029,1500,0,CV002_002,363788
16030,816,0,CV002_002,364604
16031,760,0,CV002_002,365364
16032,768,0,CV002_002,366132
16033,1532,0,CV002_002,367664
16034,696,0,CV002_002,368360
16035,824,0,CV002_002,369184
16036,764,0,CV002_002,369948
16037,776,0,CV002_002,370724
16038,680,0,CV002_002,371404
16039,788,0,CV002_002,372192
16040,808,0,CV002_002,373000
16041,112,0,CV002_002,373112
16042,352,0,CV002_002,373464
16043,972,0,CV002_002,374436
16044,492,0,CV002_002,374928
16045,288,0,CV002_002,375216
16046,256,0,CV002_002,375472
16047,452,0,CV002_002,375924
16048,736,0,CV002_002,376660
16049,732,0,CV002_002,377392
16050,724,0,CV002_002,378116
16051,700,0,CV002_002,378816
16052,304,0,CV002_002,379120
16053,480,0,CV002_002,379600
16054,756,0,CV002_002,380356
16055,712,0,CV002_002,381068
16056,288,0,CV002_002,381356
16057,488,0,CV002_002,381844
16058,836,0,CV002_002,382680
16059,504,0,CV002_002,383184
16060,268,0,CV002_002,383452
16061,860,0,CV002_002,384312
16062,956,0,CV002_002,385268
16063,224,0,CV002_002,385492
16064,280,0,CV002_002,385772
16065,772,0,CV002_002,386544
16066,712,0,CV002_002,387256
16067,140,0,CV002_002,387396
16068,632,0,CV002_002,388028
16069,320,0,CV002_002,388348
16070,472,0,CV002_002,388820
16071,696,0,CV002_002,389516
16072,812,0,CV002_002,390328
16073,500,0,CV002_002,390828
16074,260,0,CV002_002,391088
16075,220,0,CV002_002,391308
16076,408,0,CV002_002,391716
16077,880,0,CV002_002,392596
16078,332,0,CV002_002,392928
16079,380,0,CV002_002,393308
16080,800,0,CV002_002,394108
16081,756,0,CV002_002,394864
16082,760,0,CV002_002,395624
16083,560,0,CV002_002,396184
16084,212,0,CV002_002,396396
16085,712,0,CV002_002,397108
16086,756,0,CV002_002,397864
16087,808,0,CV002_002,398672
16088,756,0,CV002_002,399428
16089,724,0,CV002_002,400152
16090,340,0,CV002_002,400492
16091,368,0,CV002_002,400860
16092,656,0,CV002_002,401516
16093,760,0,CV002_002,402276
16094,340,0,CV002_002,402616
16095,272,0,CV002_002,402888
16096,184,0,CV002_002,403072
16097,600,0,CV002_002,403672
16098,156,0,CV002_002,403828
16099,408,0,CV002_002,404236
16100,200,0,CV002_002,404436
16101,528,0,CV002_002,404964
16102,208,0,CV002_002,405172
16103,172,0,CV002_002,405344
16104,256,0,CV002_002,405600
16105,356,0,CV002_002,405956
16106,212,0,CV002_002,406168
16107,580,0,CV002_002,406748
16108,88,0,CV002_002,406836
16109,176,0,CV002_002,407012
16110,1144,0,CV002_002,408156
16111,772,0,CV002_002,408928
16112,1212,0,CV002_002,410140
16113,340,0,CV002_002,410480
16114,240,0,CV002_002,410720
16115,268,0,CV002_002,410988
16116,276,0,CV002_002,411264
16117,392,0,CV002_002,411656
16118,168,0,CV002_002,411824
16119,208,0,CV002_002,412032
16120,180,0,CV002_002,412212
16121,228,0,CV002_002,412440
16122,336,0,CV002_002,412776
16123,212,0,CV002_002,412988
16124,584,0,CV002_002,413572
16125,764,0,CV002_002,414336
16126,776,0,CV002_002,415112
16127,712,0,CV002_002,415824
16128,288,0,CV002_002,416112
16129,84,0,CV002_002,416196
16130,444,0,CV002_002,416640
16131,772,0,CV002_002,417412
16132,380,0,CV002_002,417792
16133,396,0,CV002_002,418188
16134,224,0,CV002_002,418412
16135,240,0,CV002_002,418652
16136,304,0,CV002_002,418956
16137,756,0,CV002_002,419712
16138,768,0,CV002_002,420480
16139,216,0,CV002_002,420696
16140,560,0,CV002_002,421256
16141,700,0,CV002_002,421956
16142,824,0,CV002_002,422780
16143,768,0,CV002_002,423548
16144,112,0,CV002_002,423660
16145,368,0,CV002_002,424028
16146,288,0,CV002_002,424316
16147,204,0,CV002_002,424520
16148,192,0,CV002_002,424712
16149,368,0,CV002_002,425080
16150,164,0,CV002_002,425244
16151,532,0,CV002_002,425776
16152,280,0,CV002_002,426056
16153,212,0,CV002_002,426268
16154,648,0,CV002_002,426916
16155,236,0,CV002_002,427152
16156,144,0,CV002_002,427296
16157,272,0,CV002_002,427568
16158,268,0,CV002_002,427836
16159,220,0,CV002_002,428056
16160,600,0,CV002_002,428656
16161,160,0,CV002_002,428816
16162,540,0,CV002_002,429356
16163,288,0,CV002_002,429644
16164,752,0,CV002_002,430396
16165,760,0,CV002_002,431156
16166,764,0,CV002_002,431920
16167,576,0,CV002_002,432496
16168,232,0,CV002_002,432728
16169,284,0,CV002_002,433012
16170,388,0,CV002_002,433400
16171,184,0,CV002_002,433584
16172,644,0,CV002_002,434228
16173,164,0,CV002_002,434392
16174,180,0,CV002_002,434572
16175,436,0,CV002_002,435008
16176,176,0,CV002_002,435184
16177,712,0,CV002_002,435896
16178,200,0,CV002_002,436096
16179,412,0,CV002_002,436508
16180,496,0,CV002_002,437004
16181,1048,0,CV002_002,438052
16182,432,0,CV002_002,438484
16183,392,0,CV002_002,438876
16184,776,0,CV002_002,439652
16185,1276,0,CV002_002,440928
16186,228,0,CV002_002,441156
16187,812,0,CV002_002,441968
16188,736,0,CV002_002,442704
16189,756,0,CV002_002,443460
16190,748,0,CV002_002,444208
16191,372,0,CV002_002,444580
16192,312,0,CV002_002,444892
16193,156,0,CV002_002,445048
16194,216,0,CV002_002,445264
16195,200,0,CV002_002,445464
16196,364,0,CV002_002,445828
16197,164,0,CV002_002,445992
16198,308,0,CV002_002,446300
16199,308,0,CV002_002,446608
16200,740,0,CV002_002,447348
16201,768,0,CV002_002,448116
16202,144,0,CV002_002,448260
16203,220,0,CV002_002,448480
16204,352,0,CV002_002,448832
16205,224,0,CV002_002,449056
16206,212,0,CV002_002,449268
16207,332,0,CV002_002,449600
16208,68,0,CV002_002,449668
16209,736,0,CV002_002,450404
16210,392,0,CV002_002,450796
16211,384,0,CV002_002,451180
16212,680,0,CV002_002,451860
16213,96,0,CV002_002,451956
16214,288,0,CV002_002,452244
16215,408,0,CV002_002,452652
16216,812,0,CV002_002,453464
16217,540,0,CV002_002,454004
16218,236,0,CV002_002,454240
16219,148,0,CV002_002,454388
16220,408,0,CV002_002,454796
16221,92,0,CV002_002,454888
16222,832,0,CV002_002,455720
16223,808,0,CV002_002,456528
16224,772,0,CV002_002,457300
16225,756,0,CV002_002,458056
16226,760,0,CV002_002,458816
16227,756,0,CV002_002,459572
16228,780,0,CV002_002,460352
16229,760,0,CV002_002,461112
16230,760,0,CV002_002,461872
16231,592,0,CV002_002,462464
16232,212,0,CV002_002,462676
16233,704,0,CV002_002,463380
16234,748,0,CV002_002,464128
16235,768,0,CV002_002,464896
16236,768,0,CV002_002,465664
16237,776,0,CV002_002,466440
16238,760,0,CV002_002,467200
16239,768,0,CV002_002,467968
16240,764,0,CV002_002,468732
16241,712,0,CV002_002,469444
16242,800,0,CV002_002,470244
16243,764,0,CV002_002,471008
16244,712,0,CV002_002,471720
16245,832,0,CV002_002,472552
16246,772,0,CV002_002,473324
16247,760,0,CV002_002,474084
16248,752,0,CV002_002,474836
16249,764,0,CV002_002,475600
16250,776,0,CV002_002,476376
16251,736,0,CV002_002,477112
16252,772,0,CV002_002,477884
16253,444,0,CV002_002,478328
16254,384,0,CV002_002,478712
16255,1564,0,CV002_002,480276
16256,784,0,CV002_002,481060
16257,152,0,CV002_002,481212
16258,624,0,CV002_002,481836
16259,784,0,CV002_002,482620
16260,3960,0,CV002_002,486580
16261,796,0,CV002_002,487376
16262,788,0,CV002_002,488164
16263,180,0,CV002_002,488344
16264,308,0,CV002_002,488652
16265,212,0,CV002_002,488864
16266,388,0,CV002_002,489252
16267,228,0,CV002_002,489480
16268,348,0,CV002_002,489828
16269,380,0,CV002_002,490208
16270,248,0,CV002_002,490456
16271,672,0,CV002_002,491128
16272,824,0,CV002_002,491952
16273,780,0,CV002_002,492732
16274,824,0,CV002_002,493556
16275,700,0,CV002_002,494256
16276,40,0,CV002_002,494296
16277,436,0,CV002_002,494732
16278,332,0,CV002_002,495064
16279,280,0,CV002_002,495344
16280,544,0,CV002_002,495888
16281,496,0,CV002_002,496384
16282,276,0,CV002_002,496660
16283,128,0,CV002_002,496788
16284,276,0,CV002_002,497064
16285,568,0,CV002_002,497632
16286,560,0,CV002_002,498192
16287,780,0,CV002_002,498972
16288,776,0,CV002_002,499748
16289,464,0,CV002_002,500212
16290,248,0,CV002_002,500460
16291,232,0,CV002_002,500692
16292,444,0,CV002_002,501136
16293,152,0,CV002_002,501288
16294,716,0,CV002_002,502004
16295,1564,0,CV002_002,503568
16296,452,0,CV002_002,504020
16297,188,0,CV002_002,504208
16298,296,0,CV002_002,504504
16299,2084,0,CV002_002,506588
16300,332,0,CV002_002,506920
16301,252,0,CV002_002,507172
16302,196,0,CV002_002,507368
16303,184,0,CV002_002,507552
16304,576,0,CV002_002,508128
16305,136,0,CV002_002,508264
16306,616,0,CV002_002,508880
16307,64,0,CV002_002,508944
16308,688,0,CV002_002,509632
16309,60,0,CV002_002,509692
16310,216,0,CV002_002,509908
16311,324,0,CV002_002,510232
16312,164,0,CV002_002,510396
16313,644,0,CV002_002,511040
16314,780,0,CV002_002,511820
16315,168,0,CV002_002,511988
16316,556,0,CV002_002,512544
16317,128,0,CV002_002,512672
16318,588,0,CV002_002,513260
16319,244,0,CV002_002,513504
16320,532,0,CV002_002,514036
16321,324,0,CV002_002,514360
16322,136,0,CV002_002,514496
16323,184,0,CV002_002,514680
16324,688,0,CV002_002,515368
16325,932,0,CV002_002,516300
16326,1924,0,CV002_002,518224
16327,684,0,CV002_002,518908
16328,748,0,CV002_002,519656
16329,748,0,CV002_002,520404
16330,796,0,CV002_002,521200
16331,696,0,CV002_002,521896
16332,808,0,CV002_002,522704
16333,708,0,CV002_002,523412
16334,796,0,CV002_002,524208
16335,764,0,CV002_002,524972
16336,776,0,CV002_002,525748
16337,720,0,CV002_002,526468
16338,816,0,CV002_002,527284
16339,784,0,CV002_002,528068
16340,788,0,CV002_002,528856
16341,744,0,CV002_002,529600
16342,792,0,CV002_002,530392
16343,780,0,CV002_002,531172
16344,796,0,CV002_002,531968
16345,792,0,CV002_002,532760
16346,820,1,CV002_002,533580
16347,768,0,CV002_002,534348
16348,804,0,CV002_002,535152
16349,784,0,CV002_002,535936
16350,780,0,CV002_002,536716
16351,768,0,CV002_002,537484
16352,788,0,CV002_002,538272
16353,768,0,CV002_002,539040
16354,808,0,CV002_002,539848
16355,764,0,CV002_002,540612
16356,756,0,CV002_002,541368
16357,712,0,CV002_002,542080
16358,764,0,CV002_002,542844
16359,744,0,CV002_002,543588
16360,760,0,CV002_002,544348
16361,784,0,CV002_002,545132
16362,776,0,CV002_002,545908
16363,764,0,CV002_002,546672
16364,760,0,CV002_002,547432
16365,776,0,CV002_002,548208
16366,772,0,CV002_002,548980
16367,748,0,CV002_002,549728
16368,772,0,CV002_002,550500
16369,772,0,CV002_002,551272
16370,744,0,CV002_002,552016
16371,828,0,CV002_002,552844
16372,712,0,CV002_002,553556
16373,824,0,CV002_002,554380
16374,760,0,CV002_002,555140
16375,728,0,CV002_002,555868
16376,816,0,CV002_002,556684
16377,712,0,CV002_002,557396
16378,780,0,CV002_002,558176
16379,776,0,CV002_002,558952
16380,772,0,CV002_002,559724
16381,780,0,CV002_002,560504
16382,824,0,CV002_002,561328
16383,792,0,CV002_002,562120
16384,724,0,CV002_002,562844
16385,788,0,CV002_002,563632
16386,840,0,CV002_002,564472
16387,720,0,CV002_002,565192
16388,776,0,CV002_002,565968
16389,776,0,CV002_002,566744
16390,764,0,CV002_002,567508
16391,756,0,CV002_002,568264
16392,768,0,CV002_002,569032
16393,820,1,CV002_002,569852
16394,708,0,CV002_002,570560
16395,772,0,CV002_002,571332
16396,772,0,CV002_002,572104
16397,748,0,CV002_002,572852
16398,772,0,CV002_002,573624
16399,784,0,CV002_002,574408
16400,760,0,CV002_002,575168
16401,768,0,CV002_002,575936
16402,776,0,CV002_002,576712
16403,764,0,CV002_002,577476
16404,756,0,CV002_002,578232
16405,760,0,CV002_002,578992
16406,744,0,CV002_002,579736
16407,764,0,CV002_002,580500
16408,764,0,CV002_002,581264
16409,748,0,CV002_002,582012
16410,760,0,CV002_002,582772
16411,736,0,CV002_002,583508
16412,760,0,CV002_002,584268
16413,748,0,CV002_002,585016
16414,752,0,CV002_002,585768
16415,740,0,CV002_002,586508
16416,764,0,CV002_002,587272
16417,804,1,CV002_002,588076
16418,708,0,CV002_002,588784
16419,780,0,CV002_002,589564
16420,756,0,CV002_002,590320
16421,756,0,CV002_002,591076
16422,796,1,CV002_002,591872
16423,708,0,CV002_002,592580
16424,748,0,CV002_002,593328
16425,752,0,CV002_002,594080
16426,796,1,CV002_002,594876
16427,696,0,CV002_002,595572
16428,752,0,CV002_002,596324
16429,756,0,CV002_002,597080
16430,804,1,CV002_002,597884
16431,708,0,CV002_002,598592
16432,760,0,CV002_002,599352
16433,768,0,CV002_002,600120
16434,764,0,CV002_002,600884
16435,784,0,CV002_002,601668
16436,796,0,CV002_002,602464
16437,772,0,CV002_002,603236
16438,804,0,CV002_002,604040
16439,712,0,CV002_002,604752
16440,740,0,CV002_002,605492
16441,748,0,CV002_002,606240
16442,808,0,CV002_002,607048
16443,756,0,CV002_002,607804
16444,716,0,CV002_002,608520
16445,772,0,CV002_002,609292
16446,820,0,CV002_002,610112
16447,764,0,CV002_002,610876
16448,736,0,CV002_002,611612
16449,784,0,CV002_002,612396
16450,764,0,CV002_002,613160
16451,780,0,CV002_002,613940
16452,776,0,CV002_002,614716
16453,812,1,CV002_002,615528
16454,712,0,CV002_002,616240
16455,752,0,CV002_002,616992
16456,756,0,CV002_002,617748
16457,732,0,CV002_002,618480
16458,716,0,CV002_002,619196
16459,708,0,CV002_002,619904
16460,744,0,CV002_002,620648
16461,768,0,CV002_002,621416
16462,672,0,CV002_002,622088
16463,788,0,CV002_002,622876
16464,696,0,CV002_002,623572
16465,736,0,CV002_002,624308
16466,744,0,CV002_002,625052
16467,752,0,CV002_002,625804
16468,736,0,CV002_002,626540
16469,776,0,CV002_002,627316
16470,764,0,CV002_002,628080
16471,816,1,CV002_002,628896
16472,720,0,CV002_002,629616
16473,776,0,CV002_002,630392
16474,780,0,CV002_002,631172
16475,824,1,CV002_002,631996
16476,720,0,CV002_002,632716
16477,764,0,CV002_002,633480
16478,796,0,CV002_002,634276
16479,784,0,CV002_002,635060
16480,828,1,CV002_002,635888
16481,728,0,CV002_002,636616
16482,780,0,CV002_002,637396
16483,788,0,CV002_002,638184
16484,788,0,CV002_002,638972
16485,800,0,CV002_002,639772
16486,772,0,CV002_002,640544
16487,816,0,CV002_002,641360
16488,808,0,CV002_002,642168
16489,808,0,CV002_002,642976
16490,784,0,CV002_002,643760
16491,792,0,CV002_002,644552
16492,824,0,CV002_002,645376
16493,760,0,CV002_002,646136
16494,752,0,CV002_002,646888
16495,716,0,CV002_002,647604
16496,760,0,CV002_002,648364
16497,736,0,CV002_002,649100
16498,772,0,CV002_002,649872
16499,780,0,CV002_002,650652
16500,796,0,CV002_002,651448
16501,768,0,CV002_002,652216
16502,800,0,CV002_002,653016
16503,804,0,CV002_002,653820
16504,796,0,CV002_002,654616
16505,788,0,CV002_002,655404
16506,808,0,CV002_002,656212
16507,800,0,CV002_002,657012
16508,788,0,CV002_002,657800
16509,796,0,CV002_002,658596
16510,796,0,CV002_002,659392
16511,788,0,CV002_002,660180
16512,792,0,CV002_002,660972
16513,792,0,CV002_002,661764
16514,844,1,CV002_002,662608
16515,736,0,CV002_002,663344
16516,768,0,CV002_002,664112
16517,788,0,CV002_002,664900
16518,776,0,CV002_002,665676
16519,760,0,CV002_002,666436
16520,780,0,CV002_002,667216
16521,776,0,CV002_002,667992
16522,768,0,CV002_002,668760
16523,772,0,CV002_002,669532
16524,780,0,CV002_002,670312
16525,776,0,CV002_002,671088
16526,748,0,CV002_002,671836
16527,804,0,CV002_002,672640
16528,776,0,CV002_002,673416
16529,768,0,CV002_002,674184
16530,772,0,CV002_002,674956
16531,768,0,CV002_002,675724
16532,760,0,CV002_002,676484
16533,756,0,CV002_002,677240
16534,760,0,CV002_002,678000
16535,772,0,CV002_002,678772
16536,748,0,CV002_002,679520
16537,768,0,CV002_002,680288
16538,792,0,CV002_002,681080
16539,828,1,CV002_002,681908
16540,720,0,CV002_002,682628
16541,796,0,CV002_002,683424
16542,788,0,CV002_002,684212
16543,764,0,CV002_002,684976
16544,776,0,CV002_002,685752
16545,780,0,CV002_002,686532
16546,764,0,CV002_002,687296
16547,764,0,CV002_002,688060
16548,768,0,CV002_002,688828
16549,764,0,CV002_002,689592
16550,752,0,CV002_002,690344
16551,760,0,CV002_002,691104
16552,800,1,CV002_002,691904
16553,700,0,CV002_002,692604
16554,740,0,CV002_002,693344
16555,744,0,CV002_002,694088
16556,748,0,CV002_002,694836
16557,748,0,CV002_002,695584
16558,744,0,CV002_002,696328
16559,752,0,CV002_002,697080
16560,748,0,CV002_002,697828
16561,724,0,CV002_002,698552
16562,768,0,CV002_002,699320
16563,756,0,CV002_002,700076
16564,748,0,CV002_002,700824
16565,740,0,CV002_002,701564
16566,752,0,CV002_002,702316
16567,748,0,CV002_002,703064
16568,748,0,CV002_002,703812
16569,756,0,CV002_002,704568
16570,756,0,CV002_002,705324
16571,748,0,CV002_002,706072
16572,752,0,CV002_002,706824
16573,756,0,CV002_002,707580
16574,752,0,CV002_002,708332
16575,760,0,CV002_002,709092
16576,752,0,CV002_002,709844
16577,756,0,CV002_002,710600
16578,764,0,CV002_002,711364
16579,760,0,CV002_002,712124
16580,800,1,CV002_002,712924
16581,708,0,CV002_002,713632
16582,760,0,CV002_002,714392
16583,760,0,CV002_002,715152
16584,744,0,CV002_002,715896
16585,744,0,CV002_002,716640
16586,752,0,CV002_002,717392
16587,752,0,CV002_002,718144
16588,764,0,CV002_002,718908
16589,788,0,CV002_002,719696
16590,780,0,CV002_002,720476
16591,760,0,CV002_002,721236
16592,744,0,CV002_002,721980
16593,756,0,CV002_002,722736
16594,764,0,CV002_002,723500
16595,776,0,CV002_002,724276
16596,772,0,CV002_002,725048
16597,764,0,CV002_002,725812
16598,744,0,CV002_002,726556
16599,760,0,CV002_002,727316
16600,756,0,CV002_002,728072
16601,748,0,CV002_002,728820
16602,748,0,CV002_002,729568
16603,780,0,CV002_002,730348
16604,740,0,CV002_002,731088
16605,732,0,CV002_002,731820
16606,704,0,CV002_002,732524
16607,756,0,CV002_002,733280
16608,756,0,CV002_002,734036
16609,736,0,CV002_002,734772
16610,756,0,CV002_002,735528
16611,752,0,CV002_002,736280
16612,752,0,CV002_002,737032
16613,752,0,CV002_002,737784
16614,744,0,CV002_002,738528
16615,756,0,CV002_002,739284
16616,764,0,CV002_002,740048
16617,764,0,CV002_002,740812
16618,764,0,CV002_002,741576
16619,760,0,CV002_002,742336
16620,812,0,CV002_002,743148
16621,712,0,CV002_002,743860
16622,780,0,CV002_002,744640
16623,820,0,CV002_002,745460
16624,772,0,CV002_002,746232
16625,708,0,CV002_002,746940
16626,776,0,CV002_002,747716
16627,768,0,CV002_002,748484
16628,812,0,CV002_002,749296
16629,780,0,CV002_002,750076
16630,732,0,CV002_002,750808
16631,780,0,CV002_002,751588
16632,776,0,CV002_002,752364
16633,760,0,CV002_002,753124
16634,740,0,CV002_002,753864
16635,768,0,CV002_002,754632
16636,760,0,CV002_002,755392
16637,772,0,CV002_002,756164
16638,772,0,CV002_002,756936
16639,760,0,CV002_002,757696
16640,784,0,CV002_002,758480
16641,788,0,CV002_002,759268
16642,772,0,CV002_002,760040
16643,788,0,CV002_002,760828
16644,772,0,CV002_002,761600
16645,752,0,CV002_002,762352
16646,764,0,CV002_002,763116
16647,760,0,CV002_002,763876
16648,804,1,CV002_002,764680
16649,708,0,CV002_002,765388
16650,748,0,CV002_002,766136
16651,740,0,CV002_002,766876
16652,772,0,CV002_002,767648
16653,756,0,CV002_002,768404
16654,744,0,CV002_002,769148
16655,824,0,CV002_002,769972
16656,740,0,CV002_002,770712
16657,764,0,CV002_002,771476
16658,776,0,CV002_002,772252
16659,764,0,CV002_002,773016
16660,756,0,CV002_002,773772
16661,764,0,CV002_002,774536
16662,756,0,CV002_002,775292
16663,756,0,CV002_002,776048
16664,744,0,CV002_002,776792
16665,756,0,CV002_002,777548
16666,748,0,CV002_002,778296
16667,776,0,CV002_002,779072
16668,752,0,CV002_002,779824
16669,764,0,CV002_002,780588
16670,812,1,CV002_002,781400
16671,720,0,CV002_002,782120
16672,764,0,CV002_002,782884
16673,764,0,CV002_002,783648
16674,772,0,CV002_002,784420
16675,768,0,CV002_002,785188
16676,768,0,CV002_002,785956
16677,784,0,CV002_002,786740
16678,788,0,CV002_002,787528
16679,784,0,CV002_002,788312
16680,772,0,CV002_002,789084
16681,800,0,CV002_002,789884
16682,788,0,CV002_002,790672
16683,776,0,CV002_002,791448
16684,784,0,CV002_002,792232
16685,776,0,CV002_002,793008
16686,768,0,CV002_002,793776
16687,772,0,CV002_002,794548
16688,784,0,CV002_002,795332
16689,772,0,CV002_002,796104
16690,784,0,CV002_002,796888
16691,788,0,CV002_002,797676
16692,792,0,CV002_002,798468
16693,768,0,CV002_002,799236
16694,776,0,CV002_002,800012
16695,776,0,CV002_002,800788
16696,808,1,CV002_002,801596
16697,716,0,CV002_002,802312
16698,768,0,CV002_002,803080
16699,756,0,CV002_002,803836
16700,732,0,CV002_002,804568
16701,752,0,CV002_002,805320
16702,680,0,CV002_002,806000
16703,716,0,CV002_002,806716
16704,732,0,CV002_002,807448
16705,744,0,CV002_002,808192
16706,792,1,CV002_002,808984
16707,692,0,CV002_002,809676
16708,780,0,CV002_002,810456
16709,768,0,CV002_002,811224
16710,764,0,CV002_002,811988
16711,752,0,CV002_002,812740
16712,768,0,CV002_002,813508
16713,760,0,CV002_002,814268
16714,748,0,CV002_002,815016
16715,752,0,CV002_002,815768
16716,776,0,CV002_002,816544
16717,784,0,CV002_002,817328
16718,788,0,CV002_002,818116
16719,776,0,CV002_002,818892
16720,796,0,CV002_002,819688
16721,796,0,CV002_002,820484
16722,796,0,CV002_002,821280
16723,768,0,CV002_002,822048
16724,824,0,CV002_002,822872
16725,816,0,CV002_002,823688
16726,800,0,CV002_002,824488
16727,784,0,CV002_002,825272
16728,804,0,CV002_002,826076
16729,804,0,CV002_002,826880
16730,800,0,CV002_002,827680
16731,784,0,CV002_002,828464
16732,796,0,CV002_002,829260
16733,804,0,CV002_002,830064
16734,800,0,CV002_002,830864
16735,784,0,CV002_002,831648
16736,796,0,CV002_002,832444
16737,844,1,CV002_002,833288
16738,740,0,CV002_002,834028
16739,780,0,CV002_002,834808
16740,788,0,CV002_002,835596
16741,796,0,CV002_002,836392
16742,768,0,CV002_002,837160
16743,796,0,CV002_002,837956
16744,792,0,CV002_002,838748
16745,796,0,CV002_002,839544
16746,768,0,CV002_002,840312
16747,796,0,CV002_002,841108
16748,784,0,CV002_002,841892
16749,776,0,CV002_002,842668
16750,756,0,CV002_002,843424
16751,776,0,CV002_002,844200
16752,780,0,CV002_002,844980
16753,772,0,CV002_002,845752
16754,744,0,CV002_002,846496
16755,792,0,CV002_002,847288
16756,784,0,CV002_002,848072
16757,776,0,CV002_002,848848
16758,756,0,CV002_002,849604
16759,788,0,CV002_002,850392
16760,768,0,CV002_002,851160
16761,752,0,CV002_002,851912
16762,764,0,CV002_002,852676
16763,768,0,CV002_002,853444
16764,764,0,CV002_002,854208
16765,788,1,CV002_002,854996
16766,716,0,CV002_002,855712
16767,756,0,CV002_002,856468
16768,752,0,CV002_002,857220
16769,744,0,CV002_002,857964
16770,756,0,CV002_002,858720
16771,752,0,CV002_002,859472
16772,744,0,CV002_002,860216
16773,752,0,CV002_002,860968
16774,760,0,CV002_002,861728
16775,760,0,CV002_002,862488
16776,748,0,CV002_002,863236
16777,760,0,CV002_002,863996
16778,768,0,CV002_002,864764
16779,776,0,CV002_002,865540
16780,760,0,CV002_002,866300
16781,760,0,CV002_002,867060
16782,788,0,CV002_002,867848
16783,784,0,CV002_002,868632
16784,768,0,CV002_002,869400
16785,776,0,CV002_002,870176
16786,752,0,CV002_002,870928
16787,776,0,CV002_002,871704
16788,752,0,CV002_002,872456
16789,768,0,CV002_002,873224
16790,784,0,CV002_002,874008
16791,764,0,CV002_002,874772
16792,768,0,CV002_002,875540
16793,784,0,CV002_002,876324
16794,780,0,CV002_002,877104
16795,752,0,CV002_002,877856
16796,788,0,CV002_002,878644
16797,776,0,CV002_002,879420
16798,768,0,CV002_002,880188
16799,740,0,CV002_002,880928
16800,788,0,CV002_002,881716
16801,776,0,CV002_002,882492
16802,760,0,CV002_002,883252
16803,768,0,CV002_002,884020
16804,780,0,CV002_002,884800
16805,812,1,CV002_002,885612
16806,720,0,CV002_002,886332
16807,748,0,CV002_002,887080
16808,764,0,CV002_002,887844
16809,772,0,CV002_002,888616
16810,768,0,CV002_002,889384
16811,756,0,CV002_002,890140
16812,792,0,CV002_002,890932
16813,780,0,CV002_002,891712
16814,780,0,CV002_002,892492
16815,772,0,CV002_002,893264
16816,776,0,CV002_002,894040
16817,784,0,CV002_002,894824
16818,788,0,CV002_002,895612
16819,784,0,CV002_002,896396
16820,768,0,CV002_002,897164
16821,768,0,CV002_002,897932
16822,788,0,CV002_002,898720
16823,780,0,CV002_002,899500
16824,772,0,CV002_002,900272
16825,784,0,CV002_002,901056
16826,752,0,CV002_002,901808
16827,808,0,CV002_002,902616
16828,804,0,CV002_002,903420
16829,808,0,CV002_002,904228
16830,824,0,CV002_002,905052
16831,740,0,CV002_002,905792
16832,788,0,CV002_002,906580
16833,824,0,CV002_002,907404
16834,764,0,CV002_002,908168
16835,716,0,CV002_002,908884
16836,796,0,CV002_002,909680
16837,772,0,CV002_002,910452
16838,816,0,CV002_002,911268
16839,768,0,CV002_002,912036
16840,752,0,CV002_002,912788
16841,736,0,CV002_002,913524
16842,732,0,CV002_002,914256
16843,676,0,CV002_002,914932
16844,736,0,CV002_002,915668
16845,740,0,CV002_002,916408
16846,748,0,CV002_002,917156
16847,764,0,CV002_002,917920
16848,764,0,CV002_002,918684
16849,764,0,CV002_002,919448
16850,820,0,CV002_002,920268
16851,808,0,CV002_002,921076
16852,788,0,CV002_002,921864
16853,800,0,CV002_002,922664
16854,800,0,CV002_002,923464
16855,800,0,CV002_002,924264
16856,760,0,CV002_002,925024
16857,784,0,CV002_002,925808
16858,768,0,CV002_002,926576
16859,776,0,CV002_002,927352
16860,748,0,CV002_002,928100
16861,808,0,CV002_002,928908
16862,728,0,CV002_002,929636
16863,784,0,CV002_002,930420
16864,840,0,CV002_002,931260
16865,780,0,CV002_002,932040
16866,756,0,CV002_002,932796
16867,812,0,CV002_002,933608
16868,776,0,CV002_002,934384
16869,804,0,CV002_002,935188
16870,816,0,CV002_002,936004
16871,784,0,CV002_002,936788
16872,844,0,CV002_002,937632
16873,828,0,CV002_002,938460
16874,828,0,CV002_002,939288
16875,788,0,CV002_002,940076
16876,840,0,CV002_002,940916
16877,816,0,CV002_002,941732
16878,852,0,CV002_002,942584
16879,804,0,CV002_002,943388
16880,792,0,CV002_002,944180
16881,776,0,CV002_002,944956
16882,752,0,CV002_002,945708
16883,740,0,CV002_002,946448
16884,728,0,CV002_002,947176
16885,716,0,CV002_002,947892
16886,700,0,CV002_002,948592
16887,632,0,CV002_002,949224
16888,740,0,CV002_002,949964
16889,644,0,CV002_002,950608
16890,736,0,CV002_002,951344
16891,760,0,CV002_002,952104
16892,788,0,CV002_002,952892
16893,780,0,CV002_002,953672
16894,780,0,CV002_002,954452
16895,820,0,CV002_002,955272
16896,820,0,CV002_002,956092
16897,852,1,CV002_002,956944
16898,760,0,CV002_002,957704
16899,812,0,CV002_002,958516
16900,824,0,CV002_002,959340
16901,784,0,CV002_002,960124
16902,816,0,CV002_002,960940
16903,804,0,CV002_002,961744
16904,800,0,CV002_002,962544
16905,796,0,CV002_002,963340
16906,804,0,CV002_002,964144
16907,804,0,CV002_002,964948
16908,780,0,CV002_002,965728
16909,820,0,CV002_002,966548
16910,812,0,CV002_002,967360
16911,804,0,CV002_002,968164
16912,796,0,CV002_002,968960
16913,800,0,CV002_002,969760
16914,796,0,CV002_002,970556
16915,788,0,CV002_002,971344
16916,796,0,CV002_002,972140
16917,780,0,CV002_002,972920
16918,780,0,CV002_002,973700
16919,760,0,CV002_002,974460
16920,792,0,CV002_002,975252
16921,816,0,CV002_002,976068
16922,768,0,CV002_002,976836
16923,740,0,CV002_002,977576
16924,788,0,CV002_002,978364
16925,764,0,CV002_002,979128
16926,780,0,CV002_002,979908
16927,780,0,CV002_002,980688
16928,784,0,CV002_002,981472
16929,772,0,CV002_002,982244
16930,824,1,CV002_002,983068
16931,724,0,CV002_002,983792
16932,752,0,CV002_002,984544
16933,788,0,CV002_002,985332
16934,768,0,CV002_002,986100
16935,752,0,CV002_002,986852
16936,772,0,CV002_002,987624
16937,764,0,CV002_002,988388
16938,768,0,CV002_002,989156
16939,756,0,CV002_002,989912
16940,784,0,CV002_002,990696
16941,780,0,CV002_002,991476
16942,792,0,CV002_002,992268
16943,812,1,CV002_002,993080
16944,748,0,CV002_002,993828
16945,788,0,CV002_002,994616
16946,788,0,CV002_002,995404
16947,776,0,CV002_002,996180
16948,784,0,CV002_002,996964
16949,784,0,CV002_002,997748
16950,756,0,CV002_002,998504
16951,796,0,CV002_002,999300
16952,780,0,CV002_002,1000080
16953,772,0,CV002_002,1000852
16954,768,0,CV002_002,1001620
16955,784,0,CV002_002,1002404
16956,784,0,CV002_002,1003188
16957,752,0,CV002_002,1003940
16958,792,0,CV002_002,1004732
16959,780,0,CV002_002,1005512
16960,808,0,CV002_002,1006320
16961,756,0,CV002_002,1007076
16962,736,0,CV002_002,1007812
16963,820,0,CV002_002,1008632
16964,724,0,CV002_002,1009356
16965,780,0,CV002_002,1010136
16966,760,0,CV002_002,1010896
16967,816,0,CV002_002,1011712
16968,764,0,CV002_002,1012476
16969,744,0,CV002_002,1013220
16970,740,0,CV002_002,1013960
16971,724,0,CV002_002,1014684
16972,728,0,CV002_002,1015412
16973,736,0,CV002_002,1016148
16974,732,0,CV002_002,1016880
16975,688,0,CV002_002,1017568
16976,740,0,CV002_002,1018308
16977,796,0,CV002_002,1019104
16978,692,0,CV002_002,1019796
16979,740,0,CV002_002,1020536
16980,764,0,CV002_002,1021300
16981,796,0,CV002_002,1022096
16982,716,0,CV002_002,1022812
16983,760,0,CV002_002,1023572
16984,780,0,CV002_002,1024352
16985,796,0,CV002_002,1025148
16986,780,0,CV002_002,1025928
16987,796,0,CV002_002,1026724
16988,804,0,CV002_002,1027528
16989,800,0,CV002_002,1028328
16990,768,0,CV002_002,1029096
16991,816,0,CV002_002,1029912
16992,796,0,CV002_002,1030708
16993,828,0,CV002_002,1031536
16994,728,0,CV002_002,1032264
16995,828,0,CV002_002,1033092
16996,792,0,CV002_002,1033884
16997,728,0,CV002_002,1034612
16998,776,0,CV002_002,1035388
16999,780,0,CV002_002,1036168
17000,760,0,CV002_002,1036928
17001,776,0,CV002_002,1037704
17002,772,0,CV002_002,1038476
17003,784,0,CV002_002,1039260
17004,748,0,CV002_002,1040008
17005,764,0,CV002_002,1040772
17006,764,0,CV002_002,1041536
17007,756,0,CV002_002,1042292
17008,736,0,CV002_002,1043028
17009,780,0,CV002_002,1043808
17010,764,0,CV002_002,1044572
17011,744,0,CV002_002,1045316
17012,768,0,CV002_002,1046084
17013,772,0,CV002_002,1046856
17014,752,0,CV002_002,1047608
17015,752,0,CV002_002,1048360
17016,780,0,CV002_002,1049140
17017,768,0,CV002_002,1049908
17018,736,0,CV002_002,1050644
17019,772,0,CV002_002,1051416
17020,768,0,CV002_002,1052184
17021,752,0,CV002_002,1052936
17022,752,0,CV002_002,1053688
17023,752,0,CV002_002,1054440
17024,760,0,CV002_002,1055200
17025,728,0,CV002_002,1055928
17026,756,0,CV002_002,1056684
17027,756,0,CV002_002,1057440
17028,740,0,CV002_002,1058180
17029,760,0,CV002_002,1058940
17030,772,0,CV002_002,1059712
17031,776,0,CV002_002,1060488
17032,744,0,CV002_002,1061232
17033,776,0,CV002_002,1062008
17034,756,0,CV002_002,1062764
17035,812,1,CV002_002,1063576
17036,700,0,CV002_002,1064276
17037,756,0,CV002_002,1065032
17038,760,0,CV002_002,1065792
17039,792,0,CV002_002,1066584
17040,716,0,CV002_002,1067300
17041,808,0,CV002_002,1068108
17042,700,0,CV002_002,1068808
17043,764,0,CV002_002,1069572
17044,764,0,CV002_002,1070336
17045,812,1,CV002_002,1071148
17046,696,0,CV002_002,1071844
17047,760,0,CV002_002,1072604
17048,752,0,CV002_002,1073356
17049,784,0,CV002_002,1074140
17050,680,0,CV002_002,1074820
17051,740,0,CV002_002,1075560
17052,756,0,CV002_002,1076316
17053,716,0,CV002_002,1077032
17054,756,0,CV002_002,1077788
17055,764,0,CV002_002,1078552
17056,756,0,CV002_002,1079308
17057,736,0,CV002_002,1080044
17058,756,0,CV002_002,1080800
17059,752,0,CV002_002,1081552
17060,800,0,CV002_002,1082352
17061,768,0,CV002_002,1083120
17062,788,0,CV002_002,1083908
17063,796,0,CV002_002,1084704
17064,772,0,CV002_002,1085476
17065,780,0,CV002_002,1086256
17066,780,0,CV002_002,1087036
17067,852,0,CV002_002,1087888
17068,784,0,CV002_002,1088672
17069,764,0,CV002_002,1089436
17070,736,0,CV002_002,1090172
17071,824,0,CV002_002,1090996
17072,712,0,CV002_002,1091708
17073,768,0,CV002_002,1092476
17074,764,0,CV002_002,1093240
17075,740,0,CV002_002,1093980
17076,720,0,CV002_002,1094700
17077,696,0,CV002_002,1095396
17078,732,0,CV002_002,1096128
17079,712,0,CV002_002,1096840
17080,744,0,CV002_002,1097584
17081,752,0,CV002_002,1098336
17082,820,0,CV002_002,1099156
17083,720,0,CV002_002,1099876
17084,820,0,CV002_002,1100696
17085,776,0,CV002_002,1101472
17086,708,0,CV002_002,1102180
17087,780,0,CV002_002,1102960
17088,804,0,CV002_002,1103764
17089,720,0,CV002_002,1104484
17090,732,0,CV002_002,1105216
17091,768,0,CV002_002,1105984
17092,744,0,CV002_002,1106728
17093,736,0,CV002_002,1107464
17094,740,0,CV002_002,1108204
17095,724,0,CV002_002,1108928
17096,744,0,CV002_002,1109672
17097,720,0,CV002_002,1110392
17098,768,0,CV002_002,1111160
17099,676,0,CV002_002,1111836
17100,756,0,CV002_002,1112592
17101,688,0,CV002_002,1113280
17102,776,0,CV002_002,1114056
17103,696,0,CV002_002,1114752
17104,736,0,CV002_002,1115488
17105,748,0,CV002_002,1116236
17106,752,0,CV002_002,1116988
17107,820,0,CV002_002,1117808
17108,756,0,CV002_002,1118564
17109,728,0,CV002_002,1119292
17110,760,0,CV002_002,1120052
17111,848,0,CV002_002,1120900
17112,800,0,CV002_002,1121700
17113,792,0,CV002_002,1122492
17114,768,0,CV002_002,1123260
17115,792,0,CV002_002,1124052
17116,800,0,CV002_002,1124852
17117,784,0,CV002_002,1125636
17118,844,0,CV002_002,1126480
17119,788,0,CV002_002,1127268
17120,772,0,CV002_002,1128040
17121,772,0,CV002_002,1128812
17122,780,0,CV002_002,1129592
17123,776,0,CV002_002,1130368
17124,760,0,CV002_002,1131128
17125,716,0,CV002_002,1131844
17126,824,0,CV002_002,1132668
17127,700,0,CV002_002,1133368
17128,772,0,CV002_002,1134140
17129,804,0,CV002_002,1134944
17130,708,0,CV002_002,1135652
17131,764,0,CV002_002,1136416
17132,788,0,CV002_002,1137204
17133,816,0,CV002_002,1138020
17134,788,0,CV002_002,1138808
17135,724,0,CV002_002,1139532
17136,792,0,CV002_002,1140324
17137,832,0,CV002_002,1141156
17138,736,0,CV002_002,1141892
17139,784,0,CV002_002,1142676
17140,832,0,CV002_002,1143508
17141,732,0,CV002_002,1144240
17142,784,0,CV002_002,1145024
17143,792,0,CV002_002,1145816
17144,828,0,CV002_002,1146644
17145,780,0,CV002_002,1147424
17146,728,0,CV002_002,1148152
17147,764,0,CV002_002,1148916
17148,832,0,CV002_002,1149748
17149,768,0,CV002_002,1150516
17150,716,0,CV002_002,1151232
17151,824,0,CV002_002,1152056
17152,768,0,CV002_002,1152824
17153,760,0,CV002_002,1153584
17154,760,0,CV002_002,1154344
17155,736,0,CV002_002,1155080
17156,752,0,CV002_002,1155832
17157,752,0,CV002_002,1156584
17158,692,0,CV002_002,1157276
17159,804,0,CV002_002,1158080
17160,760,0,CV002_002,1158840
17161,756,0,CV002_002,1159596
17162,756,0,CV002_002,1160352
17163,720,0,CV002_002,1161072
17164,800,0,CV002_002,1161872
17165,700,0,CV002_002,1162572
17166,748,0,CV002_002,1163320
17167,760,0,CV002_002,1164080
17168,764,0,CV002_002,1164844
17169,772,0,CV002_002,1165616
17170,764,0,CV002_002,1166380
17171,800,0,CV002_002,1167180
17172,704,0,CV002_002,1167884
17173,828,0,CV002_002,1168712
17174,764,0,CV002_002,1169476
17175,704,0,CV002_002,1170180
17176,804,0,CV002_002,1170984
17177,760,0,CV002_002,1171744
17178,752,0,CV002_002,1172496
17179,708,0,CV002_002,1173204
17180,812,0,CV002_002,1174016
17181,716,0,CV002_002,1174732
17182,736,0,CV002_002,1175468
17183,752,0,CV002_002,1176220
17184,740,0,CV002_002,1176960
17185,300,0,CV002_002,1177260
17186,412,0,CV002_002,1177672
17187,784,0,CV002_002,1178456
17188,720,0,CV002_002,1179176
17189,680,0,CV002_002,1179856
17190,760,0,CV002_002,1180616
17191,732,0,CV002_002,1181348
17192,732,0,CV002_002,1182080
17193,700,0,CV002_002,1182780
17194,744,0,CV002_002,1183524
17195,744,0,CV002_002,1184268
17196,748,0,CV002_002,1185016
17197,784,0,CV002_002,1185800
17198,748,0,CV002_002,1186548
17199,728,0,CV002_002,1187276
17200,740,0,CV002_002,1188016
17201,736,0,CV002_002,1188752
17202,688,0,CV002_002,1189440
17203,748,0,CV002_002,1190188
17204,740,0,CV002_002,1190928
17205,792,0,CV002_002,1191720
17206,756,0,CV002_002,1192476
17207,744,0,CV002_002,1193220
17208,756,0,CV002_002,1193976
17209,748,0,CV002_002,1194724
17210,744,0,CV002_002,1195468
17211,736,0,CV002_002,1196204
17212,692,0,CV002_002,1196896
17213,812,0,CV002_002,1197708
17214,692,0,CV002_002,1198400
17215,808,0,CV002_002,1199208
17216,764,0,CV002_002,1199972
17217,756,0,CV002_002,1200728
17218,696,0,CV002_002,1201424
17219,764,0,CV002_002,1202188
17220,812,0,CV002_002,1203000
17221,704,0,CV002_002,1203704
17222,800,0,CV002_002,1204504
17223,752,0,CV002_002,1205256
17224,744,0,CV002_002,1206000
17225,748,0,CV002_002,1206748
17226,736,0,CV002_002,1207484
17227,732,0,CV002_002,1208216
17228,728,0,CV002_002,1208944
17229,672,0,CV002_002,1209616
17230,780,0,CV002_002,1210396
17231,728,0,CV002_002,1211124
17232,728,0,CV002_002,1211852
17233,736,0,CV002_002,1212588
17234,700,0,CV002_002,1213288
17235,788,0,CV002_002,1214076
17236,688,0,CV002_002,1214764
17237,756,0,CV002_002,1215520
17238,764,0,CV002_002,1216284
17239,760,0,CV002_002,1217044
17240,748,0,CV002_002,1217792
17241,816,0,CV002_002,1218608
17242,756,0,CV002_002,1219364
17243,744,0,CV002_002,1220108
17244,752,0,CV002_002,1220860
17245,692,0,CV002_002,1221552
17246,732,0,CV002_002,1222284
17247,796,0,CV002_002,1223080
17248,692,0,CV002_002,1223772
17249,780,0,CV002_002,1224552
17250,676,0,CV002_002,1225228
17251,784,0,CV002_002,1226012
17252,732,0,CV002_002,1226744
17253,676,0,CV002_002,1227420
17254,780,0,CV002_002,1228200
17255,724,0,CV002_002,1228924
17256,728,0,CV002_002,1229652
17257,712,0,CV002_002,1230364
17258,684,0,CV002_002,1231048
17259,716,0,CV002_002,1231764
17260,788,0,CV002_002,1232552
17261,672,0,CV002_002,1233224
17262,784,0,CV002_002,1234008
17263,684,0,CV002_002,1234692
17264,732,0,CV002_002,1235424
17265,776,0,CV002_002,1236200
17266,732,0,CV002_002,1236932
17267,728,0,CV002_002,1237660
17268,716,0,CV002_002,1238376
17269,720,0,CV002_002,1239096
17270,732,0,CV002_002,1239828
17271,724,0,CV002_002,1240552
17272,684,0,CV002_002,1241236
17273,728,0,CV002_002,1241964
17274,720,0,CV002_002,1242684
17275,720,0,CV002_002,1243404
17276,784,0,CV002_002,1244188
17277,732,0,CV002_002,1244920
17278,688,0,CV002_002,1245608
17279,784,0,CV002_002,1246392
17280,736,0,CV002_002,1247128
17281,732,0,CV002_002,1247860
17282,724,0,CV002_002,1248584
17283,724,0,CV002_002,1249308
17284,736,0,CV002_002,1250044
17285,752,0,CV002_002,1250796
17286,740,0,CV002_002,1251536
17287,684,0,CV002_002,1252220
17288,792,0,CV002_002,1253012
17289,684,0,CV002_002,1253696
17290,776,0,CV002_002,1254472
17291,732,0,CV002_002,1255204
17292,728,0,CV002_002,1255932
17293,720,0,CV002_002,1256652
17294,732,0,CV002_002,1257384
17295,728,0,CV002_002,1258112
17296,676,0,CV002_002,1258788
17297,768,0,CV002_002,1259556
17298,732,0,CV002_002,1260288
17299,724,0,CV002_002,1261012
17300,724,0,CV002_002,1261736
17301,732,0,CV002_002,1262468
17302,736,0,CV002_002,1263204
17303,740,0,CV002_002,1263944
17304,724,0,CV002_002,1264668
17305,736,0,CV002_002,1265404
17306,728,0,CV002_002,1266132
17307,724,0,CV002_002,1266856
17308,720,0,CV002_002,1267576
17309,728,0,CV002_002,1268304
17310,728,0,CV002_002,1269032
17311,724,0,CV002_002,1269756
17312,728,0,CV002_002,1270484
17313,736,0,CV002_002,1271220
17314,688,0,CV002_002,1271908
17315,696,0,CV002_002,1272604
17316,744,0,CV002_002,1273348
17317,732,0,CV002_002,1274080
17318,748,0,CV002_002,1274828
17319,756,0,CV002_002,1275584
17320,732,0,CV002_002,1276316
17321,780,0,CV002_002,1277096
17322,772,0,CV002_002,1277868
17323,780,0,CV002_002,1278648
17324,760,0,CV002_002,1279408
17325,820,0,CV002_002,1280228
17326,772,0,CV002_002,1281000
17327,708,0,CV002_002,1281708
17328,1516,0,CV002_002,1283224
17329,432,0,CV002_002,1283656
17330,120,0,CV002_002,1283776
17331,352,0,CV002_002,1284128
17332,44,0,CV002_002,1284172
17333,496,0,CV002_002,1284668
17334,84,0,CV002_002,1284752
17335,304,0,CV002_002,1285056
17336,148,0,CV002_002,1285204
17337,280,0,CV002_002,1285484
17338,560,0,CV002_002,1286044
17339,612,0,CV002_002,1286656
17340,124,0,CV002_002,1286780
17341,200,0,CV002_002,1286980
17342,464,0,CV002_002,1287444
17343,216,0,CV002_002,1287660
17344,1328,0,CV002_003,1328
17345,304,0,CV002_003,1632
17346,120,0,CV002_003,1752
17347,376,0,CV002_003,2128
17348,516,0,CV002_003,2644
17349,208,0,CV002_003,2852
17350,216,0,CV002_003,3068
17351,504,0,CV002_003,3572
17352,300,0,CV002_003,3872
17353,168,0,CV002_003,4040
17354,248,0,CV002_003,4288
17355,780,0,CV002_003,5068
17356,308,0,CV002_003,5376
17357,40,0,CV002_003,5416
17358,296,0,CV002_003,5712
17359,472,0,CV002_003,6184
17360,232,0,CV002_003,6416
17361,48,0,CV002_003,6464
17362,668,0,CV002_003,7132
17363,440,0,CV002_003,7572
17364,260,0,CV002_003,7832
17365,308,0,CV002_003,8140
17366,268,0,CV002_003,8408
17367,156,0,CV002_003,8564
17368,676,0,CV002_003,9240
17369,824,0,CV002_003,10064
17370,152,0,CV002_003,10216
17371,636,0,CV002_003,10852
17372,272,0,CV002_003,11124
17373,140,0,CV002_003,11264
17374,240,0,CV002_003,11504
17375,188,0,CV002_003,11692
17376,652,0,CV002_003,12344
17377,404,0,CV002_003,12748
17378,196,0,CV002_003,12944
17379,332,0,CV002_003,13276
17380,204,0,CV002_003,13480
17381,252,0,CV002_003,13732
17382,248,0,CV002_003,13980
17383,144,0,CV002_003,14124
17384,472,0,CV002_003,14596
17385,772,0,CV002_003,15368
17386,868,0,CV002_003,16236
17387,324,0,CV002_003,16560
17388,36,0,CV002_003,16596
17389,440,0,CV002_003,17036
17390,772,0,CV002_003,17808
17391,648,0,CV002_003,18456
17392,152,0,CV002_003,18608
17393,872,0,CV002_003,19480
17394,832,0,CV002_003,20312
17395,788,0,CV002_003,21100
17396,820,0,CV002_003,21920
17397,828,0,CV002_003,22748
17398,856,0,CV002_003,23604
17399,764,0,CV002_003,24368
17400,836,0,CV002_003,25204
17401,792,0,CV002_003,25996
17402,316,0,CV002_003,26312
17403,464,0,CV002_003,26776
17404,780,0,CV002_003,27556
17405,760,0,CV002_003,28316
17406,228,0,CV002_003,28544
17407,524,0,CV002_003,29068
17408,768,0,CV002_003,29836
17409,712,0,CV002_003,30548
17410,884,0,CV002_003,31432
17411,72,0,CV002_003,31504
17412,588,0,CV002_003,32092
17413,816,0,CV002_003,32908
17414,420,0,CV002_003,33328
17415,280,0,CV002_003,33608
17416,440,0,CV002_003,34048
17417,320,0,CV002_003,34368
17418,120,0,CV002_003,34488
17419,788,0,CV002_003,35276
17420,332,0,CV002_003,35608
17421,172,0,CV002_003,35780
17422,160,0,CV002_003,35940
17423,380,0,CV002_003,36320
17424,2048,0,CV002_003,38368
17425,796,0,CV002_003,39164
17426,840,0,CV002_003,40004
17427,744,0,CV002_003,40748
17428,792,0,CV002_003,41540
17429,832,0,CV002_003,42372
17430,804,0,CV002_003,43176
17431,796,0,CV002_003,43972
17432,1620,0,CV002_003,45592
17433,768,0,CV002_003,46360
17434,756,0,CV002_003,47116
17435,740,0,CV002_003,47856
17436,728,0,CV002_003,48584
17437,740,0,CV002_003,49324
17438,744,0,CV002_003,50068
17439,748,0,CV002_003,50816
17440,1500,0,CV002_003,52316
17441,1428,0,CV002_003,53744
17442,88,0,CV002_003,53832
17443,772,0,CV002_003,54604
17444,896,0,CV002_003,55500
17445,416,0,CV002_003,55916
17446,180,0,CV002_003,56096
17447,960,0,CV002_003,57056
17448,3876,0,CV002_003,60932
17449,448,0,CV002_003,61380
17450,340,0,CV002_003,61720
17451,736,0,CV002_003,62456
17452,780,0,CV002_003,63236
17453,596,0,CV002_003,63832
17454,232,0,CV002_003,64064
17455,788,0,CV002_003,64852
17456,308,0,CV002_003,65160
17457,472,0,CV002_003,65632
17458,172,0,CV002_003,65804
17459,584,0,CV002_003,66388
17460,604,0,CV002_003,66992
17461,496,0,CV002_003,67488
17462,336,0,CV002_003,67824
17463,448,0,CV002_003,68272
17464,292,0,CV002_003,68564
17465,168,0,CV002_003,68732
17466,768,0,CV002_003,69500
17467,2160,0,CV002_003,71660
17468,460,0,CV002_003,72120
17469,52,0,CV002_003,72172
17470,780,0,CV002_003,72952
17471,344,0,CV002_003,73296
17472,120,0,CV002_003,73416
17473,596,0,CV002_003,74012
17474,640,0,CV002_003,74652
17475,2672,0,CV002_003,77324
17476,740,0,CV002_003,78064
17477,728,0,CV002_003,78792
17478,744,0,CV002_003,79536
17479,800,0,CV002_003,80336
17480,756,0,CV002_003,81092
17481,728,0,CV002_003,81820
17482,768,0,CV002_003,82588
17483,808,0,CV002_003,83396
17484,720,0,CV002_003,84116
17485,824,0,CV002_003,84940
17486,784,0,CV002_003,85724
17487,792,0,CV002_003,86516
17488,792,0,CV002_003,87308
17489,800,0,CV002_003,88108
17490,804,0,CV002_003,88912
17491,816,0,CV002_003,89728
17492,748,0,CV002_003,90476
17493,876,0,CV002_003,91352
17494,812,0,CV002_003,92164
17495,812,0,CV002_003,92976
17496,796,0,CV002_003,93772
17497,420,0,CV002_003,94192
17498,328,0,CV002_003,94520
17499,868,0,CV002_003,95388
17500,752,0,CV002_003,96140
17501,844,0,CV002_003,96984
17502,800,0,CV002_003,97784
17503,804,0,CV002_003,98588
17504,800,0,CV002_003,99388
17505,788,0,CV002_003,100176
17506,796,0,CV002_003,100972
17507,776,0,CV002_003,101748
17508,772,0,CV002_003,102520
17509,720,0,CV002_003,103240
17510,840,0,CV002_003,104080
17511,712,0,CV002_003,104792
17512,820,0,CV002_003,105612
17513,780,0,CV002_003,106392
17514,764,0,CV002_003,107156
17515,760,0,CV002_003,107916
17516,1484,0,CV002_003,109400
17517,800,0,CV002_003,110200
17518,696,0,CV002_003,110896
17519,812,0,CV002_003,111708
17520,708,0,CV002_003,112416
17521,752,0,CV002_003,113168
17522,744,0,CV002_003,113912
17523,748,0,CV002_003,114660
17524,752,0,CV002_003,115412
17525,748,0,CV002_003,116160
17526,788,0,CV002_003,116948
17527,756,0,CV002_003,117704
17528,704,0,CV002_003,118408
17529,1552,0,CV002_003,119960
17530,756,0,CV002_003,120716
17531,696,0,CV002_003,121412
17532,760,0,CV002_003,122172
17533,808,0,CV002_003,122980
17534,716,0,CV002_003,123696
17535,824,0,CV002_003,124520
17536,716,0,CV002_003,125236
17537,760,0,CV002_003,125996
17538,820,0,CV002_003,126816
17539,704,0,CV002_003,127520
17540,828,0,CV002_003,128348
17541,772,0,CV002_003,129120
17542,772,0,CV002_003,129892
17543,724,0,CV002_003,130616
17544,764,0,CV002_003,131380
17545,776,0,CV002_003,132156
17546,816,0,CV002_003,132972
17547,716,0,CV002_003,133688
17548,832,0,CV002_003,134520
17549,776,0,CV002_003,135296
17550,764,0,CV002_003,136060
17551,724,0,CV002_003,136784
17552,816,0,CV002_003,137600
17553,716,0,CV002_003,138316
17554,816,0,CV002_003,139132
17555,768,0,CV002_003,139900
17556,772,0,CV002_003,140672
17557,704,0,CV002_003,141376
17558,768,0,CV002_003,142144
17559,812,0,CV002_003,142956
17560,712,0,CV002_003,143668
17561,760,0,CV002_003,144428
17562,772,0,CV002_003,145200
17563,804,0,CV002_003,146004
17564,764,0,CV002_003,146768
17565,752,0,CV002_003,147520
17566,760,0,CV002_003,148280
17567,760,0,CV002_003,149040
17568,712,0,CV002_003,149752
17569,768,0,CV002_003,150520
17570,816,0,CV002_003,151336
17571,344,0,CV002_003,151680
17572,364,0,CV002_003,152044
17573,748,0,CV002_003,152792
17574,772,0,CV002_003,153564
17575,300,0,CV002_003,153864
17576,520,0,CV002_003,154384
17577,764,0,CV002_003,155148
17578,700,0,CV002_003,155848
17579,780,0,CV002_003,156628
17580,788,0,CV002_003,157416
17581,152,0,CV002_003,157568
17582,608,0,CV002_003,158176
17583,604,0,CV002_003,158780
17584,336,0,CV002_003,159116
17585,100,0,CV002_003,159216
17586,556,0,CV002_003,159772
17587,236,0,CV002_003,160008
17588,204,0,CV002_003,160212
17589,1080,0,CV002_003,161292
17590,768,0,CV002_003,162060
17591,724,0,CV002_003,162784
17592,524,0,CV002_003,163308
17593,244,0,CV002_003,163552
17594,792,0,CV002_003,164344
17595,860,0,CV002_003,165204
17596,800,0,CV002_003,166004
17597,792,0,CV002_003,166796
17598,808,0,CV002_003,167604
17599,820,0,CV002_003,168424
17600,740,0,CV002_003,169164
17601,924,0,CV002_003,170088
17602,260,0,CV002_003,170348
17603,48,0,CV002_003,170396
17604,440,0,CV002_003,170836
17605,816,0,CV002_003,171652
17606,628,0,CV002_003,172280
17607,160,0,CV002_003,172440
17608,772,0,CV002_003,173212
17609,756,0,CV002_003,173968
17610,744,0,CV002_003,174712
17611,676,0,CV002_003,175388
17612,732,0,CV002_003,176120
17613,772,0,CV002_003,176892
17614,688,0,CV002_003,177580
17615,780,0,CV002_003,178360
17616,700,0,CV002_003,179060
17617,492,0,CV002_003,179552
17618,324,0,CV002_003,179876
17619,700,0,CV002_003,180576
17620,784,0,CV002_003,181360
17621,764,0,CV002_003,182124
17622,840,0,CV002_003,182964
17623,800,0,CV002_003,183764
17624,800,0,CV002_003,184564
17625,784,0,CV002_003,185348
17626,784,0,CV002_003,186132
17627,788,0,CV002_003,186920
17628,608,0,CV002_003,187528
17629,216,0,CV002_003,187744
17630,244,0,CV002_003,187988
17631,372,0,CV002_003,188360
17632,152,0,CV002_003,188512
17633,604,0,CV002_003,189116
17634,876,0,CV002_003,189992
17635,788,0,CV002_003,190780
17636,800,0,CV002_003,191580
17637,812,0,CV002_003,192392
17638,804,0,CV002_003,193196
17639,812,0,CV002_003,194008
17640,800,0,CV002_003,194808
17641,744,0,CV002_003,195552
17642,836,0,CV002_003,196388
17643,796,0,CV002_003,197184
17644,796,0,CV002_003,197980
17645,748,0,CV002_003,198728
17646,836,0,CV002_003,199564
17647,792,0,CV002_003,200356
17648,740,0,CV002_003,201096
17649,848,0,CV002_003,201944
17650,804,0,CV002_003,202748
17651,788,0,CV002_003,203536
17652,780,0,CV002_003,204316
17653,780,0,CV002_003,205096
17654,780,0,CV002_003,205876
17655,772,0,CV002_003,206648
17656,780,0,CV002_003,207428
17657,780,0,CV002_003,208208
17658,764,0,CV002_003,208972
17659,772,0,CV002_003,209744
17660,712,0,CV002_003,210456
17661,828,0,CV002_003,211284
17662,776,0,CV002_003,212060
17663,788,0,CV002_003,212848
17664,800,0,CV002_003,213648
17665,800,0,CV002_003,214448
17666,788,0,CV002_003,215236
17667,808,0,CV002_003,216044
17668,800,0,CV002_003,216844
17669,736,0,CV002_003,217580
17670,832,0,CV002_003,218412
17671,784,0,CV002_003,219196
17672,788,0,CV002_003,219984
17673,632,0,CV002_003,220616
17674,956,0,CV002_003,221572
17675,292,0,CV002_003,221864
17676,500,0,CV002_003,222364
17677,204,0,CV002_003,222568
17678,576,0,CV002_003,223144
17679,792,0,CV002_003,223936
17680,776,0,CV002_003,224712
17681,768,0,CV002_003,225480
17682,784,0,CV002_003,226264
17683,780,0,CV002_003,227044
17684,776,0,CV002_003,227820
17685,768,0,CV002_003,228588
17686,780,0,CV002_003,229368
17687,772,0,CV002_003,230140
17688,768,0,CV002_003,230908
17689,756,0,CV002_003,231664
17690,772,0,CV002_003,232436
17691,776,0,CV002_003,233212
17692,776,0,CV002_003,233988
17693,768,0,CV002_003,234756
17694,308,0,CV002_003,235064
17695,408,0,CV002_003,235472
17696,828,0,CV002_003,236300
17697,784,0,CV002_003,237084
17698,1520,0,CV002_003,238604
17699,788,0,CV002_003,239392
17700,488,0,CV002_003,239880
17701,268,0,CV002_003,240148
17702,228,0,CV002_003,240376
17703,536,0,CV002_003,240912
17704,280,0,CV002_003,241192
17705,1108,0,CV002_003,242300
17706,276,0,CV002_003,242576
17707,340,0,CV002_003,242916
17708,316,0,CV002_003,243232
17709,224,0,CV002_003,243456
17710,548,0,CV002_003,244004
17711,148,0,CV002_003,244152
17712,484,0,CV002_003,244636
17713,120,0,CV002_003,244756
17714,536,0,CV002_003,245292
17715,948,0,CV002_003,246240
17716,712,0,CV002_003,246952
17717,716,0,CV002_003,247668
17718,124,0,CV002_003,247792
17719,320,0,CV002_003,248112
17720,264,0,CV002_003,248376
17721,192,0,CV002_003,248568
17722,180,0,CV002_003,248748
17723,296,0,CV002_003,249044
17724,1540,0,CV002_003,250584
17725,624,0,CV002_003,251208
17726,376,0,CV002_003,251584
17727,352,0,CV002_003,251936
17728,260,0,CV002_003,252196
17729,2996,0,CV002_003,255192
17730,712,0,CV002_003,255904
17731,64,0,CV002_003,255968
17732,800,0,CV002_003,256768
17733,792,0,CV002_003,257560
17734,248,0,CV002_003,257808
17735,244,0,CV002_003,258052
17736,132,0,CV002_003,258184
17737,932,0,CV002_003,259116
17738,808,0,CV002_003,259924
17739,796,0,CV002_003,260720
17740,780,0,CV002_003,261500
17741,792,0,CV002_003,262292
17742,800,0,CV002_003,263092
17743,792,0,CV002_003,263884
17744,780,0,CV002_003,264664
17745,788,0,CV002_003,265452
17746,796,0,CV002_003,266248
17747,732,0,CV002_003,266980
17748,1588,0,CV002_003,268568
17749,744,0,CV002_003,269312
17750,732,0,CV002_003,270044
17751,668,0,CV002_003,270712
17752,1528,0,CV002_003,272240
17753,692,0,CV002_003,272932
17754,788,0,CV002_003,273720
17755,772,0,CV002_003,274492
17756,768,0,CV002_003,275260
17757,612,0,CV002_003,275872
17758,936,0,CV002_003,276808
17759,1472,0,CV002_003,278280
17760,852,0,CV002_003,279132
17761,136,0,CV002_003,279268
17762,724,0,CV002_003,279992
17763,832,0,CV002_003,280824
17764,848,0,CV002_003,281672
17765,96,0,CV002_003,281768
17766,632,0,CV002_003,282400
17767,100,0,CV002_003,282500
17768,700,0,CV002_003,283200
17769,820,0,CV002_003,284020
17770,808,0,CV002_003,284828
17771,796,0,CV002_003,285624
17772,808,0,CV002_003,286432
17773,816,0,CV002_003,287248
17774,820,0,CV002_003,288068
17775,76,0,CV002_003,288144
17776,320,0,CV002_003,288464
17777,404,0,CV002_003,288868
17778,760,0,CV002_003,289628
17779,340,0,CV002_003,289968
17780,208,0,CV002_003,290176
17781,252,0,CV002_003,290428
17782,792,0,CV002_003,291220
17783,840,0,CV002_003,292060
17784,808,0,CV002_003,292868
17785,816,0,CV002_003,293684
17786,804,0,CV002_003,294488
17787,516,0,CV002_003,295004
17788,272,0,CV002_003,295276
17789,804,0,CV002_003,296080
17790,184,0,CV002_003,296264
17791,164,0,CV002_003,296428
17792,188,0,CV002_003,296616
17793,328,0,CV002_003,296944
17794,168,0,CV002_003,297112
17795,564,0,CV002_003,297676
17796,732,0,CV002_003,298408
17797,848,0,CV002_003,299256
17798,756,0,CV002_003,300012
17799,832,0,CV002_003,300844
17800,800,0,CV002_003,301644
17801,800,0,CV002_003,302444
17802,800,0,CV002_003,303244
17803,192,0,CV002_003,303436
17804,592,0,CV002_003,304028
17805,756,0,CV002_003,304784
17806,860,0,CV002_003,305644
17807,740,0,CV002_003,306384
17808,228,0,CV002_003,306612
17809,608,0,CV002_003,307220
17810,796,0,CV002_003,308016
17811,800,0,CV002_003,308816
17812,276,0,CV002_003,309092
17813,464,0,CV002_003,309556
17814,788,0,CV002_003,310344
17815,816,0,CV002_003,311160
17816,120,0,CV002_003,311280
17817,244,0,CV002_003,311524
17818,204,0,CV002_003,311728
17819,408,0,CV002_003,312136
17820,220,0,CV002_003,312356
17821,160,0,CV002_003,312516
17822,192,0,CV002_003,312708
17823,296,0,CV002_003,313004
17824,492,0,CV002_003,313496
17825,340,0,CV002_003,313836
17826,216,0,CV002_003,314052
17827,280,0,CV002_003,314332
17828,188,0,CV002_003,314520
17829,264,0,CV002_003,314784
17830,336,0,CV002_003,315120
17831,264,0,CV002_003,315384
17832,156,0,CV002_003,315540
17833,408,0,CV002_003,315948
17834,928,0,CV002_003,316876
17835,600,0,CV002_003,317476
17836,788,0,CV002_003,318264
17837,396,0,CV002_003,318660
17838,1236,0,CV002_003,319896
17839,616,0,CV002_003,320512
17840,272,0,CV002_003,320784
17841,240,0,CV002_003,321024
17842,112,0,CV002_003,321136
17843,320,0,CV002_003,321456
17844,264,0,CV002_003,321720
17845,232,0,CV002_003,321952
17846,228,0,CV002_003,322180
17847,820,0,CV002_003,323000
17848,204,0,CV002_003,323204
17849,484,0,CV002_003,323688
17850,388,0,CV002_003,324076
17851,440,0,CV002_003,324516
17852,600,0,CV002_003,325116
17853,384,0,CV002_003,325500
17854,216,0,CV002_003,325716
17855,168,0,CV002_003,325884
17856,580,0,CV002_003,326464
17857,180,0,CV002_003,326644
17858,548,0,CV002_003,327192
17859,336,0,CV002_003,327528
17860,256,0,CV002_003,327784
17861,176,0,CV002_003,327960
17862,392,0,CV002_003,328352
17863,448,0,CV002_003,328800
17864,216,0,CV002_003,329016
17865,340,0,CV002_003,329356
17866,372,0,CV002_003,329728
17867,364,0,CV002_003,330092
17868,904,0,CV002_003,330996
17869,100,0,CV002_003,331096
17870,544,0,CV002_003,331640
17871,284,0,CV002_003,331924
17872,376,0,CV002_003,332300
17873,288,0,CV002_003,332588
17874,6188,0,CV002_003,338776
17875,372,0,CV002_003,339148
17876,1176,0,CV002_003,340324
17877,3156,0,CV002_003,343480
17878,792,0,CV002_003,344272
17879,796,0,CV002_003,345068
17880,788,0,CV002_003,345856
17881,272,0,CV002_003,346128
17882,72,0,CV002_003,346200
17883,456,0,CV002_003,346656
17884,752,0,CV002_003,347408
17885,500,0,CV002_003,347908
17886,356,0,CV002_003,348264
17887,328,0,CV002_003,348592
17888,364,0,CV002_003,348956
17889,892,0,CV002_003,349848
17890,804,0,CV002_003,350652
17891,744,0,CV002_003,351396
17892,784,0,CV002_003,352180
17893,844,0,CV002_003,353024
17894,792,0,CV002_003,353816
17895,800,0,CV002_003,354616
17896,740,0,CV002_003,355356
17897,856,0,CV002_003,356212
17898,816,0,CV002_003,357028
17899,820,0,CV002_003,357848
17900,384,0,CV002_003,358232
17901,444,0,CV002_003,358676
17902,836,0,CV002_003,359512
17903,820,0,CV002_003,360332
17904,388,0,CV002_003,360720
17905,104,0,CV002_003,360824
17906,1140,0,CV002_003,361964
17907,816,0,CV002_003,362780
17908,616,0,CV002_003,363396
17909,184,0,CV002_003,363580
17910,244,0,CV002_003,363824
17911,364,0,CV002_003,364188
17912,188,0,CV002_003,364376
17913,1624,0,CV002_003,366000
17914,60,0,CV002_003,366060
17915,328,0,CV002_003,366388
17916,344,0,CV002_003,366732
17917,688,0,CV002_003,367420
17918,100,0,CV002_003,367520
17919,852,0,CV002_003,368372
17920,788,0,CV002_003,369160
17921,320,0,CV002_003,369480
17922,244,0,CV002_003,369724
17923,216,0,CV002_003,369940
17924,748,0,CV002_003,370688
17925,792,0,CV002_003,371480
17926,292,0,CV002_003,371772
17927,500,0,CV002_003,372272
17928,800,0,CV002_003,373072
17929,832,0,CV002_003,373904
17930,692,0,CV002_003,374596
17931,292,0,CV002_003,374888
17932,464,0,CV002_003,375352
17933,76,0,CV002_003,375428
17934,832,0,CV002_003,376260
17935,560,0,CV002_003,376820
17936,220,0,CV002_003,377040
17937,788,0,CV002_003,377828
17938,1560,0,CV002_003,379388
17939,792,0,CV002_003,380180
17940,796,0,CV002_003,380976
17941,608,0,CV002_003,381584
17942,176,0,CV002_003,381760
17943,332,0,CV002_003,382092
17944,608,0,CV002_003,382700
17945,2216,0,CV002_003,384916
17946,416,0,CV002_003,385332
17947,364,0,CV002_003,385696
17948,524,0,CV002_003,386220
17949,1032,0,CV002_003,387252
17950,764,0,CV002_003,388016
17951,780,0,CV002_003,388796
17952,776,0,CV002_003,389572
17953,716,0,CV002_003,390288
17954,820,0,CV002_003,391108
17955,788,0,CV002_003,391896
17956,480,0,CV002_003,392376
17957,316,0,CV002_003,392692
17958,464,0,CV002_003,393156
17959,264,0,CV002_003,393420
17960,820,0,CV002_003,394240
17961,796,0,CV002_003,395036
17962,180,0,CV002_003,395216
17963,280,0,CV002_003,395496
17964,228,0,CV002_003,395724
17965,192,0,CV002_003,395916
17966,308,0,CV002_003,396224
17967,324,0,CV002_003,396548
17968,380,0,CV002_003,396928
17969,428,0,CV002_003,397356
17970,872,0,CV002_003,398228
17971,780,0,CV002_003,399008
17972,780,0,CV002_003,399788
17973,860,0,CV002_003,400648
17974,796,0,CV002_003,401444
17975,816,0,CV002_003,402260
17976,400,0,CV002_003,402660
17977,56,0,CV002_003,402716
17978,372,0,CV002_003,403088
17979,808,0,CV002_003,403896
17980,540,0,CV002_003,404436
17981,48,0,CV002_003,404484
17982,220,0,CV002_003,404704
17983,856,0,CV002_003,405560
17984,796,0,CV002_003,406356
17985,804,0,CV002_003,407160
17986,808,0,CV002_003,407968
17987,700,0,CV002_003,408668
17988,804,0,CV002_003,409472
17989,200,0,CV002_003,409672
17990,668,0,CV002_003,410340
17991,860,0,CV002_003,411200
17992,792,0,CV002_003,411992
17993,212,0,CV002_003,412204
17994,456,0,CV002_003,412660
17995,212,0,CV002_003,412872
17996,252,0,CV002_003,413124
17997,364,0,CV002_003,413488
17998,756,0,CV002_003,414244
17999,788,0,CV002_003,415032
18000,1044,0,CV002_003,416076
18001,164,0,CV002_003,416240
18002,224,0,CV002_003,416464
18003,716,0,CV002_003,417180
18004,656,0,CV002_003,417836
18005,724,0,CV002_003,418560
18006,384,0,CV002_003,418944
18007,224,0,CV002_003,419168
18008,364,0,CV002_003,419532
18009,220,0,CV002_003,419752
18010,272,0,CV002_003,420024
18011,248,0,CV002_003,420272
18012,112,0,CV002_003,420384
18013,384,0,CV002_003,420768
18014,188,0,CV002_003,420956
18015,116,0,CV002_003,421072
18016,472,0,CV002_003,421544
18017,212,0,CV002_003,421756
18018,600,0,CV002_003,422356
18019,768,0,CV002_003,423124
18020,272,0,CV002_003,423396
18021,508,0,CV002_003,423904
18022,468,0,CV002_003,424372
18023,296,0,CV002_003,424668
18024,112,0,CV002_003,424780
18025,312,0,CV002_003,425092
18026,340,0,CV002_003,425432
18027,472,0,CV002_003,425904
18028,228,0,CV002_003,426132
18029,432,0,CV002_003,426564
18030,236,0,CV002_003,426800
18031,408,0,CV002_003,427208
18032,48,0,CV002_003,427256
18033,476,0,CV002_003,427732
18034,256,0,CV002_003,427988
18035,52,0,CV002_003,428040
18036,500,0,CV002_003,428540
18037,792,0,CV002_003,429332
18038,676,0,CV002_003,430008
18039,248,0,CV002_003,430256
18040,56,0,CV002_003,430312
18041,392,0,CV002_003,430704
18042,156,0,CV002_003,430860
18043,368,0,CV002_003,431228
18044,128,0,CV002_003,431356
18045,296,0,CV002_003,431652
18046,824,0,CV002_003,432476
18047,796,0,CV002_003,433272
18048,748,0,CV002_003,434020
18049,828,0,CV002_003,434848
18050,188,0,CV002_003,435036
18051,1000,0,CV002_003,436036
18052,340,0,CV002_003,436376
18053,184,0,CV002_003,436560
18054,148,0,CV002_003,436708
18055,340,0,CV002_003,437048
18056,308,0,CV002_003,437356
18057,244,0,CV002_003,437600
18058,208,0,CV002_003,437808
18059,228,0,CV002_003,438036
18060,484,0,CV002_003,438520
18061,256,0,CV002_003,438776
18062,380,0,CV002_003,439156
18063,208,0,CV002_003,439364
18064,220,0,CV002_003,439584
18065,148,0,CV002_003,439732
18066,412,0,CV002_003,440144
18067,256,0,CV002_003,440400
18068,368,0,CV002_003,440768
18069,196,0,CV002_003,440964
18070,1120,0,CV002_003,442084
18071,820,0,CV002_003,442904
18072,812,0,CV002_003,443716
18073,232,0,CV002_003,443948
18074,308,0,CV002_003,444256
18075,200,0,CV002_003,444456
18076,620,0,CV002_003,445076
18077,92,0,CV002_003,445168
18078,320,0,CV002_003,445488
18079,316,0,CV002_003,445804
18080,888,0,CV002_003,446692
18081,576,0,CV002_003,447268
18082,168,0,CV002_003,447436
18083,168,0,CV002_003,447604
18084,492,0,CV002_003,448096
18085,184,0,CV002_003,448280
18086,228,0,CV002_003,448508
18087,264,0,CV002_003,448772
18088,248,0,CV002_003,449020
18089,140,0,CV002_003,449160
18090,224,0,CV002_003,449384
18091,336,0,CV002_003,449720
18092,284,0,CV002_003,450004
18093,804,0,CV002_003,450808
18094,716,0,CV002_003,451524
18095,604,0,CV002_003,452128
18096,244,0,CV002_003,452372
18097,796,0,CV002_003,453168
18098,812,0,CV002_003,453980
18099,56,0,CV002_003,454036
18100,692,0,CV002_003,454728
18101,796,0,CV002_003,455524
18102,848,0,CV002_003,456372
18103,820,0,CV002_003,457192
18104,788,0,CV002_003,457980
18105,804,0,CV002_003,458784
18106,808,0,CV002_003,459592
18107,792,0,CV002_003,460384
18108,1600,0,CV002_003,461984
18109,800,0,CV002_003,462784
18110,800,0,CV002_003,463584
18111,812,0,CV002_003,464396
18112,812,0,CV002_003,465208
18113,808,0,CV002_003,466016
18114,812,0,CV002_003,466828
18115,756,0,CV002_003,467584
18116,844,0,CV002_003,468428
18117,792,0,CV002_003,469220
18118,800,0,CV002_003,470020
18119,800,0,CV002_003,470820
18120,348,0,CV002_003,471168
18121,264,0,CV002_003,471432
18122,968,0,CV002_003,472400
18123,200,0,CV002_003,472600
18124,292,0,CV002_003,472892
18125,292,0,CV002_003,473184
18126,712,0,CV002_003,473896
18127,68,0,CV002_003,473964
18128,796,0,CV002_003,474760
18129,592,0,CV002_003,475352
18130,328,0,CV002_003,475680
18131,652,0,CV002_003,476332
18132,508,0,CV002_003,476840
18133,960,0,CV002_003,477800
18134,348,0,CV002_003,478148
18135,432,0,CV002_003,478580
18136,336,0,CV002_003,478916
18137,228,0,CV002_003,479144
18138,1588,0,CV002_003,480732
18139,120,0,CV002_003,480852
18140,832,0,CV002_003,481684
18141,764,0,CV002_003,482448
18142,352,0,CV002_003,482800
18143,248,0,CV002_003,483048
18144,164,0,CV002_003,483212
18145,200,0,CV002_003,483412
18146,220,0,CV002_003,483632
18147,432,0,CV002_003,484064
18148,76,0,CV002_003,484140
18149,372,0,CV002_003,484512
18150,248,0,CV002_003,484760
18151,300,0,CV002_003,485060
18152,400,0,CV002_003,485460
18153,136,0,CV002_003,485596
18154,672,0,CV002_003,486268
18155,36,0,CV002_003,486304
18156,736,0,CV002_003,487040
18157,180,0,CV002_003,487220
18158,212,0,CV002_003,487432
18159,1064,0,CV002_003,488496
18160,196,0,CV002_003,488692
18161,84,0,CV002_003,488776
18162,280,0,CV002_003,489056
18163,200,0,CV002_003,489256
18164,536,0,CV002_003,489792
18165,228,0,CV002_003,490020
18166,276,0,CV002_003,490296
18167,648,0,CV002_003,490944
18168,336,0,CV002_003,491280
18169,320,0,CV002_003,491600
18170,244,0,CV002_003,491844
18171,196,0,CV002_003,492040
18172,568,0,CV002_003,492608
18173,484,0,CV002_003,493092
18174,308,0,CV002_003,493400
18175,212,0,CV002_003,493612
18176,232,0,CV002_003,493844
18177,540,0,CV002_003,494384
18178,228,0,CV002_003,494612
18179,540,0,CV002_003,495152
18180,176,0,CV002_003,495328
18181,280,0,CV002_003,495608
18182,524,0,CV002_003,496132
18183,392,0,CV002_003,496524
18184,436,0,CV002_003,496960
18185,656,0,CV002_003,497616
18186,76,0,CV002_003,497692
18187,700,0,CV002_003,498392
18188,408,0,CV002_003,498800
18189,264,0,CV002_003,499064
18190,148,0,CV002_003,499212
18191,2196,0,CV002_003,501408
18192,48,0,CV002_003,501456
18193,272,0,CV002_003,501728
18194,1736,0,CV002_003,503464
18195,1608,0,CV002_003,505072
18196,444,0,CV002_003,505516
18197,436,0,CV002_003,505952
18198,216,0,CV002_003,506168
18199,340,0,CV002_003,506508
18200,2828,0,CV002_003,509336
18201,788,0,CV002_003,510124
18202,756,0,CV002_003,510880
18203,1512,0,CV002_003,512392
18204,252,0,CV002_003,512644
18205,332,0,CV002_003,512976
18206,316,0,CV002_003,513292
18207,784,0,CV002_003,514076
18208,360,0,CV002_003,514436
18209,256,0,CV002_003,514692
18210,700,0,CV002_003,515392
18211,172,0,CV002_003,515564
18212,692,0,CV002_003,516256
18213,368,0,CV002_003,516624
18214,256,0,CV002_003,516880
18215,260,0,CV002_003,517140
18216,768,0,CV002_003,517908
18217,580,0,CV002_003,518488
18218,136,0,CV002_003,518624
18219,480,0,CV002_003,519104
18220,352,0,CV002_003,519456
18221,792,0,CV002_003,520248
18222,496,0,CV002_003,520744
18223,84,0,CV002_003,520828
18224,212,0,CV002_003,521040
18225,796,0,CV002_003,521836
18226,804,0,CV002_003,522640
18227,816,0,CV002_003,523456
18228,80,0,CV002_003,523536
18229,716,0,CV002_003,524252
18230,148,0,CV002_003,524400
18231,196,0,CV002_003,524596
18232,472,0,CV002_003,525068
18233,828,0,CV002_003,525896
18234,520,0,CV002_003,526416
18235,304,0,CV002_003,526720
18236,744,0,CV002_003,527464
18237,1644,0,CV002_003,529108
18238,216,0,CV002_003,529324
18239,576,0,CV002_003,529900
18240,732,0,CV002_003,530632
18241,844,0,CV002_003,531476
18242,796,0,CV002_003,532272
18243,792,0,CV002_003,533064
18244,776,0,CV002_003,533840
18245,740,0,CV002_003,534580
18246,844,0,CV002_003,535424
18247,752,0,CV002_003,536176
18248,836,0,CV002_003,537012
18249,296,0,CV002_003,537308
18250,444,0,CV002_003,537752
18251,828,0,CV002_003,538580
18252,732,0,CV002_003,539312
18253,196,0,CV002_003,539508
18254,488,0,CV002_003,539996
18255,324,0,CV002_003,540320
18256,564,0,CV002_003,540884
18257,852,0,CV002_003,541736
18258,112,0,CV002_003,541848
18259,356,0,CV002_003,542204
18260,312,0,CV002_003,542516
18261,316,0,CV002_003,542832
18262,504,0,CV002_003,543336
18263,232,0,CV002_003,543568
18264,588,0,CV002_003,544156
18265,440,0,CV002_003,544596
18266,156,0,CV002_003,544752
18267,88,0,CV002_003,544840
18268,960,0,CV002_003,545800
18269,840,0,CV002_003,546640
18270,192,0,CV002_003,546832
18271,324,0,CV002_003,547156
18272,228,0,CV002_003,547384
18273,388,0,CV002_003,547772
18274,172,0,CV002_003,547944
18275,312,0,CV002_003,548256
18276,456,0,CV002_003,548712
18277,436,0,CV002_003,549148
18278,272,0,CV002_003,549420
18279,504,0,CV002_003,549924
18280,316,0,CV002_003,550240
18281,268,0,CV002_003,550508
18282,128,0,CV002_003,550636
18283,512,0,CV002_003,551148
18284,416,0,CV002_003,551564
18285,216,0,CV002_003,551780
18286,448,0,CV002_003,552228
18287,80,0,CV002_003,552308
18288,308,0,CV002_003,552616
18289,428,0,CV002_003,553044
18290,236,0,CV002_003,553280
18291,632,0,CV002_003,553912
18292,116,0,CV002_003,554028
18293,592,0,CV002_003,554620
18294,304,0,CV002_003,554924
18295,828,0,CV002_003,555752
18296,456,0,CV002_003,556208
18297,480,0,CV002_003,556688
18298,304,0,CV002_003,556992
18299,48,0,CV002_003,557040
18300,676,0,CV002_003,557716
18301,132,0,CV002_003,557848
18302,348,0,CV002_003,558196
18303,220,0,CV002_003,558416
18304,212,0,CV002_003,558628
18305,216,0,CV002_003,558844
18306,144,0,CV002_003,558988
18307,268,0,CV002_003,559256
18308,316,0,CV002_003,559572
18309,168,0,CV002_003,559740
18310,212,0,CV002_003,559952
18311,432,0,CV002_003,560384
18312,84,0,CV002_003,560468
18313,320,0,CV002_003,560788
18314,600,0,CV002_003,561388
18315,308,0,CV002_003,561696
18316,20,0,CV002_003,561716
18317,500,0,CV002_003,562216
18318,400,0,CV002_003,562616
18319,380,0,CV002_003,562996
18320,760,0,CV002_003,563756
18321,748,0,CV002_003,564504
18322,740,0,CV002_003,565244
18323,732,0,CV002_003,565976
18324,676,0,CV002_003,566652
18325,736,0,CV002_003,567388
18326,792,0,CV002_003,568180
18327,744,0,CV002_003,568924
18328,740,0,CV002_003,569664
18329,748,0,CV002_003,570412
18330,776,0,CV002_003,571188
18331,740,0,CV002_003,571928
18332,928,0,CV002_003,572856
18333,24,0,CV002_003,572880
18334,448,0,CV002_003,573328
18335,48,0,CV002_003,573376
18336,772,0,CV002_003,574148
18337,728,0,CV002_003,574876
18338,724,0,CV002_003,575600
18339,716,0,CV002_003,576316
18340,720,0,CV002_003,577036
18341,724,0,CV002_003,577760
18342,720,0,CV002_003,578480
18343,704,0,CV002_003,579184
18344,704,0,CV002_003,579888
18345,720,0,CV002_003,580608
18346,732,0,CV002_003,581340
18347,676,0,CV002_003,582016
18348,796,0,CV002_003,582812
18349,796,0,CV002_003,583608
18350,796,0,CV002_003,584404
18351,764,0,CV002_003,585168
18352,788,0,CV002_003,585956
18353,836,0,CV002_003,586792
18354,824,0,CV002_003,587616
18355,744,0,CV002_003,588360
18356,872,0,CV002_003,589232
18357,848,0,CV002_003,590080
18358,820,0,CV002_003,590900
18359,752,0,CV002_003,591652
18360,872,0,CV002_003,592524
18361,860,0,CV002_003,593384
18362,800,0,CV002_003,594184
18363,792,0,CV002_003,594976
18364,844,0,CV002_003,595820
18365,788,0,CV002_003,596608
18366,800,0,CV002_003,597408
18367,800,0,CV002_003,598208
18368,796,0,CV002_003,599004
18369,796,0,CV002_003,599800
18370,784,0,CV002_003,600584
18371,780,0,CV002_003,601364
18372,816,0,CV002_003,602180
18373,772,0,CV002_003,602952
18374,772,0,CV002_003,603724
18375,788,0,CV002_003,604512
18376,804,0,CV002_003,605316
18377,772,0,CV002_003,606088
18378,732,0,CV002_003,606820
18379,844,0,CV002_003,607664
18380,780,0,CV002_003,608444
18381,764,0,CV002_003,609208
18382,780,0,CV002_003,609988
18383,784,0,CV002_003,610772
18384,716,0,CV002_003,611488
18385,744,0,CV002_003,612232
18386,280,0,CV002_003,612512
18387,44,0,CV002_003,612556
18388,412,0,CV002_003,612968
18389,264,0,CV002_003,613232
18390,284,0,CV002_003,613516
18391,28,0,CV002_003,613544
18392,412,0,CV002_003,613956
18393,92,0,CV002_003,614048
18394,292,0,CV002_003,614340
18395,316,0,CV002_003,614656
18396,136,0,CV002_003,614792
18397,584,0,CV002_003,615376
18398,272,0,CV002_003,615648
18399,560,0,CV002_003,616208
18400,740,0,CV002_003,616948
18401,844,0,CV002_003,617792
18402,808,0,CV002_003,618600
18403,808,0,CV002_003,619408
18404,88,0,CV002_003,619496
18405,268,0,CV002_003,619764
18406,448,0,CV002_003,620212
18407,792,0,CV002_003,621004
18408,796,0,CV002_003,621800
18409,208,0,CV002_003,622008
18410,588,0,CV002_003,622596
18411,792,0,CV002_003,623388
18412,788,0,CV002_003,624176
18413,796,0,CV002_003,624972
18414,804,0,CV002_003,625776
18415,780,0,CV002_003,626556
18416,784,0,CV002_003,627340
18417,816,0,CV002_003,628156
18418,712,0,CV002_003,628868
18419,788,0,CV002_003,629656
18420,832,0,CV002_003,630488
18421,776,0,CV002_003,631264
18422,704,0,CV002_003,631968
18423,824,0,CV002_003,632792
18424,720,0,CV002_003,633512
18425,772,0,CV002_003,634284
18426,824,0,CV002_003,635108
18427,776,0,CV002_003,635884
18428,768,0,CV002_003,636652
18429,772,0,CV002_003,637424
18430,772,0,CV002_003,638196
18431,804,0,CV002_003,639000
18432,756,0,CV002_003,639756
18433,780,0,CV002_003,640536
18434,812,0,CV002_003,641348
18435,772,0,CV002_003,642120
18436,772,0,CV002_003,642892
18437,720,0,CV002_003,643612
18438,844,0,CV002_003,644456
18439,764,0,CV002_003,645220
18440,764,0,CV002_003,645984
18441,772,0,CV002_003,646756
18442,760,0,CV002_003,647516
18443,752,0,CV002_003,648268
18444,772,0,CV002_003,649040
18445,768,0,CV002_003,649808
18446,700,0,CV002_003,650508
18447,820,0,CV002_003,651328
18448,808,0,CV002_003,652136
18449,772,0,CV002_003,652908
18450,764,0,CV002_003,653672
18451,772,0,CV002_003,654444
18452,772,0,CV002_003,655216
18453,772,0,CV002_003,655988
18454,704,0,CV002_003,656692
18455,812,0,CV002_003,657504
18456,780,0,CV002_003,658284
18457,772,0,CV002_003,659056
18458,768,0,CV002_003,659824
18459,724,0,CV002_003,660548
18460,844,0,CV002_003,661392
18461,792,0,CV002_003,662184
18462,796,0,CV002_003,662980
18463,720,0,CV002_003,663700
18464,836,0,CV002_003,664536
18465,788,0,CV002_003,665324
18466,784,0,CV002_003,666108
18467,772,0,CV002_003,666880
18468,776,0,CV002_003,667656
18469,796,0,CV002_003,668452
18470,768,0,CV002_003,669220
18471,780,0,CV002_003,670000
18472,776,0,CV002_003,670776
18473,772,0,CV002_003,671548
18474,752,0,CV002_003,672300
18475,764,0,CV002_003,673064
18476,764,0,CV002_003,673828
18477,792,1,CV002_003,674620
18478,736,0,CV002_003,675356
18479,760,0,CV002_003,676116
18480,768,0,CV002_003,676884
18481,764,0,CV002_003,677648
18482,776,0,CV002_003,678424
18483,700,0,CV002_003,679124
18484,748,0,CV002_003,679872
18485,556,0,CV002_003,680428
18486,140,0,CV002_003,680568
18487,816,0,CV002_003,681384
18488,224,0,CV002_003,681608
18489,92,0,CV002_003,681700
18490,408,0,CV002_003,682108
18491,164,0,CV002_003,682272
18492,552,0,CV002_003,682824
18493,436,0,CV002_003,683260
18494,272,0,CV002_003,683532
18495,704,0,CV002_003,684236
18496,700,0,CV002_003,684936
18497,640,0,CV002_003,685576
18498,708,0,CV002_003,686284
18499,400,0,CV002_003,686684
18500,596,0,CV002_003,687280
18501,448,0,CV002_003,687728
18502,700,0,CV002_003,688428
18503,688,0,CV002_003,689116
18504,684,0,CV002_003,689800
18505,696,0,CV002_003,690496
18506,656,0,CV002_003,691152
18507,800,0,CV002_003,691952
18508,252,0,CV002_003,692204
18509,416,0,CV002_003,692620
18510,748,0,CV002_003,693368
18511,712,0,CV002_003,694080
18512,40,0,CV002_003,694120
18513,852,0,CV002_003,694972
18514,740,0,CV002_003,695712
18515,832,0,CV002_003,696544
18516,792,0,CV002_003,697336
18517,820,0,CV002_003,698156
18518,796,0,CV002_003,698952
18519,796,0,CV002_003,699748
18520,788,0,CV002_003,700536
18521,60,0,CV002_003,700596
18522,740,0,CV002_003,701336
18523,748,0,CV002_003,702084
18524,856,0,CV002_003,702940
18525,804,0,CV002_003,703744
18526,744,0,CV002_003,704488
18527,840,0,CV002_003,705328
18528,772,0,CV002_003,706100
18529,784,0,CV002_003,706884
18530,780,0,CV002_003,707664
18531,780,0,CV002_003,708444
18532,276,0,CV002_003,708720
18533,512,0,CV002_003,709232
18534,792,0,CV002_003,710024
18535,748,0,CV002_003,710772
18536,448,0,CV002_003,711220
18537,64,0,CV002_003,711284
18538,272,0,CV002_003,711556
18539,824,0,CV002_003,712380
18540,764,0,CV002_003,713144
18541,472,0,CV002_003,713616
18542,172,0,CV002_003,713788
18543,284,0,CV002_003,714072
18544,1460,0,CV002_003,715532
18545,344,0,CV002_003,715876
18546,436,0,CV002_003,716312
18547,528,0,CV002_003,716840
18548,260,0,CV002_003,717100
18549,796,0,CV002_003,717896
18550,788,0,CV002_003,718684
18551,700,0,CV002_003,719384
18552,76,0,CV002_003,719460
18553,784,0,CV002_003,720244
18554,192,0,CV002_003,720436
18555,588,0,CV002_003,721024
18556,272,0,CV002_003,721296
18557,364,0,CV002_003,721660
18558,68,0,CV002_003,721728
18559,524,0,CV002_003,722252
18560,320,0,CV002_003,722572
18561,1304,0,CV002_003,723876
18562,268,0,CV002_003,724144
18563,60,0,CV002_003,724204
18564,288,0,CV002_003,724492
18565,420,0,CV002_003,724912
18566,780,0,CV002_003,725692
18567,784,0,CV002_003,726476
18568,768,0,CV002_003,727244
18569,768,0,CV002_003,728012
18570,784,0,CV002_003,728796
18571,776,0,CV002_003,729572
18572,772,0,CV002_003,730344
18573,748,0,CV002_003,731092
18574,776,0,CV002_003,731868
18575,712,0,CV002_003,732580
18576,848,0,CV002_003,733428
18577,816,0,CV002_003,734244
18578,768,0,CV002_003,735012
18579,784,0,CV002_003,735796
18580,796,0,CV002_003,736592
18581,792,0,CV002_003,737384
18582,780,0,CV002_003,738164
18583,740,0,CV002_003,738904
18584,1624,0,CV002_003,740528
18585,792,0,CV002_003,741320
18586,800,0,CV002_003,742120
18587,804,0,CV002_003,742924
18588,784,0,CV002_003,743708
18589,796,0,CV002_003,744504
18590,796,0,CV002_003,745300
18591,780,0,CV002_003,746080
18592,784,0,CV002_003,746864
18593,784,0,CV002_003,747648
18594,776,0,CV002_003,748424
18595,784,0,CV002_003,749208
18596,784,0,CV002_003,749992
18597,740,0,CV002_003,750732
18598,828,0,CV002_003,751560
18599,792,0,CV002_003,752352
18600,824,0,CV002_003,753176
18601,760,0,CV002_003,753936
18602,776,0,CV002_003,754712
18603,780,0,CV002_003,755492
18604,712,0,CV002_003,756204
18605,824,0,CV002_003,757028
18606,780,0,CV002_003,757808
18607,816,0,CV002_003,758624
18608,752,0,CV002_003,759376
18609,772,0,CV002_003,760148
18610,788,0,CV002_003,760936
18611,776,0,CV002_003,761712
18612,764,0,CV002_003,762476
18613,788,0,CV002_003,763264
18614,780,0,CV002_003,764044
18615,708,0,CV002_003,764752
18616,816,0,CV002_003,765568
18617,764,0,CV002_003,766332
18618,784,0,CV002_003,767116
18619,760,0,CV002_003,767876
18620,760,0,CV002_003,768636
18621,776,0,CV002_003,769412
18622,764,0,CV002_003,770176
18623,768,0,CV002_003,770944
18624,776,0,CV002_003,771720
18625,776,0,CV002_003,772496
18626,768,0,CV002_003,773264
18627,764,0,CV002_003,774028
18628,772,0,CV002_003,774800
18629,708,0,CV002_003,775508
18630,808,0,CV002_003,776316
18631,780,0,CV002_003,777096
18632,776,0,CV002_003,777872
18633,776,0,CV002_003,778648
18634,776,0,CV002_003,779424
18635,780,0,CV002_003,780204
18636,776,0,CV002_003,780980
18637,764,0,CV002_003,781744
18638,764,0,CV002_003,782508
18639,772,0,CV002_003,783280
18640,764,0,CV002_003,784044
18641,704,0,CV002_003,784748
18642,832,0,CV002_003,785580
18643,768,0,CV002_003,786348
18644,772,0,CV002_003,787120
18645,756,0,CV002_003,787876
18646,768,0,CV002_003,788644
18647,776,0,CV002_003,789420
18648,764,0,CV002_003,790184
18649,764,0,CV002_003,790948
18650,772,0,CV002_003,791720
18651,724,0,CV002_003,792444
18652,832,0,CV002_003,793276
18653,784,0,CV002_003,794060
18654,780,0,CV002_003,794840
18655,776,0,CV002_003,795616
18656,788,0,CV002_003,796404
18657,816,1,CV002_003,797220
18658,760,0,CV002_003,797980
18659,784,0,CV002_003,798764
18660,788,0,CV002_003,799552
18661,784,0,CV002_003,800336
18662,784,0,CV002_003,801120
18663,784,0,CV002_003,801904
18664,788,0,CV002_003,802692
18665,784,0,CV002_003,803476
18666,776,0,CV002_003,804252
18667,796,0,CV002_003,805048
18668,728,0,CV002_003,805776
18669,820,0,CV002_003,806596
18670,788,0,CV002_003,807384
18671,780,0,CV002_003,808164
18672,768,0,CV002_003,808932
18673,768,0,CV002_003,809700
18674,772,0,CV002_003,810472
18675,792,0,CV002_003,811264
18676,760,0,CV002_003,812024
18677,772,0,CV002_003,812796
18678,784,0,CV002_003,813580
18679,772,0,CV002_003,814352
18680,780,0,CV002_003,815132
18681,804,0,CV002_003,815936
18682,784,0,CV002_003,816720
18683,784,0,CV002_003,817504
18684,792,0,CV002_003,818296
18685,816,0,CV002_003,819112
18686,768,0,CV002_003,819880
18687,768,0,CV002_003,820648
18688,792,0,CV002_003,821440
18689,820,0,CV002_003,822260
18690,736,0,CV002_003,822996
18691,852,0,CV002_003,823848
18692,832,0,CV002_003,824680
18693,796,0,CV002_003,825476
18694,792,0,CV002_003,826268
18695,796,0,CV002_003,827064
18696,808,0,CV002_003,827872
18697,796,0,CV002_003,828668
18698,780,0,CV002_003,829448
18699,804,0,CV002_003,830252
18700,828,0,CV002_003,831080
18701,784,0,CV002_003,831864
18702,784,0,CV002_003,832648
18703,792,0,CV002_003,833440
18704,792,0,CV002_003,834232
18705,776,0,CV002_003,835008
18706,768,0,CV002_003,835776
18707,780,0,CV002_003,836556
18708,768,0,CV002_003,837324
18709,768,0,CV002_003,838092
18710,784,0,CV002_003,838876
18711,744,0,CV002_003,839620
18712,752,0,CV002_003,840372
18713,752,0,CV002_003,841124
18714,736,0,CV002_003,841860
18715,148,0,CV002_003,842008
18716,588,0,CV002_003,842596
18717,728,0,CV002_003,843324
18718,720,0,CV002_003,844044
18719,724,0,CV002_003,844768
18720,704,0,CV002_003,845472
18721,660,0,CV002_003,846132
18722,748,0,CV002_003,846880
18723,708,0,CV002_003,847588
18724,696,0,CV002_003,848284
18725,684,0,CV002_003,848968
18726,700,0,CV002_003,849668
18727,652,0,CV002_003,850320
18728,776,0,CV002_003,851096
18729,1468,0,CV002_003,852564
18730,700,0,CV002_003,853264
18731,832,0,CV002_003,854096
18732,1572,0,CV002_003,855668
18733,772,0,CV002_003,856440
18734,768,0,CV002_003,857208
18735,680,0,CV002_003,857888
18736,736,0,CV002_003,858624
18737,792,0,CV002_003,859416
18738,764,0,CV002_003,860180
18739,728,0,CV002_003,860908
18740,780,0,CV002_003,861688
18741,736,0,CV002_003,862424
18742,748,0,CV002_003,863172
18743,728,0,CV002_003,863900
18744,668,0,CV002_003,864568
18745,720,0,CV002_003,865288
18746,788,0,CV002_003,866076
18747,744,0,CV002_003,866820
18748,784,0,CV002_003,867604
18749,712,0,CV002_003,868316
18750,832,0,CV002_003,869148
18751,816,0,CV002_003,869964
18752,788,0,CV002_003,870752
18753,836,0,CV002_003,871588
18754,788,0,CV002_003,872376
18755,788,0,CV002_003,873164
18756,796,0,CV002_003,873960
18757,812,0,CV002_003,874772
18758,784,0,CV002_003,875556
18759,788,0,CV002_003,876344
18760,796,0,CV002_003,877140
18761,800,0,CV002_003,877940
18762,792,0,CV002_003,878732
18763,784,0,CV002_003,879516
18764,800,0,CV002_003,880316
18765,800,0,CV002_003,881116
18766,772,0,CV002_003,881888
18767,796,0,CV002_003,882684
18768,796,0,CV002_003,883480
18769,808,0,CV002_003,884288
18770,792,0,CV002_003,885080
18771,1600,0,CV002_003,886680
18772,784,0,CV002_003,887464
18773,780,0,CV002_003,888244
18774,788,0,CV002_003,889032
18775,736,0,CV002_003,889768
18776,840,0,CV002_003,890608
18777,784,0,CV002_003,891392
18778,792,0,CV002_003,892184
18779,796,0,CV002_003,892980
18780,776,0,CV002_003,893756
18781,800,0,CV002_003,894556
18782,804,0,CV002_003,895360
18783,780,0,CV002_003,896140
18784,732,0,CV002_003,896872
18785,836,0,CV002_003,897708
18786,776,0,CV002_003,898484
18787,712,0,CV002_003,899196
18788,832,0,CV002_003,900028
18789,804,0,CV002_003,900832
18790,756,0,CV002_003,901588
18791,744,0,CV002_003,902332
18792,856,0,CV002_003,903188
18793,728,0,CV002_003,903916
18794,840,0,CV002_003,904756
18795,796,0,CV002_003,905552
18796,836,0,CV002_003,906388
18797,776,0,CV002_003,907164
18798,772,0,CV002_003,907936
18799,804,0,CV002_003,908740
18800,820,0,CV002_003,909560
18801,768,0,CV002_003,910328
18802,792,0,CV002_003,911120
18803,816,0,CV002_003,911936
18804,740,0,CV002_003,912676
18805,828,0,CV002_003,913504
18806,788,0,CV002_003,914292
18807,812,0,CV002_003,915104
18808,420,0,CV002_003,915524
18809,972,0,CV002_003,916496
18810,804,0,CV002_003,917300
18811,772,0,CV002_003,918072
18812,1576,0,CV002_003,919648
18813,824,0,CV002_003,920472
18814,732,0,CV002_003,921204
18815,800,0,CV002_003,922004
18816,804,0,CV002_003,922808
18817,872,0,CV002_003,923680
18818,776,0,CV002_003,924456
18819,788,0,CV002_003,925244
18820,816,0,CV002_003,926060
18821,788,0,CV002_003,926848
18822,792,0,CV002_003,927640
18823,812,0,CV002_003,928452
18824,832,0,CV002_003,929284
18825,2392,0,CV002_003,931676
18826,780,0,CV002_003,932456
18827,736,0,CV002_003,933192
18828,1612,0,CV002_003,934804
18829,768,0,CV002_003,935572
18830,768,0,CV002_003,936340
18831,780,0,CV002_003,937120
18832,820,0,CV002_003,937940
18833,792,0,CV002_003,938732
18834,724,0,CV002_003,939456
18835,868,0,CV002_003,940324
18836,784,0,CV002_003,941108
18837,536,0,CV002_003,941644
18838,256,0,CV002_003,941900
18839,740,0,CV002_003,942640
18840,860,0,CV002_003,943500
18841,780,0,CV002_003,944280
18842,784,0,CV002_003,945064
18843,784,0,CV002_003,945848
18844,820,0,CV002_003,946668
18845,720,0,CV002_003,947388
18846,828,0,CV002_003,948216
18847,780,0,CV002_003,948996
18848,800,0,CV002_003,949796
18849,756,0,CV002_003,950552
18850,764,0,CV002_003,951316
18851,776,0,CV002_003,952092
18852,752,0,CV002_003,952844
18853,792,0,CV002_003,953636
18854,720,0,CV002_003,954356
18855,1608,0,CV002_003,955964
18856,764,0,CV002_003,956728
18857,1576,0,CV002_003,958304
18858,736,0,CV002_003,959040
18859,1624,0,CV002_003,960664
18860,776,0,CV002_003,961440
18861,416,0,CV002_003,961856
18862,308,0,CV002_003,962164
18863,612,0,CV002_003,962776
18864,228,0,CV002_003,963004
18865,752,0,CV002_003,963756
18866,780,0,CV002_003,964536
18867,820,0,CV002_003,965356
18868,808,0,CV002_003,966164
18869,744,0,CV002_003,966908
18870,560,0,CV002_003,967468
18871,200,0,CV002_003,967668
18872,404,0,CV002_003,968072
18873,420,0,CV002_003,968492
18874,748,0,CV002_003,969240
18875,824,0,CV002_003,970064
18876,720,0,CV002_003,970784
18877,860,0,CV002_003,971644
18878,776,0,CV002_003,972420
18879,1544,0,CV002_003,973964
18880,804,0,CV002_003,974768
18881,760,0,CV002_003,975528
18882,764,0,CV002_003,976292
18883,772,0,CV002_003,977064
18884,796,0,CV002_003,977860
18885,760,0,CV002_003,978620
18886,772,0,CV002_003,979392
18887,808,0,CV002_003,980200
18888,708,0,CV002_003,980908
18889,780,0,CV002_003,981688
18890,840,0,CV002_003,982528
18891,804,0,CV002_003,983332
18892,700,0,CV002_003,984032
18893,832,0,CV002_003,984864
18894,788,0,CV002_003,985652
18895,328,0,CV002_003,985980
18896,488,0,CV002_003,986468
18897,704,0,CV002_003,987172
18898,772,0,CV002_003,987944
18899,856,0,CV002_003,988800
18900,708,0,CV002_003,989508
18901,816,0,CV002_003,990324
18902,800,0,CV002_003,991124
18903,764,0,CV002_003,991888
18904,708,0,CV002_003,992596
18905,820,0,CV002_003,993416
18906,792,0,CV002_003,994208
18907,768,0,CV002_003,994976
18908,200,0,CV002_003,995176
18909,568,0,CV002_003,995744
18910,716,0,CV002_003,996460
18911,500,0,CV002_003,996960
18912,360,0,CV002_003,997320
18913,248,0,CV002_003,997568
18914,144,0,CV002_003,997712
18915,312,0,CV002_003,998024
18916,744,0,CV002_003,998768
18917,176,0,CV002_003,998944
18918,644,0,CV002_003,999588
18919,736,0,CV002_003,1000324
18920,728,0,CV002_003,1001052
18921,724,0,CV002_003,1001776
18922,712,0,CV002_003,1002488
18923,728,0,CV002_003,1003216
18924,772,0,CV002_003,1003988
18925,768,0,CV002_003,1004756
18926,732,0,CV002_003,1005488
18927,568,0,CV002_003,1006056
18928,312,0,CV002_003,1006368
18929,832,0,CV002_003,1007200
18930,764,0,CV002_003,1007964
18931,832,0,CV002_003,1008796
18932,868,0,CV002_003,1009664
18933,876,0,CV002_003,1010540
18934,928,0,CV002_003,1011468
18935,836,0,CV002_003,1012304
18936,840,0,CV002_003,1013144
18937,208,0,CV002_003,1013352
18938,652,0,CV002_003,1014004
18939,864,0,CV002_003,1014868
18940,820,0,CV002_003,1015688
18941,832,0,CV002_003,1016520
18942,856,0,CV002_003,1017376
18943,816,0,CV002_003,1018192
18944,732,0,CV002_003,1018924
18945,88,0,CV002_003,1019012
18946,1636,0,CV002_003,1020648
18947,1652,0,CV002_003,1022300
18948,788,0,CV002_003,1023088
18949,940,0,CV002_003,1024028
18950,248,0,CV002_003,1024276
18951,384,0,CV002_003,1024660
18952,356,0,CV002_003,1025016
18953,548,0,CV002_003,1025564
18954,204,0,CV002_003,1025768
18955,488,0,CV002_003,1026256
18956,856,0,CV002_003,1027112
18957,260,0,CV002_003,1027372
18958,1124,0,CV002_003,1028496
18959,224,0,CV002_003,1028720
18960,272,0,CV002_003,1028992
18961,748,0,CV002_003,1029740
18962,348,0,CV002_003,1030088
18963,260,0,CV002_003,1030348
18964,804,0,CV002_003,1031152
18965,1180,0,CV002_003,1032332
18966,768,0,CV002_003,1033100
18967,432,0,CV002_003,1033532
18968,508,0,CV002_003,1034040
18969,256,0,CV002_003,1034296
18970,216,0,CV002_003,1034512
18971,2352,0,CV002_003,1036864
18972,352,0,CV002_003,1037216
18973,428,0,CV002_003,1037644
18974,828,0,CV002_003,1038472
18975,824,0,CV002_003,1039296
18976,476,0,CV002_003,1039772
18977,312,0,CV002_003,1040084
18978,804,0,CV002_003,1040888
18979,840,0,CV002_003,1041728
18980,792,0,CV002_003,1042520
18981,208,0,CV002_003,1042728
18982,592,0,CV002_003,1043320
18983,828,0,CV002_003,1044148
18984,300,0,CV002_003,1044448
18985,1016,0,CV002_003,1045464
18986,628,0,CV002_003,1046092
18987,452,0,CV002_003,1046544
18988,136,0,CV002_003,1046680
18989,508,0,CV002_003,1047188
18990,592,0,CV002_003,1047780
18991,224,0,CV002_003,1048004
18992,136,0,CV002_003,1048140
18993,796,0,CV002_003,1048936
18994,832,0,CV002_003,1049768
18995,296,0,CV002_003,1050064
18996,512,0,CV002_003,1050576
18997,744,0,CV002_003,1051320
18998,220,0,CV002_003,1051540
18999,596,0,CV002_003,1052136
19000,1112,0,CV002_003,1053248
19001,412,0,CV002_003,1053660
19002,2564,0,CV002_003,1056224
19003,1004,0,CV002_003,1057228
19004,280,0,CV002_003,1057508
19005,1828,0,CV002_003,1059336
19006,872,0,CV002_003,1060208
19007,376,0,CV002_003,1060584
19008,1124,0,CV002_003,1061708
19009,268,0,CV002_003,1061976
19010,324,0,CV002_003,1062300
19011,792,0,CV002_003,1063092
19012,176,0,CV002_003,1063268
19013,152,0,CV002_003,1063420
19014,652,0,CV002_003,1064072
19015,336,0,CV002_003,1064408
19016,424,0,CV002_003,1064832
19017,600,0,CV002_003,1065432
19018,524,0,CV002_003,1065956
19019,480,0,CV002_003,1066436
19020,1932,0,CV002_003,1068368
19021,104,0,CV002_003,1068472
19022,1060,0,CV002_003,1069532
19023,2376,0,CV002_003,1071908
19024,1828,0,CV002_003,1073736
19025,1148,0,CV002_003,1074884
19026,904,0,CV002_003,1075788
19027,256,0,CV002_003,1076044
19028,412,0,CV002_003,1076456
19029,324,0,CV002_003,1076780
19030,92,0,CV002_003,1076872
19031,260,0,CV002_003,1077132
19032,272,0,CV002_003,1077404
19033,512,0,CV002_003,1077916
19034,268,0,CV002_003,1078184
19035,648,0,CV002_003,1078832
19036,412,0,CV002_003,1079244
19037,52,0,CV002_003,1079296
19038,484,0,CV002_003,1079780
19039,244,0,CV002_003,1080024
19040,536,0,CV002_003,1080560
19041,264,0,CV002_003,1080824
19042,452,0,CV002_003,1081276
19043,460,0,CV002_003,1081736
19044,392,0,CV002_003,1082128
19045,152,0,CV002_003,1082280
19046,1004,0,CV002_003,1083284
19047,424,0,CV002_003,1083708
19048,196,0,CV002_003,1083904
19049,584,0,CV002_003,1084488
19050,160,0,CV002_003,1084648
19051,272,0,CV002_003,1084920
19052,144,0,CV002_003,1085064
19053,820,0,CV002_003,1085884
19054,228,0,CV002_003,1086112
19055,136,0,CV002_003,1086248
19056,584,0,CV002_003,1086832
19057,1588,0,CV002_003,1088420
19058,368,0,CV002_003,1088788
19059,416,0,CV002_003,1089204
19060,272,0,CV002_003,1089476
19061,520,0,CV002_003,1089996
19062,1588,0,CV002_003,1091584
19063,704,0,CV002_003,1092288
19064,492,0,CV002_003,1092780
19065,1148,0,CV002_003,1093928
19066,412,0,CV002_003,1094340
19067,84,0,CV002_003,1094424
19068,264,0,CV002_003,1094688
19069,360,0,CV002_003,1095048
19070,132,0,CV002_003,1095180
19071,1904,0,CV002_003,1097084
19072,776,0,CV002_003,1097860
19073,1768,0,CV002_003,1099628
19074,2176,0,CV002_003,1101804
19075,1480,0,CV002_003,1103284
19076,840,0,CV002_003,1104124
19077,464,0,CV002_003,1104588
19078,288,0,CV002_003,1104876
19079,2316,0,CV002_003,1107192
19080,344,0,CV002_003,1107536
19081,112,0,CV002_003,1107648
19082,1364,0,CV002_003,1109012
19083,516,0,CV002_003,1109528
19084,696,0,CV002_003,1110224
19085,436,0,CV002_003,1110660
19086,136,0,CV002_003,1110796
19087,984,0,CV002_003,1111780
19088,604,0,CV002_003,1112384
19089,148,0,CV002_003,1112532
19090,832,0,CV002_003,1113364
19091,152,0,CV002_003,1113516
19092,652,0,CV002_003,1114168
19093,3072,0,CV002_003,1117240
19094,1496,0,CV002_003,1118736
19095,240,0,CV002_003,1118976
19096,1564,0,CV002_003,1120540
19097,552,0,CV002_003,1121092
19098,1200,0,CV002_003,1122292
19099,1000,0,CV002_003,1123292
19100,1636,0,CV002_003,1124928
19101,836,0,CV002_003,1125764
19102,1288,0,CV002_003,1127052
19103,1556,0,CV002_003,1128608
19104,124,0,CV002_003,1128732
19105,744,0,CV002_003,1129476
19106,240,0,CV002_003,1129716
19107,552,0,CV002_003,1130268
19108,740,0,CV002_003,1131008
19109,752,0,CV002_003,1131760
19110,256,0,CV002_003,1132016
19111,136,0,CV002_003,1132152
19112,360,0,CV002_003,1132512
19113,1464,0,CV002_003,1133976
19114,752,0,CV002_003,1134728
19115,860,0,CV002_003,1135588
19116,768,0,CV002_003,1136356
19117,768,0,CV002_003,1137124
19118,792,0,CV002_003,1137916
19119,768,0,CV002_003,1138684
19120,708,0,CV002_003,1139392
19121,312,0,CV002_003,1139704
19122,488,0,CV002_003,1140192
19123,1572,0,CV002_003,1141764
19124,700,0,CV002_003,1142464
19125,816,0,CV002_003,1143280
19126,772,0,CV002_003,1144052
19127,796,0,CV002_003,1144848
19128,208,0,CV002_003,1145056
19129,468,0,CV002_003,1145524
19130,1540,0,CV002_003,1147064
19131,176,0,CV002_003,1147240
19132,288,0,CV002_003,1147528
19133,340,0,CV002_003,1147868
19134,688,0,CV002_003,1148556
19135,816,0,CV002_003,1149372
19136,1484,0,CV002_003,1150856
19137,716,0,CV002_003,1151572
19138,712,0,CV002_003,1152284
19139,724,0,CV002_003,1153008
19140,692,0,CV002_003,1153700
19141,1568,0,CV002_003,1155268
19142,752,0,CV002_003,1156020
19143,832,0,CV002_003,1156852
19144,820,0,CV002_003,1157672
19145,768,0,CV002_003,1158440
19146,1508,0,CV002_003,1159948
19147,1588,0,CV002_003,1161536
19148,804,0,CV002_003,1162340
19149,712,0,CV002_003,1163052
19150,768,0,CV002_003,1163820
19151,832,0,CV002_003,1164652
19152,820,0,CV002_003,1165472
19153,780,0,CV002_003,1166252
19154,1592,0,CV002_003,1167844
19155,812,0,CV002_003,1168656
19156,768,0,CV002_003,1169424
19157,780,0,CV002_003,1170204
19158,816,0,CV002_003,1171020
19159,812,0,CV002_003,1171832
19160,788,0,CV002_003,1172620
19161,800,0,CV002_003,1173420
19162,1664,0,CV002_003,1175084
19163,736,0,CV002_003,1175820
19164,796,0,CV002_003,1176616
19165,288,0,CV002_004,288
19166,324,0,CV002_004,612
19167,508,0,CV002_004,1120
19168,284,0,CV002_004,1404
19169,192,0,CV002_004,1596
19170,496,0,CV002_004,2092
19171,740,0,CV002_004,2832
19172,492,0,CV002_004,3324
19173,448,0,CV002_004,3772
19174,172,0,CV002_004,3944
19175,440,0,CV002_004,4384
19176,756,0,CV002_004,5140
19177,736,0,CV002_004,5876
19178,96,0,CV002_004,5972
19179,252,0,CV002_004,6224
19180,348,0,CV002_004,6572
19181,748,0,CV002_004,7320
19182,756,0,CV002_004,8076
19183,396,0,CV002_004,8472
19184,352,0,CV002_004,8824
19185,420,0,CV002_004,9244
19186,320,0,CV002_004,9564
19187,168,0,CV002_004,9732
19188,156,0,CV002_004,9888
19189,476,0,CV002_004,10364
19190,728,0,CV002_004,11092
19191,360,0,CV002_004,11452
19192,240,0,CV002_004,11692
19193,176,0,CV002_004,11868
19194,616,0,CV002_004,12484
19195,160,0,CV002_004,12644
19196,424,0,CV002_004,13068
19197,372,0,CV002_004,13440
19198,724,0,CV002_004,14164
19199,828,0,CV002_004,14992
19200,752,0,CV002_004,15744
19201,128,0,CV002_004,15872
19202,332,0,CV002_004,16204
19203,260,0,CV002_004,16464
19204,380,0,CV002_004,16844
19205,376,0,CV002_004,17220
19206,832,0,CV002_004,18052
19207,64,0,CV002_004,18116
19208,664,0,CV002_004,18780
19209,824,0,CV002_004,19604
19210,636,0,CV002_004,20240
19211,216,0,CV002_004,20456
19212,828,0,CV002_004,21284
19213,344,0,CV002_004,21628
19214,200,0,CV002_004,21828
19215,752,0,CV002_004,22580
19216,736,0,CV002_004,23316
19217,340,0,CV002_004,23656
19218,160,0,CV002_004,23816
19219,648,0,CV002_004,24464
19220,332,0,CV002_004,24796
19221,744,0,CV002_004,25540
19222,208,0,CV002_004,25748
19223,408,0,CV002_004,26156
19224,124,0,CV002_004,26280
19225,304,0,CV002_004,26584
19226,264,0,CV002_004,26848
19227,952,0,CV002_004,27800
19228,752,0,CV002_004,28552
19229,780,0,CV002_004,29332
19230,792,0,CV002_004,30124
19231,540,0,CV002_004,30664
19232,208,0,CV002_004,30872
19233,80,0,CV002_004,30952
19234,596,0,CV002_004,31548
19235,748,0,CV002_004,32296
19236,736,0,CV002_004,33032
19237,780,0,CV002_004,33812
19238,732,0,CV002_004,34544
19239,736,0,CV002_004,35280
19240,688,0,CV002_004,35968
19241,716,0,CV002_004,36684
19242,740,0,CV002_004,37424
19243,728,0,CV002_004,38152
19244,740,0,CV002_004,38892
19245,788,0,CV002_004,39680
19246,748,0,CV002_004,40428
19247,740,0,CV002_004,41168
19248,692,0,CV002_004,41860
19249,716,0,CV002_004,42576
19250,724,0,CV002_004,43300
19251,1480,0,CV002_004,44780
19252,660,0,CV002_004,45440
19253,704,0,CV002_004,46144
19254,728,0,CV002_004,46872
19255,716,0,CV002_004,47588
19256,716,0,CV002_004,48304
19257,700,0,CV002_004,49004
19258,116,0,CV002_004,49120
19259,288,0,CV002_004,49408
19260,208,0,CV002_004,49616
19261,276,0,CV002_004,49892
19262,528,0,CV002_004,50420
19263,708,0,CV002_004,51128
19264,704,0,CV002_004,51832
19265,748,0,CV002_004,52580
19266,728,0,CV002_004,53308
19267,680,0,CV002_004,53988
19268,344,0,CV002_004,54332
19269,404,0,CV002_004,54736
19270,692,0,CV002_004,55428
19271,720,0,CV002_004,56148
19272,1476,0,CV002_004,57624
19273,520,0,CV002_004,58144
19274,132,0,CV002_004,58276
19275,700,0,CV002_004,58976
19276,708,0,CV002_004,59684
19277,712,0,CV002_004,60396
19278,732,0,CV002_004,61128
19279,796,0,CV002_004,61924
19280,80,0,CV002_004,62004
19281,612,0,CV002_004,62616
19282,756,0,CV002_004,63372
19283,776,0,CV002_004,64148
19284,780,0,CV002_004,64928
19285,752,0,CV002_004,65680
19286,740,0,CV002_004,66420
19287,760,0,CV002_004,67180
19288,764,0,CV002_004,67944
19289,504,0,CV002_004,68448
19290,256,0,CV002_004,68704
19291,356,0,CV002_004,69060
19292,472,0,CV002_004,69532
19293,672,0,CV002_004,70204
19294,756,0,CV002_004,70960
19295,764,0,CV002_004,71724
19296,320,0,CV002_004,72044
19297,508,0,CV002_004,72552
19298,664,0,CV002_004,73216
19299,740,0,CV002_004,73956
19300,760,0,CV002_004,74716
19301,392,0,CV002_004,75108
19302,348,0,CV002_004,75456
19303,756,0,CV002_004,76212
19304,744,0,CV002_004,76956
19305,780,0,CV002_004,77736
19306,760,0,CV002_004,78496
19307,540,0,CV002_004,79036
19308,268,0,CV002_004,79304
19309,692,0,CV002_004,79996
19310,756,0,CV002_004,80752
19311,740,0,CV002_004,81492
19312,720,0,CV002_004,82212
19313,728,0,CV002_004,82940
19314,740,0,CV002_004,83680
19315,740,0,CV002_004,84420
19316,268,0,CV002_004,84688
19317,76,0,CV002_004,84764
19318,396,0,CV002_004,85160
19319,752,0,CV002_004,85912
19320,280,0,CV002_004,86192
19321,468,0,CV002_004,86660
19322,564,0,CV002_004,87224
19323,476,0,CV002_004,87700
19324,76,0,CV002_004,87776
19325,392,0,CV002_004,88168
19326,764,0,CV002_004,88932
19327,772,0,CV002_004,89704
19328,448,0,CV002_004,90152
19329,1060,0,CV002_004,91212
19330,804,0,CV002_004,92016
19331,708,0,CV002_004,92724
19332,600,0,CV002_004,93324
19333,244,0,CV002_004,93568
19334,128,0,CV002_004,93696
19335,296,0,CV002_004,93992
19336,1000,0,CV002_004,94992
19337,756,0,CV002_004,95748
19338,276,0,CV002_004,96024
19339,428,0,CV002_004,96452
19340,804,0,CV002_004,97256
19341,760,0,CV002_004,98016
19342,780,0,CV002_004,98796
19343,548,0,CV002_004,99344
19344,164,0,CV002_004,99508
19345,760,0,CV002_004,100268
19346,800,0,CV002_004,101068
19347,768,0,CV002_004,101836
19348,756,0,CV002_004,102592
19349,728,0,CV002_004,103320
19350,760,0,CV002_004,104080
19351,836,0,CV002_004,104916
19352,720,0,CV002_004,105636
19353,768,0,CV002_004,106404
19354,780,0,CV002_004,107184
19355,768,0,CV002_004,107952
19356,788,0,CV002_004,108740
19357,776,0,CV002_004,109516
19358,760,0,CV002_004,110276
19359,768,0,CV002_004,111044
19360,768,0,CV002_004,111812
19361,796,0,CV002_004,112608
19362,764,0,CV002_004,113372
19363,764,0,CV002_004,114136
19364,760,0,CV002_004,114896
19365,820,0,CV002_004,115716
19366,764,0,CV002_004,116480
19367,760,0,CV002_004,117240
19368,92,0,CV002_004,117332
19369,188,0,CV002_004,117520
19370,472,0,CV002_004,117992
19371,104,0,CV002_004,118096
19372,260,0,CV002_004,118356
19373,400,0,CV002_004,118756
19374,768,0,CV002_004,119524
19375,704,0,CV002_004,120228
19376,812,0,CV002_004,121040
19377,772,0,CV002_004,121812
19378,712,0,CV002_004,122524
19379,836,0,CV002_004,123360
19380,412,0,CV002_004,123772
19381,276,0,CV002_004,124048
19382,808,0,CV002_004,124856
19383,760,0,CV002_004,125616
19384,188,0,CV002_004,125804
19385,556,0,CV002_004,126360
19386,740,0,CV002_004,127100
19387,744,0,CV002_004,127844
19388,768,0,CV002_004,128612
19389,224,0,CV002_004,128836
19390,424,0,CV002_004,129260
19391,776,0,CV002_004,130036
19392,744,0,CV002_004,130780
19393,796,0,CV002_004,131576
19394,688,0,CV002_004,132264
19395,716,0,CV002_004,132980
19396,760,0,CV002_004,133740
19397,336,0,CV002_004,134076
19398,412,0,CV002_004,134488
19399,332,0,CV002_004,134820
19400,44,0,CV002_004,134864
19401,376,0,CV002_004,135240
19402,828,0,CV002_004,136068
19403,720,0,CV002_004,136788
19404,756,0,CV002_004,137544
19405,776,0,CV002_004,138320
19406,744,0,CV002_004,139064
19407,764,0,CV002_004,139828
19408,1492,0,CV002_004,141320
19409,800,0,CV002_004,142120
19410,700,0,CV002_004,142820
19411,800,0,CV002_004,143620
19412,772,0,CV002_004,144392
19413,772,0,CV002_004,145164
19414,716,0,CV002_004,145880
19415,812,0,CV002_004,146692
19416,768,0,CV002_004,147460
19417,712,0,CV002_004,148172
19418,772,0,CV002_004,148944
19419,808,0,CV002_004,149752
19420,756,0,CV002_004,150508
19421,700,0,CV002_004,151208
19422,760,0,CV002_004,151968
19423,784,0,CV002_004,152752
19424,756,0,CV002_004,153508
19425,748,0,CV002_004,154256
19426,696,0,CV002_004,154952
19427,756,0,CV002_004,155708
19428,792,0,CV002_004,156500
19429,704,0,CV002_004,157204
19430,752,0,CV002_004,157956
19431,764,0,CV002_004,158720
19432,776,0,CV002_004,159496
19433,784,0,CV002_004,160280
19434,824,0,CV002_004,161104
19435,776,0,CV002_004,161880
19436,752,0,CV002_004,162632
19437,744,0,CV002_004,163376
19438,756,0,CV002_004,164132
19439,752,0,CV002_004,164884
19440,736,0,CV002_004,165620
19441,740,0,CV002_004,166360
19442,680,0,CV002_004,167040
19443,732,0,CV002_004,167772
19444,784,0,CV002_004,168556
19445,688,0,CV002_004,169244
19446,740,0,CV002_004,169984
19447,740,0,CV002_004,170724
19448,784,0,CV002_004,171508
19449,748,0,CV002_004,172256
19450,680,0,CV002_004,172936
19451,736,0,CV002_004,173672
19452,780,0,CV002_004,174452
19453,740,0,CV002_004,175192
19454,688,0,CV002_004,175880
19455,744,0,CV002_004,176624
19456,748,0,CV002_004,177372
19457,784,0,CV002_004,178156
19458,692,0,CV002_004,178848
19459,784,0,CV002_004,179632
19460,692,0,CV002_004,180324
19461,712,0,CV002_004,181036
19462,684,0,CV002_004,181720
19463,756,1,CV002_004,182476
19464,652,0,CV002_004,183128
19465,700,0,CV002_004,183828
19466,708,0,CV002_004,184536
19467,708,0,CV002_004,185244
19468,728,0,CV002_004,185972
19469,732,0,CV002_004,186704
19470,776,0,CV002_004,187480
19471,732,0,CV002_004,188212
19472,732,0,CV002_004,188944
19473,724,0,CV002_004,189668
19474,672,0,CV002_004,190340
19475,704,0,CV002_004,191044
19476,692,0,CV002_004,191736
19477,716,0,CV002_004,192452
19478,688,0,CV002_004,193140
19479,756,1,CV002_004,193896
19480,652,0,CV002_004,194548
19481,696,0,CV002_004,195244
19482,692,0,CV002_004,195936
19483,692,0,CV002_004,196628
19484,684,0,CV002_004,197312
19485,744,1,CV002_004,198056
19486,636,0,CV002_004,198692
19487,692,0,CV002_004,199384
19488,688,0,CV002_004,200072
19489,688,0,CV002_004,200760
19490,700,0,CV002_004,201460
19491,716,0,CV002_004,202176
19492,716,0,CV002_004,202892
19493,776,1,CV002_004,203668
19494,684,0,CV002_004,204352
19495,716,0,CV002_004,205068
19496,728,0,CV002_004,205796
19497,724,0,CV002_004,206520
19498,720,0,CV002_004,207240
19499,716,0,CV002_004,207956
19500,732,0,CV002_004,208688
19501,768,0,CV002_004,209456
19502,732,0,CV002_004,210188
19503,728,0,CV002_004,210916
19504,728,0,CV002_004,211644
19505,656,0,CV002_004,212300
19506,712,0,CV002_004,213012
19507,704,0,CV002_004,213716
19508,756,0,CV002_004,214472
19509,680,0,CV002_004,215152
19510,700,0,CV002_004,215852
19511,724,0,CV002_004,216576
19512,764,0,CV002_004,217340
19513,752,0,CV002_004,218092
19514,768,0,CV002_004,218860
19515,804,1,CV002_004,219664
19516,696,0,CV002_004,220360
19517,752,0,CV002_004,221112
19518,756,0,CV002_004,221868
19519,796,1,CV002_004,222664
19520,684,0,CV002_004,223348
19521,732,0,CV002_004,224080
19522,728,0,CV002_004,224808
19523,772,1,CV002_004,225580
19524,684,0,CV002_004,226264
19525,740,0,CV002_004,227004
19526,740,0,CV002_004,227744
19527,788,0,CV002_004,228532
19528,696,0,CV002_004,229228
19529,456,0,CV002_004,229684
19530,276,0,CV002_004,229960
19531,744,0,CV002_004,230704
19532,800,0,CV002_004,231504
19533,156,0,CV002_004,231660
19534,616,0,CV002_004,232276
19535,432,0,CV002_004,232708
19536,276,0,CV002_004,232984
19537,808,0,CV002_004,233792
19538,772,0,CV002_004,234564
19539,784,0,CV002_004,235348
19540,720,0,CV002_004,236068
19541,752,0,CV002_004,236820
19542,392,0,CV002_004,237212
19543,436,0,CV002_004,237648
19544,248,0,CV002_004,237896
19545,156,0,CV002_004,238052
19546,348,0,CV002_004,238400
19547,364,0,CV002_004,238764
19548,352,0,CV002_004,239116
19549,692,0,CV002_004,239808
19550,384,0,CV002_004,240192
19551,84,0,CV002_004,240276
19552,240,0,CV002_004,240516
19553,796,0,CV002_004,241312
19554,536,0,CV002_004,241848
19555,236,0,CV002_004,242084
19556,788,0,CV002_004,242872
19557,804,0,CV002_004,243676
19558,804,0,CV002_004,244480
19559,836,0,CV002_004,245316
19560,504,0,CV002_004,245820
19561,268,0,CV002_004,246088
19562,720,0,CV002_004,246808
19563,756,0,CV002_004,247564
19564,748,0,CV002_004,248312
19565,788,0,CV002_004,249100
19566,696,0,CV002_004,249796
19567,736,0,CV002_004,250532
19568,676,0,CV002_004,251208
19569,828,0,CV002_004,252036
19570,752,0,CV002_004,252788
19571,752,0,CV002_004,253540
19572,420,0,CV002_004,253960
19573,328,0,CV002_004,254288
19574,752,0,CV002_004,255040
19575,756,0,CV002_004,255796
19576,744,0,CV002_004,256540
19577,288,0,CV002_004,256828
19578,80,0,CV002_004,256908
19579,376,0,CV002_004,257284
19580,748,0,CV002_004,258032
19581,736,0,CV002_004,258768
19582,728,0,CV002_004,259496
19583,748,0,CV002_004,260244
19584,736,0,CV002_004,260980
19585,804,1,CV002_004,261784
19586,704,0,CV002_004,262488
19587,764,0,CV002_004,263252
19588,744,0,CV002_004,263996
19589,752,0,CV002_004,264748
19590,756,0,CV002_004,265504
19591,748,0,CV002_004,266252
19592,728,0,CV002_004,266980
19593,44,0,CV002_004,267024
19594,708,0,CV002_004,267732
19595,740,0,CV002_004,268472
19596,776,0,CV002_004,269248
19597,80,0,CV002_004,269328
19598,612,0,CV002_004,269940
19599,740,0,CV002_004,270680
19600,736,0,CV002_004,271416
19601,728,0,CV002_004,272144
19602,740,0,CV002_004,272884
19603,724,0,CV002_004,273608
19604,788,1,CV002_004,274396
19605,680,0,CV002_004,275076
19606,724,0,CV002_004,275800
19607,724,0,CV002_004,276524
19608,716,0,CV002_004,277240
19609,720,0,CV002_004,277960
19610,720,0,CV002_004,278680
19611,712,0,CV002_004,279392
19612,724,0,CV002_004,280116
19613,724,0,CV002_004,280840
19614,720,0,CV002_004,281560
19615,392,0,CV002_004,281952
19616,328,0,CV002_004,282280
19617,728,0,CV002_004,283008
19618,720,0,CV002_004,283728
19619,464,0,CV002_004,284192
19620,252,0,CV002_004,284444
19621,720,0,CV002_004,285164
19622,720,0,CV002_004,285884
19623,712,0,CV002_004,286596
19624,716,0,CV002_004,287312
19625,720,0,CV002_004,288032
19626,708,0,CV002_004,288740
19627,708,0,CV002_004,289448
19628,712,0,CV002_004,290160
19629,700,0,CV002_004,290860
19630,684,0,CV002_004,291544
19631,696,0,CV002_004,292240
19632,692,0,CV002_004,292932
19633,692,0,CV002_004,293624
19634,684,0,CV002_004,294308
19635,700,0,CV002_004,295008
19636,700,0,CV002_004,295708
19637,576,0,CV002_004,296284
19638,204,0,CV002_004,296488
19639,636,0,CV002_004,297124
19640,708,0,CV002_004,297832
19641,700,0,CV002_004,298532
19642,700,0,CV002_004,299232
19643,700,0,CV002_004,299932
19644,692,0,CV002_004,300624
19645,692,0,CV002_004,301316
19646,696,0,CV002_004,302012
19647,696,0,CV002_004,302708
19648,696,0,CV002_004,303404
19649,696,0,CV002_004,304100
19650,700,0,CV002_004,304800
19651,704,0,CV002_004,305504
19652,696,0,CV002_004,306200
19653,704,0,CV002_004,306904
19654,708,0,CV002_004,307612
19655,696,0,CV002_004,308308
19656,692,0,CV002_004,309000
19657,692,0,CV002_004,309692
19658,696,0,CV002_004,310388
19659,684,0,CV002_004,311072
19660,692,0,CV002_004,311764
19661,696,0,CV002_004,312460
19662,680,0,CV002_004,313140
19663,688,0,CV002_004,313828
19664,680,0,CV002_004,314508
19665,680,0,CV002_004,315188
19666,684,0,CV002_004,315872
19667,692,0,CV002_004,316564
19668,692,0,CV002_004,317256
19669,688,0,CV002_004,317944
19670,688,0,CV002_004,318632
19671,716,0,CV002_004,319348
19672,700,0,CV002_004,320048
19673,136,0,CV002_004,320184
19674,564,0,CV002_004,320748
19675,712,0,CV002_004,321460
19676,712,0,CV002_004,322172
19677,692,0,CV002_004,322864
19678,728,0,CV002_004,323592
19679,1436,0,CV002_004,325028
19680,468,0,CV002_004,325496
19681,236,0,CV002_004,325732
19682,696,0,CV002_004,326428
19683,184,0,CV002_004,326612
19684,524,0,CV002_004,327136
19685,696,0,CV002_004,327832
19686,712,0,CV002_004,328544
19687,696,0,CV002_004,329240
19688,708,0,CV002_004,329948
19689,712,0,CV002_004,330660
19690,416,0,CV002_004,331076
19691,300,0,CV002_004,331376
19692,696,0,CV002_004,332072
19693,708,0,CV002_004,332780
19694,700,0,CV002_004,333480
19695,616,0,CV002_004,334096
19696,788,0,CV002_004,334884
19697,696,0,CV002_004,335580
19698,688,0,CV002_004,336268
19699,684,0,CV002_004,336952
19700,624,0,CV002_004,337576
19701,764,0,CV002_004,338340
19702,620,0,CV002_004,338960
19703,692,0,CV002_004,339652
19704,700,0,CV002_004,340352
19705,720,0,CV002_004,341072
19706,720,0,CV002_004,341792
19707,724,0,CV002_004,342516
19708,668,0,CV002_004,343184
19709,816,0,CV002_004,344000
19710,736,0,CV002_004,344736
19711,756,0,CV002_004,345492
19712,748,0,CV002_004,346240
19713,752,0,CV002_004,346992
19714,736,0,CV002_004,347728
19715,412,0,CV002_004,348140
19716,1088,0,CV002_004,349228
19717,628,0,CV002_004,349856
19718,112,0,CV002_004,349968
19719,748,0,CV002_004,350716
19720,784,0,CV002_004,351500
19721,696,0,CV002_004,352196
19722,716,0,CV002_004,352912
19723,724,0,CV002_004,353636
19724,708,0,CV002_004,354344
19725,712,0,CV002_004,355056
19726,708,0,CV002_004,355764
19727,748,0,CV002_004,356512
19728,700,0,CV002_004,357212
19729,648,0,CV002_004,357860
19730,692,0,CV002_004,358552
19731,700,0,CV002_004,359252
19732,692,0,CV002_004,359944
19733,704,0,CV002_004,360648
19734,716,0,CV002_004,361364
19735,708,0,CV002_004,362072
19736,732,0,CV002_004,362804
19737,736,0,CV002_004,363540
19738,740,0,CV002_004,364280
19739,736,0,CV002_004,365016
19740,756,0,CV002_004,365772
19741,760,0,CV002_004,366532
19742,752,0,CV002_004,367284
19743,748,0,CV002_004,368032
19744,760,0,CV002_004,368792
19745,764,0,CV002_004,369556
19746,752,0,CV002_004,370308
19747,744,0,CV002_004,371052
19748,760,0,CV002_004,371812
19749,756,0,CV002_004,372568
19750,760,0,CV002_004,373328
19751,764,0,CV002_004,374092
19752,756,0,CV002_004,374848
19753,760,0,CV002_004,375608
19754,768,0,CV002_004,376376
19755,756,0,CV002_004,377132
19756,764,0,CV002_004,377896
19757,764,0,CV002_004,378660
19758,772,0,CV002_004,379432
19759,768,0,CV002_004,380200
19760,808,1,CV002_004,381008
19761,704,0,CV002_004,381712
19762,724,0,CV002_004,382436
19763,740,0,CV002_004,383176
19764,732,0,CV002_004,383908
19765,740,0,CV002_004,384648
19766,712,0,CV002_004,385360
19767,756,0,CV002_004,386116
19768,768,0,CV002_004,386884
19769,756,0,CV002_004,387640
19770,784,0,CV002_004,388424
19771,740,0,CV002_004,389164
19772,680,0,CV002_004,389844
19773,732,0,CV002_004,390576
19774,728,0,CV002_004,391304
19775,2172,0,CV002_004,393476
19776,732,0,CV002_004,394208
19777,716,0,CV002_004,394924
19778,700,0,CV002_004,395624
19779,700,0,CV002_004,396324
19780,696,0,CV002_004,397020
19781,716,0,CV002_004,397736
19782,720,0,CV002_004,398456
19783,736,0,CV002_004,399192
19784,740,0,CV002_004,399932
19785,736,0,CV002_004,400668
19786,748,0,CV002_004,401416
19787,736,0,CV002_004,402152
19788,748,0,CV002_004,402900
19789,760,0,CV002_004,403660
19790,752,0,CV002_004,404412
19791,760,0,CV002_004,405172
19792,776,0,CV002_004,405948
19793,784,0,CV002_004,406732
19794,788,0,CV002_004,407520
19795,756,0,CV002_004,408276
19796,748,0,CV002_004,409024
19797,760,0,CV002_004,409784
19798,744,0,CV002_004,410528
19799,756,0,CV002_004,411284
19800,760,0,CV002_004,412044
19801,756,0,CV002_004,412800
19802,752,0,CV002_004,413552
19803,764,0,CV002_004,414316
19804,780,0,CV002_004,415096
19805,772,0,CV002_004,415868
19806,756,0,CV002_004,416624
19807,760,0,CV002_004,417384
19808,768,0,CV002_004,418152
19809,772,0,CV002_004,418924
19810,756,0,CV002_004,419680
19811,772,0,CV002_004,420452
19812,752,0,CV002_004,421204
19813,756,0,CV002_004,421960
19814,800,1,CV002_004,422760
19815,696,0,CV002_004,423456
19816,740,0,CV002_004,424196
19817,760,0,CV002_004,424956
19818,808,1,CV002_004,425764
19819,696,0,CV002_004,426460
19820,760,0,CV002_004,427220
19821,764,0,CV002_004,427984
19822,760,0,CV002_004,428744
19823,740,0,CV002_004,429484
19824,752,0,CV002_004,430236
19825,752,0,CV002_004,430988
19826,740,0,CV002_004,431728
19827,752,0,CV002_004,432480
19828,740,0,CV002_004,433220
19829,760,0,CV002_004,433980
19830,784,1,CV002_004,434764
19831,696,0,CV002_004,435460
19832,736,0,CV002_004,436196
19833,748,0,CV002_004,436944
19834,740,0,CV002_004,437684
19835,772,1,CV002_004,438456
19836,668,0,CV002_004,439124
19837,724,0,CV002_004,439848
19838,720,0,CV002_004,440568
19839,768,0,CV002_004,441336
19840,696,0,CV002_004,442032
19841,1480,0,CV002_004,443512
19842,732,0,CV002_004,444244
19843,712,0,CV002_004,444956
19844,716,0,CV002_004,445672
19845,720,0,CV002_004,446392
19846,720,0,CV002_004,447112
19847,732,0,CV002_004,447844
19848,732,0,CV002_004,448576
19849,400,0,CV002_004,448976
19850,332,0,CV002_004,449308
19851,728,0,CV002_004,450036
19852,772,0,CV002_004,450808
19853,668,0,CV002_004,451476
19854,724,0,CV002_004,452200
19855,340,0,CV002_004,452540
19856,1156,0,CV002_004,453696
19857,672,0,CV002_004,454368
19858,728,0,CV002_004,455096
19859,724,0,CV002_004,455820
19860,740,0,CV002_004,456560
19861,792,0,CV002_004,457352
19862,688,0,CV002_004,458040
19863,472,0,CV002_004,458512
19864,268,0,CV002_004,458780
19865,736,0,CV002_004,459516
19866,756,0,CV002_004,460272
19867,756,0,CV002_004,461028
19868,768,0,CV002_004,461796
19869,776,0,CV002_004,462572
19870,772,0,CV002_004,463344
19871,812,0,CV002_004,464156
19872,696,0,CV002_004,464852
19873,764,0,CV002_004,465616
19874,748,0,CV002_004,466364
19875,796,0,CV002_004,467160
19876,740,0,CV002_004,467900
19877,684,0,CV002_004,468584
19878,720,0,CV002_004,469304
19879,732,0,CV002_004,470036
19880,732,0,CV002_004,470768
19881,784,0,CV002_004,471552
19882,736,0,CV002_004,472288
19883,700,0,CV002_004,472988
19884,784,0,CV002_004,473772
19885,688,0,CV002_004,474460
19886,728,0,CV002_004,475188
19887,724,0,CV002_004,475912
19888,724,0,CV002_004,476636
19889,720,0,CV002_004,477356
19890,772,0,CV002_004,478128
19891,676,0,CV002_004,478804
19892,732,0,CV002_004,479536
19893,768,0,CV002_004,480304
19894,732,0,CV002_004,481036
19895,672,0,CV002_004,481708
19896,724,0,CV002_004,482432
19897,728,0,CV002_004,483160
19898,732,0,CV002_004,483892
19899,720,0,CV002_004,484612
19900,732,0,CV002_004,485344
19901,736,0,CV002_004,486080
19902,736,0,CV002_004,486816
19903,720,0,CV002_004,487536
19904,728,0,CV002_004,488264
19905,728,0,CV002_004,488992
19906,728,0,CV002_004,489720
19907,728,0,CV002_004,490448
19908,720,0,CV002_004,491168
19909,728,0,CV002_004,491896
19910,728,0,CV002_004,492624
19911,728,0,CV002_004,493352
19912,720,0,CV002_004,494072
19913,732,0,CV002_004,494804
19914,740,0,CV002_004,495544
19915,720,0,CV002_004,496264
19916,724,0,CV002_004,496988
19917,732,0,CV002_004,497720
19918,732,0,CV002_004,498452
19919,716,0,CV002_004,499168
19920,732,0,CV002_004,499900
19921,732,0,CV002_004,500632
19922,724,0,CV002_004,501356
19923,712,0,CV002_004,502068
19924,728,0,CV002_004,502796
19925,728,0,CV002_004,503524
19926,720,0,CV002_004,504244
19927,720,0,CV002_004,504964
19928,712,0,CV002_004,505676
19929,712,0,CV002_004,506388
19930,708,0,CV002_004,507096
19931,716,0,CV002_004,507812
19932,724,0,CV002_004,508536
19933,708,0,CV002_004,509244
19934,700,0,CV002_004,509944
19935,748,0,CV002_004,510692
19936,708,0,CV002_004,511400
19937,664,0,CV002_004,512064
19938,744,0,CV002_004,512808
19939,660,0,CV002_004,513468
19940,748,0,CV002_004,514216
19941,656,0,CV002_004,514872
19942,704,0,CV002_004,515576
19943,712,0,CV002_004,516288
19944,712,0,CV002_004,517000
19945,700,0,CV002_004,517700
19946,708,0,CV002_004,518408
19947,696,0,CV002_004,519104
19948,736,0,CV002_004,519840
19949,712,0,CV002_004,520552
19950,716,0,CV002_004,521268
19951,724,0,CV002_004,521992
19952,712,0,CV002_004,522704
19953,720,0,CV002_004,523424
19954,736,0,CV002_004,524160
19955,740,0,CV002_004,524900
19956,776,1,CV002_004,525676
19957,676,0,CV002_004,526352
19958,720,0,CV002_004,527072
19959,716,0,CV002_004,527788
19960,720,0,CV002_004,528508
19961,716,0,CV002_004,529224
19962,736,0,CV002_004,529960
19963,732,0,CV002_004,530692
19964,732,0,CV002_004,531424
19965,736,0,CV002_004,532160
19966,732,0,CV002_004,532892
19967,728,0,CV002_004,533620
19968,732,0,CV002_004,534352
19969,720,0,CV002_004,535072
19970,732,0,CV002_004,535804
19971,728,0,CV002_004,536532
19972,728,0,CV002_004,537260
19973,716,0,CV002_004,537976
19974,724,0,CV002_004,538700
19975,720,0,CV002_004,539420
19976,712,0,CV002_004,540132
19977,712,0,CV002_004,540844
19978,712,0,CV002_004,541556
19979,712,0,CV002_004,542268
19980,716,0,CV002_004,542984
19981,720,0,CV002_004,543704
19982,716,0,CV002_004,544420
19983,708,0,CV002_004,545128
19984,708,0,CV002_004,545836
19985,712,0,CV002_004,546548
19986,720,0,CV002_004,547268
19987,708,0,CV002_004,547976
19988,712,0,CV002_004,548688
19989,712,0,CV002_004,549400
19990,704,0,CV002_004,550104
19991,712,0,CV002_004,550816
19992,724,0,CV002_004,551540
19993,720,0,CV002_004,552260
19994,712,0,CV002_004,552972
19995,720,0,CV002_004,553692
19996,716,0,CV002_004,554408
19997,708,0,CV002_004,555116
19998,712,0,CV002_004,555828
19999,704,0,CV002_004,556532
20000,732,0,CV002_004,557264
20001,712,0,CV002_004,557976
20002,712,0,CV002_004,558688
20003,712,0,CV002_004,559400
20004,704,0,CV002_004,560104
20005,700,0,CV002_004,560804
20006,708,0,CV002_004,561512
20007,720,0,CV002_004,562232
20008,708,0,CV002_004,562940
20009,708,0,CV002_004,563648
20010,720,0,CV002_004,564368
20011,716,0,CV002_004,565084
20012,748,1,CV002_004,565832
20013,656,0,CV002_004,566488
20014,716,0,CV002_004,567204
20015,720,0,CV002_004,567924
20016,688,0,CV002_004,568612
20017,696,0,CV002_004,569308
20018,692,0,CV002_004,570000
20019,684,0,CV002_004,570684
20020,676,0,CV002_004,571360
20021,692,0,CV002_004,572052
20022,696,0,CV002_004,572748
20023,672,0,CV002_004,573420
20024,692,0,CV002_004,574112
20025,740,1,CV002_004,574852
20026,648,0,CV002_004,575500
20027,700,0,CV002_004,576200
20028,700,0,CV002_004,576900
20029,708,0,CV002_004,577608
20030,696,0,CV002_004,578304
20031,708,0,CV002_004,579012
20032,708,0,CV002_004,579720
20033,720,0,CV002_004,580440
20034,720,0,CV002_004,581160
20035,716,0,CV002_004,581876
20036,720,0,CV002_004,582596
20037,728,0,CV002_004,583324
20038,712,0,CV002_004,584036
20039,716,0,CV002_004,584752
20040,716,0,CV002_004,585468
20041,712,0,CV002_004,586180
20042,708,0,CV002_004,586888
20043,712,0,CV002_004,587600
20044,724,0,CV002_004,588324
20045,712,0,CV002_004,589036
20046,712,0,CV002_004,589748
20047,716,0,CV002_004,590464
20048,720,0,CV002_004,591184
20049,708,0,CV002_004,591892
20050,708,0,CV002_004,592600
20051,724,0,CV002_004,593324
20052,720,0,CV002_004,594044
20053,1420,0,CV002_004,595464
20054,736,0,CV002_004,596200
20055,728,0,CV002_004,596928
20056,724,0,CV002_004,597652
20057,728,0,CV002_004,598380
20058,744,0,CV002_004,599124
20059,748,0,CV002_004,599872
20060,756,0,CV002_004,600628
20061,736,0,CV002_004,601364
20062,760,0,CV002_004,602124
20063,760,0,CV002_004,602884
20064,752,0,CV002_004,603636
20065,744,0,CV002_004,604380
20066,768,0,CV002_004,605148
20067,760,0,CV002_004,605908
20068,768,0,CV002_004,606676
20069,736,0,CV002_004,607412
20070,748,0,CV002_004,608160
20071,748,0,CV002_004,608908
20072,752,0,CV002_004,609660
20073,732,0,CV002_004,610392
20074,720,0,CV002_004,611112
20075,732,0,CV002_004,611844
20076,728,0,CV002_004,612572
20077,744,0,CV002_004,613316
20078,720,0,CV002_004,614036
20079,724,0,CV002_004,614760
20080,736,0,CV002_004,615496
20081,740,0,CV002_004,616236
20082,736,0,CV002_004,616972
20083,724,0,CV002_004,617696
20084,292,0,CV002_004,617988
20085,424,0,CV002_004,618412
20086,528,0,CV002_004,618940
20087,216,0,CV002_004,619156
20088,740,0,CV002_004,619896
20089,800,0,CV002_004,620696
20090,676,0,CV002_004,621372
20091,700,0,CV002_004,622072
20092,676,0,CV002_004,622748
20093,700,0,CV002_004,623448
20094,696,0,CV002_004,624144
20095,704,0,CV002_004,624848
20096,700,0,CV002_004,625548
20097,716,0,CV002_004,626264
20098,720,0,CV002_004,626984
20099,728,0,CV002_004,627712
20100,728,0,CV002_004,628440
20101,732,0,CV002_004,629172
20102,720,0,CV002_004,629892
20103,784,0,CV002_004,630676
20104,740,0,CV002_004,631416
20105,684,0,CV002_004,632100
20106,780,0,CV002_004,632880
20107,684,0,CV002_004,633564
20108,736,0,CV002_004,634300
20109,716,0,CV002_004,635016
20110,764,0,CV002_004,635780
20111,716,0,CV002_004,636496
20112,660,0,CV002_004,637156
20113,436,0,CV002_004,637592
20114,312,0,CV002_004,637904
20115,236,0,CV002_004,638140
20116,420,0,CV002_004,638560
20117,708,0,CV002_004,639268
20118,756,0,CV002_004,640024
20119,704,0,CV002_004,640728
20120,712,0,CV002_004,641440
20121,724,0,CV002_004,642164
20122,704,0,CV002_004,642868
20123,664,0,CV002_004,643532
20124,760,0,CV002_004,644292
20125,644,0,CV002_004,644936
20126,704,0,CV002_004,645640
20127,744,0,CV002_004,646384
20128,1344,0,CV002_004,647728
20129,696,0,CV002_004,648424
20130,700,0,CV002_004,649124
20131,680,0,CV002_004,649804
20132,696,0,CV002_004,650500
20133,696,0,CV002_004,651196
20134,744,0,CV002_004,651940
20135,636,0,CV002_004,652576
20136,688,0,CV002_004,653264
20137,736,0,CV002_004,654000
20138,632,0,CV002_004,654632
20139,704,0,CV002_004,655336
20140,744,0,CV002_004,656080
20141,700,0,CV002_004,656780
20142,1384,0,CV002_004,658164
20143,704,0,CV002_004,658868
20144,668,0,CV002_004,659536
20145,744,0,CV002_004,660280
20146,652,0,CV002_004,660932
20147,752,0,CV002_004,661684
20148,1032,0,CV002_004,662716
20149,408,0,CV002_004,663124
20150,2776,0,CV002_004,665900
20151,608,0,CV002_004,666508
20152,60,0,CV002_004,666568
20153,748,0,CV002_004,667316
20154,672,0,CV002_004,667988
20155,732,0,CV002_004,668720
20156,736,0,CV002_004,669456
20157,720,0,CV002_004,670176
20158,724,0,CV002_004,670900
20159,728,0,CV002_004,671628
20160,772,0,CV002_004,672400
20161,728,0,CV002_004,673128
20162,672,0,CV002_004,673800
20163,704,0,CV002_004,674504
20164,708,0,CV002_004,675212
20165,712,0,CV002_004,675924
20166,768,1,CV002_004,676692
20167,660,0,CV002_004,677352
20168,712,0,CV002_004,678064
20169,720,0,CV002_004,678784
20170,716,0,CV002_004,679500
20171,704,0,CV002_004,680204
20172,716,0,CV002_004,680920
20173,716,0,CV002_004,681636
20174,724,0,CV002_004,682360
20175,704,0,CV002_004,683064
20176,724,0,CV002_004,683788
20177,768,0,CV002_004,684556
20178,676,0,CV002_004,685232
20179,720,0,CV002_004,685952
20180,772,0,CV002_004,686724
20181,720,0,CV002_004,687444
20182,676,0,CV002_004,688120
20183,700,0,CV002_004,688820
20184,716,0,CV002_004,689536
20185,728,0,CV002_004,690264
20186,700,0,CV002_004,690964
20187,708,0,CV002_004,691672
20188,712,0,CV002_004,692384
20189,604,0,CV002_004,692988
20190,148,0,CV002_004,693136
20191,668,0,CV002_004,693804
20192,716,0,CV002_004,694520
20193,728,0,CV002_004,695248
20194,716,0,CV002_004,695964
20195,724,0,CV002_004,696688
20196,728,0,CV002_004,697416
20197,716,0,CV002_004,698132
20198,768,0,CV002_004,698900
20199,684,0,CV002_004,699584
20200,784,0,CV002_004,700368
20201,688,0,CV002_004,701056
20202,776,0,CV002_004,701832
20203,700,0,CV002_004,702532
20204,784,0,CV002_004,703316
20205,676,0,CV002_004,703992
20206,728,0,CV002_004,704720
20207,736,0,CV002_004,705456
20208,720,0,CV002_004,706176
20209,720,0,CV002_004,706896
20210,776,0,CV002_004,707672
20211,732,0,CV002_004,708404
20212,668,0,CV002_004,709072
20213,728,0,CV002_004,709800
20214,772,0,CV002_004,710572
20215,724,0,CV002_004,711296
20216,676,0,CV002_004,711972
20217,740,0,CV002_004,712712
20218,732,0,CV002_004,713444
20219,708,0,CV002_004,714152
20220,768,0,CV002_004,714920
20221,716,0,CV002_004,715636
20222,716,0,CV002_004,716352
20223,652,0,CV002_004,717004
20224,708,0,CV002_004,717712
20225,752,0,CV002_004,718464
20226,656,0,CV002_004,719120
20227,692,0,CV002_004,719812
20228,708,0,CV002_004,720520
20229,696,0,CV002_004,721216
20230,736,0,CV002_004,721952
20231,1116,0,CV002_004,723068
20232,276,0,CV002_004,723344
20233,684,0,CV002_004,724028
20234,180,0,CV002_004,724208
20235,580,0,CV002_004,724788
20236,648,0,CV002_004,725436
20237,228,0,CV002_004,725664
20238,1168,0,CV002_004,726832
20239,720,0,CV002_004,727552
20240,196,0,CV002_004,727748
20241,592,0,CV002_004,728340
20242,652,0,CV002_004,728992
20243,724,0,CV002_004,729716
20244,728,0,CV002_004,730444
20245,732,0,CV002_004,731176
20246,708,0,CV002_004,731884
20247,704,0,CV002_004,732588
20248,716,0,CV002_004,733304
20249,708,0,CV002_004,734012
20250,692,0,CV002_004,734704
20251,720,0,CV002_004,735424
20252,728,0,CV002_004,736152
20253,748,0,CV002_004,736900
20254,732,0,CV002_004,737632
20255,168,0,CV002_004,737800
20256,568,0,CV002_004,738368
20257,752,0,CV002_004,739120
20258,812,0,CV002_004,739932
20259,704,0,CV002_004,740636
20260,724,0,CV002_004,741360
20261,756,0,CV002_004,742116
20262,800,0,CV002_004,742916
20263,708,0,CV002_004,743624
20264,516,0,CV002_004,744140
20265,96,0,CV002_004,744236
20266,300,0,CV002_004,744536
20267,572,0,CV002_004,745108
20268,1548,0,CV002_004,746656
20269,24,0,CV002_004,746680
20270,708,0,CV002_004,747388
20271,356,0,CV002_004,747744
20272,1088,0,CV002_004,748832
20273,728,0,CV002_004,749560
20274,732,0,CV002_004,750292
20275,744,0,CV002_004,751036
20276,744,0,CV002_004,751780
20277,796,1,CV002_004,752576
20278,712,0,CV002_004,753288
20279,724,0,CV002_004,754012
20280,740,0,CV002_004,754752
20281,740,0,CV002_004,755492
20282,740,0,CV002_004,756232
20283,724,0,CV002_004,756956
20284,728,0,CV002_004,757684
20285,740,0,CV002_004,758424
20286,744,0,CV002_004,759168
20287,736,0,CV002_004,759904
20288,752,0,CV002_004,760656
20289,752,0,CV002_004,761408
20290,800,1,CV002_004,762208
20291,696,0,CV002_004,762904
20292,760,0,CV002_004,763664
20293,756,0,CV002_004,764420
20294,760,0,CV002_004,765180
20295,756,0,CV002_004,765936
20296,512,0,CV002_004,766448
20297,88,0,CV002_004,766536
20298,896,0,CV002_004,767432
20299,176,0,CV002_004,767608
20300,148,0,CV002_004,767756
20301,412,0,CV002_004,768168
20302,740,0,CV002_004,768908
20303,788,0,CV002_004,769696
20304,684,0,CV002_004,770380
20305,268,0,CV002_004,770648
20306,452,0,CV002_004,771100
20307,188,0,CV002_004,771288
20308,552,0,CV002_004,771840
20309,728,0,CV002_004,772568
20310,772,0,CV002_004,773340
20311,656,0,CV002_004,773996
20312,364,0,CV002_004,774360
20313,372,0,CV002_004,774732
20314,724,0,CV002_004,775456
20315,732,0,CV002_004,776188
20316,736,0,CV002_004,776924
20317,720,0,CV002_004,777644
20318,732,0,CV002_004,778376
20319,724,0,CV002_004,779100
20320,732,0,CV002_004,779832
20321,712,0,CV002_004,780544
20322,408,0,CV002_004,780952
20323,408,0,CV002_004,781360
20324,272,0,CV002_004,781632
20325,100,0,CV002_004,781732
20326,492,0,CV002_004,782224
20327,456,0,CV002_004,782680
20328,756,0,CV002_004,783436
20329,748,0,CV002_004,784184
20330,744,0,CV002_004,784928
20331,732,0,CV002_004,785660
20332,700,0,CV002_004,786360
20333,712,0,CV002_004,787072
20334,724,0,CV002_004,787796
20335,732,0,CV002_004,788528
20336,744,0,CV002_004,789272
20337,756,0,CV002_004,790028
20338,756,0,CV002_004,790784
20339,792,1,CV002_004,791576
20340,692,0,CV002_004,792268
20341,740,0,CV002_004,793008
20342,744,0,CV002_004,793752
20343,756,0,CV002_004,794508
20344,780,0,CV002_004,795288
20345,784,0,CV002_004,796072
20346,792,0,CV002_004,796864
20347,792,0,CV002_004,797656
20348,796,0,CV002_004,798452
20349,804,0,CV002_004,799256
20350,796,0,CV002_004,800052
20351,792,0,CV002_004,800844
20352,796,0,CV002_004,801640
20353,800,0,CV002_004,802440
20354,776,0,CV002_004,803216
20355,792,0,CV002_004,804008
20356,792,0,CV002_004,804800
20357,760,0,CV002_004,805560
20358,780,0,CV002_004,806340
20359,768,0,CV002_004,807108
20360,772,0,CV002_004,807880
20361,796,0,CV002_004,808676
20362,764,0,CV002_004,809440
20363,772,0,CV002_004,810212
20364,764,0,CV002_004,810976
20365,756,0,CV002_004,811732
20366,768,0,CV002_004,812500
20367,768,0,CV002_004,813268
20368,760,0,CV002_004,814028
20369,740,0,CV002_004,814768
20370,756,0,CV002_004,815524
20371,760,0,CV002_004,816284
20372,744,0,CV002_004,817028
20373,760,0,CV002_004,817788
20374,740,0,CV002_004,818528
20375,748,0,CV002_004,819276
20376,756,0,CV002_004,820032
20377,768,0,CV002_004,820800
20378,800,0,CV002_004,821600
20379,764,0,CV002_004,822364
20380,696,0,CV002_004,823060
20381,736,0,CV002_004,823796
20382,800,0,CV002_004,824596
20383,712,0,CV002_004,825308
20384,724,0,CV002_004,826032
20385,748,0,CV002_004,826780
20386,732,0,CV002_004,827512
20387,808,1,CV002_004,828320
20388,696,0,CV002_004,829016
20389,748,0,CV002_004,829764
20390,744,0,CV002_004,830508
20391,752,0,CV002_004,831260
20392,740,0,CV002_004,832000
20393,756,0,CV002_004,832756
20394,804,0,CV002_004,833560
20395,708,0,CV002_004,834268
20396,732,0,CV002_004,835000
20397,800,0,CV002_004,835800
20398,756,0,CV002_004,836556
20399,724,0,CV002_004,837280
20400,324,0,CV002_004,837604
20401,364,0,CV002_004,837968
20402,800,0,CV002_004,838768
20403,320,0,CV002_004,839088
20404,328,0,CV002_004,839416
20405,96,0,CV002_004,839512
20406,792,0,CV002_004,840304
20407,572,0,CV002_004,840876
20408,116,0,CV002_004,840992
20409,796,0,CV002_004,841788
20410,692,0,CV002_004,842480
20411,816,0,CV002_004,843296
20412,704,0,CV002_004,844000
20413,772,0,CV002_004,844772
20414,768,0,CV002_004,845540
20415,768,0,CV002_004,846308
20416,752,0,CV002_004,847060
20417,816,1,CV002_004,847876
20418,728,0,CV002_004,848604
20419,772,0,CV002_004,849376
20420,760,0,CV002_004,850136
20421,760,0,CV002_004,850896
20422,776,0,CV002_004,851672
20423,808,1,CV002_004,852480
20424,724,0,CV002_004,853204
20425,760,0,CV002_004,853964
20426,768,0,CV002_004,854732
20427,752,0,CV002_004,855484
20428,768,0,CV002_004,856252
20429,772,0,CV002_004,857024
20430,764,0,CV002_004,857788
20431,756,0,CV002_004,858544
20432,760,0,CV002_004,859304
20433,772,0,CV002_004,860076
20434,772,0,CV002_004,860848
20435,756,0,CV002_004,861604
20436,808,1,CV002_004,862412
20437,760,0,CV002_004,863172
20438,704,0,CV002_004,863876
20439,748,0,CV002_004,864624
20440,760,0,CV002_004,865384
20441,796,0,CV002_004,866180
20442,696,0,CV002_004,866876
20443,748,0,CV002_004,867624
20444,808,0,CV002_004,868432
20445,768,0,CV002_004,869200
20446,704,0,CV002_004,869904
20447,768,0,CV002_004,870672
20448,760,0,CV002_004,871432
20449,764,0,CV002_004,872196
20450,804,0,CV002_004,873000
20451,720,0,CV002_004,873720
20452,800,0,CV002_004,874520
20453,688,0,CV002_004,875208
20454,784,0,CV002_004,875992
20455,700,0,CV002_004,876692
20456,788,0,CV002_004,877480
20457,680,0,CV002_004,878160
20458,740,0,CV002_004,878900
20459,776,0,CV002_004,879676
20460,744,0,CV002_004,880420
20461,700,0,CV002_004,881120
20462,796,0,CV002_004,881916
20463,752,0,CV002_004,882668
20464,740,0,CV002_004,883408
20465,700,0,CV002_004,884108
20466,796,0,CV002_004,884904
20467,736,0,CV002_004,885640
20468,684,0,CV002_004,886324
20469,732,0,CV002_004,887056
20470,736,0,CV002_004,887792
20471,724,0,CV002_004,888516
20472,732,0,CV002_004,889248
20473,740,0,CV002_004,889988
20474,732,0,CV002_004,890720
20475,716,0,CV002_004,891436
20476,728,0,CV002_004,892164
20477,748,0,CV002_004,892912
20478,744,0,CV002_004,893656
20479,732,0,CV002_004,894388
20480,744,0,CV002_004,895132
20481,748,0,CV002_004,895880
20482,808,1,CV002_004,896688
20483,688,0,CV002_004,897376
20484,748,0,CV002_004,898124
20485,748,0,CV002_004,898872
20486,724,0,CV002_004,899596
20487,740,0,CV002_004,900336
20488,748,0,CV002_004,901084
20489,792,1,CV002_004,901876
20490,688,0,CV002_004,902564
20491,736,0,CV002_004,903300
20492,744,0,CV002_004,904044
20493,732,0,CV002_004,904776
20494,740,0,CV002_004,905516
20495,768,0,CV002_004,906284
20496,304,0,CV002_004,906588
20497,132,0,CV002_004,906720
20498,152,0,CV002_004,906872
20499,792,0,CV002_004,907664
20500,712,0,CV002_004,908376
20501,720,0,CV002_004,909096
20502,732,0,CV002_004,909828
20503,732,0,CV002_004,910560
20504,772,0,CV002_004,911332
20505,772,0,CV002_004,912104
20506,792,0,CV002_004,912896
20507,780,0,CV002_004,913676
20508,792,0,CV002_004,914468
20509,796,0,CV002_004,915264
20510,804,0,CV002_004,916068
20511,32,0,CV002_004,916100
20512,688,0,CV002_004,916788
20513,760,0,CV002_004,917548
20514,756,0,CV002_004,918304
20515,732,0,CV002_004,919036
20516,748,0,CV002_004,919784
20517,748,0,CV002_004,920532
20518,748,0,CV002_004,921280
20519,724,0,CV002_004,922004
20520,744,0,CV002_004,922748
20521,744,0,CV002_004,923492
20522,740,0,CV002_004,924232
20523,1456,0,CV002_004,925688
20524,748,0,CV002_004,926436
20525,744,0,CV002_004,927180
20526,732,0,CV002_004,927912
20527,744,0,CV002_004,928656
20528,764,0,CV002_004,929420
20529,752,0,CV002_004,930172
20530,940,0,CV002_004,931112
20531,528,0,CV002_004,931640
20532,68,0,CV002_004,931708
20533,224,0,CV002_004,931932
20534,468,0,CV002_004,932400
20535,760,0,CV002_004,933160
20536,760,0,CV002_004,933920
20537,760,0,CV002_004,934680
20538,736,0,CV002_004,935416
20539,748,0,CV002_004,936164
20540,760,0,CV002_004,936924
20541,752,0,CV002_004,937676
20542,1508,0,CV002_004,939184
20543,256,0,CV002_004,939440
20544,328,0,CV002_004,939768
20545,148,0,CV002_004,939916
20546,736,0,CV002_004,940652
20547,752,0,CV002_004,941404
20548,740,0,CV002_004,942144
20549,304,0,CV002_004,942448
20550,428,0,CV002_004,942876
20551,748,0,CV002_004,943624
20552,768,0,CV002_004,944392
20553,764,0,CV002_004,945156
20554,228,0,CV002_004,945384
20555,524,0,CV002_004,945908
20556,780,0,CV002_004,946688
20557,844,0,CV002_004,947532
20558,720,0,CV002_004,948252
20559,776,0,CV002_004,949028
20560,776,0,CV002_004,949804
20561,776,0,CV002_004,950580
20562,756,0,CV002_004,951336
20563,748,0,CV002_004,952084
20564,768,0,CV002_004,952852
20565,768,0,CV002_004,953620
20566,744,0,CV002_004,954364
20567,748,0,CV002_004,955112
20568,764,0,CV002_004,955876
20569,768,0,CV002_004,956644
20570,252,0,CV002_004,956896
20571,496,0,CV002_004,957392
20572,764,0,CV002_004,958156
20573,780,0,CV002_004,958936
20574,764,0,CV002_004,959700
20575,748,0,CV002_004,960448
20576,756,0,CV002_004,961204
20577,744,0,CV002_004,961948
20578,736,0,CV002_004,962684
20579,756,0,CV002_004,963440
20580,744,0,CV002_004,964184
20581,752,0,CV002_004,964936
20582,740,0,CV002_004,965676
20583,744,0,CV002_004,966420
20584,748,0,CV002_004,967168
20585,752,0,CV002_004,967920
20586,756,0,CV002_004,968676
20587,732,0,CV002_004,969408
20588,748,0,CV002_004,970156
20589,748,0,CV002_004,970904
20590,784,0,CV002_004,971688
20591,468,0,CV002_004,972156
20592,220,0,CV002_004,972376
20593,724,0,CV002_004,973100
20594,1468,0,CV002_004,974568
20595,784,0,CV002_004,975352
20596,684,0,CV002_004,976036
20597,752,0,CV002_004,976788
20598,760,0,CV002_004,977548
20599,800,1,CV002_004,978348
20600,700,0,CV002_004,979048
20601,740,0,CV002_004,979788
20602,756,0,CV002_004,980544
20603,752,0,CV002_004,981296
20604,752,0,CV002_004,982048
20605,792,1,CV002_004,982840
20606,688,0,CV002_004,983528
20607,736,0,CV002_004,984264
20608,716,0,CV002_004,984980
20609,748,0,CV002_004,985728
20610,744,0,CV002_004,986472
20611,448,0,CV002_004,986920
20612,152,0,CV002_004,987072
20613,228,0,CV002_004,987300
20614,656,0,CV002_004,987956
20615,752,0,CV002_004,988708
20616,760,0,CV002_004,989468
20617,764,0,CV002_004,990232
20618,740,0,CV002_004,990972
20619,800,1,CV002_004,991772
20620,692,0,CV002_004,992464
20621,724,0,CV002_004,993188
20622,724,0,CV002_004,993912
20623,712,0,CV002_004,994624
20624,712,0,CV002_004,995336
20625,708,0,CV002_004,996044
20626,708,0,CV002_004,996752
20627,704,0,CV002_004,997456
20628,720,0,CV002_004,998176
20629,744,0,CV002_004,998920
20630,748,0,CV002_004,999668
20631,736,0,CV002_004,1000404
20632,744,0,CV002_004,1001148
20633,764,0,CV002_004,1001912
20634,756,0,CV002_004,1002668
20635,764,0,CV002_004,1003432
20636,736,0,CV002_004,1004168
20637,800,0,CV002_004,1004968
20638,728,0,CV002_004,1005696
20639,728,0,CV002_004,1006424
20640,660,0,CV002_004,1007084
20641,724,0,CV002_004,1007808
20642,716,0,CV002_004,1008524
20643,720,0,CV002_004,1009244
20644,724,0,CV002_004,1009968
20645,740,0,CV002_004,1010708
20646,752,0,CV002_004,1011460
20647,768,0,CV002_004,1012228
20648,748,0,CV002_004,1012976
20649,764,0,CV002_004,1013740
20650,756,0,CV002_004,1014496
20651,752,0,CV002_004,1015248
20652,736,0,CV002_004,1015984
20653,772,0,CV002_004,1016756
20654,768,0,CV002_004,1017524
20655,752,0,CV002_004,1018276
20656,752,0,CV002_004,1019028
20657,764,0,CV002_004,1019792
20658,768,0,CV002_004,1020560
20659,740,0,CV002_004,1021300
20660,744,0,CV002_004,1022044
20661,748,0,CV002_004,1022792
20662,748,0,CV002_004,1023540
20663,748,0,CV002_004,1024288
20664,748,0,CV002_004,1025036
20665,744,0,CV002_004,1025780
20666,744,0,CV002_004,1026524
20667,744,0,CV002_004,1027268
20668,724,0,CV002_004,1027992
20669,748,0,CV002_004,1028740
20670,728,0,CV002_004,1029468
20671,732,0,CV002_004,1030200
20672,732,0,CV002_004,1030932
20673,740,0,CV002_004,1031672
20674,744,0,CV002_004,1032416
20675,728,0,CV002_004,1033144
20676,744,0,CV002_004,1033888
20677,724,0,CV002_004,1034612
20678,760,0,CV002_004,1035372
20679,728,0,CV002_004,1036100
20680,740,0,CV002_004,1036840
20681,744,0,CV002_004,1037584
20682,752,0,CV002_004,1038336
20683,724,0,CV002_004,1039060
20684,728,0,CV002_004,1039788
20685,724,0,CV002_004,1040512
20686,728,0,CV002_004,1041240
20687,708,0,CV002_004,1041948
20688,724,0,CV002_004,1042672
20689,724,0,CV002_004,1043396
20690,768,1,CV002_004,1044164
20691,668,0,CV002_004,1044832
20692,728,0,CV002_004,1045560
20693,728,0,CV002_004,1046288
20694,784,1,CV002_004,1047072
20695,676,0,CV002_004,1047748
20696,732,0,CV002_004,1048480
20697,732,0,CV002_004,1049212
20698,740,0,CV002_004,1049952
20699,728,0,CV002_004,1050680
20700,736,0,CV002_004,1051416
20701,736,0,CV002_004,1052152
20702,724,0,CV002_004,1052876
20703,724,0,CV002_004,1053600
20704,732,0,CV002_004,1054332
20705,732,0,CV002_004,1055064
20706,712,0,CV002_004,1055776
20707,724,0,CV002_004,1056500
20708,716,0,CV002_004,1057216
20709,720,0,CV002_004,1057936
20710,716,0,CV002_004,1058652
20711,728,0,CV002_004,1059380
20712,724,0,CV002_004,1060104
20713,704,0,CV002_004,1060808
20714,684,0,CV002_004,1061492
20715,680,0,CV002_004,1062172
20716,688,0,CV002_004,1062860
20717,700,0,CV002_004,1063560
20718,708,0,CV002_004,1064268
20719,712,0,CV002_004,1064980
20720,716,0,CV002_004,1065696
20721,732,0,CV002_004,1066428
20722,744,0,CV002_004,1067172
20723,732,0,CV002_004,1067904
20724,740,0,CV002_004,1068644
20725,732,0,CV002_004,1069376
20726,744,0,CV002_004,1070120
20727,736,0,CV002_004,1070856
20728,752,0,CV002_004,1071608
20729,752,0,CV002_004,1072360
20730,740,0,CV002_004,1073100
20731,736,0,CV002_004,1073836
20732,732,0,CV002_004,1074568
20733,740,0,CV002_004,1075308
20734,716,0,CV002_004,1076024
20735,748,0,CV002_004,1076772
20736,732,0,CV002_004,1077504
20737,732,0,CV002_004,1078236
20738,740,0,CV002_004,1078976
20739,748,0,CV002_004,1079724
20740,752,0,CV002_004,1080476
20741,736,0,CV002_004,1081212
20742,752,0,CV002_004,1081964
20743,756,0,CV002_004,1082720
20744,752,0,CV002_004,1083472
20745,756,0,CV002_004,1084228
20746,788,0,CV002_004,1085016
20747,768,0,CV002_004,1085784
20748,708,0,CV002_004,1086492
20749,764,0,CV002_004,1087256
20750,756,0,CV002_004,1088012
20751,740,0,CV002_004,1088752
20752,756,0,CV002_004,1089508
20753,748,0,CV002_004,1090256
20754,744,0,CV002_004,1091000
20755,736,0,CV002_004,1091736
20756,740,0,CV002_004,1092476
20757,748,0,CV002_004,1093224
20758,752,0,CV002_004,1093976
20759,744,0,CV002_004,1094720
20760,748,0,CV002_004,1095468
20761,756,0,CV002_004,1096224
20762,752,0,CV002_004,1096976
20763,740,0,CV002_004,1097716
20764,756,0,CV002_004,1098472
20765,756,0,CV002_004,1099228
20766,748,0,CV002_004,1099976
20767,740,0,CV002_004,1100716
20768,748,0,CV002_004,1101464
20769,752,0,CV002_004,1102216
20770,732,0,CV002_004,1102948
20771,744,0,CV002_004,1103692
20772,744,0,CV002_004,1104436
20773,736,0,CV002_004,1105172
20774,724,0,CV002_004,1105896
20775,728,0,CV002_004,1106624
20776,740,0,CV002_004,1107364
20777,732,0,CV002_004,1108096
20778,732,0,CV002_004,1108828
20779,740,0,CV002_004,1109568
20780,756,0,CV002_004,1110324
20781,792,1,CV002_004,1111116
20782,692,0,CV002_004,1111808
20783,732,0,CV002_004,1112540
20784,752,0,CV002_004,1113292
20785,732,0,CV002_004,1114024
20786,720,0,CV002_004,1114744
20787,364,0,CV002_004,1115108
20788,232,0,CV002_004,1115340
20789,120,0,CV002_004,1115460
20790,712,0,CV002_004,1116172
20791,704,0,CV002_004,1116876
20792,692,0,CV002_004,1117568
20793,720,0,CV002_004,1118288
20794,728,0,CV002_004,1119016
20795,732,0,CV002_004,1119748
20796,380,0,CV002_004,1120128
20797,184,0,CV002_004,1120312
20798,152,0,CV002_004,1120464
20799,736,0,CV002_004,1121200
20800,1176,0,CV002_004,1122376
20801,284,0,CV002_004,1122660
20802,352,0,CV002_004,1123012
20803,372,0,CV002_004,1123384
20804,192,0,CV002_004,1123576
20805,284,0,CV002_004,1123860
20806,120,0,CV002_004,1123980
20807,276,0,CV002_004,1124256
20808,136,0,CV002_004,1124392
20809,392,0,CV002_004,1124784
20810,688,0,CV002_004,1125472
20811,736,0,CV002_004,1126208
20812,600,0,CV002_004,1126808
20813,308,0,CV002_004,1127116
20814,16,0,CV002_004,1127132
20815,408,0,CV002_004,1127540
20816,188,0,CV002_004,1127728
20817,344,0,CV002_004,1128072
20818,88,0,CV002_004,1128160
20819,212,0,CV002_004,1128372
20820,424,0,CV002_004,1128796
20821,104,0,CV002_004,1128900
20822,212,0,CV002_004,1129112
20823,440,0,CV002_004,1129552
20824,36,0,CV002_004,1129588
20825,264,0,CV002_004,1129852
20826,388,0,CV002_004,1130240
20827,192,0,CV002_004,1130432
20828,312,0,CV002_004,1130744
20829,128,0,CV002_004,1130872
20830,268,0,CV002_004,1131140
20831,440,0,CV002_004,1131580
20832,568,0,CV002_004,1132148
20833,276,0,CV002_004,1132424
20834,248,0,CV002_004,1132672
20835,216,0,CV002_004,1132888
20836,560,0,CV002_004,1133448
20837,328,0,CV002_004,1133776
20838,28,0,CV002_004,1133804
20839,444,0,CV002_004,1134248
20840,464,0,CV002_004,1134712
20841,668,0,CV002_004,1135380
20842,736,0,CV002_004,1136116
20843,720,0,CV002_004,1136836
20844,688,0,CV002_004,1137524
20845,708,0,CV002_004,1138232
20846,752,0,CV002_004,1138984
20847,724,0,CV002_004,1139708
20848,760,0,CV002_004,1140468
20849,744,0,CV002_004,1141212
20850,764,0,CV002_004,1141976
20851,760,0,CV002_004,1142736
20852,760,0,CV002_004,1143496
20853,764,0,CV002_004,1144260
20854,744,0,CV002_004,1145004
20855,740,0,CV002_004,1145744
20856,752,0,CV002_004,1146496
20857,556,0,CV002_004,1147052
20858,232,0,CV002_004,1147284
20859,172,0,CV002_004,1147456
20860,548,0,CV002_004,1148004
20861,716,0,CV002_004,1148720
20862,716,0,CV002_004,1149436
20863,704,0,CV002_004,1150140
20864,656,0,CV002_004,1150796
20865,708,0,CV002_004,1151504
20866,328,0,CV002_004,1151832
20867,312,0,CV002_004,1152144
20868,244,0,CV002_004,1152388
20869,512,0,CV002_004,1152900
20870,600,0,CV002_004,1153500
20871,156,0,CV002_004,1153656
20872,660,0,CV002_004,1154316
20873,736,0,CV002_004,1155052
20874,652,0,CV002_004,1155704
20875,388,0,CV002_004,1156092
20876,220,0,CV002_004,1156312
20877,28,0,CV002_004,1156340
20878,1224,0,CV002_004,1157564
20879,260,0,CV002_004,1157824
20880,128,0,CV002_004,1157952
20881,412,0,CV002_004,1158364
20882,780,0,CV002_004,1159144
20883,688,0,CV002_004,1159832
20884,688,0,CV002_004,1160520
20885,388,0,CV002_004,1160908
20886,304,0,CV002_004,1161212
20887,620,0,CV002_004,1161832
20888,108,0,CV002_004,1161940
20889,536,0,CV002_004,1162476
20890,116,0,CV002_004,1162592
20891,744,0,CV002_004,1163336
20892,1340,0,CV002_004,1164676
20893,2788,0,CV002_004,1167464
20894,712,0,CV002_004,1168176
20895,244,0,CV002_004,1168420
20896,232,0,CV002_004,1168652
20897,1388,0,CV002_004,1170040
20898,1704,0,CV002_004,1171744
20899,216,0,CV002_004,1171960
20900,136,0,CV002_004,1172096
20901,212,0,CV002_004,1172308
20902,2956,0,CV002_004,1175264
20903,1300,0,CV002_004,1176564
20904,2704,0,CV002_004,1179268
20905,388,0,CV002_004,1179656
20906,196,0,CV002_004,1179852
20907,228,0,CV002_004,1180080
20908,760,0,CV002_004,1180840
20909,92,0,CV002_004,1180932
20910,256,0,CV002_004,1181188
20911,392,0,CV002_004,1181580
20912,156,0,CV002_004,1181736
20913,328,0,CV002_004,1182064
20914,1408,0,CV002_004,1183472
20915,1432,0,CV002_004,1184904
20916,1744,0,CV002_004,1186648
20917,284,0,CV002_004,1186932
20918,1080,0,CV002_004,1188012
20919,2056,0,CV002_004,1190068
20920,708,0,CV002_004,1190776
20921,700,0,CV002_004,1191476
20922,700,0,CV002_004,1192176
20923,688,0,CV002_004,1192864
20924,684,0,CV002_004,1193548
20925,676,0,CV002_004,1194224
20926,204,0,CV002_004,1194428
20927,476,0,CV002_004,1194904
20928,728,0,CV002_004,1195632
20929,668,0,CV002_004,1196300
20930,612,0,CV002_004,1196912
20931,656,0,CV002_004,1197568
20932,668,0,CV002_004,1198236
20933,676,0,CV002_004,1198912
20934,384,0,CV002_004,1199296
20935,296,0,CV002_004,1199592
20936,684,0,CV002_004,1200276
20937,696,0,CV002_004,1200972
20938,708,0,CV002_004,1201680
20939,716,0,CV002_004,1202396
20940,708,0,CV002_004,1203104
20941,724,0,CV002_004,1203828
20942,720,0,CV002_004,1204548
20943,424,0,CV002_004,1204972
20944,308,0,CV002_004,1205280
20945,736,0,CV002_004,1206016
20946,744,0,CV002_004,1206760
20947,732,0,CV002_004,1207492
20948,748,0,CV002_004,1208240
20949,752,0,CV002_004,1208992
20950,776,0,CV002_004,1209768
20951,364,0,CV002_004,1210132
20952,284,0,CV002_004,1210416
20953,148,0,CV002_004,1210564
20954,132,0,CV002_004,1210696
20955,492,0,CV002_004,1211188
20956,260,0,CV002_004,1211448
20957,444,0,CV002_004,1211892
20958,652,0,CV002_004,1212544
20959,792,0,CV002_004,1213336
20960,672,0,CV002_004,1214008
20961,636,0,CV002_004,1214644
20962,700,0,CV002_004,1215344
20963,704,0,CV002_004,1216048
20964,376,0,CV002_004,1216424
20965,280,0,CV002_004,1216704
20966,664,0,CV002_004,1217368
20967,480,0,CV002_004,1217848
20968,176,0,CV002_004,1218024
20969,544,0,CV002_004,1218568
20970,244,0,CV002_004,1218812
20971,36,0,CV002_004,1218848
20972,504,0,CV002_004,1219352
20973,1244,0,CV002_004,1220596
20974,612,0,CV002_004,1221208
20975,556,0,CV002_004,1221764
20976,624,0,CV002_004,1222388
20977,600,0,CV002_004,1222988
20978,660,0,CV002_004,1223648
20979,604,0,CV002_004,1224252
20980,568,0,CV002_004,1224820
20981,612,0,CV002_004,1225432
20982,616,0,CV002_004,1226048
20983,668,1,CV002_004,1226716
20984,592,0,CV002_004,1227308
20985,640,0,CV002_004,1227948
20986,652,0,CV002_004,1228600
20987,664,0,CV002_004,1229264
20988,668,0,CV002_004,1229932
20989,720,1,CV002_004,1230652
20990,636,0,CV002_004,1231288
20991,688,0,CV002_004,1231976
20992,676,0,CV002_004,1232652
20993,676,0,CV002_004,1233328
20994,680,0,CV002_004,1234008
20995,664,0,CV002_004,1234672
20996,680,0,CV002_004,1235352
20997,676,0,CV002_004,1236028
20998,572,0,CV002_004,1236600
20999,160,0,CV002_004,1236760
21000,660,0,CV002_004,1237420
21001,128,0,CV002_004,1237548
21002,324,0,CV002_004,1237872
21003,204,0,CV002_004,1238076
21004,612,0,CV002_004,1238688
21005,64,0,CV002_004,1238752
21006,1284,0,CV002_004,1240036
21007,272,0,CV002_004,1240308
21008,244,0,CV002_004,1240552
21009,568,0,CV002_004,1241120
21010,168,0,CV002_004,1241288
21011,260,0,CV002_004,1241548
21012,396,0,CV002_004,1241944
21013,664,0,CV002_004,1242608
21014,668,0,CV002_004,1243276
21015,144,0,CV002_004,1243420
21016,444,0,CV002_004,1243864
21017,284,0,CV002_004,1244148
21018,64,0,CV002_004,1244212
21019,372,0,CV002_004,1244584
21020,740,0,CV002_004,1245324
21021,720,0,CV002_004,1246044
21022,316,0,CV002_004,1246360
21023,84,0,CV002_004,1246444
21024,280,0,CV002_004,1246724
21025,620,0,CV002_004,1247344
21026,664,0,CV002_004,1248008
21027,260,0,CV002_004,1248268
21028,444,0,CV002_004,1248712
21029,324,0,CV002_004,1249036
21030,168,0,CV002_004,1249204
21031,672,0,CV002_004,1249876
21032,248,0,CV002_004,1250124
21033,520,0,CV002_004,1250644
21034,508,0,CV002_004,1251152
21035,792,0,CV002_004,1251944
21036,688,0,CV002_004,1252632
21037,456,0,CV002_004,1253088
21038,144,0,CV002_004,1253232
21039,588,0,CV002_004,1253820
21040,740,0,CV002_004,1254560
21041,664,0,CV002_004,1255224
21042,232,0,CV002_004,1255456
21043,208,0,CV002_004,1255664
21044,240,0,CV002_004,1255904
21045,676,0,CV002_004,1256580
21046,680,0,CV002_004,1257260
21047,732,0,CV002_004,1257992
21048,672,0,CV002_004,1258664
21049,640,0,CV002_004,1259304
21050,256,0,CV002_004,1259560
21051,412,0,CV002_004,1259972
21052,668,0,CV002_004,1260640
21053,652,0,CV002_004,1261292
21054,708,0,CV002_004,1262000
21055,616,0,CV002_004,1262616
21056,704,0,CV002_004,1263320
21057,608,0,CV002_004,1263928
21058,660,0,CV002_004,1264588
21059,660,0,CV002_004,1265248
21060,668,0,CV002_004,1265916
21061,660,0,CV002_004,1266576
21062,664,0,CV002_004,1267240
21063,296,0,CV002_004,1267536
21064,380,0,CV002_004,1267916
21065,156,0,CV002_004,1268072
21066,388,0,CV002_004,1268460
21067,136,0,CV002_004,1268596
21068,676,0,CV002_004,1269272
21069,1348,0,CV002_004,1270620
21070,592,0,CV002_004,1271212
21071,752,0,CV002_004,1271964
21072,692,0,CV002_004,1272656
21073,276,0,CV002_004,1272932
21074,468,0,CV002_004,1273400
21075,416,0,CV002_004,1273816
21076,140,0,CV002_004,1273956
21077,800,0,CV002_004,1274756
21078,708,0,CV002_004,1275464
21079,720,0,CV002_004,1276184
21080,744,0,CV002_004,1276928
21081,724,0,CV002_004,1277652
21082,748,0,CV002_004,1278400
21083,744,0,CV002_004,1279144
21084,756,0,CV002_004,1279900
21085,752,0,CV002_004,1280652
21086,800,1,CV002_004,1281452
21087,684,0,CV002_004,1282136
21088,724,0,CV002_004,1282860
21089,724,0,CV002_004,1283584
21090,716,0,CV002_004,1284300
21091,728,0,CV002_004,1285028
21092,716,0,CV002_004,1285744
21093,716,0,CV002_004,1286460
21094,720,0,CV002_004,1287180
21095,700,0,CV002_004,1287880
21096,704,0,CV002_004,1288584
21097,712,0,CV002_004,1289296
21098,720,0,CV002_004,1290016
21099,740,0,CV002_004,1290756
21100,744,0,CV002_004,1291500
21101,736,0,CV002_004,1292236
21102,760,0,CV002_004,1292996
21103,760,0,CV002_004,1293756
21104,776,0,CV002_004,1294532
21105,784,0,CV002_004,1295316
21106,800,0,CV002_004,1296116
21107,784,0,CV002_004,1296900
21108,800,0,CV002_004,1297700
21109,708,0,CV002_004,1298408
21110,1492,0,CV002_004,1299900
21111,756,0,CV002_004,1300656
21112,760,0,CV002_004,1301416
21113,792,1,CV002_004,1302208
21114,712,0,CV002_004,1302920
21115,744,0,CV002_004,1303664
21116,772,0,CV002_004,1304436
21117,748,0,CV002_004,1305184
21118,772,0,CV002_004,1305956
21119,768,0,CV002_004,1306724
21120,756,0,CV002_004,1307480
21121,768,0,CV002_004,1308248
21122,752,0,CV002_004,1309000
21123,732,0,CV002_004,1309732
21124,728,0,CV002_004,1310460
21125,724,0,CV002_004,1311184
21126,708,0,CV002_004,1311892
21127,704,0,CV002_004,1312596
21128,712,0,CV002_004,1313308
21129,708,0,CV002_004,1314016
21130,708,0,CV002_004,1314724
21131,720,0,CV002_004,1315444
21132,724,0,CV002_004,1316168
21133,716,0,CV002_004,1316884
21134,724,0,CV002_004,1317608
21135,736,0,CV002_004,1318344
21136,744,0,CV002_004,1319088
21137,732,0,CV002_004,1319820
21138,732,0,CV002_004,1320552
21139,748,0,CV002_004,1321300
21140,752,0,CV002_004,1322052
21141,732,0,CV002_004,1322784
21142,748,0,CV002_004,1323532
21143,756,0,CV002_004,1324288
21144,744,0,CV002_004,1325032
21145,752,0,CV002_004,1325784
21146,764,0,CV002_004,1326548
21147,768,0,CV002_004,1327316
21148,748,0,CV002_004,1328064
21149,780,0,CV002_004,1328844
21150,776,0,CV002_004,1329620
21151,756,0,CV002_004,1330376
21152,760,0,CV002_004,1331136
21153,772,0,CV002_004,1331908
21154,764,0,CV002_004,1332672
21155,756,0,CV002_004,1333428
21156,788,1,CV002_004,1334216
21157,680,0,CV002_004,1334896
21158,732,0,CV002_004,1335628
21159,716,0,CV002_004,1336344
21160,720,0,CV002_004,1337064
21161,716,0,CV002_004,1337780
21162,732,0,CV002_004,1338512
21163,736,0,CV002_004,1339248
21164,744,0,CV002_004,1339992
21165,744,0,CV002_004,1340736
21166,772,0,CV002_004,1341508
21167,776,0,CV002_004,1342284
21168,756,0,CV002_004,1343040
21169,768,0,CV002_004,1343808
21170,756,0,CV002_004,1344564
21171,756,0,CV002_004,1345320
21172,764,0,CV002_004,1346084
21173,756,0,CV002_004,1346840
21174,756,0,CV002_004,1347596
21175,744,0,CV002_004,1348340
21176,732,0,CV002_004,1349072
21177,756,0,CV002_004,1349828
21178,752,0,CV002_004,1350580
21179,748,0,CV002_004,1351328
21180,748,0,CV002_004,1352076
21181,772,0,CV002_004,1352848
21182,784,0,CV002_004,1353632
21183,760,0,CV002_004,1354392
21184,764,0,CV002_004,1355156
21185,784,0,CV002_004,1355940
21186,756,0,CV002_004,1356696
21187,776,0,CV002_004,1357472
21188,784,0,CV002_004,1358256
21189,776,0,CV002_004,1359032
21190,780,0,CV002_004,1359812
21191,780,0,CV002_004,1360592
21192,764,0,CV002_004,1361356
21193,764,0,CV002_004,1362120
21194,756,0,CV002_004,1362876
21195,804,0,CV002_004,1363680
21196,704,0,CV002_004,1364384
21197,752,0,CV002_004,1365136
21198,800,0,CV002_004,1365936
21199,704,0,CV002_004,1366640
21200,760,0,CV002_004,1367400
21201,760,0,CV002_004,1368160
21202,764,0,CV002_004,1368924
21203,752,0,CV002_004,1369676
21204,768,0,CV002_004,1370444
21205,804,1,CV002_004,1371248
21206,704,0,CV002_004,1371952
21207,764,0,CV002_004,1372716
21208,772,0,CV002_004,1373488
21209,768,0,CV002_004,1374256
21210,752,0,CV002_004,1375008
21211,776,0,CV002_004,1375784
21212,760,0,CV002_004,1376544
21213,756,0,CV002_004,1377300
21214,776,0,CV002_004,1378076
21215,780,0,CV002_004,1378856
21216,768,0,CV002_004,1379624
21217,784,0,CV002_004,1380408
21218,764,0,CV002_004,1381172
21219,796,0,CV002_004,1381968
21220,780,0,CV002_004,1382748
21221,752,0,CV002_004,1383500
21222,764,0,CV002_004,1384264
21223,764,0,CV002_004,1385028
21224,752,0,CV002_004,1385780
21225,744,0,CV002_004,1386524
21226,732,0,CV002_004,1387256
21227,752,0,CV002_004,1388008
21228,744,0,CV002_004,1388752
21229,732,0,CV002_004,1389484
21230,700,0,CV002_004,1390184
21231,720,0,CV002_004,1390904
21232,740,0,CV002_004,1391644
21233,740,0,CV002_004,1392384
21234,748,0,CV002_004,1393132
21235,772,0,CV002_004,1393904
21236,776,0,CV002_004,1394680
21237,776,0,CV002_004,1395456
21238,772,0,CV002_004,1396228
21239,768,0,CV002_004,1396996
21240,780,0,CV002_004,1397776
21241,764,0,CV002_004,1398540
21242,764,0,CV002_004,1399304
21243,776,0,CV002_004,1400080
21244,776,0,CV002_004,1400856
21245,772,0,CV002_004,1401628
21246,780,0,CV002_004,1402408
21247,836,1,CV002_004,1403244
21248,748,0,CV002_004,1403992
21249,764,0,CV002_004,1404756
21250,780,0,CV002_004,1405536
21251,780,0,CV002_004,1406316
21252,760,0,CV002_004,1407076
21253,760,0,CV002_004,1407836
21254,768,0,CV002_004,1408604
21255,784,0,CV002_004,1409388
21256,764,0,CV002_004,1410152
21257,768,0,CV002_004,1410920
21258,776,0,CV002_004,1411696
21259,764,0,CV002_004,1412460
21260,800,1,CV002_004,1413260
21261,728,0,CV002_004,1413988
21262,768,0,CV002_004,1414756
21263,756,0,CV002_004,1415512
21264,756,0,CV002_004,1416268
21265,768,0,CV002_004,1417036
21266,772,0,CV002_004,1417808
21267,756,0,CV002_004,1418564
21268,772,0,CV002_004,1419336
21269,768,0,CV002_004,1420104
21270,756,0,CV002_004,1420860
21271,768,0,CV002_004,1421628
21272,780,0,CV002_004,1422408
21273,780,0,CV002_004,1423188
21274,780,0,CV002_004,1423968
21275,780,0,CV002_004,1424748
21276,784,0,CV002_004,1425532
21277,752,0,CV002_004,1426284
21278,760,0,CV002_004,1427044
21279,780,0,CV002_004,1427824
21280,760,0,CV002_004,1428584
21281,756,0,CV002_004,1429340
21282,780,0,CV002_004,1430120
21283,772,0,CV002_004,1430892
21284,760,0,CV002_004,1431652
21285,776,0,CV002_004,1432428
21286,764,0,CV002_004,1433192
21287,772,0,CV002_004,1433964
21288,748,0,CV002_004,1434712
21289,764,0,CV002_004,1435476
21290,812,1,CV002_004,1436288
21291,704,0,CV002_004,1436992
21292,768,0,CV002_004,1437760
21293,752,0,CV002_004,1438512
21294,756,0,CV002_004,1439268
21295,748,0,CV002_004,1440016
21296,760,0,CV002_004,1440776
21297,764,0,CV002_004,1441540
21298,756,0,CV002_004,1442296
21299,764,0,CV002_004,1443060
21300,780,0,CV002_004,1443840
21301,780,0,CV002_004,1444620
21302,772,0,CV002_004,1445392
21303,768,0,CV002_004,1446160
21304,776,0,CV002_004,1446936
21305,776,0,CV002_004,1447712
21306,776,0,CV002_004,1448488
21307,768,0,CV002_004,1449256
21308,760,0,CV002_004,1450016
21309,740,0,CV002_004,1450756
21310,768,0,CV002_004,1451524
21311,776,0,CV002_004,1452300
21312,768,0,CV002_004,1453068
21313,772,0,CV002_004,1453840
21314,788,0,CV002_004,1454628
21315,780,0,CV002_004,1455408
21316,788,0,CV002_004,1456196
21317,784,0,CV002_004,1456980
21318,764,0,CV002_004,1457744
21319,780,0,CV002_004,1458524
21320,784,0,CV002_004,1459308
21321,784,0,CV002_004,1460092
21322,784,0,CV002_004,1460876
21323,824,1,CV002_004,1461700
21324,712,0,CV002_004,1462412
21325,760,0,CV002_004,1463172
21326,740,0,CV002_004,1463912
21327,736,0,CV002_004,1464648
21328,716,0,CV002_004,1465364
21329,728,0,CV002_004,1466092
21330,720,0,CV002_004,1466812
21331,732,0,CV002_004,1467544
21332,720,0,CV002_004,1468264
21333,740,0,CV002_004,1469004
21334,748,0,CV002_004,1469752
21335,756,0,CV002_004,1470508
21336,776,0,CV002_004,1471284
21337,780,0,CV002_004,1472064
21338,760,0,CV002_004,1472824
21339,764,0,CV002_004,1473588
21340,768,0,CV002_004,1474356
21341,772,0,CV002_004,1475128
21342,752,0,CV002_004,1475880
21343,768,0,CV002_004,1476648
21344,772,0,CV002_004,1477420
21345,760,0,CV002_004,1478180
21346,756,0,CV002_004,1478936
21347,764,0,CV002_004,1479700
21348,772,0,CV002_004,1480472
21349,752,0,CV002_004,1481224
21350,764,0,CV002_004,1481988
21351,776,0,CV002_004,1482764
21352,784,0,CV002_004,1483548
21353,768,0,CV002_004,1484316
21354,780,0,CV002_004,1485096
21355,780,0,CV002_004,1485876
21356,760,0,CV002_004,1486636
21357,760,0,CV002_004,1487396
21358,784,0,CV002_004,1488180
21359,776,0,CV002_004,1488956
21360,776,0,CV002_004,1489732
21361,788,0,CV002_004,1490520
21362,800,0,CV002_004,1491320
21363,844,0,CV002_004,1492164
21364,788,0,CV002_004,1492952
21365,720,0,CV002_004,1493672
21366,772,0,CV002_004,1494444
21367,776,0,CV002_004,1495220
21368,772,0,CV002_004,1495992
21369,812,1,CV002_004,1496804
21370,732,0,CV002_004,1497536
21371,776,0,CV002_004,1498312
21372,768,0,CV002_004,1499080
21373,792,0,CV002_004,1499872
21374,788,0,CV002_004,1500660
21375,796,0,CV002_004,1501456
21376,772,0,CV002_004,1502228
21377,792,0,CV002_004,1503020
21378,788,0,CV002_004,1503808
21379,832,1,CV002_004,1504640
21380,736,0,CV002_004,1505376
21381,784,0,CV002_004,1506160
21382,792,0,CV002_004,1506952
21383,844,1,CV002_004,1507796
21384,744,0,CV002_004,1508540
21385,792,0,CV002_004,1509332
21386,788,0,CV002_004,1510120
21387,788,0,CV002_004,1510908
21388,780,0,CV002_004,1511688
21389,796,0,CV002_004,1512484
21390,844,1,CV002_004,1513328
21391,744,0,CV002_004,1514072
21392,796,0,CV002_004,1514868
21393,808,0,CV002_004,1515676
21394,800,0,CV002_004,1516476
21395,844,1,CV002_004,1517320
21396,760,0,CV002_004,1518080
21397,812,0,CV002_004,1518892
21398,788,0,CV002_004,1519680
21399,804,0,CV002_004,1520484
21400,848,1,CV002_004,1521332
21401,740,0,CV002_004,1522072
21402,800,0,CV002_004,1522872
21403,800,0,CV002_004,1523672
21404,780,0,CV002_004,1524452
21405,788,0,CV002_004,1525240
21406,792,0,CV002_004,1526032
21407,792,0,CV002_004,1526824
21408,772,0,CV002_004,1527596
21409,788,0,CV002_004,1528384
21410,776,0,CV002_004,1529160
21411,824,0,CV002_004,1529984
21412,724,0,CV002_004,1530708
21413,748,0,CV002_004,1531456
21414,764,0,CV002_004,1532220
21415,808,0,CV002_004,1533028
21416,716,0,CV002_004,1533744
21417,764,0,CV002_004,1534508
21418,816,0,CV002_004,1535324
21419,760,0,CV002_004,1536084
21420,704,0,CV002_004,1536788
21421,744,0,CV002_004,1537532
21422,800,0,CV002_004,1538332
21423,708,0,CV002_004,1539040
21424,748,0,CV002_004,1539788
21425,804,0,CV002_004,1540592
21426,748,0,CV002_004,1541340
21427,744,0,CV002_004,1542084
21428,676,0,CV002_004,1542760
21429,712,0,CV002_004,1543472
21430,732,0,CV002_004,1544204
21431,720,0,CV002_004,1544924
21432,720,0,CV002_004,1545644
21433,744,0,CV002_004,1546388
21434,828,0,CV002_004,1547216
21435,748,0,CV002_004,1547964
21436,772,0,CV002_004,1548736
21437,716,0,CV002_004,1549452
21438,772,0,CV002_004,1550224
21439,820,0,CV002_004,1551044
21440,712,0,CV002_004,1551756
21441,764,0,CV002_004,1552520
21442,808,0,CV002_004,1553328
21443,716,0,CV002_004,1554044
21444,744,0,CV002_004,1554788
21445,764,0,CV002_004,1555552
21446,808,0,CV002_004,1556360
21447,712,0,CV002_004,1557072
21448,764,0,CV002_004,1557836
21449,768,0,CV002_004,1558604
21450,748,0,CV002_004,1559352
21451,756,0,CV002_004,1560108
21452,764,0,CV002_004,1560872
21453,800,0,CV002_004,1561672
21454,708,0,CV002_004,1562380
21455,756,0,CV002_004,1563136
21456,792,0,CV002_004,1563928
21457,756,0,CV002_004,1564684
21458,692,0,CV002_004,1565376
21459,728,0,CV002_004,1566104
21460,788,0,CV002_004,1566892
21461,672,0,CV002_004,1567564
21462,708,0,CV002_004,1568272
21463,732,0,CV002_004,1569004
21464,724,0,CV002_004,1569728
21465,724,0,CV002_004,1570452
21466,724,0,CV002_004,1571176
21467,716,0,CV002_004,1571892
21468,772,1,CV002_004,1572664
21469,672,0,CV002_004,1573336
21470,728,0,CV002_004,1574064
21471,708,0,CV002_004,1574772
21472,716,0,CV002_004,1575488
21473,732,0,CV002_004,1576220
21474,724,0,CV002_004,1576944
21475,724,0,CV002_004,1577668
21476,736,0,CV002_004,1578404
21477,776,0,CV002_004,1579180
21478,684,0,CV002_004,1579864
21479,724,0,CV002_004,1580588
21480,764,0,CV002_004,1581352
21481,688,0,CV002_004,1582040
21482,720,0,CV002_004,1582760
21483,720,0,CV002_004,1583480
21484,704,0,CV002_004,1584184
21485,716,0,CV002_004,1584900
21486,696,0,CV002_004,1585596
21487,760,0,CV002_004,1586356
21488,668,0,CV002_004,1587024
21489,716,0,CV002_004,1587740
21490,352,0,CV002_004,1588092
21491,72,0,CV002_004,1588164
21492,408,0,CV002_004,1588572
21493,644,0,CV002_004,1589216
21494,708,0,CV002_004,1589924
21495,768,0,CV002_004,1590692
21496,784,0,CV002_004,1591476
21497,792,0,CV002_004,1592268
21498,776,0,CV002_004,1593044
21499,760,0,CV002_004,1593804
21500,776,0,CV002_004,1594580
21501,768,0,CV002_004,1595348
21502,756,0,CV002_004,1596104
21503,764,0,CV002_004,1596868
21504,760,0,CV002_004,1597628
21505,784,0,CV002_004,1598412
21506,812,1,CV002_004,1599224
21507,740,0,CV002_004,1599964
21508,772,0,CV002_004,1600736
21509,784,0,CV002_004,1601520
21510,768,0,CV002_004,1602288
21511,804,0,CV002_004,1603092
21512,796,0,CV002_004,1603888
21513,844,0,CV002_004,1604732
21514,812,0,CV002_004,1605544
21515,744,0,CV002_004,1606288
21516,840,0,CV002_004,1607128
21517,720,0,CV002_004,1607848
21518,772,0,CV002_004,1608620
21519,772,0,CV002_004,1609392
21520,776,0,CV002_004,1610168
21521,768,0,CV002_004,1610936
21522,784,0,CV002_004,1611720
21523,784,0,CV002_004,1612504
21524,784,0,CV002_004,1613288
21525,780,0,CV002_004,1614068
21526,788,0,CV002_004,1614856
21527,784,0,CV002_004,1615640
21528,776,0,CV002_004,1616416
21529,776,0,CV002_004,1617192
21530,784,0,CV002_004,1617976
21531,828,0,CV002_004,1618804
21532,728,0,CV002_004,1619532
21533,836,0,CV002_004,1620368
21534,744,0,CV002_004,1621112
21535,784,0,CV002_004,1621896
21536,776,0,CV002_004,1622672
21537,788,0,CV002_004,1623460
21538,812,0,CV002_004,1624272
21539,744,0,CV002_004,1625016
21540,796,0,CV002_004,1625812
21541,764,0,CV002_004,1626576
21542,840,1,CV002_004,1627416
21543,712,0,CV002_004,1628128
21544,756,0,CV002_004,1628884
21545,756,0,CV002_004,1629640
21546,744,0,CV002_004,1630384
21547,804,0,CV002_004,1631188
21548,688,0,CV002_004,1631876
21549,744,0,CV002_004,1632620
21550,788,0,CV002_004,1633408
21551,700,0,CV002_004,1634108
21552,756,0,CV002_004,1634864
21553,756,0,CV002_004,1635620
21554,792,0,CV002_004,1636412
21555,752,0,CV002_004,1637164
21556,768,0,CV002_004,1637932
21557,804,0,CV002_004,1638736
21558,800,0,CV002_004,1639536
21559,712,0,CV002_004,1640248
21560,760,0,CV002_004,1641008
21561,800,0,CV002_004,1641808
21562,748,0,CV002_004,1642556
21563,700,0,CV002_004,1643256
21564,756,0,CV002_004,1644012
21565,800,0,CV002_004,1644812
21566,784,0,CV002_004,1645596
21567,692,0,CV002_004,1646288
21568,740,0,CV002_004,1647028
21569,740,0,CV002_004,1647768
21570,752,0,CV002_004,1648520
21571,752,0,CV002_004,1649272
21572,788,0,CV002_004,1650060
21573,708,0,CV002_004,1650768
21574,736,0,CV002_004,1651504
21575,748,0,CV002_004,1652252
21576,784,1,CV002_004,1653036
21577,688,0,CV002_004,1653724
21578,736,0,CV002_004,1654460
21579,740,0,CV002_004,1655200
21580,720,0,CV002_004,1655920
21581,720,0,CV002_004,1656640
21582,724,0,CV002_004,1657364
21583,720,0,CV002_004,1658084
21584,712,0,CV002_004,1658796
21585,724,0,CV002_004,1659520
21586,712,0,CV002_004,1660232
21587,768,1,CV002_004,1661000
21588,660,0,CV002_004,1661660
21589,736,0,CV002_004,1662396
21590,728,0,CV002_004,1663124
21591,736,0,CV002_004,1663860
21592,732,0,CV002_004,1664592
21593,724,0,CV002_004,1665316
21594,700,0,CV002_004,1666016
21595,748,0,CV002_004,1666764
21596,732,0,CV002_004,1667496
21597,684,0,CV002_004,1668180
21598,772,0,CV002_004,1668952
21599,776,0,CV002_004,1669728
21600,752,0,CV002_004,1670480
21601,796,0,CV002_004,1671276
21602,764,0,CV002_004,1672040
21603,852,1,CV002_004,1672892
21604,704,0,CV002_004,1673596
21605,788,0,CV002_004,1674384
21606,792,0,CV002_004,1675176
21607,816,0,CV002_004,1675992
21608,768,0,CV002_004,1676760
21609,812,0,CV002_004,1677572
21610,820,0,CV002_004,1678392
21611,732,0,CV002_004,1679124
21612,772,0,CV002_004,1679896
21613,784,0,CV002_004,1680680
21614,808,0,CV002_004,1681488
21615,760,0,CV002_004,1682248
21616,772,0,CV002_004,1683020
21617,824,0,CV002_004,1683844
21618,728,0,CV002_004,1684572
21619,824,0,CV002_004,1685396
21620,740,0,CV002_004,1686136
21621,856,0,CV002_004,1686992
21622,724,0,CV002_004,1687716
21623,780,0,CV002_004,1688496
21624,780,0,CV002_004,1689276
21625,804,0,CV002_004,1690080
21626,776,0,CV002_004,1690856
21627,792,0,CV002_004,1691648
21628,792,0,CV002_004,1692440
21629,776,0,CV002_004,1693216
21630,788,0,CV002_004,1694004
21631,796,0,CV002_004,1694800
21632,780,0,CV002_004,1695580
21633,764,0,CV002_004,1696344
21634,788,0,CV002_004,1697132
21635,780,0,CV002_004,1697912
21636,748,0,CV002_004,1698660
21637,776,0,CV002_004,1699436
21638,772,0,CV002_004,1700208
21639,772,0,CV002_004,1700980
21640,764,0,CV002_004,1701744
21641,772,0,CV002_004,1702516
21642,796,0,CV002_004,1703312
21643,760,0,CV002_004,1704072
21644,764,0,CV002_004,1704836
21645,784,0,CV002_004,1705620
21646,788,0,CV002_004,1706408
21647,760,0,CV002_004,1707168
21648,776,0,CV002_004,1707944
21649,816,1,CV002_004,1708760
21650,700,0,CV002_004,1709460
21651,768,0,CV002_004,1710228
21652,768,0,CV002_004,1710996
21653,756,0,CV002_004,1711752
21654,756,0,CV002_004,1712508
21655,772,0,CV002_004,1713280
21656,808,0,CV002_004,1714088
21657,756,0,CV002_004,1714844
21658,692,0,CV002_004,1715536
21659,752,0,CV002_004,1716288
21660,768,0,CV002_004,1717056
21661,816,0,CV002_004,1717872
21662,708,0,CV002_004,1718580
21663,828,0,CV002_004,1719408
21664,728,0,CV002_004,1720136
21665,780,0,CV002_004,1720916
21666,776,0,CV002_004,1721692
21667,804,0,CV002_004,1722496
21668,788,0,CV002_004,1723284
21669,780,0,CV002_004,1724064
21670,788,0,CV002_004,1724852
21671,796,0,CV002_004,1725648
21672,788,0,CV002_004,1726436
21673,772,0,CV002_004,1727208
21674,784,0,CV002_004,1727992
21675,792,0,CV002_004,1728784
21676,764,0,CV002_004,1729548
21677,780,0,CV002_004,1730328
21678,784,0,CV002_004,1731112
21679,784,0,CV002_004,1731896
21680,768,0,CV002_004,1732664
21681,788,0,CV002_004,1733452
21682,788,0,CV002_004,1734240
21683,796,0,CV002_004,1735036
21684,832,1,CV002_004,1735868
21685,728,0,CV002_004,1736596
21686,760,0,CV002_004,1737356
21687,788,0,CV002_004,1738144
21688,784,0,CV002_004,1738928
21689,764,0,CV002_004,1739692
21690,760,0,CV002_004,1740452
21691,776,0,CV002_004,1741228
21692,776,0,CV002_004,1742004
21693,744,0,CV002_004,1742748
21694,768,0,CV002_004,1743516
21695,740,0,CV002_004,1744256
21696,804,0,CV002_004,1745060
21697,756,0,CV002_004,1745816
21698,680,0,CV002_004,1746496
21699,752,0,CV002_004,1747248
21700,712,0,CV002_004,1747960
21701,740,0,CV002_004,1748700
21702,724,0,CV002_004,1749424
21703,812,1,CV002_004,1750236
21704,684,0,CV002_004,1750920
21705,748,0,CV002_004,1751668
21706,704,0,CV002_004,1752372
21707,716,0,CV002_004,1753088
21708,648,0,CV002_004,1753736
21709,720,0,CV002_004,1754456
21710,752,0,CV002_004,1755208
21711,756,0,CV002_004,1755964
21712,764,0,CV002_004,1756728
21713,740,0,CV002_004,1757468
21714,788,0,CV002_004,1758256
21715,772,0,CV002_004,1759028
21716,784,0,CV002_004,1759812
21717,768,0,CV002_004,1760580
21718,744,0,CV002_004,1761324
21719,752,0,CV002_004,1762076
21720,748,0,CV002_004,1762824
21721,772,0,CV002_004,1763596
21722,664,0,CV002_004,1764260
21723,720,0,CV002_004,1764980
21724,732,0,CV002_004,1765712
21725,768,0,CV002_004,1766480
21726,796,0,CV002_004,1767276
21727,748,0,CV002_004,1768024
21728,748,0,CV002_004,1768772
21729,684,0,CV002_004,1769456
21730,748,0,CV002_004,1770204
21731,828,0,CV002_004,1771032
21732,748,0,CV002_004,1771780
21733,712,0,CV002_004,1772492
21734,744,0,CV002_004,1773236
21735,764,0,CV002_004,1774000
21736,768,0,CV002_004,1774768
21737,784,0,CV002_004,1775552
21738,752,0,CV002_004,1776304
21739,772,0,CV002_004,1777076
21740,860,0,CV002_004,1777936
21741,732,0,CV002_004,1778668
21742,776,0,CV002_004,1779444
21743,832,0,CV002_004,1780276
21744,844,0,CV002_004,1781120
21745,780,0,CV002_004,1781900
21746,784,0,CV002_004,1782684
21747,848,0,CV002_004,1783532
21748,796,0,CV002_004,1784328
21749,800,0,CV002_004,1785128
21750,800,0,CV002_004,1785928
21751,852,0,CV002_004,1786780
21752,744,0,CV002_004,1787524
21753,768,0,CV002_004,1788292
21754,824,0,CV002_004,1789116
21755,740,0,CV002_004,1789856
21756,748,0,CV002_004,1790604
21757,768,0,CV002_004,1791372
21758,788,0,CV002_004,1792160
21759,748,0,CV002_004,1792908
21760,820,0,CV002_004,1793728
21761,748,0,CV002_004,1794476
21762,792,0,CV002_004,1795268
21763,760,0,CV002_004,1796028
21764,756,0,CV002_004,1796784
21765,780,0,CV002_004,1797564
21766,804,0,CV002_004,1798368
21767,768,0,CV002_004,1799136
21768,764,0,CV002_004,1799900
21769,828,0,CV002_004,1800728
21770,804,0,CV002_004,1801532
21771,728,0,CV002_004,1802260
21772,768,0,CV002_004,1803028
21773,780,0,CV002_004,1803808
21774,832,0,CV002_004,1804640
21775,704,0,CV002_004,1805344
21776,812,0,CV002_004,1806156
21777,800,0,CV002_004,1806956
21778,764,0,CV002_004,1807720
21779,764,0,CV002_004,1808484
21780,772,0,CV002_004,1809256
21781,768,0,CV002_004,1810024
21782,704,0,CV002_004,1810728
21783,768,0,CV002_004,1811496
21784,764,0,CV002_004,1812260
21785,740,0,CV002_004,1813000
21786,748,0,CV002_004,1813748
21787,728,0,CV002_004,1814476
21788,748,0,CV002_004,1815224
21789,728,0,CV002_004,1815952
21790,772,0,CV002_004,1816724
21791,740,0,CV002_004,1817464
21792,768,0,CV002_004,1818232
21793,764,0,CV002_004,1818996
21794,788,0,CV002_004,1819784
21795,744,0,CV002_004,1820528
21796,740,0,CV002_004,1821268
21797,756,0,CV002_004,1822024
21798,800,0,CV002_004,1822824
21799,712,0,CV002_004,1823536
21800,744,0,CV002_004,1824280
21801,796,0,CV002_004,1825076
21802,708,0,CV002_004,1825784
21803,724,0,CV002_004,1826508
21804,744,0,CV002_004,1827252
21805,740,0,CV002_004,1827992
21806,724,0,CV002_004,1828716
21807,776,0,CV002_004,1829492
21808,680,0,CV002_004,1830172
21809,752,0,CV002_004,1830924
21810,768,0,CV002_004,1831692
21811,704,0,CV002_004,1832396
21812,716,0,CV002_004,1833112
21813,732,0,CV002_004,1833844
21814,728,0,CV002_004,1834572
21815,712,0,CV002_004,1835284
21816,720,0,CV002_004,1836004
21817,748,0,CV002_004,1836752
21818,760,0,CV002_004,1837512
21819,688,0,CV002_004,1838200
21820,732,0,CV002_004,1838932
21821,736,0,CV002_004,1839668
21822,724,0,CV002_004,1840392
21823,748,0,CV002_004,1841140
21824,736,0,CV002_004,1841876
21825,784,1,CV002_004,1842660
21826,692,0,CV002_004,1843352
21827,716,0,CV002_004,1844068
21828,736,0,CV002_004,1844804
21829,772,0,CV002_004,1845576
21830,740,0,CV002_004,1846316
21831,684,0,CV002_004,1847000
21832,728,0,CV002_004,1847728
21833,776,0,CV002_004,1848504
21834,676,0,CV002_004,1849180
21835,728,0,CV002_004,1849908
21836,720,0,CV002_004,1850628
21837,720,0,CV002_004,1851348
21838,764,0,CV002_004,1852112
21839,660,0,CV002_004,1852772
21840,712,0,CV002_004,1853484
21841,752,0,CV002_004,1854236
21842,704,0,CV002_004,1854940
21843,656,0,CV002_004,1855596
21844,700,0,CV002_004,1856296
21845,700,0,CV002_004,1856996
21846,732,0,CV002_004,1857728
21847,684,0,CV002_004,1858412
21848,728,0,CV002_004,1859140
21849,792,0,CV002_004,1859932
21850,668,0,CV002_004,1860600
21851,728,0,CV002_004,1861328
21852,776,0,CV002_004,1862104
21853,692,0,CV002_004,1862796
21854,712,0,CV002_004,1863508
21855,724,0,CV002_004,1864232
21856,752,0,CV002_004,1864984
21857,728,0,CV002_004,1865712
21858,804,0,CV002_004,1866516
21859,692,0,CV002_004,1867208
21860,736,0,CV002_004,1867944
21861,788,0,CV002_004,1868732
21862,684,0,CV002_004,1869416
21863,740,0,CV002_004,1870156
21864,736,0,CV002_004,1870892
21865,732,0,CV002_004,1871624
21866,732,0,CV002_004,1872356
21867,728,0,CV002_004,1873084
21868,732,0,CV002_004,1873816
21869,792,0,CV002_004,1874608
21870,736,0,CV002_004,1875344
21871,684,0,CV002_004,1876028
21872,736,0,CV002_004,1876764
21873,728,0,CV002_004,1877492
21874,744,0,CV002_004,1878236
21875,744,0,CV002_004,1878980
21876,764,0,CV002_004,1879744
21877,744,0,CV002_004,1880488
21878,740,0,CV002_004,1881228
21879,736,0,CV002_004,1881964
21880,732,0,CV002_004,1882696
21881,712,0,CV002_004,1883408
21882,712,0,CV002_004,1884120
21883,708,0,CV002_004,1884828
21884,732,0,CV002_004,1885560
21885,740,0,CV002_004,1886300
21886,668,0,CV002_004,1886968
21887,704,0,CV002_004,1887672
21888,704,0,CV002_004,1888376
21889,716,0,CV002_004,1889092
21890,704,0,CV002_004,1889796
21891,752,0,CV002_004,1890548
21892,696,0,CV002_004,1891244
21893,692,0,CV002_004,1891936
21894,740,0,CV002_004,1892676
21895,704,0,CV002_004,1893380
21896,736,0,CV002_004,1894116
21897,744,0,CV002_004,1894860
21898,708,0,CV002_004,1895568
21899,648,0,CV002_004,1896216
21900,688,0,CV002_004,1896904
21901,676,0,CV002_004,1897580
21902,676,0,CV002_004,1898256
21903,676,0,CV002_004,1898932
21904,680,0,CV002_004,1899612
21905,692,0,CV002_004,1900304
21906,716,0,CV002_004,1901020
21907,684,0,CV002_004,1901704
21908,636,0,CV002_004,1902340
21909,688,0,CV002_004,1903028
21910,688,0,CV002_004,1903716
21911,692,0,CV002_004,1904408
21912,732,0,CV002_004,1905140
21913,636,0,CV002_004,1905776
21914,732,0,CV002_004,1906508
21915,636,0,CV002_004,1907144
21916,688,0,CV002_004,1907832
21917,732,0,CV002_004,1908564
21918,640,0,CV002_004,1909204
21919,692,0,CV002_004,1909896
21920,696,0,CV002_004,1910592
21921,696,0,CV002_004,1911288
21922,688,0,CV002_004,1911976
21923,692,0,CV002_004,1912668
21924,696,0,CV002_004,1913364
21925,720,0,CV002_004,1914084
21926,724,0,CV002_004,1914808
21927,700,0,CV002_004,1915508
21928,640,0,CV002_004,1916148
21929,700,0,CV002_004,1916848
21930,688,0,CV002_004,1917536
21931,740,1,CV002_004,1918276
21932,640,0,CV002_004,1918916
21933,696,0,CV002_004,1919612
21934,692,0,CV002_004,1920304
21935,688,0,CV002_004,1920992
21936,732,1,CV002_004,1921724
21937,652,0,CV002_004,1922376
21938,700,0,CV002_004,1923076
21939,696,0,CV002_004,1923772
21940,748,1,CV002_004,1924520
21941,640,0,CV002_004,1925160
21942,696,0,CV002_004,1925856
21943,688,0,CV002_004,1926544
21944,696,0,CV002_004,1927240
21945,740,1,CV002_004,1927980
21946,648,0,CV002_004,1928628
21947,696,0,CV002_004,1929324
21948,704,0,CV002_004,1930028
21949,704,0,CV002_004,1930732
21950,708,0,CV002_004,1931440
21951,788,0,CV002_004,1932228
21952,752,0,CV002_004,1932980
21953,696,0,CV002_004,1933676
21954,780,0,CV002_004,1934456
21955,696,0,CV002_004,1935152
21956,732,0,CV002_004,1935884
21957,736,0,CV002_004,1936620
21958,748,0,CV002_004,1937368
21959,780,0,CV002_004,1938148
21960,692,0,CV002_004,1938840
21961,740,0,CV002_004,1939580
21962,792,0,CV002_004,1940372
21963,744,0,CV002_004,1941116
21964,708,0,CV002_004,1941824
21965,752,0,CV002_004,1942576
21966,796,0,CV002_004,1943372
21967,756,0,CV002_004,1944128
21968,700,0,CV002_004,1944828
21969,800,0,CV002_004,1945628
21970,752,0,CV002_004,1946380
21971,700,0,CV002_004,1947080
21972,752,0,CV002_004,1947832
21973,780,0,CV002_004,1948612
21974,732,0,CV002_004,1949344
21975,676,0,CV002_004,1950020
21976,720,0,CV002_004,1950740
21977,720,0,CV002_004,1951460
21978,740,0,CV002_004,1952200
21979,724,0,CV002_004,1952924
21980,712,0,CV002_004,1953636
21981,784,0,CV002_004,1954420
21982,672,0,CV002_004,1955092
21983,724,0,CV002_004,1955816
21984,776,0,CV002_004,1956592
21985,684,0,CV002_004,1957276
21986,728,0,CV002_004,1958004
21987,780,0,CV002_004,1958784
21988,684,0,CV002_004,1959468
21989,760,0,CV002_004,1960228
21990,816,0,CV002_004,1961044
21991,672,0,CV002_004,1961716
21992,736,0,CV002_004,1962452
21993,784,0,CV002_004,1963236
21994,692,0,CV002_004,1963928
21995,748,0,CV002_004,1964676
21996,748,0,CV002_004,1965424
21997,796,1,CV002_004,1966220
21998,700,0,CV002_004,1966920
21999,736,0,CV002_004,1967656
22000,748,0,CV002_004,1968404
22001,744,0,CV002_004,1969148
22002,788,0,CV002_004,1969936
22003,744,0,CV002_004,1970680
22004,744,0,CV002_004,1971424
22005,680,0,CV002_004,1972104
22006,720,0,CV002_004,1972824
22007,780,0,CV002_004,1973604
22008,740,0,CV002_004,1974344
22009,692,0,CV002_004,1975036
22010,752,0,CV002_004,1975788
22011,780,0,CV002_004,1976568
22012,724,0,CV002_004,1977292
22013,700,0,CV002_004,1977992
22014,648,0,CV002_004,1978640
22015,752,0,CV002_004,1979392
22016,720,0,CV002_004,1980112
22017,684,0,CV002_004,1980796
22018,776,0,CV002_004,1981572
22019,692,0,CV002_004,1982264
22020,736,0,CV002_004,1983000
22021,808,0,CV002_004,1983808
22022,752,0,CV002_004,1984560
22023,716,0,CV002_004,1985276
22024,812,0,CV002_004,1986088
22025,784,0,CV002_004,1986872
22026,712,0,CV002_004,1987584
22027,808,0,CV002_004,1988392
22028,760,0,CV002_004,1989152
22029,700,0,CV002_004,1989852
22030,748,0,CV002_004,1990600
22031,800,0,CV002_004,1991400
22032,720,0,CV002_004,1992120
22033,748,0,CV002_004,1992868
22034,760,0,CV002_004,1993628
22035,796,0,CV002_004,1994424
22036,800,0,CV002_004,1995224
22037,752,0,CV002_004,1995976
22038,752,0,CV002_004,1996728
22039,756,0,CV002_004,1997484
22040,756,0,CV002_004,1998240
22041,700,0,CV002_004,1998940
22042,728,0,CV002_004,1999668
22043,788,0,CV002_004,2000456
22044,672,0,CV002_004,2001128
22045,712,0,CV002_004,2001840
22046,752,0,CV002_004,2002592
22047,660,0,CV002_004,2003252
22048,700,0,CV002_004,2003952
22049,708,0,CV002_004,2004660
22050,756,0,CV002_004,2005416
22051,664,0,CV002_004,2006080
22052,712,0,CV002_004,2006792
22053,760,0,CV002_004,2007552
22054,692,0,CV002_004,2008244
22055,708,0,CV002_004,2008952
22056,724,0,CV002_004,2009676
22057,716,0,CV002_004,2010392
22058,752,0,CV002_004,2011144
22059,740,0,CV002_004,2011884
22060,728,0,CV002_004,2012612
22061,740,0,CV002_004,2013352
22062,720,0,CV002_004,2014072
22063,736,0,CV002_004,2014808
22064,760,0,CV002_004,2015568
22065,664,0,CV002_004,2016232
22066,784,0,CV002_004,2017016
22067,672,0,CV002_004,2017688
22068,712,0,CV002_004,2018400
22069,716,0,CV002_004,2019116
22070,752,0,CV002_004,2019868
22071,704,0,CV002_004,2020572
22072,648,0,CV002_004,2021220
22073,748,0,CV002_004,2021968
22074,644,0,CV002_004,2022612
22075,696,0,CV002_004,2023308
22076,696,0,CV002_004,2024004
22077,700,0,CV002_004,2024704
22078,692,0,CV002_004,2025396
22079,700,0,CV002_004,2026096
22080,708,0,CV002_004,2026804
22081,760,0,CV002_004,2027564
22082,716,0,CV002_004,2028280
22083,664,0,CV002_004,2028944
22084,716,0,CV002_004,2029660
22085,776,0,CV002_004,2030436
22086,676,0,CV002_004,2031112
22087,732,0,CV002_004,2031844
22088,784,0,CV002_004,2032628
22089,744,0,CV002_004,2033372
22090,704,0,CV002_004,2034076
22091,748,0,CV002_004,2034824
22092,796,0,CV002_004,2035620
22093,692,0,CV002_004,2036312
22094,740,0,CV002_004,2037052
22095,732,0,CV002_004,2037784
22096,724,0,CV002_004,2038508
22097,744,0,CV002_004,2039252
22098,728,0,CV002_004,2039980
22099,800,0,CV002_004,2040780
22100,716,0,CV002_004,2041496
22101,740,0,CV002_004,2042236
22102,740,0,CV002_004,2042976
22103,776,0,CV002_004,2043752
22104,732,0,CV002_004,2044484
22105,668,0,CV002_004,2045152
22106,704,0,CV002_004,2045856
22107,752,0,CV002_004,2046608
22108,672,0,CV002_004,2047280
22109,708,0,CV002_004,2047988
22110,764,0,CV002_004,2048752
22111,752,0,CV002_004,2049504
22112,664,0,CV002_004,2050168
22113,740,0,CV002_004,2050908
22114,752,0,CV002_004,2051660
22115,784,0,CV002_004,2052444
22116,688,0,CV002_004,2053132
22117,788,0,CV002_004,2053920
22118,748,0,CV002_004,2054668
22119,744,0,CV002_004,2055412
22120,680,0,CV002_004,2056092
22121,780,0,CV002_004,2056872
22122,736,0,CV002_004,2057608
22123,696,0,CV002_004,2058304
22124,780,0,CV002_004,2059084
22125,748,0,CV002_004,2059832
22126,760,0,CV002_004,2060592
22127,692,0,CV002_004,2061284
22128,800,0,CV002_004,2062084
22129,756,0,CV002_004,2062840
22130,744,0,CV002_004,2063584
22131,692,0,CV002_004,2064276
22132,776,0,CV002_004,2065052
22133,692,0,CV002_004,2065744
22134,724,0,CV002_004,2066468
22135,740,0,CV002_004,2067208
22136,788,0,CV002_004,2067996
22137,748,0,CV002_004,2068744
22138,716,0,CV002_004,2069460
22139,804,0,CV002_004,2070264
22140,808,0,CV002_004,2071072
22141,708,0,CV002_004,2071780
22142,820,0,CV002_004,2072600
22143,784,0,CV002_004,2073384
22144,740,0,CV002_004,2074124
22145,788,0,CV002_004,2074912
22146,792,0,CV002_004,2075704
22147,804,0,CV002_004,2076508
22148,780,0,CV002_004,2077288
22149,776,0,CV002_004,2078064
22150,832,0,CV002_004,2078896
22151,816,0,CV002_004,2079712
22152,712,0,CV002_004,2080424
22153,776,0,CV002_004,2081200
22154,808,0,CV002_004,2082008
22155,772,0,CV002_004,2082780
22156,700,0,CV002_004,2083480
22157,748,0,CV002_004,2084228
22158,788,0,CV002_004,2085016
22159,692,0,CV002_004,2085708
22160,744,0,CV002_004,2086452
22161,776,0,CV002_004,2087228
22162,744,0,CV002_004,2087972
22163,744,0,CV002_004,2088716
22164,684,0,CV002_004,2089400
22165,772,0,CV002_004,2090172
22166,712,0,CV002_004,2090884
22167,720,0,CV002_004,2091604
22168,664,0,CV002_004,2092268
22169,716,0,CV002_004,2092984
22170,760,0,CV002_004,2093744
22171,716,0,CV002_004,2094460
22172,724,0,CV002_004,2095184
22173,776,1,CV002_004,2095960
22174,680,0,CV002_004,2096640
22175,732,0,CV002_004,2097372
22176,724,0,CV002_004,2098096
22177,780,0,CV002_004,2098876
22178,764,0,CV002_004,2099640
22179,680,0,CV002_004,2100320
22180,748,0,CV002_004,2101068
22181,800,0,CV002_004,2101868
22182,772,0,CV002_004,2102640
22183,688,0,CV002_004,2103328
22184,740,0,CV002_004,2104068
22185,796,0,CV002_004,2104864
22186,744,0,CV002_004,2105608
22187,676,0,CV002_004,2106284
22188,764,0,CV002_004,2107048
22189,716,0,CV002_004,2107764
22190,676,0,CV002_004,2108440
22191,724,0,CV002_004,2109164
22192,784,0,CV002_004,2109948
22193,772,0,CV002_004,2110720
22194,688,0,CV002_004,2111408
22195,792,0,CV002_004,2112200
22196,760,0,CV002_004,2112960
22197,716,0,CV002_004,2113676
22198,752,0,CV002_004,2114428
22199,740,0,CV002_004,2115168
22200,768,0,CV002_004,2115936
22201,672,0,CV002_004,2116608
22202,716,0,CV002_004,2117324
22203,776,0,CV002_004,2118100
22204,760,0,CV002_004,2118860
22205,676,0,CV002_004,2119536
22206,748,0,CV002_004,2120284
22207,824,0,CV002_004,2121108
22208,744,0,CV002_004,2121852
22209,752,0,CV002_004,2122604
22210,696,0,CV002_004,2123300
22211,804,0,CV002_004,2124104
22212,752,0,CV002_004,2124856
22213,752,0,CV002_004,2125608
22214,700,0,CV002_004,2126308
22215,792,0,CV002_004,2127100
22216,740,0,CV002_004,2127840
22217,680,0,CV002_004,2128520
22218,728,0,CV002_004,2129248
22219,772,0,CV002_004,2130020
22220,720,0,CV002_004,2130740
22221,720,0,CV002_004,2131460
22222,676,0,CV002_004,2132136
22223,728,0,CV002_004,2132864
22224,796,0,CV002_004,2133660
22225,704,0,CV002_004,2134364
22226,732,0,CV002_004,2135096
22227,780,0,CV002_004,2135876
22228,752,0,CV002_004,2136628
22229,696,0,CV002_004,2137324
22230,744,0,CV002_004,2138068
22231,796,0,CV002_004,2138864
22232,696,0,CV002_004,2139560
22233,748,0,CV002_004,2140308
22234,788,0,CV002_004,2141096
22235,748,0,CV002_004,2141844
22236,724,0,CV002_004,2142568
22237,688,0,CV002_004,2143256
22238,732,0,CV002_004,2143988
22239,816,0,CV002_004,2144804
22240,676,0,CV002_004,2145480
22241,732,0,CV002_004,2146212
22242,772,0,CV002_004,2146984
22243,724,0,CV002_004,2147708
22244,676,0,CV002_004,2148384
22245,764,0,CV002_004,2149148
22246,740,0,CV002_004,2149888
22247,736,0,CV002_004,2150624
22248,700,0,CV002_004,2151324
22249,788,0,CV002_004,2152112
22250,752,0,CV002_004,2152864
22251,692,0,CV002_004,2153556
22252,740,0,CV002_004,2154296
22253,792,0,CV002_004,2155088
22254,752,0,CV002_004,2155840
22255,692,0,CV002_004,2156532
22256,776,0,CV002_004,2157308
22257,740,0,CV002_004,2158048
22258,740,0,CV002_004,2158788
22259,744,0,CV002_004,2159532
22260,744,0,CV002_004,2160276
22261,764,0,CV002_004,2161040
22262,692,0,CV002_004,2161732
22263,788,0,CV002_004,2162520
22264,736,0,CV002_004,2163256
22265,688,0,CV002_004,2163944
22266,736,0,CV002_004,2164680
22267,768,0,CV002_004,2165448
22268,740,0,CV002_004,2166188
22269,692,0,CV002_004,2166880
22270,776,0,CV002_004,2167656
22271,740,0,CV002_004,2168396
22272,732,0,CV002_004,2169128
22273,680,0,CV002_004,2169808
22274,732,0,CV002_004,2170540
22275,724,0,CV002_004,2171264
22276,784,1,CV002_004,2172048
22277,656,0,CV002_004,2172704
22278,728,0,CV002_004,2173432
22279,712,0,CV002_004,2174144
22280,712,0,CV002_004,2174856
22281,720,0,CV002_004,2175576
22282,776,0,CV002_004,2176352
22283,680,0,CV002_004,2177032
22284,764,0,CV002_004,2177796
22285,756,0,CV002_004,2178552
22286,672,0,CV002_004,2179224
22287,780,0,CV002_004,2180004
22288,736,0,CV002_004,2180740
22289,744,0,CV002_004,2181484
22290,692,0,CV002_004,2182176
22291,732,0,CV002_004,2182908
22292,772,0,CV002_004,2183680
22293,732,0,CV002_004,2184412
22294,684,0,CV002_004,2185096
22295,768,0,CV002_004,2185864
22296,684,0,CV002_004,2186548
22297,796,0,CV002_004,2187344
22298,692,0,CV002_004,2188036
22299,784,0,CV002_004,2188820
22300,752,0,CV002_004,2189572
22301,696,0,CV002_004,2190268
22302,780,0,CV002_004,2191048
22303,772,0,CV002_004,2191820
22304,736,0,CV002_004,2192556
22305,700,0,CV002_004,2193256
22306,784,0,CV002_004,2194040
22307,772,0,CV002_004,2194812
22308,688,0,CV002_004,2195500
22309,748,0,CV002_004,2196248
22310,820,0,CV002_004,2197068
22311,740,0,CV002_004,2197808
22312,712,0,CV002_004,2198520
22313,796,0,CV002_004,2199316
22314,748,0,CV002_004,2200064
22315,752,0,CV002_004,2200816
22316,692,0,CV002_004,2201508
22317,776,0,CV002_004,2202284
22318,736,0,CV002_004,2203020
22319,740,0,CV002_004,2203760
22320,688,0,CV002_004,2204448
22321,772,0,CV002_004,2205220
22322,728,0,CV002_004,2205948
22323,732,0,CV002_004,2206680
22324,680,0,CV002_004,2207360
22325,760,0,CV002_004,2208120
22326,720,0,CV002_004,2208840
22327,728,0,CV002_004,2209568
22328,676,0,CV002_004,2210244
22329,724,0,CV002_004,2210968
22330,752,0,CV002_004,2211720
22331,764,0,CV002_004,2212484
22332,692,0,CV002_004,2213176
22333,728,0,CV002_004,2213904
22334,776,0,CV002_004,2214680
22335,668,0,CV002_004,2215348
22336,756,0,CV002_004,2216104
22337,752,0,CV002_004,2216856
22338,716,0,CV002_004,2217572
22339,720,0,CV002_004,2218292
22340,724,0,CV002_004,2219016
22341,716,0,CV002_004,2219732
22342,720,0,CV002_004,2220452
22343,716,0,CV002_004,2221168
22344,732,0,CV002_004,2221900
22345,756,0,CV002_004,2222656
22346,676,0,CV002_004,2223332
22347,756,0,CV002_004,2224088
22348,760,0,CV002_004,2224848
22349,684,0,CV002_004,2225532
22350,724,0,CV002_004,2226256
22351,724,0,CV002_004,2226980
22352,752,0,CV002_004,2227732
22353,716,0,CV002_004,2228448
22354,668,0,CV002_004,2229116
22355,708,0,CV002_004,2229824
22356,772,0,CV002_004,2230596
22357,732,0,CV002_004,2231328
22358,728,0,CV002_004,2232056
22359,740,0,CV002_004,2232796
22360,776,0,CV002_004,2233572
22361,680,0,CV002_004,2234252
22362,784,0,CV002_004,2235036
22363,688,0,CV002_004,2235724
22364,744,0,CV002_004,2236468
22365,732,0,CV002_004,2237200
22366,768,0,CV002_004,2237968
22367,736,0,CV002_004,2238704
22368,696,0,CV002_004,2239400
22369,740,0,CV002_004,2240140
22370,796,0,CV002_004,2240936
22371,748,0,CV002_004,2241684
22372,696,0,CV002_004,2242380
22373,788,0,CV002_004,2243168
22374,752,0,CV002_004,2243920
22375,680,0,CV002_004,2244600
22376,712,0,CV002_004,2245312
22377,716,0,CV002_004,2246028
22378,724,0,CV002_004,2246752
22379,732,0,CV002_004,2247484
22380,768,0,CV002_004,2248252
22381,740,0,CV002_004,2248992
22382,788,0,CV002_004,2249780
22383,744,0,CV002_004,2250524
22384,796,0,CV002_004,2251320
22385,764,0,CV002_004,2252084
22386,792,0,CV002_004,2252876
22387,740,0,CV002_004,2253616
22388,808,0,CV002_004,2254424
22389,764,0,CV002_004,2255188
22390,760,0,CV002_004,2255948
22391,740,0,CV002_004,2256688
22392,748,0,CV002_004,2257436
22393,744,0,CV002_004,2258180
22394,728,0,CV002_004,2258908
22395,760,0,CV002_004,2259668
22396,732,0,CV002_004,2260400
22397,748,0,CV002_004,2261148
22398,756,0,CV002_004,2261904
22399,776,0,CV002_004,2262680
22400,744,0,CV002_004,2263424
22401,764,0,CV002_004,2264188
22402,744,0,CV002_004,2264932
22403,788,0,CV002_004,2265720
22404,384,0,CV002_004,2266104
22405,348,0,CV002_004,2266452
22406,680,0,CV002_004,2267132
22407,764,0,CV002_004,2267896
22408,380,0,CV002_004,2268276
22409,296,0,CV002_004,2268572
22410,260,0,CV002_004,2268832
22411,448,0,CV002_004,2269280
22412,744,0,CV002_004,2270024
22413,716,0,CV002_004,2270740
22414,752,0,CV002_004,2271492
22415,392,0,CV002_004,2271884
22416,312,0,CV002_004,2272196
22417,736,0,CV002_004,2272932
22418,764,0,CV002_004,2273696
22419,384,0,CV002_004,2274080
22420,344,0,CV002_004,2274424
22421,508,0,CV002_004,2274932
22422,240,0,CV002_004,2275172
22423,236,0,CV002_004,2275408
22424,544,0,CV002_004,2275952
22425,1376,0,CV002_004,2277328
22426,620,0,CV002_004,2277948
22427,596,0,CV002_004,2278544
22428,184,0,CV002_004,2278728
22429,688,0,CV002_004,2279416
22430,700,0,CV002_004,2280116
22431,648,0,CV002_004,2280764
22432,660,0,CV002_004,2281424
22433,588,0,CV002_004,2282012
22434,720,0,CV002_004,2282732
22435,68,0,CV002_004,2282800
22436,592,0,CV002_004,2283392
22437,416,0,CV002_004,2283808
22438,248,0,CV002_004,2284056
22439,656,0,CV002_004,2284712
22440,280,0,CV002_004,2284992
22441,376,0,CV002_004,2285368
22442,844,0,CV002_004,2286212
22443,436,0,CV002_004,2286648
22444,112,0,CV002_004,2286760
22445,760,0,CV002_004,2287520
22446,332,0,CV002_004,2287852
22447,532,0,CV002_004,2288384
22448,144,0,CV002_004,2288528
22449,404,0,CV002_004,2288932
22450,776,0,CV002_004,2289708
22451,680,0,CV002_004,2290388
22452,384,0,CV003_001,384
22453,908,0,CV003_001,1292
22454,944,0,CV003_001,2236
22455,388,0,CV003_001,2624
22456,496,0,CV003_001,3120
22457,1016,0,CV003_001,4136
22458,896,0,CV003_001,5032
22459,420,0,CV003_001,5452
22460,516,0,CV003_001,5968
22461,652,0,CV003_001,6620
22462,168,0,CV003_001,6788
22463,272,0,CV003_001,7060
22464,352,0,CV003_001,7412
22465,384,0,CV003_001,7796
22466,276,0,CV003_001,8072
22467,644,0,CV003_001,8716
22468,924,0,CV003_001,9640
22469,964,0,CV003_001,10604
22470,372,0,CV003_001,10976
22471,488,0,CV003_001,11464
22472,920,0,CV003_001,12384
22473,936,0,CV003_001,13320
22474,940,0,CV003_001,14260
22475,952,0,CV003_001,15212
22476,916,0,CV003_001,16128
22477,940,0,CV003_001,17068
22478,936,0,CV003_001,18004
22479,944,0,CV003_001,18948
22480,720,0,CV003_001,19668
22481,200,0,CV003_001,19868
22482,928,0,CV003_001,20796
22483,908,0,CV003_001,21704
22484,896,0,CV003_001,22600
22485,880,0,CV003_001,23480
22486,864,0,CV003_001,24344
22487,880,0,CV003_001,25224
22488,380,0,CV003_001,25604
22489,508,0,CV003_001,26112
22490,916,0,CV003_001,27028
22491,900,0,CV003_001,27928
22492,908,0,CV003_001,28836
22493,904,0,CV003_001,29740
22494,916,0,CV003_001,30656
22495,848,0,CV003_001,31504
22496,300,0,CV003_001,31804
22497,660,0,CV003_001,32464
22498,956,0,CV003_001,33420
22499,868,0,CV003_001,34288
22500,628,0,CV003_001,34916
22501,256,0,CV003_001,35172
22502,920,0,CV003_001,36092
22503,928,0,CV003_001,37020
22504,912,0,CV003_001,37932
22505,928,0,CV003_001,38860
22506,912,0,CV003_001,39772
22507,916,0,CV003_001,40688
22508,920,0,CV003_001,41608
22509,932,0,CV003_001,42540
22510,920,0,CV003_001,43460
22511,948,0,CV003_001,44408
22512,872,0,CV003_001,45280
22513,960,0,CV003_001,46240
22514,864,0,CV003_001,47104
22515,948,0,CV003_001,48052
22516,864,0,CV003_001,48916
22517,956,0,CV003_001,49872
22518,896,0,CV003_001,50768
22519,884,0,CV003_001,51652
22520,868,0,CV003_001,52520
22521,868,0,CV003_001,53388
22522,844,0,CV003_001,54232
22523,940,0,CV003_001,55172
22524,920,0,CV003_001,56092
22525,936,0,CV003_001,57028
22526,924,0,CV003_001,57952
22527,908,0,CV003_001,58860
22528,912,0,CV003_001,59772
22529,952,0,CV003_001,60724
22530,928,0,CV003_001,61652
22531,884,0,CV003_001,62536
22532,908,0,CV003_001,63444
22533,988,0,CV003_001,64432
22534,888,0,CV003_001,65320
22535,928,0,CV003_001,66248
22536,780,0,CV003_001,67028
22537,132,0,CV003_001,67160
22538,964,0,CV003_001,68124
22539,876,0,CV003_001,69000
22540,980,0,CV003_001,69980
22541,676,0,CV003_001,70656
22542,196,0,CV003_001,70852
22543,928,0,CV003_001,71780
22544,944,0,CV003_001,72724
22545,612,0,CV003_001,73336
22546,332,0,CV003_001,73668
22547,388,0,CV003_001,74056
22548,536,0,CV003_001,74592
22549,964,0,CV003_001,75556
22550,704,0,CV003_001,76260
22551,1120,0,CV003_001,77380
22552,976,0,CV003_001,78356
22553,956,0,CV003_001,79312
22554,944,0,CV003_001,80256
22555,904,0,CV003_001,81160
22556,88,0,CV003_001,81248
22557,868,0,CV003_001,82116
22558,920,0,CV003_001,83036
22559,920,0,CV003_001,83956
22560,916,0,CV003_001,84872
22561,924,0,CV003_001,85796
22562,900,0,CV003_001,86696
22563,892,0,CV003_001,87588
22564,892,0,CV003_001,88480
22565,872,0,CV003_001,89352
22566,860,0,CV003_001,90212
22567,868,0,CV003_001,91080
22568,904,0,CV003_001,91984
22569,928,0,CV003_001,92912
22570,920,0,CV003_001,93832
22571,944,0,CV003_001,94776
22572,172,0,CV003_001,94948
22573,736,0,CV003_001,95684
22574,988,0,CV003_001,96672
22575,960,0,CV003_001,97632
22576,960,0,CV003_001,98592
22577,944,0,CV003_001,99536
22578,904,0,CV003_001,100440
22579,936,0,CV003_001,101376
22580,924,0,CV003_001,102300
22581,956,0,CV003_001,103256
22582,944,0,CV003_001,104200
22583,988,0,CV003_001,105188
22584,928,0,CV003_001,106116
22585,920,0,CV003_001,107036
22586,884,0,CV003_001,107920
22587,916,0,CV003_001,108836
22588,920,0,CV003_001,109756
22589,968,1,CV003_001,110724
22590,860,0,CV003_001,111584
22591,916,0,CV003_001,112500
22592,908,0,CV003_001,113408
22593,916,0,CV003_001,114324
22594,912,0,CV003_001,115236
22595,452,0,CV003_001,115688
22596,444,0,CV003_001,116132
22597,180,0,CV003_001,116312
22598,240,0,CV003_001,116552
22599,484,0,CV003_001,117036
22600,956,0,CV003_001,117992
22601,888,0,CV003_001,118880
22602,812,0,CV003_001,119692
22603,876,0,CV003_001,120568
22604,428,0,CV003_001,120996
22605,124,0,CV003_001,121120
22606,340,0,CV003_001,121460
22607,884,0,CV003_001,122344
22608,908,0,CV003_001,123252
22609,916,0,CV003_001,124168
22610,912,0,CV003_001,125080
22611,368,0,CV003_001,125448
22612,408,0,CV003_001,125856
22613,380,0,CV003_001,126236
22614,584,0,CV003_001,126820
22615,96,0,CV003_001,126916
22616,380,0,CV003_001,127296
22617,116,0,CV003_001,127412
22618,860,0,CV003_001,128272
22619,236,0,CV003_001,128508
22620,20,0,CV003_001,128528
22621,488,0,CV003_001,129016
22622,72,0,CV003_001,129088
22623,596,0,CV003_001,129684
22624,864,0,CV003_001,130548
22625,916,0,CV003_001,131464
22626,912,0,CV003_001,132376
22627,896,0,CV003_001,133272
22628,900,0,CV003_001,134172
22629,908,0,CV003_001,135080
22630,916,0,CV003_001,135996
22631,368,0,CV003_001,136364
22632,532,0,CV003_001,136896
22633,904,0,CV003_001,137800
22634,912,0,CV003_001,138712
22635,892,0,CV003_001,139604
22636,940,1,CV003_001,140544
22637,848,0,CV003_001,141392
22638,900,0,CV003_001,142292
22639,932,0,CV003_001,143224
22640,872,0,CV003_001,144096
22641,828,0,CV003_001,144924
22642,868,0,CV003_001,145792
22643,900,0,CV003_001,146692
22644,788,0,CV003_001,147480
22645,216,0,CV003_001,147696
22646,640,0,CV003_001,148336
22647,500,0,CV003_001,148836
22648,424,0,CV003_001,149260
22649,724,0,CV003_001,149984
22650,1048,0,CV003_001,151032
22651,900,0,CV003_001,151932
22652,704,0,CV003_001,152636
22653,1056,0,CV003_001,153692
22654,908,0,CV003_001,154600
22655,912,0,CV003_001,155512
22656,908,0,CV003_001,156420
22657,888,0,CV003_001,157308
22658,900,0,CV003_001,158208
22659,912,0,CV003_001,159120
22660,392,0,CV003_001,159512
22661,492,0,CV003_001,160004
22662,900,0,CV003_001,160904
22663,904,0,CV003_001,161808
22664,892,0,CV003_001,162700
22665,204,0,CV003_001,162904
22666,696,0,CV003_001,163600
22667,900,0,CV003_001,164500
22668,912,0,CV003_001,165412
22669,896,0,CV003_001,166308
22670,896,0,CV003_001,167204
22671,904,0,CV003_001,168108
22672,904,0,CV003_001,169012
22673,908,0,CV003_001,169920
22674,908,0,CV003_001,170828
22675,912,0,CV003_001,171740
22676,960,0,CV003_001,172700
22677,848,0,CV003_001,173548
22678,944,0,CV003_001,174492
22679,868,0,CV003_001,175360
22680,908,0,CV003_001,176268
22681,892,0,CV003_001,177160
22682,904,0,CV003_001,178064
22683,896,0,CV003_001,178960
22684,896,0,CV003_001,179856
22685,476,0,CV003_001,180332
22686,200,0,CV003_001,180532
22687,204,0,CV003_001,180736
22688,900,0,CV003_001,181636
22689,912,0,CV003_001,182548
22690,896,0,CV003_001,183444
22691,904,0,CV003_001,184348
22692,916,0,CV003_001,185264
22693,912,0,CV003_001,186176
22694,916,0,CV003_001,187092
22695,924,0,CV003_001,188016
22696,908,0,CV003_001,188924
22697,736,0,CV003_001,189660
22698,156,0,CV003_001,189816
22699,896,0,CV003_001,190712
22700,568,0,CV003_001,191280
22701,340,0,CV003_001,191620
22702,604,0,CV003_001,192224
22703,148,0,CV003_001,192372
22704,612,0,CV003_001,192984
22705,484,0,CV003_001,193468
22706,196,0,CV003_001,193664
22707,640,0,CV003_001,194304
22708,952,0,CV003_001,195256
22709,884,0,CV003_001,196140
22710,888,0,CV003_001,197028
22711,840,0,CV003_001,197868
22712,892,0,CV003_001,198760
22713,948,0,CV003_001,199708
22714,1724,0,CV003_001,201432
22715,892,0,CV003_001,202324
22716,732,0,CV003_001,203056
22717,208,0,CV003_001,203264
22718,876,0,CV003_001,204140
22719,836,0,CV003_001,204976
22720,884,0,CV003_001,205860
22721,912,0,CV003_001,206772
22722,884,0,CV003_001,207656
22723,836,0,CV003_001,208492
22724,928,0,CV003_001,209420
22725,816,0,CV003_001,210236
22726,880,0,CV003_001,211116
22727,876,0,CV003_001,211992
22728,928,1,CV003_001,212920
22729,808,0,CV003_001,213728
22730,860,0,CV003_001,214588
22731,872,0,CV003_001,215460
22732,864,0,CV003_001,216324
22733,864,0,CV003_001,217188
22734,860,0,CV003_001,218048
22735,872,0,CV003_001,218920
22736,864,0,CV003_001,219784
22737,860,0,CV003_001,220644
22738,912,0,CV003_001,221556
22739,860,0,CV003_001,222416
22740,868,0,CV003_001,223284
22741,808,0,CV003_001,224092
22742,860,0,CV003_001,224952
22743,872,0,CV003_001,225824
22744,912,0,CV003_001,226736
22745,660,0,CV003_001,227396
22746,156,0,CV003_001,227552
22747,868,0,CV003_001,228420
22748,916,0,CV003_001,229336
22749,864,0,CV003_001,230200
22750,884,0,CV003_001,231084
22751,528,0,CV003_001,231612
22752,336,0,CV003_001,231948
22753,872,0,CV003_001,232820
22754,372,0,CV003_001,233192
22755,436,0,CV003_001,233628
22756,720,0,CV003_001,234348
22757,132,0,CV003_001,234480
22758,904,0,CV003_001,235384
22759,868,0,CV003_001,236252
22760,784,0,CV003_001,237036
22761,508,0,CV003_001,237544
22762,432,0,CV003_001,237976
22763,864,0,CV003_001,238840
22764,120,0,CV003_001,238960
22765,236,0,CV003_001,239196
22766,240,0,CV003_001,239436
22767,276,0,CV003_001,239712
22768,352,0,CV003_001,240064
22769,532,0,CV003_001,240596
22770,100,0,CV003_001,240696
22771,748,0,CV003_001,241444
22772,828,0,CV003_001,242272
22773,336,0,CV003_001,242608
22774,496,0,CV003_001,243104
22775,80,0,CV003_001,243184
22776,880,0,CV003_001,244064
22777,908,0,CV003_001,244972
22778,840,0,CV003_001,245812
22779,56,0,CV003_001,245868
22780,880,0,CV003_001,246748
22781,516,0,CV003_001,247264
22782,284,0,CV003_001,247548
22783,872,0,CV003_001,248420
22784,652,0,CV003_001,249072
22785,216,0,CV003_001,249288
22786,512,0,CV003_001,249800
22787,68,0,CV003_001,249868
22788,288,0,CV003_001,250156
22789,872,0,CV003_001,251028
22790,880,0,CV003_001,251908
22791,872,0,CV003_001,252780
22792,844,0,CV003_001,253624
22793,904,0,CV003_001,254528
22794,888,0,CV003_001,255416
22795,336,0,CV003_001,255752
22796,564,0,CV003_001,256316
22797,896,0,CV003_001,257212
22798,900,0,CV003_001,258112
22799,880,0,CV003_001,258992
22800,880,0,CV003_001,259872
22801,892,0,CV003_001,260764
22802,892,0,CV003_001,261656
22803,888,0,CV003_001,262544
22804,928,0,CV003_001,263472
22805,888,0,CV003_001,264360
22806,836,0,CV003_001,265196
22807,876,0,CV003_001,266072
22808,916,0,CV003_001,266988
22809,828,0,CV003_001,267816
22810,924,0,CV003_001,268740
22811,832,0,CV003_001,269572
22812,876,0,CV003_001,270448
22813,884,0,CV003_001,271332
22814,876,0,CV003_001,272208
22815,888,0,CV003_001,273096
22816,868,0,CV003_001,273964
22817,876,0,CV003_001,274840
22818,880,0,CV003_001,275720
22819,868,0,CV003_001,276588
22820,884,0,CV003_001,277472
22821,880,0,CV003_001,278352
22822,940,0,CV003_001,279292
22823,868,0,CV003_001,280160
22824,824,0,CV003_001,280984
22825,868,0,CV003_001,281852
22826,912,0,CV003_001,282764
22827,820,0,CV003_001,283584
22828,916,0,CV003_001,284500
22829,828,0,CV003_001,285328
22830,860,0,CV003_001,286188
22831,860,0,CV003_001,287048
22832,860,0,CV003_001,287908
22833,900,1,CV003_001,288808
22834,796,0,CV003_001,289604
22835,856,0,CV003_001,290460
22836,856,0,CV003_001,291316
22837,860,0,CV003_001,292176
22838,900,0,CV003_001,293076
22839,812,0,CV003_001,293888
22840,912,0,CV003_001,294800
22841,820,0,CV003_001,295620
22842,872,0,CV003_001,296492
22843,884,0,CV003_001,297376
22844,880,0,CV003_001,298256
22845,872,0,CV003_001,299128
22846,436,0,CV003_001,299564
22847,420,0,CV003_001,299984
22848,868,0,CV003_001,300852
22849,908,0,CV003_001,301760
22850,800,0,CV003_001,302560
22851,832,0,CV003_001,303392
22852,836,0,CV003_001,304228
22853,864,0,CV003_001,305092
22854,848,0,CV003_001,305940
22855,856,0,CV003_001,306796
22856,860,0,CV003_001,307656
22857,904,1,CV003_001,308560
22858,812,0,CV003_001,309372
22859,868,0,CV003_001,310240
22860,868,0,CV003_001,311108
22861,864,0,CV003_001,311972
22862,860,0,CV003_001,312832
22863,920,0,CV003_001,313752
22864,876,0,CV003_001,314628
22865,880,0,CV003_001,315508
22866,812,0,CV003_001,316320
22867,908,0,CV003_001,317228
22868,824,0,CV003_001,318052
22869,864,0,CV003_001,318916
22870,848,0,CV003_001,319764
22871,852,0,CV003_001,320616
22872,856,0,CV003_001,321472
22873,852,0,CV003_001,322324
22874,904,0,CV003_001,323228
22875,812,0,CV003_001,324040
22876,856,0,CV003_001,324896
22877,900,0,CV003_001,325796
22878,796,0,CV003_001,326592
22879,860,0,CV003_001,327452
22880,856,0,CV003_001,328308
22881,852,0,CV003_001,329160
22882,860,0,CV003_001,330020
22883,856,0,CV003_001,330876
22884,904,1,CV003_001,331780
22885,808,0,CV003_001,332588
22886,848,0,CV003_001,333436
22887,860,0,CV003_001,334296
22888,904,1,CV003_001,335200
22889,796,0,CV003_001,335996
22890,848,0,CV003_001,336844
22891,852,0,CV003_001,337696
22892,896,0,CV003_001,338592
22893,844,0,CV003_001,339436
22894,788,0,CV003_001,340224
22895,892,0,CV003_001,341116
22896,860,0,CV003_001,341976
22897,808,0,CV003_001,342784
22898,848,0,CV003_001,343632
22899,864,0,CV003_001,344496
22900,860,0,CV003_001,345356
22901,876,0,CV003_001,346232
22902,916,0,CV003_001,347148
22903,864,0,CV003_001,348012
22904,824,0,CV003_001,348836
22905,860,0,CV003_001,349696
22906,908,0,CV003_001,350604
22907,820,0,CV003_001,351424
22908,860,0,CV003_001,352284
22909,860,0,CV003_001,353144
22910,852,0,CV003_001,353996
22911,868,0,CV003_001,354864
22912,908,1,CV003_001,355772
22913,804,0,CV003_001,356576
22914,844,0,CV003_001,357420
22915,852,0,CV003_001,358272
22916,852,0,CV003_001,359124
22917,848,0,CV003_001,359972
22918,844,0,CV003_001,360816
22919,848,0,CV003_001,361664
22920,832,0,CV003_001,362496
22921,872,0,CV003_001,363368
22922,820,0,CV003_001,364188
22923,848,0,CV003_001,365036
22924,784,0,CV003_001,365820
22925,844,0,CV003_001,366664
22926,860,0,CV003_001,367524
22927,912,0,CV003_001,368436
22928,812,0,CV003_001,369248
22929,900,0,CV003_001,370148
22930,812,0,CV003_001,370960
22931,864,0,CV003_001,371824
22932,856,0,CV003_001,372680
22933,848,0,CV003_001,373528
22934,900,0,CV003_001,374428
22935,800,0,CV003_001,375228
22936,884,0,CV003_001,376112
22937,672,0,CV003_001,376784
22938,160,0,CV003_001,376944
22939,600,0,CV003_001,377544
22940,28,0,CV003_001,377572
22941,680,0,CV003_001,378252
22942,272,0,CV003_001,378524
22943,76,0,CV003_001,378600
22944,664,0,CV003_001,379264
22945,124,0,CV003_001,379388
22946,132,0,CV003_001,379520
22947,408,0,CV003_001,379928
22948,288,0,CV003_001,380216
22949,836,0,CV003_001,381052
22950,840,0,CV003_001,381892
22951,892,1,CV003_001,382784
22952,792,0,CV003_001,383576
22953,848,0,CV003_001,384424
22954,864,0,CV003_001,385288
22955,864,0,CV003_001,386152
22956,852,0,CV003_001,387004
22957,852,0,CV003_001,387856
22958,852,0,CV003_001,388708
22959,252,0,CV003_001,388960
22960,596,0,CV003_001,389556
22961,844,0,CV003_001,390400
22962,168,0,CV003_001,390568
22963,688,0,CV003_001,391256
22964,844,0,CV003_001,392100
22965,840,0,CV003_001,392940
22966,292,0,CV003_001,393232
22967,592,0,CV003_001,393824
22968,140,0,CV003_001,393964
22969,648,0,CV003_001,394612
22970,832,0,CV003_001,395444
22971,828,0,CV003_001,396272
22972,828,0,CV003_001,397100
22973,840,0,CV003_001,397940
22974,876,0,CV003_001,398816
22975,784,0,CV003_001,399600
22976,840,0,CV003_001,400440
22977,1664,0,CV003_001,402104
22978,628,0,CV003_001,402732
22979,200,0,CV003_001,402932
22980,880,0,CV003_001,403812
22981,836,0,CV003_001,404648
22982,832,0,CV003_001,405480
22983,832,0,CV003_001,406312
22984,840,0,CV003_001,407152
22985,840,0,CV003_001,407992
22986,840,0,CV003_001,408832
22987,784,0,CV003_001,409616
22988,876,0,CV003_001,410492
22989,788,0,CV003_001,411280
22990,832,0,CV003_001,412112
22991,828,0,CV003_001,412940
22992,816,0,CV003_001,413756
22993,828,0,CV003_001,414584
22994,836,0,CV003_001,415420
22995,836,0,CV003_001,416256
22996,836,0,CV003_001,417092
22997,840,0,CV003_001,417932
22998,892,0,CV003_001,418824
22999,796,0,CV003_001,419620
23000,892,0,CV003_001,420512
23001,788,0,CV003_001,421300
23002,884,0,CV003_001,422184
23003,788,0,CV003_001,422972
23004,832,0,CV003_001,423804
23005,832,0,CV003_001,424636
23006,880,0,CV003_001,425516
23007,832,0,CV003_001,426348
23008,788,0,CV003_001,427136
23009,888,0,CV003_001,428024
23010,788,0,CV003_001,428812
23011,832,0,CV003_001,429644
23012,840,0,CV003_001,430484
23013,840,0,CV003_001,431324
23014,896,1,CV003_001,432220
23015,804,0,CV003_001,433024
23016,848,0,CV003_001,433872
23017,840,0,CV003_001,434712
23018,892,0,CV003_001,435604
23019,836,0,CV003_001,436440
23020,788,0,CV003_001,437228
23021,844,0,CV003_001,438072
23022,848,0,CV003_001,438920
23023,900,0,CV003_001,439820
23024,800,0,CV003_001,440620
23025,884,0,CV003_001,441504
23026,800,0,CV003_001,442304
23027,848,0,CV003_001,443152
23028,844,0,CV003_001,443996
23029,844,0,CV003_001,444840
23030,852,0,CV003_001,445692
23031,860,0,CV003_001,446552
23032,848,0,CV003_001,447400
23033,852,0,CV003_001,448252
23034,864,0,CV003_001,449116
23035,860,0,CV003_001,449976
23036,864,0,CV003_001,450840
23037,892,0,CV003_001,451732
23038,808,0,CV003_001,452540
23039,908,0,CV003_001,453448
23040,808,0,CV003_001,454256
23041,896,0,CV003_001,455152
23042,788,0,CV003_001,455940
23043,900,0,CV003_001,456840
23044,800,0,CV003_001,457640
23045,840,0,CV003_001,458480
23046,848,0,CV003_001,459328
23047,840,0,CV003_001,460168
23048,832,0,CV003_001,461000
23049,840,0,CV003_001,461840
23050,836,0,CV003_001,462676
23051,840,0,CV003_001,463516
23052,832,0,CV003_001,464348
23053,832,0,CV003_001,465180
23054,844,0,CV003_001,466024
23055,832,0,CV003_001,466856
23056,888,1,CV003_001,467744
23057,788,0,CV003_001,468532
23058,832,0,CV003_001,469364
23059,836,0,CV003_001,470200
23060,872,0,CV003_001,471072
23061,780,0,CV003_001,471852
23062,828,0,CV003_001,472680
23063,876,0,CV003_001,473556
23064,768,0,CV003_001,474324
23065,824,0,CV003_001,475148
23066,824,0,CV003_001,475972
23067,880,0,CV003_001,476852
23068,832,0,CV003_001,477684
23069,776,0,CV003_001,478460
23070,828,0,CV003_001,479288
23071,832,0,CV003_001,480120
23072,824,0,CV003_001,480944
23073,828,0,CV003_001,481772
23074,832,0,CV003_001,482604
23075,820,0,CV003_001,483424
23076,836,0,CV003_001,484260
23077,832,0,CV003_001,485092
23078,828,0,CV003_001,485920
23079,820,0,CV003_001,486740
23080,820,0,CV003_001,487560
23081,824,0,CV003_001,488384
23082,868,0,CV003_001,489252
23083,768,0,CV003_001,490020
23084,852,0,CV003_001,490872
23085,760,0,CV003_001,491632
23086,860,0,CV003_001,492492
23087,768,0,CV003_001,493260
23088,872,0,CV003_001,494132
23089,776,0,CV003_001,494908
23090,824,0,CV003_001,495732
23091,876,0,CV003_001,496608
23092,788,0,CV003_001,497396
23093,880,0,CV003_001,498276
23094,828,0,CV003_001,499104
23095,788,0,CV003_001,499892
23096,836,0,CV003_001,500728
23097,880,0,CV003_001,501608
23098,844,0,CV003_001,502452
23099,836,0,CV003_001,503288
23100,840,0,CV003_001,504128
23101,828,0,CV003_001,504956
23102,832,0,CV003_001,505788
23103,828,0,CV003_001,506616
23104,836,0,CV003_001,507452
23105,828,0,CV003_001,508280
23106,792,0,CV003_001,509072
23107,844,0,CV003_001,509916
23108,832,0,CV003_001,510748
23109,880,0,CV003_001,511628
23110,828,0,CV003_001,512456
23111,784,0,CV003_001,513240
23112,876,0,CV003_001,514116
23113,824,0,CV003_001,514940
23114,776,0,CV003_001,515716
23115,820,0,CV003_001,516536
23116,828,0,CV003_001,517364
23117,876,0,CV003_001,518240
23118,776,0,CV003_001,519016
23119,872,0,CV003_001,519888
23120,836,0,CV003_001,520724
23121,776,0,CV003_001,521500
23122,832,0,CV003_001,522332
23123,836,0,CV003_001,523168
23124,840,0,CV003_001,524008
23125,876,0,CV003_001,524884
23126,824,0,CV003_001,525708
23127,788,0,CV003_001,526496
23128,832,0,CV003_001,527328
23129,836,0,CV003_001,528164
23130,884,0,CV003_001,529048
23131,840,0,CV003_001,529888
23132,840,0,CV003_001,530728
23133,836,0,CV003_001,531564
23134,780,0,CV003_001,532344
23135,832,0,CV003_001,533176
23136,828,0,CV003_001,534004
23137,876,0,CV003_001,534880
23138,832,0,CV003_001,535712
23139,836,0,CV003_001,536548
23140,844,0,CV003_001,537392
23141,840,0,CV003_001,538232
23142,832,0,CV003_001,539064
23143,832,0,CV003_001,539896
23144,780,0,CV003_001,540676
23145,820,0,CV003_001,541496
23146,824,0,CV003_001,542320
23147,820,0,CV003_001,543140
23148,828,0,CV003_001,543968
23149,820,0,CV003_001,544788
23150,816,0,CV003_001,545604
23151,820,0,CV003_001,546424
23152,868,0,CV003_001,547292
23153,768,0,CV003_001,548060
23154,820,0,CV003_001,548880
23155,880,0,CV003_001,549760
23156,832,0,CV003_001,550592
23157,780,0,CV003_001,551372
23158,888,0,CV003_001,552260
23159,796,0,CV003_001,553056
23160,832,0,CV003_001,553888
23161,964,0,CV003_001,554852
23162,112,0,CV003_001,554964
23163,220,0,CV003_001,555184
23164,396,0,CV003_001,555580
23165,844,0,CV003_001,556424
23166,836,0,CV003_001,557260
23167,832,0,CV003_001,558092
23168,852,0,CV003_001,558944
23169,852,0,CV003_001,559796
23170,844,0,CV003_001,560640
23171,848,0,CV003_001,561488
23172,872,0,CV003_001,562360
23173,936,0,CV003_001,563296
23174,908,0,CV003_001,564204
23175,904,0,CV003_001,565108
23176,900,0,CV003_001,566008
23177,892,0,CV003_001,566900
23178,880,0,CV003_001,567780
23179,872,0,CV003_001,568652
23180,868,0,CV003_001,569520
23181,876,0,CV003_001,570396
23182,884,0,CV003_001,571280
23183,872,0,CV003_001,572152
23184,868,0,CV003_001,573020
23185,900,1,CV003_001,573920
23186,812,0,CV003_001,574732
23187,864,0,CV003_001,575596
23188,872,0,CV003_001,576468
23189,908,0,CV003_001,577376
23190,824,0,CV003_001,578200
23191,928,0,CV003_001,579128
23192,872,0,CV003_001,580000
23193,820,0,CV003_001,580820
23194,920,0,CV003_001,581740
23195,812,0,CV003_001,582552
23196,864,0,CV003_001,583416
23197,852,0,CV003_001,584268
23198,928,0,CV003_001,585196
23199,876,0,CV003_001,586072
23200,876,0,CV003_001,586948
23201,876,0,CV003_001,587824
23202,820,0,CV003_001,588644
23203,928,0,CV003_001,589572
23204,836,0,CV003_001,590408
23205,936,0,CV003_001,591344
23206,856,0,CV003_001,592200
23207,828,0,CV003_001,593028
23208,876,0,CV003_001,593904
23209,868,0,CV003_001,594772
23210,904,1,CV003_001,595676
23211,808,0,CV003_001,596484
23212,864,0,CV003_001,597348
23213,864,0,CV003_001,598212
23214,860,0,CV003_001,599072
23215,876,0,CV003_001,599948
23216,880,0,CV003_001,600828
23217,872,0,CV003_001,601700
23218,884,0,CV003_001,602584
23219,876,0,CV003_001,603460
23220,876,0,CV003_001,604336
23221,868,0,CV003_001,605204
23222,876,0,CV003_001,606080
23223,880,0,CV003_001,606960
23224,884,0,CV003_001,607844
23225,556,0,CV003_001,608400
23226,376,0,CV003_001,608776
23227,884,0,CV003_001,609660
23228,876,0,CV003_001,610536
23229,872,0,CV003_001,611408
23230,880,0,CV003_001,612288
23231,868,0,CV003_001,613156
23232,812,0,CV003_001,613968
23233,868,0,CV003_001,614836
23234,920,0,CV003_001,615756
23235,812,0,CV003_001,616568
23236,900,0,CV003_001,617468
23237,812,0,CV003_001,618280
23238,904,0,CV003_001,619184
23239,816,0,CV003_001,620000
23240,848,0,CV003_001,620848
23241,848,0,CV003_001,621696
23242,848,0,CV003_001,622544
23243,164,0,CV003_001,622708
23244,692,0,CV003_001,623400
23245,876,0,CV003_001,624276
23246,868,0,CV003_001,625144
23247,908,1,CV003_001,626052
23248,812,0,CV003_001,626864
23249,852,0,CV003_001,627716
23250,848,0,CV003_001,628564
23251,856,0,CV003_001,629420
23252,900,0,CV003_001,630320
23253,856,0,CV003_001,631176
23254,820,0,CV003_001,631996
23255,864,0,CV003_001,632860
23256,912,0,CV003_001,633772
23257,864,0,CV003_001,634636
23258,816,0,CV003_001,635452
23259,864,0,CV003_001,636316
23260,868,0,CV003_001,637184
23261,912,0,CV003_001,638096
23262,820,0,CV003_001,638916
23263,328,0,CV003_001,639244
23264,536,0,CV003_001,639780
23265,856,0,CV003_001,640636
23266,852,0,CV003_001,641488
23267,876,0,CV003_001,642364
23268,772,0,CV003_001,643136
23269,496,0,CV003_001,643632
23270,364,0,CV003_001,643996
23271,860,0,CV003_001,644856
23272,860,0,CV003_001,645716
23273,884,0,CV003_001,646600
23274,880,0,CV003_001,647480
23275,160,0,CV003_001,647640
23276,720,0,CV003_001,648360
23277,868,0,CV003_001,649228
23278,868,0,CV003_001,650096
23279,868,0,CV003_001,650964
23280,852,0,CV003_001,651816
23281,860,0,CV003_001,652676
23282,912,1,CV003_001,653588
23283,832,0,CV003_001,654420
23284,864,0,CV003_001,655284
23285,864,0,CV003_001,656148
23286,896,0,CV003_001,657044
23287,820,0,CV003_001,657864
23288,916,0,CV003_001,658780
23289,808,0,CV003_001,659588
23290,868,0,CV003_001,660456
23291,916,0,CV003_001,661372
23292,868,0,CV003_001,662240
23293,828,0,CV003_001,663068
23294,924,0,CV003_001,663992
23295,252,0,CV003_001,664244
23296,604,0,CV003_001,664848
23297,244,0,CV003_001,665092
23298,612,0,CV003_001,665704
23299,804,0,CV003_001,666508
23300,896,0,CV003_001,667404
23301,256,0,CV003_001,667660
23302,104,0,CV003_001,667764
23303,432,0,CV003_001,668196
23304,840,0,CV003_001,669036
23305,888,0,CV003_001,669924
23306,24,0,CV003_001,669948
23307,764,0,CV003_001,670712
23308,836,0,CV003_001,671548
23309,848,0,CV003_001,672396
23310,840,0,CV003_001,673236
23311,892,0,CV003_001,674128
23312,792,0,CV003_001,674920
23313,880,0,CV003_001,675800
23314,848,0,CV003_001,676648
23315,796,0,CV003_001,677444
23316,884,0,CV003_001,678328
23317,504,0,CV003_001,678832
23318,124,0,CV003_001,678956
23319,172,0,CV003_001,679128
23320,892,0,CV003_001,680020
23321,848,0,CV003_001,680868
23322,840,0,CV003_001,681708
23323,1652,0,CV003_001,683360
23324,828,0,CV003_001,684188
23325,832,0,CV003_001,685020
23326,840,0,CV003_001,685860
23327,836,0,CV003_001,686696
23328,492,0,CV003_001,687188
23329,136,0,CV003_001,687324
23330,248,0,CV003_001,687572
23331,224,0,CV003_001,687796
23332,388,0,CV003_001,688184
23333,168,0,CV003_001,688352
23334,748,0,CV003_001,689100
23335,308,0,CV003_001,689408
23336,640,0,CV003_001,690048
23337,440,0,CV003_001,690488
23338,260,0,CV003_001,690748
23339,160,0,CV003_001,690908
23340,340,0,CV003_001,691248
23341,516,0,CV003_001,691764
23342,304,0,CV003_001,692068
23343,556,0,CV003_001,692624
23344,260,0,CV003_001,692884
23345,108,0,CV003_001,692992
23346,644,0,CV003_001,693636
23347,144,0,CV003_001,693780
23348,272,0,CV003_001,694052
23349,252,0,CV003_001,694304
23350,432,0,CV003_001,694736
23351,308,0,CV003_001,695044
23352,588,0,CV003_001,695632
23353,1264,0,CV003_001,696896
23354,1040,0,CV003_001,697936
23355,484,0,CV003_001,698420
23356,116,0,CV003_001,698536
23357,896,0,CV003_001,699432
23358,844,0,CV003_001,700276
23359,828,0,CV003_001,701104
23360,844,0,CV003_001,701948
23361,840,0,CV003_001,702788
23362,844,0,CV003_001,703632
23363,852,0,CV003_001,704484
23364,524,0,CV003_001,705008
23365,328,0,CV003_001,705336
23366,800,0,CV003_001,706136
23367,848,0,CV003_001,706984
23368,504,0,CV003_001,707488
23369,352,0,CV003_001,707840
23370,212,0,CV003_001,708052
23371,640,0,CV003_001,708692
23372,676,0,CV003_001,709368
23373,216,0,CV003_001,709584
23374,596,0,CV003_001,710180
23375,248,0,CV003_001,710428
23376,812,0,CV003_001,711240
23377,848,0,CV003_001,712088
23378,860,0,CV003_001,712948
23379,864,0,CV003_001,713812
23380,876,0,CV003_001,714688
23381,860,0,CV003_001,715548
23382,860,0,CV003_001,716408
23383,856,0,CV003_001,717264
23384,852,0,CV003_001,718116
23385,656,0,CV003_001,718772
23386,244,0,CV003_001,719016
23387,856,0,CV003_001,719872
23388,856,0,CV003_001,720728
23389,804,0,CV003_001,721532
23390,900,0,CV003_001,722432
23391,808,0,CV003_001,723240
23392,848,0,CV003_001,724088
23393,460,0,CV003_001,724548
23394,436,0,CV003_001,724984
23395,804,0,CV003_001,725788
23396,840,0,CV003_001,726628
23397,840,0,CV003_001,727468
23398,892,0,CV003_001,728360
23399,796,0,CV003_001,729156
23400,848,0,CV003_001,730004
23401,568,0,CV003_001,730572
23402,288,0,CV003_001,730860
23403,344,0,CV003_001,731204
23404,76,0,CV003_001,731280
23405,216,0,CV003_001,731496
23406,216,0,CV003_001,731712
23407,904,0,CV003_001,732616
23408,800,0,CV003_001,733416
23409,864,0,CV003_001,734280
23410,868,0,CV003_001,735148
23411,344,0,CV003_001,735492
23412,560,0,CV003_001,736052
23413,632,0,CV003_001,736684
23414,248,0,CV003_001,736932
23415,828,0,CV003_001,737760
23416,480,0,CV003_001,738240
23417,372,0,CV003_001,738612
23418,420,0,CV003_001,739032
23419,432,0,CV003_001,739464
23420,568,0,CV003_001,740032
23421,276,0,CV003_001,740308
23422,840,0,CV003_001,741148
23423,300,0,CV003_001,741448
23424,348,0,CV003_001,741796
23425,68,0,CV003_001,741864
23426,432,0,CV003_001,742296
23427,284,0,CV003_001,742580
23428,112,0,CV003_001,742692
23429,796,0,CV003_001,743488
23430,276,0,CV003_001,743764
23431,720,0,CV003_001,744484
23432,320,0,CV003_001,744804
23433,208,0,CV003_001,745012
23434,308,0,CV003_001,745320
23435,304,0,CV003_001,745624
23436,348,0,CV003_001,745972
23437,184,0,CV003_001,746156
23438,880,0,CV003_001,747036
23439,44,0,CV003_001,747080
23440,680,0,CV003_001,747760
23441,148,0,CV003_001,747908
23442,544,0,CV003_001,748452
23443,192,0,CV003_001,748644
23444,492,0,CV003_001,749136
23445,508,0,CV003_001,749644
23446,172,0,CV003_001,749816
23447,496,0,CV003_001,750312
23448,244,0,CV003_001,750556
23449,396,0,CV003_001,750952
23450,464,0,CV003_001,751416
23451,852,0,CV003_001,752268
23452,188,0,CV003_001,752456
23453,652,0,CV003_001,753108
23454,808,0,CV003_001,753916
23455,908,0,CV003_001,754824
23456,292,0,CV003_001,755116
23457,580,0,CV003_001,755696
23458,288,0,CV003_001,755984
23459,172,0,CV003_001,756156
23460,412,0,CV003_001,756568
23461,828,0,CV003_001,757396
23462,916,0,CV003_001,758312
23463,876,0,CV003_001,759188
23464,880,0,CV003_001,760068
23465,864,0,CV003_001,760932
23466,832,0,CV003_001,761764
23467,948,0,CV003_001,762712
23468,308,0,CV003_001,763020
23469,500,0,CV003_001,763520
23470,876,0,CV003_001,764396
23471,888,0,CV003_001,765284
23472,632,0,CV003_001,765916
23473,288,0,CV003_001,766204
23474,1316,0,CV003_001,767520
23475,256,0,CV003_001,767776
23476,220,0,CV003_001,767996
23477,432,0,CV003_001,768428
23478,272,0,CV003_001,768700
23479,684,0,CV003_001,769384
23480,120,0,CV003_001,769504
23481,160,0,CV003_001,769664
23482,404,0,CV003_001,770068
23483,140,0,CV003_001,770208
23484,360,0,CV003_001,770568
23485,760,0,CV003_001,771328
23486,520,0,CV003_001,771848
23487,80,0,CV003_001,771928
23488,300,0,CV003_001,772228
23489,180,0,CV003_001,772408
23490,460,0,CV003_001,772868
23491,184,0,CV003_001,773052
23492,300,0,CV003_001,773352
23493,136,0,CV003_001,773488
23494,244,0,CV003_001,773732
23495,304,0,CV003_001,774036
23496,632,0,CV003_001,774668
23497,852,0,CV003_001,775520
23498,844,0,CV003_001,776364
23499,888,0,CV003_001,777252
23500,804,0,CV003_001,778056
23501,48,0,CV003_001,778104
23502,852,0,CV003_001,778956
23503,800,0,CV003_001,779756
23504,160,0,CV003_001,779916
23505,180,0,CV003_001,780096
23506,560,0,CV003_001,780656
23507,844,0,CV003_001,781500
23508,980,0,CV003_001,782480
23509,928,0,CV003_001,783408
23510,164,0,CV003_001,783572
23511,272,0,CV003_001,783844
23512,196,0,CV003_001,784040
23513,660,0,CV003_001,784700
23514,264,0,CV003_001,784964
23515,196,0,CV003_001,785160
23516,220,0,CV003_001,785380
23517,156,0,CV003_001,785536
23518,348,0,CV003_001,785884
23519,224,0,CV003_001,786108
23520,188,0,CV003_001,786296
23521,368,0,CV003_001,786664
23522,392,0,CV003_001,787056
23523,860,0,CV003_001,787916
23524,616,0,CV003_001,788532
23525,300,0,CV003_001,788832
23526,900,0,CV003_001,789732
23527,308,0,CV003_001,790040
23528,624,0,CV003_001,790664
23529,840,0,CV003_001,791504
23530,880,0,CV003_001,792384
23531,272,0,CV003_001,792656
23532,204,0,CV003_001,792860
23533,412,0,CV003_001,793272
23534,900,0,CV003_001,794172
23535,348,0,CV003_001,794520
23536,540,0,CV003_001,795060
23537,932,0,CV003_001,795992
23538,888,0,CV003_001,796880
23539,244,0,CV003_001,797124
23540,164,0,CV003_001,797288
23541,232,0,CV003_001,797520
23542,196,0,CV003_001,797716
23543,488,0,CV003_001,798204
23544,404,0,CV003_001,798608
23545,56,0,CV003_001,798664
23546,676,0,CV003_001,799340
23547,116,0,CV003_001,799456
23548,852,0,CV003_001,800308
23549,868,0,CV003_001,801176
23550,320,0,CV003_001,801496
23551,352,0,CV003_001,801848
23552,132,0,CV003_001,801980
23553,932,0,CV003_001,802912
23554,872,0,CV003_001,803784
23555,916,0,CV003_001,804700
23556,864,0,CV003_001,805564
23557,832,0,CV003_001,806396
23558,916,0,CV003_001,807312
23559,828,0,CV003_001,808140
23560,432,0,CV003_001,808572
23561,112,0,CV003_001,808684
23562,240,0,CV003_001,808924
23563,348,0,CV003_001,809272
23564,112,0,CV003_001,809384
23565,528,0,CV003_001,809912
23566,308,0,CV003_001,810220
23567,160,0,CV003_001,810380
23568,396,0,CV003_001,810776
23569,68,0,CV003_001,810844
23570,708,0,CV003_001,811552
23571,340,0,CV003_001,811892
23572,288,0,CV003_001,812180
23573,244,0,CV003_001,812424
23574,488,0,CV003_001,812912
23575,256,0,CV003_001,813168
23576,240,0,CV003_001,813408
23577,112,0,CV003_001,813520
23578,592,0,CV003_001,814112
23579,164,0,CV003_001,814276
23580,736,0,CV003_001,815012
23581,472,0,CV003_001,815484
23582,332,0,CV003_001,815816
23583,644,0,CV003_001,816460
23584,216,0,CV003_001,816676
23585,652,0,CV003_001,817328
23586,336,0,CV003_001,817664
23587,84,0,CV003_001,817748
23588,488,0,CV003_001,818236
23589,160,0,CV003_001,818396
23590,220,0,CV003_001,818616
23591,848,0,CV003_001,819464
23592,124,0,CV003_001,819588
23593,536,0,CV003_001,820124
23594,920,0,CV003_001,821044
23595,892,0,CV003_001,821936
23596,32,0,CV003_001,821968
23597,752,0,CV003_001,822720
23598,844,0,CV003_001,823564
23599,856,0,CV003_001,824420
23600,856,0,CV003_001,825276
23601,220,0,CV003_001,825496
23602,684,0,CV003_001,826180
23603,376,0,CV003_001,826556
23604,476,0,CV003_001,827032
23605,128,0,CV003_001,827160
23606,324,0,CV003_001,827484
23607,332,0,CV003_001,827816
23608,936,0,CV003_001,828752
23609,560,0,CV003_001,829312
23610,936,0,CV003_001,830248
23611,148,0,CV003_001,830396
23612,864,0,CV003_001,831260
23613,864,0,CV003_001,832124
23614,728,0,CV003_001,832852
23615,144,0,CV003_001,832996
23616,492,0,CV003_001,833488
23617,380,0,CV003_001,833868
23618,284,0,CV003_001,834152
23619,456,0,CV003_001,834608
23620,176,0,CV003_001,834784
23621,296,0,CV003_001,835080
23622,508,0,CV003_001,835588
23623,856,0,CV003_001,836444
23624,548,0,CV003_001,836992
23625,320,0,CV003_001,837312
23626,192,0,CV003_001,837504
23627,92,0,CV003_001,837596
23628,444,0,CV003_001,838040
23629,84,0,CV003_001,838124
23630,284,0,CV003_001,838408
23631,676,0,CV003_001,839084
23632,376,0,CV003_001,839460
23633,252,0,CV003_001,839712
23634,188,0,CV003_001,839900
23635,508,0,CV003_001,840408
23636,356,0,CV003_001,840764
23637,900,0,CV003_001,841664
23638,388,0,CV003_001,842052
23639,200,0,CV003_001,842252
23640,272,0,CV003_001,842524
23641,472,0,CV003_001,842996
23642,120,0,CV003_001,843116
23643,200,0,CV003_001,843316
23644,324,0,CV003_001,843640
23645,160,0,CV003_001,843800
23646,412,0,CV003_001,844212
23647,300,0,CV003_001,844512
23648,552,0,CV003_001,845064
23649,332,0,CV003_001,845396
23650,168,0,CV003_001,845564
23651,340,0,CV003_001,845904
23652,836,0,CV003_001,846740
23653,152,0,CV003_001,846892
23654,140,0,CV003_001,847032
23655,280,0,CV003_001,847312
23656,300,0,CV003_001,847612
23657,264,0,CV003_001,847876
23658,260,0,CV003_001,848136
23659,292,0,CV003_001,848428
23660,252,0,CV003_001,848680
23661,360,0,CV003_001,849040
23662,220,0,CV003_001,849260
23663,796,0,CV003_001,850056
23664,600,0,CV003_001,850656
23665,216,0,CV003_001,850872
23666,868,0,CV003_001,851740
23667,448,0,CV003_001,852188
23668,56,0,CV003_001,852244
23669,352,0,CV003_001,852596
23670,168,0,CV003_001,852764
23671,308,0,CV003_001,853072
23672,196,0,CV003_001,853268
23673,216,0,CV003_001,853484
23674,236,0,CV003_001,853720
23675,568,0,CV003_001,854288
23676,896,0,CV003_001,855184
23677,204,0,CV003_001,855388
23678,652,0,CV003_001,856040
23679,804,0,CV003_001,856844
23680,716,0,CV003_001,857560
23681,140,0,CV003_001,857700
23682,356,0,CV003_001,858056
23683,496,0,CV003_001,858552
23684,852,0,CV003_001,859404
23685,908,0,CV003_001,860312
23686,224,0,CV003_001,860536
23687,572,0,CV003_001,861108
23688,160,0,CV003_001,861268
23689,696,0,CV003_001,861964
23690,856,0,CV003_001,862820
23691,908,0,CV003_001,863728
23692,220,0,CV003_001,863948
23693,592,0,CV003_001,864540
23694,860,0,CV003_001,865400
23695,300,0,CV003_001,865700
23696,556,0,CV003_001,866256
23697,904,0,CV003_001,867160
23698,1092,0,CV003_001,868252
23699,240,0,CV003_001,868492
23700,368,0,CV003_001,868860
23701,840,0,CV003_001,869700
23702,560,0,CV003_001,870260
23703,244,0,CV003_001,870504
23704,1024,0,CV003_001,871528
23705,52,0,CV003_001,871580
23706,696,0,CV003_001,872276
23707,272,0,CV003_001,872548
23708,216,0,CV003_001,872764
23709,100,0,CV003_001,872864
23710,216,0,CV003_001,873080
23711,832,0,CV003_001,873912
23712,884,0,CV003_001,874796
23713,844,0,CV003_001,875640
23714,148,0,CV003_001,875788
23715,436,0,CV003_001,876224
23716,208,0,CV003_001,876432
23717,884,0,CV003_001,877316
23718,792,0,CV003_001,878108
23719,300,0,CV003_001,878408
23720,588,0,CV003_001,878996
23721,800,0,CV003_001,879796
23722,1176,0,CV003_001,880972
23723,516,0,CV003_001,881488
23724,844,0,CV003_001,882332
23725,840,0,CV003_001,883172
23726,880,0,CV003_001,884052
23727,232,0,CV003_001,884284
23728,192,0,CV003_001,884476
23729,368,0,CV003_001,884844
23730,268,0,CV003_001,885112
23731,272,0,CV003_001,885384
23732,296,0,CV003_001,885680
23733,72,0,CV003_001,885752
23734,240,0,CV003_001,885992
23735,528,0,CV003_001,886520
23736,336,0,CV003_001,886856
23737,492,0,CV003_001,887348
23738,208,0,CV003_001,887556
23739,616,0,CV003_001,888172
23740,820,0,CV003_001,888992
23741,848,0,CV003_001,889840
23742,216,0,CV003_001,890056
23743,380,0,CV003_001,890436
23744,252,0,CV003_001,890688
23745,396,0,CV003_001,891084
23746,428,0,CV003_001,891512
23747,432,0,CV003_001,891944
23748,400,0,CV003_001,892344
23749,832,0,CV003_001,893176
23750,820,0,CV003_001,893996
23751,200,0,CV003_001,894196
23752,644,0,CV003_001,894840
23753,844,0,CV003_001,895684
23754,844,0,CV003_001,896528
23755,880,0,CV003_001,897408
23756,788,0,CV003_001,898196
23757,888,0,CV003_001,899084
23758,796,0,CV003_001,899880
23759,888,0,CV003_001,900768
23760,840,0,CV003_001,901608
23761,800,0,CV003_001,902408
23762,888,0,CV003_001,903296
23763,840,0,CV003_001,904136
23764,196,0,CV003_001,904332
23765,624,0,CV003_001,904956
23766,832,0,CV003_001,905788
23767,836,0,CV003_001,906624
23768,496,0,CV003_001,907120
23769,340,0,CV003_001,907460
23770,384,0,CV003_001,907844
23771,468,0,CV003_001,908312
23772,816,0,CV003_001,909128
23773,420,0,CV003_001,909548
23774,444,0,CV003_001,909992
23775,848,0,CV003_001,910840
23776,308,0,CV003_001,911148
23777,604,0,CV003_001,911752
23778,260,0,CV003_001,912012
23779,548,0,CV003_001,912560
23780,880,0,CV003_001,913440
23781,792,0,CV003_001,914232
23782,844,0,CV003_001,915076
23783,888,0,CV003_001,915964
23784,844,0,CV003_001,916808
23785,796,0,CV003_001,917604
23786,824,0,CV003_001,918428
23787,844,0,CV003_001,919272
23788,848,0,CV003_001,920120
23789,884,0,CV003_001,921004
23790,832,0,CV003_001,921836
23791,792,0,CV003_001,922628
23792,824,0,CV003_001,923452
23793,844,0,CV003_001,924296
23794,836,0,CV003_001,925132
23795,836,0,CV003_001,925968
23796,836,0,CV003_001,926804
23797,828,0,CV003_001,927632
23798,832,0,CV003_001,928464
23799,828,0,CV003_001,929292
23800,832,0,CV003_001,930124
23801,740,0,CV003_001,930864
23802,356,0,CV003_001,931220
23803,560,0,CV003_001,931780
23804,828,0,CV003_001,932608
23805,836,0,CV003_001,933444
23806,832,0,CV003_001,934276
23807,432,0,CV003_001,934708
23808,452,0,CV003_001,935160
23809,772,0,CV003_001,935932
23810,820,0,CV003_001,936752
23811,876,0,CV003_001,937628
23812,832,0,CV003_001,938460
23813,800,0,CV003_001,939260
23814,840,0,CV003_001,940100
23815,848,0,CV003_001,940948
23816,440,0,CV003_001,941388
23817,164,0,CV003_001,941552
23818,280,0,CV003_001,941832
23819,796,0,CV003_001,942628
23820,476,0,CV003_001,943104
23821,360,0,CV003_001,943464
23822,44,0,CV003_001,943508
23823,784,0,CV003_001,944292
23824,816,0,CV003_001,945108
23825,820,0,CV003_001,945928
23826,820,0,CV003_001,946748
23827,816,0,CV003_001,947564
23828,804,0,CV003_001,948368
23829,816,0,CV003_001,949184
23830,824,0,CV003_001,950008
23831,828,0,CV003_001,950836
23832,828,0,CV003_001,951664
23833,844,0,CV003_001,952508
23834,888,0,CV003_001,953396
23835,808,0,CV003_001,954204
23836,904,0,CV003_001,955108
23837,804,0,CV003_001,955912
23838,844,0,CV003_001,956756
23839,864,0,CV003_001,957620
23840,860,0,CV003_001,958480
23841,856,0,CV003_001,959336
23842,860,0,CV003_001,960196
23843,896,1,CV003_001,961092
23844,808,0,CV003_001,961900
23845,836,0,CV003_001,962736
23846,844,0,CV003_001,963580
23847,900,1,CV003_001,964480
23848,812,0,CV003_001,965292
23849,848,0,CV003_001,966140
23850,848,0,CV003_001,966988
23851,860,0,CV003_001,967848
23852,868,0,CV003_001,968716
23853,860,0,CV003_001,969576
23854,864,0,CV003_001,970440
23855,868,0,CV003_001,971308
23856,876,0,CV003_001,972184
23857,924,0,CV003_001,973108
23858,832,0,CV003_001,973940
23859,908,0,CV003_001,974848
23860,856,0,CV003_001,975704
23861,820,0,CV003_001,976524
23862,852,0,CV003_001,977376
23863,828,0,CV003_001,978204
23864,888,0,CV003_001,979092
23865,792,0,CV003_001,979884
23866,884,0,CV003_001,980768
23867,792,0,CV003_001,981560
23868,884,0,CV003_001,982444
23869,776,0,CV003_001,983220
23870,884,0,CV003_001,984104
23871,840,0,CV003_001,984944
23872,840,0,CV003_001,985784
23873,800,0,CV003_001,986584
23874,844,0,CV003_001,987428
23875,840,0,CV003_001,988268
23876,852,0,CV003_001,989120
23877,848,0,CV003_001,989968
23878,824,0,CV003_001,990792
23879,888,0,CV003_001,991680
23880,796,0,CV003_001,992476
23881,852,0,CV003_001,993328
23882,900,0,CV003_001,994228
23883,808,0,CV003_001,995036
23884,856,0,CV003_001,995892
23885,856,0,CV003_001,996748
23886,852,0,CV003_001,997600
23887,840,0,CV003_001,998440
23888,880,0,CV003_001,999320
23889,844,0,CV003_001,1000164
23890,788,0,CV003_001,1000952
23891,892,0,CV003_001,1001844
23892,788,0,CV003_001,1002632
23893,848,0,CV003_001,1003480
23894,840,0,CV003_001,1004320
23895,848,0,CV003_001,1005168
23896,848,0,CV003_001,1006016
23897,892,1,CV003_001,1006908
23898,788,0,CV003_001,1007696
23899,848,0,CV003_001,1008544
23900,852,0,CV003_001,1009396
23901,852,0,CV003_001,1010248
23902,844,0,CV003_001,1011092
23903,832,0,CV003_001,1011924
23904,828,0,CV003_001,1012752
23905,888,0,CV003_001,1013640
23906,832,0,CV003_001,1014472
23907,828,0,CV003_001,1015300
23908,824,0,CV003_001,1016124
23909,772,0,CV003_001,1016896
23910,824,0,CV003_001,1017720
23911,828,0,CV003_001,1018548
23912,832,0,CV003_001,1019380
23913,832,0,CV003_001,1020212
23914,836,0,CV003_001,1021048
23915,824,0,CV003_001,1021872
23916,836,0,CV003_001,1022708
23917,884,1,CV003_001,1023592
23918,800,0,CV003_001,1024392
23919,828,0,CV003_001,1025220
23920,840,0,CV003_001,1026060
23921,844,0,CV003_001,1026904
23922,832,0,CV003_001,1027736
23923,888,0,CV003_001,1028624
23924,828,0,CV003_001,1029452
23925,840,0,CV003_001,1030292
23926,784,0,CV003_001,1031076
23927,820,0,CV003_001,1031896
23928,828,0,CV003_001,1032724
23929,832,0,CV003_001,1033556
23930,824,0,CV003_001,1034380
23931,872,1,CV003_001,1035252
23932,780,0,CV003_001,1036032
23933,816,0,CV003_001,1036848
23934,836,0,CV003_001,1037684
23935,828,0,CV003_001,1038512
23936,872,0,CV003_001,1039384
23937,816,0,CV003_001,1040200
23938,764,0,CV003_001,1040964
23939,632,0,CV003_001,1041596
23940,316,0,CV003_001,1041912
23941,692,0,CV003_001,1042604
23942,820,0,CV003_001,1043424
23943,812,0,CV003_001,1044236
23944,820,0,CV003_001,1045056
23945,812,0,CV003_001,1045868
23946,808,0,CV003_001,1046676
23947,808,0,CV003_001,1047484
23948,816,0,CV003_001,1048300
23949,828,0,CV003_001,1049128
23950,816,0,CV003_001,1049944
23951,820,0,CV003_001,1050764
23952,820,0,CV003_001,1051584
23953,832,0,CV003_001,1052416
23954,824,0,CV003_001,1053240
23955,816,0,CV003_001,1054056
23956,824,0,CV003_001,1054880
23957,828,0,CV003_001,1055708
23958,820,0,CV003_001,1056528
23959,812,0,CV003_001,1057340
23960,824,0,CV003_001,1058164
23961,824,0,CV003_001,1058988
23962,820,0,CV003_001,1059808
23963,860,0,CV003_001,1060668
23964,820,0,CV003_001,1061488
23965,816,0,CV003_001,1062304
23966,756,0,CV003_001,1063060
23967,824,0,CV003_001,1063884
23968,832,0,CV003_001,1064716
23969,832,0,CV003_001,1065548
23970,876,1,CV003_001,1066424
23971,768,0,CV003_001,1067192
23972,820,0,CV003_001,1068012
23973,824,0,CV003_001,1068836
23974,816,0,CV003_001,1069652
23975,828,0,CV003_001,1070480
23976,832,0,CV003_001,1071312
23977,872,1,CV003_001,1072184
23978,768,0,CV003_001,1072952
23979,820,0,CV003_001,1073772
23980,820,0,CV003_001,1074592
23981,820,0,CV003_001,1075412
23982,876,1,CV003_001,1076288
23983,772,0,CV003_001,1077060
23984,812,0,CV003_001,1077872
23985,812,0,CV003_001,1078684
23986,816,0,CV003_001,1079500
23987,828,0,CV003_001,1080328
23988,820,0,CV003_001,1081148
23989,860,0,CV003_001,1082008
23990,824,0,CV003_001,1082832
23991,812,0,CV003_001,1083644
23992,860,0,CV003_001,1084504
23993,852,0,CV003_001,1085356
23994,896,0,CV003_001,1086252
23995,840,0,CV003_001,1087092
23996,800,0,CV003_001,1087892
23997,892,0,CV003_001,1088784
23998,836,0,CV003_001,1089620
23999,836,0,CV003_001,1090456
24000,776,0,CV003_001,1091232
24001,832,0,CV003_001,1092064
24002,836,0,CV003_001,1092900
24003,832,0,CV003_001,1093732
24004,824,0,CV003_001,1094556
24005,832,0,CV003_001,1095388
24006,828,0,CV003_001,1096216
24007,836,0,CV003_001,1097052
24008,844,0,CV003_001,1097896
24009,844,0,CV003_001,1098740
24010,836,0,CV003_001,1099576
24011,832,0,CV003_001,1100408
24012,844,0,CV003_001,1101252
24013,832,0,CV003_001,1102084
24014,828,0,CV003_001,1102912
24015,824,0,CV003_001,1103736
24016,880,1,CV003_001,1104616
24017,776,0,CV003_001,1105392
24018,820,0,CV003_001,1106212
24019,824,0,CV003_001,1107036
24020,808,0,CV003_001,1107844
24021,816,0,CV003_001,1108660
24022,824,0,CV003_001,1109484
24023,864,0,CV003_001,1110348
24024,820,0,CV003_001,1111168
24025,808,0,CV003_001,1111976
24026,768,0,CV003_001,1112744
24027,820,0,CV003_001,1113564
24028,816,0,CV003_001,1114380
24029,816,0,CV003_001,1115196
24030,868,1,CV003_001,1116064
24031,760,0,CV003_001,1116824
24032,824,0,CV003_001,1117648
24033,832,0,CV003_001,1118480
24034,828,0,CV003_001,1119308
24035,868,1,CV003_001,1120176
24036,776,0,CV003_001,1120952
24037,828,0,CV003_001,1121780
24038,824,0,CV003_001,1122604
24039,400,0,CV003_001,1123004
24040,412,0,CV003_001,1123416
24041,816,0,CV003_001,1124232
24042,876,0,CV003_001,1125108
24043,548,0,CV003_001,1125656
24044,316,0,CV003_001,1125972
24045,188,0,CV003_001,1126160
24046,160,0,CV003_001,1126320
24047,432,0,CV003_001,1126752
24048,116,0,CV003_001,1126868
24049,664,0,CV003_001,1127532
24050,876,0,CV003_001,1128408
24051,816,0,CV003_001,1129224
24052,844,0,CV003_001,1130068
24053,848,0,CV003_001,1130916
24054,792,0,CV003_001,1131708
24055,848,0,CV003_001,1132556
24056,836,0,CV003_001,1133392
24057,844,0,CV003_001,1134236
24058,836,0,CV003_001,1135072
24059,832,0,CV003_001,1135904
24060,840,0,CV003_001,1136744
24061,888,0,CV003_001,1137632
24062,804,0,CV003_001,1138436
24063,852,0,CV003_001,1139288
24064,904,0,CV003_001,1140192
24065,804,0,CV003_001,1140996
24066,848,0,CV003_001,1141844
24067,888,0,CV003_001,1142732
24068,828,0,CV003_001,1143560
24069,780,0,CV003_001,1144340
24070,852,0,CV003_001,1145192
24071,848,0,CV003_001,1146040
24072,848,0,CV003_001,1146888
24073,848,0,CV003_001,1147736
24074,856,0,CV003_001,1148592
24075,856,0,CV003_001,1149448
24076,828,0,CV003_001,1150276
24077,848,0,CV003_001,1151124
24078,848,0,CV003_001,1151972
24079,888,0,CV003_001,1152860
24080,788,0,CV003_001,1153648
24081,840,0,CV003_001,1154488
24082,892,0,CV003_001,1155380
24083,840,0,CV003_001,1156220
24084,836,0,CV003_001,1157056
24085,788,0,CV003_001,1157844
24086,832,0,CV003_001,1158676
24087,840,0,CV003_001,1159516
24088,844,0,CV003_001,1160360
24089,852,0,CV003_001,1161212
24090,884,1,CV003_001,1162096
24091,776,0,CV003_001,1162872
24092,824,0,CV003_001,1163696
24093,820,0,CV003_001,1164516
24094,840,0,CV003_001,1165356
24095,888,0,CV003_001,1166244
24096,832,0,CV003_001,1167076
24097,832,0,CV003_001,1167908
24098,792,0,CV003_001,1168700
24099,836,0,CV003_001,1169536
24100,848,0,CV003_001,1170384
24101,848,0,CV003_001,1171232
24102,848,0,CV003_001,1172080
24103,900,1,CV003_001,1172980
24104,784,0,CV003_001,1173764
24105,840,0,CV003_001,1174604
24106,860,0,CV003_001,1175464
24107,844,0,CV003_001,1176308
24108,880,0,CV003_001,1177188
24109,824,0,CV003_001,1178012
24110,784,0,CV003_001,1178796
24111,848,0,CV003_001,1179644
24112,844,0,CV003_001,1180488
24113,832,0,CV003_001,1181320
24114,892,0,CV003_001,1182212
24115,844,0,CV003_001,1183056
24116,800,0,CV003_001,1183856
24117,880,0,CV003_001,1184736
24118,796,0,CV003_001,1185532
24119,836,0,CV003_001,1186368
24120,876,0,CV003_001,1187244
24121,776,0,CV003_001,1188020
24122,876,0,CV003_001,1188896
24123,824,0,CV003_001,1189720
24124,832,0,CV003_001,1190552
24125,780,0,CV003_001,1191332
24126,892,0,CV003_001,1192224
24127,796,0,CV003_001,1193020
24128,856,0,CV003_001,1193876
24129,912,0,CV003_001,1194788
24130,808,0,CV003_001,1195596
24131,864,0,CV003_001,1196460
24132,864,0,CV003_001,1197324
24133,896,0,CV003_001,1198220
24134,804,0,CV003_001,1199024
24135,852,0,CV003_001,1199876
24136,896,0,CV003_001,1200772
24137,840,0,CV003_001,1201612
24138,780,0,CV003_001,1202392
24139,892,0,CV003_001,1203284
24140,832,0,CV003_001,1204116
24141,828,0,CV003_001,1204944
24142,796,0,CV003_001,1205740
24143,892,0,CV003_001,1206632
24144,796,0,CV003_001,1207428
24145,832,0,CV003_001,1208260
24146,832,0,CV003_001,1209092
24147,844,0,CV003_001,1209936
24148,844,0,CV003_001,1210780
24149,876,0,CV003_001,1211656
24150,776,0,CV003_001,1212432
24151,840,0,CV003_001,1213272
24152,872,0,CV003_001,1214144
24153,788,0,CV003_001,1214932
24154,888,0,CV003_001,1215820
24155,812,0,CV003_001,1216632
24156,892,0,CV003_001,1217524
24157,800,0,CV003_001,1218324
24158,828,0,CV003_001,1219152
24159,892,0,CV003_001,1220044
24160,844,0,CV003_001,1220888
24161,788,0,CV003_001,1221676
24162,848,0,CV003_001,1222524
24163,840,0,CV003_001,1223364
24164,888,1,CV003_001,1224252
24165,788,0,CV003_001,1225040
24166,844,0,CV003_001,1225884
24167,848,0,CV003_001,1226732
24168,840,0,CV003_001,1227572
24169,892,1,CV003_001,1228464
24170,792,0,CV003_001,1229256
24171,836,0,CV003_001,1230092
24172,824,0,CV003_001,1230916
24173,832,0,CV003_001,1231748
24174,824,0,CV003_001,1232572
24175,876,0,CV003_001,1233448
24176,812,0,CV003_001,1234260
24177,776,0,CV003_001,1235036
24178,832,0,CV003_001,1235868
24179,820,0,CV003_001,1236688
24180,820,0,CV003_001,1237508
24181,872,1,CV003_001,1238380
24182,772,0,CV003_001,1239152
24183,824,0,CV003_001,1239976
24184,828,0,CV003_001,1240804
24185,836,0,CV003_001,1241640
24186,836,0,CV003_001,1242476
24187,900,0,CV003_001,1243376
24188,860,0,CV003_001,1244236
24189,856,0,CV003_001,1245092
24190,820,0,CV003_001,1245912
24191,856,0,CV003_001,1246768
24192,868,0,CV003_001,1247636
24193,844,0,CV003_001,1248480
24194,852,0,CV003_001,1249332
24195,896,1,CV003_001,1250228
24196,788,0,CV003_001,1251016
24197,836,0,CV003_001,1251852
24198,840,0,CV003_001,1252692
24199,824,0,CV003_001,1253516
24200,824,0,CV003_001,1254340
24201,832,0,CV003_001,1255172
24202,880,0,CV003_001,1256052
24203,816,0,CV003_001,1256868
24204,788,0,CV003_001,1257656
24205,844,0,CV003_001,1258500
24206,828,0,CV003_001,1259328
24207,816,0,CV003_001,1260144
24208,820,0,CV003_001,1260964
24209,872,0,CV003_001,1261836
24210,884,0,CV003_001,1262720
24211,876,0,CV003_001,1263596
24212,872,0,CV003_001,1264468
24213,920,0,CV003_001,1265388
24214,864,0,CV003_001,1266252
24215,820,0,CV003_001,1267072
24216,856,0,CV003_001,1267928
24217,852,0,CV003_001,1268780
24218,848,0,CV003_001,1269628
24219,840,0,CV003_001,1270468
24220,844,0,CV003_001,1271312
24221,856,0,CV003_001,1272168
24222,852,0,CV003_001,1273020
24223,844,0,CV003_001,1273864
24224,892,0,CV003_001,1274756
24225,852,0,CV003_001,1275608
24226,816,0,CV003_001,1276424
24227,904,0,CV003_001,1277328
24228,844,0,CV003_001,1278172
24229,808,0,CV003_001,1278980
24230,904,0,CV003_001,1279884
24231,856,0,CV003_001,1280740
24232,808,0,CV003_001,1281548
24233,840,0,CV003_001,1282388
24234,844,0,CV003_001,1283232
24235,840,0,CV003_001,1284072
24236,852,0,CV003_001,1284924
24237,852,0,CV003_001,1285776
24238,896,0,CV003_001,1286672
24239,852,0,CV003_001,1287524
24240,840,0,CV003_001,1288364
24241,812,0,CV003_001,1289176
24242,856,0,CV003_001,1290032
24243,884,0,CV003_001,1290916
24244,836,0,CV003_001,1291752
24245,604,0,CV003_001,1292356
24246,200,0,CV003_001,1292556
24247,852,0,CV003_001,1293408
24248,844,0,CV003_001,1294252
24249,840,0,CV003_001,1295092
24250,856,0,CV003_001,1295948
24251,864,0,CV003_001,1296812
24252,1728,0,CV003_001,1298540
24253,856,0,CV003_001,1299396
24254,860,0,CV003_001,1300256
24255,860,0,CV003_001,1301116
24256,860,0,CV003_001,1301976
24257,856,0,CV003_001,1302832
24258,856,0,CV003_001,1303688
24259,856,0,CV003_001,1304544
24260,872,0,CV003_001,1305416
24261,860,0,CV003_001,1306276
24262,860,0,CV003_001,1307136
24263,904,0,CV003_001,1308040
24264,860,0,CV003_001,1308900
24265,868,0,CV003_001,1309768
24266,864,0,CV003_001,1310632
24267,876,0,CV003_001,1311508
24268,828,0,CV003_001,1312336
24269,916,0,CV003_001,1313252
24270,848,0,CV003_001,1314100
24271,808,0,CV003_001,1314908
24272,864,0,CV003_001,1315772
24273,864,0,CV003_001,1316636
24274,864,0,CV003_001,1317500
24275,880,0,CV003_001,1318380
24276,868,0,CV003_001,1319248
24277,872,0,CV003_001,1320120
24278,908,0,CV003_001,1321028
24279,856,0,CV003_001,1321884
24280,800,0,CV003_001,1322684
24281,860,0,CV003_001,1323544
24282,872,0,CV003_001,1324416
24283,912,0,CV003_001,1325328
24284,820,0,CV003_001,1326148
24285,900,0,CV003_001,1327048
24286,804,0,CV003_001,1327852
24287,808,0,CV003_001,1328660
24288,680,0,CV003_001,1329340
24289,136,0,CV003_001,1329476
24290,424,0,CV003_001,1329900
24291,380,0,CV003_001,1330280
24292,260,0,CV003_001,1330540
24293,508,0,CV003_001,1331048
24294,148,0,CV003_001,1331196
24295,844,0,CV003_001,1332040
24296,64,0,CV003_001,1332104
24297,784,0,CV003_001,1332888
24298,796,0,CV003_001,1333684
24299,164,0,CV003_001,1333848
24300,304,0,CV003_001,1334152
24301,564,0,CV003_001,1334716
24302,364,0,CV003_001,1335080
24303,208,0,CV003_001,1335288
24304,808,0,CV003_001,1336096
24305,804,0,CV003_001,1336900
24306,804,0,CV003_001,1337704
24307,484,0,CV003_001,1338188
24308,332,0,CV003_001,1338520
24309,452,0,CV003_001,1338972
24310,1148,0,CV003_001,1340120
24311,904,0,CV003_001,1341024
24312,108,0,CV003_001,1341132
24313,2480,0,CV003_001,1343612
24314,852,0,CV003_001,1344464
24315,840,0,CV003_001,1345304
24316,868,0,CV003_001,1346172
24317,208,0,CV003_001,1346380
24318,188,0,CV003_001,1346568
24319,456,0,CV003_001,1347024
24320,184,0,CV003_001,1347208
24321,672,0,CV003_001,1347880
24322,328,0,CV003_001,1348208
24323,464,0,CV003_001,1348672
24324,616,0,CV003_001,1349288
24325,224,0,CV003_001,1349512
24326,252,0,CV003_001,1349764
24327,644,0,CV003_001,1350408
24328,140,0,CV003_001,1350548
24329,172,0,CV003_001,1350720
24330,476,0,CV003_001,1351196
24331,280,0,CV003_001,1351476
24332,556,0,CV003_001,1352032
24333,896,0,CV003_001,1352928
24334,400,0,CV003_001,1353328
24335,168,0,CV003_001,1353496
24336,768,0,CV003_001,1354264
24337,508,0,CV003_001,1354772
24338,148,0,CV003_001,1354920
24339,480,0,CV003_001,1355400
24340,760,0,CV003_001,1356160
24341,848,0,CV003_001,1357008
24342,624,0,CV003_001,1357632
24343,964,0,CV003_001,1358596
24344,172,0,CV003_001,1358768
24345,244,0,CV003_001,1359012
24346,288,0,CV003_001,1359300
24347,108,0,CV003_001,1359408
24348,748,0,CV003_001,1360156
24349,808,0,CV003_001,1360964
24350,800,0,CV003_001,1361764
24351,572,0,CV003_001,1362336
24352,228,0,CV003_001,1362564
24353,220,0,CV003_001,1362784
24354,604,0,CV003_001,1363388
24355,844,0,CV003_001,1364232
24356,876,0,CV003_001,1365108
24357,888,0,CV003_001,1365996
24358,880,0,CV003_001,1366876
24359,896,0,CV003_001,1367772
24360,876,0,CV003_001,1368648
24361,872,0,CV003_001,1369520
24362,856,0,CV003_001,1370376
24363,852,0,CV003_001,1371228
24364,848,0,CV003_001,1372076
24365,840,0,CV003_001,1372916
24366,800,0,CV003_001,1373716
24367,896,0,CV003_001,1374612
24368,772,0,CV003_001,1375384
24369,812,0,CV003_001,1376196
24370,864,0,CV003_001,1377060
24371,780,0,CV003_001,1377840
24372,868,0,CV003_001,1378708
24373,256,0,CV003_001,1378964
24374,536,0,CV003_001,1379500
24375,840,0,CV003_001,1380340
24376,848,0,CV003_001,1381188
24377,824,0,CV003_001,1382012
24378,856,0,CV003_001,1382868
24379,856,0,CV003_001,1383724
24380,904,0,CV003_001,1384628
24381,784,0,CV003_001,1385412
24382,836,0,CV003_001,1386248
24383,840,0,CV003_001,1387088
24384,888,0,CV003_001,1387976
24385,784,0,CV003_001,1388760
24386,440,0,CV003_001,1389200
24387,396,0,CV003_001,1389596
24388,892,0,CV003_001,1390488
24389,832,0,CV003_001,1391320
24390,920,0,CV003_001,1392240
24391,236,0,CV003_001,1392476
24392,496,0,CV003_001,1392972
24393,772,0,CV003_001,1393744
24394,820,0,CV003_001,1394564
24395,976,0,CV003_001,1395540
24396,112,0,CV003_001,1395652
24397,576,0,CV003_001,1396228
24398,876,0,CV003_001,1397104
24399,328,0,CV003_001,1397432
24400,484,0,CV003_001,1397916
24401,804,0,CV003_001,1398720
24402,408,0,CV003_001,1399128
24403,376,0,CV003_001,1399504
24404,816,0,CV003_001,1400320
24405,808,0,CV003_001,1401128
24406,648,0,CV003_001,1401776
24407,224,0,CV003_001,1402000
24408,756,0,CV003_001,1402756
24409,800,0,CV003_001,1403556
24410,784,0,CV003_001,1404340
24411,776,0,CV003_001,1405116
24412,780,0,CV003_001,1405896
24413,784,0,CV003_001,1406680
24414,780,0,CV003_001,1407460
24415,772,0,CV003_001,1408232
24416,808,0,CV003_001,1409040
24417,788,0,CV003_001,1409828
24418,812,0,CV003_001,1410640
24419,828,0,CV003_001,1411468
24420,860,0,CV003_001,1412328
24421,776,0,CV003_001,1413104
24422,848,0,CV003_001,1413952
24423,824,0,CV003_001,1414776
24424,824,0,CV003_001,1415600
24425,820,0,CV003_001,1416420
24426,828,0,CV003_001,1417248
24427,828,0,CV003_001,1418076
24428,804,0,CV003_001,1418880
24429,812,0,CV003_001,1419692
24430,816,0,CV003_001,1420508
24431,816,0,CV003_001,1421324
24432,852,0,CV003_001,1422176
24433,764,0,CV003_001,1422940
24434,816,0,CV003_001,1423756
24435,860,0,CV003_001,1424616
24436,764,0,CV003_001,1425380
24437,828,0,CV003_001,1426208
24438,880,0,CV003_001,1427088
24439,776,0,CV003_001,1427864
24440,884,0,CV003_001,1428748
24441,844,0,CV003_001,1429592
24442,796,0,CV003_001,1430388
24443,816,0,CV003_001,1431204
24444,888,0,CV003_001,1432092
24445,788,0,CV003_001,1432880
24446,540,0,CV003_001,1433420
24447,344,0,CV003_001,1433764
24448,772,0,CV003_001,1434536
24449,848,0,CV003_001,1435384
24450,836,0,CV003_001,1436220
24451,840,0,CV003_001,1437060
24452,572,0,CV003_001,1437632
24453,256,0,CV003_001,1437888
24454,456,0,CV003_001,1438344
24455,400,0,CV003_001,1438744
24456,852,0,CV003_001,1439596
24457,832,0,CV003_001,1440428
24458,844,0,CV003_001,1441272
24459,856,0,CV003_001,1442128
24460,840,0,CV003_001,1442968
24461,840,0,CV003_001,1443808
24462,856,0,CV003_001,1444664
24463,852,0,CV003_001,1445516
24464,832,0,CV003_001,1446348
24465,844,0,CV003_001,1447192
24466,856,0,CV003_001,1448048
24467,848,0,CV003_001,1448896
24468,832,0,CV003_001,1449728
24469,856,0,CV003_001,1450584
24470,860,0,CV003_001,1451444
24471,900,1,CV003_001,1452344
24472,792,0,CV003_001,1453136
24473,864,0,CV003_001,1454000
24474,872,0,CV003_001,1454872
24475,848,0,CV003_001,1455720
24476,840,0,CV003_001,1456560
24477,856,0,CV003_001,1457416
24478,916,1,CV003_001,1458332
24479,800,0,CV003_001,1459132
24480,848,0,CV003_001,1459980
24481,868,0,CV003_001,1460848
24482,864,0,CV003_001,1461712
24483,852,0,CV003_001,1462564
24484,852,0,CV003_001,1463416
24485,868,0,CV003_001,1464284
24486,880,0,CV003_001,1465164
24487,868,0,CV003_001,1466032
24488,860,0,CV003_001,1466892
24489,856,0,CV003_001,1467748
24490,840,0,CV003_001,1468588
24491,824,0,CV003_001,1469412
24492,832,0,CV003_001,1470244
24493,856,0,CV003_001,1471100
24494,904,0,CV003_001,1472004
24495,820,0,CV003_001,1472824
24496,848,0,CV003_001,1473672
24497,868,0,CV003_001,1474540
24498,884,0,CV003_001,1475424
24499,920,1,CV003_001,1476344
24500,800,0,CV003_001,1477144
24501,884,0,CV003_001,1478028
24502,896,0,CV003_001,1478924
24503,868,0,CV003_001,1479792
24504,896,0,CV003_001,1480688
24505,908,0,CV003_001,1481596
24506,892,0,CV003_001,1482488
24507,876,0,CV003_001,1483364
24508,896,0,CV003_001,1484260
24509,904,0,CV003_001,1485164
24510,892,0,CV003_001,1486056
24511,888,0,CV003_001,1486944
24512,908,0,CV003_001,1487852
24513,920,0,CV003_001,1488772
24514,904,0,CV003_001,1489676
24515,884,0,CV003_001,1490560
24516,912,0,CV003_001,1491472
24517,928,0,CV003_001,1492400
24518,956,1,CV003_001,1493356
24519,848,0,CV003_001,1494204
24520,936,0,CV003_001,1495140
24521,940,0,CV003_001,1496080
24522,920,0,CV003_001,1497000
24523,956,0,CV003_001,1497956
24524,828,0,CV003_001,1498784
24525,900,0,CV003_001,1499684
24526,960,0,CV003_001,1500644
24527,872,0,CV003_001,1501516
24528,916,0,CV003_001,1502432
24529,936,0,CV003_001,1503368
24530,848,0,CV003_001,1504216
24531,908,0,CV003_001,1505124
24532,892,0,CV003_001,1506016
24533,916,0,CV003_001,1506932
24534,940,0,CV003_001,1507872
24535,924,0,CV003_001,1508796
24536,900,0,CV003_001,1509696
24537,908,0,CV003_001,1510604
24538,916,0,CV003_001,1511520
24539,920,0,CV003_001,1512440
24540,940,0,CV003_001,1513380
24541,860,0,CV003_001,1514240
24542,924,0,CV003_001,1515164
24543,912,0,CV003_001,1516076
24544,888,0,CV003_001,1516964
24545,928,0,CV003_001,1517892
24546,924,0,CV003_001,1518816
24547,896,0,CV003_001,1519712
24548,864,0,CV003_001,1520576
24549,848,0,CV003_001,1521424
24550,872,0,CV003_001,1522296
24551,884,0,CV003_001,1523180
24552,876,0,CV003_001,1524056
24553,904,0,CV003_001,1524960
24554,920,0,CV003_001,1525880
24555,932,0,CV003_001,1526812
24556,908,0,CV003_001,1527720
24557,908,0,CV003_001,1528628
24558,928,0,CV003_001,1529556
24559,908,0,CV003_001,1530464
24560,908,0,CV003_001,1531372
24561,924,0,CV003_001,1532296
24562,924,0,CV003_001,1533220
24563,892,0,CV003_001,1534112
24564,916,0,CV003_001,1535028
24565,928,0,CV003_001,1535956
24566,932,0,CV003_001,1536888
24567,916,0,CV003_001,1537804
24568,936,0,CV003_001,1538740
24569,908,0,CV003_001,1539648
24570,916,0,CV003_001,1540564
24571,920,0,CV003_001,1541484
24572,904,0,CV003_001,1542388
24573,912,0,CV003_001,1543300
24574,924,0,CV003_001,1544224
24575,992,1,CV003_001,1545216
24576,856,0,CV003_001,1546072
24577,916,0,CV003_001,1546988
24578,952,0,CV003_001,1547940
24579,940,0,CV003_001,1548880
24580,964,0,CV003_001,1549844
24581,856,0,CV003_001,1550700
24582,916,0,CV003_001,1551616
24583,920,0,CV003_001,1552536
24584,904,0,CV003_001,1553440
24585,944,0,CV003_001,1554384
24586,932,0,CV003_001,1555316
24587,904,0,CV003_001,1556220
24588,940,0,CV003_001,1557160
24589,924,0,CV003_001,1558084
24590,980,1,CV003_001,1559064
24591,860,0,CV003_001,1559924
24592,908,0,CV003_001,1560832
24593,908,0,CV003_001,1561740
24594,920,0,CV003_001,1562660
24595,904,0,CV003_001,1563564
24596,904,0,CV003_001,1564468
24597,928,0,CV003_001,1565396
24598,928,0,CV003_001,1566324
24599,912,0,CV003_001,1567236
24600,928,0,CV003_001,1568164
24601,932,0,CV003_001,1569096
24602,916,0,CV003_001,1570012
24603,960,1,CV003_001,1570972
24604,828,0,CV003_001,1571800
24605,884,0,CV003_001,1572684
24606,900,0,CV003_001,1573584
24607,884,0,CV003_001,1574468
24608,932,1,CV003_001,1575400
24609,832,0,CV003_001,1576232
24610,892,0,CV003_001,1577124
24611,876,0,CV003_001,1578000
24612,908,0,CV003_001,1578908
24613,1712,0,CV003_001,1580620
24614,352,0,CV003_001,1580972
24615,456,0,CV003_001,1581428
24616,896,0,CV003_001,1582324
24617,856,0,CV003_001,1583180
24618,884,0,CV003_001,1584064
24619,868,0,CV003_001,1584932
24620,804,0,CV003_001,1585736
24621,184,0,CV003_001,1585920
24622,720,0,CV003_001,1586640
24623,808,0,CV003_001,1587448
24624,404,0,CV003_001,1587852
24625,280,0,CV003_001,1588132
24626,292,0,CV003_001,1588424
24627,584,0,CV003_001,1589008
24628,156,0,CV003_001,1589164
24629,344,0,CV003_001,1589508
24630,88,0,CV003_001,1589596
24631,408,0,CV003_001,1590004
24632,96,0,CV003_001,1590100
24633,388,0,CV003_001,1590488
24634,152,0,CV003_001,1590640
24635,192,0,CV003_001,1590832
24636,864,0,CV003_001,1591696
24637,620,0,CV003_001,1592316
24638,532,0,CV003_001,1592848
24639,488,0,CV003_001,1593336
24640,1104,0,CV003_001,1594440
24641,940,0,CV003_001,1595380
24642,256,0,CV003_001,1595636
24643,228,0,CV003_001,1595864
24644,120,0,CV003_001,1595984
24645,700,0,CV003_001,1596684
24646,820,0,CV003_001,1597504
24647,840,0,CV003_001,1598344
24648,784,0,CV003_001,1599128
24649,876,0,CV003_001,1600004
24650,796,0,CV003_001,1600800
24651,900,0,CV003_001,1601700
24652,796,0,CV003_001,1602496
24653,848,0,CV003_001,1603344
24654,840,0,CV003_001,1604184
24655,872,0,CV003_001,1605056
24656,816,0,CV003_001,1605872
24657,836,0,CV003_001,1606708
24658,768,0,CV003_001,1607476
24659,876,0,CV003_001,1608352
24660,788,0,CV003_001,1609140
24661,888,0,CV003_001,1610028
24662,804,0,CV003_001,1610832
24663,848,0,CV003_001,1611680
24664,856,0,CV003_001,1612536
24665,840,0,CV003_001,1613376
24666,860,0,CV003_001,1614236
24667,848,0,CV003_001,1615084
24668,856,0,CV003_001,1615940
24669,180,0,CV003_001,1616120
24670,664,0,CV003_001,1616784
24671,400,0,CV003_001,1617184
24672,232,0,CV003_001,1617416
24673,252,0,CV003_001,1617668
24674,320,0,CV003_001,1617988
24675,204,0,CV003_001,1618192
24676,312,0,CV003_001,1618504
24677,360,0,CV003_001,1618864
24678,436,0,CV003_001,1619300
24679,828,0,CV003_001,1620128
24680,836,0,CV003_001,1620964
24681,644,0,CV003_001,1621608
24682,184,0,CV003_001,1621792
24683,836,0,CV003_001,1622628
24684,128,0,CV003_001,1622756
24685,756,0,CV003_001,1623512
24686,772,0,CV003_001,1624284
24687,304,0,CV003_001,1624588
24688,1356,0,CV003_001,1625944
24689,816,0,CV003_001,1626760
24690,664,0,CV003_001,1627424
24691,168,0,CV003_001,1627592
24692,824,0,CV003_001,1628416
24693,392,0,CV003_001,1628808
24694,428,0,CV003_001,1629236
24695,816,0,CV003_001,1630052
24696,808,0,CV003_001,1630860
24697,808,0,CV003_001,1631668
24698,724,0,CV003_001,1632392
24699,184,0,CV003_001,1632576
24700,824,0,CV003_001,1633400
24701,48,0,CV003_001,1633448
24702,364,0,CV003_001,1633812
24703,272,0,CV003_001,1634084
24704,168,0,CV003_001,1634252
24705,628,0,CV003_001,1634880
24706,232,0,CV003_001,1635112
24707,212,0,CV003_001,1635324
24708,356,0,CV003_001,1635680
24709,796,0,CV003_001,1636476
24710,800,0,CV003_001,1637276
24711,812,0,CV003_001,1638088
24712,804,0,CV003_001,1638892
24713,804,0,CV003_001,1639696
24714,796,0,CV003_001,1640492
24715,792,0,CV003_001,1641284
24716,784,0,CV003_001,1642068
24717,788,0,CV003_001,1642856
24718,784,0,CV003_001,1643640
24719,788,0,CV003_001,1644428
24720,828,0,CV003_001,1645256
24721,780,0,CV003_001,1646036
24722,784,0,CV003_001,1646820
24723,788,0,CV003_001,1647608
24724,744,0,CV003_001,1648352
24725,792,0,CV003_001,1649144
24726,796,0,CV003_001,1649940
24727,796,0,CV003_001,1650736
24728,800,0,CV003_001,1651536
24729,800,0,CV003_001,1652336
24730,852,0,CV003_001,1653188
24731,796,0,CV003_001,1653984
24732,804,0,CV003_001,1654788
24733,808,0,CV003_001,1655596
24734,756,0,CV003_001,1656352
24735,796,0,CV003_001,1657148
24736,852,0,CV003_001,1658000
24737,760,0,CV003_001,1658760
24738,804,0,CV003_001,1659564
24739,812,0,CV003_001,1660376
24740,860,0,CV003_001,1661236
24741,812,0,CV003_001,1662048
24742,800,0,CV003_001,1662848
24743,800,0,CV003_001,1663648
24744,820,0,CV003_001,1664468
24745,816,0,CV003_001,1665284
24746,772,0,CV003_001,1666056
24747,824,0,CV003_001,1666880
24748,860,0,CV003_001,1667740
24749,824,0,CV003_001,1668564
24750,832,0,CV003_001,1669396
24751,776,0,CV003_001,1670172
24752,872,0,CV003_001,1671044
24753,780,0,CV003_001,1671824
24754,864,0,CV003_001,1672688
24755,816,0,CV003_001,1673504
24756,828,0,CV003_001,1674332
24757,768,0,CV003_001,1675100
24758,812,0,CV003_001,1675912
24759,860,0,CV003_001,1676772
24760,768,0,CV003_001,1677540
24761,856,0,CV003_001,1678396
24762,768,0,CV003_001,1679164
24763,884,0,CV003_001,1680048
24764,784,0,CV003_001,1680832
24765,876,0,CV003_001,1681708
24766,768,0,CV003_001,1682476
24767,824,0,CV003_001,1683300
24768,816,0,CV003_001,1684116
24769,812,0,CV003_001,1684928
24770,820,0,CV003_001,1685748
24771,812,0,CV003_001,1686560
24772,808,0,CV003_001,1687368
24773,852,0,CV003_001,1688220
24774,76,0,CV003_001,1688296
24775,672,0,CV003_001,1688968
24776,792,0,CV003_001,1689760
24777,804,0,CV003_001,1690564
24778,1016,0,CV003_001,1691580
24779,224,0,CV003_001,1691804
24780,464,0,CV003_001,1692268
24781,600,0,CV003_001,1692868
24782,248,0,CV003_001,1693116
24783,832,0,CV003_001,1693948
24784,284,0,CV003_001,1694232
24785,412,0,CV003_001,1694644
24786,96,0,CV003_001,1694740
24787,288,0,CV003_001,1695028
24788,284,0,CV003_001,1695312
24789,308,0,CV003_001,1695620
24790,520,0,CV003_001,1696140
24791,376,0,CV003_001,1696516
24792,868,0,CV003_001,1697384
24793,900,0,CV003_001,1698284
24794,836,0,CV003_001,1699120
24795,832,0,CV003_001,1699952
24796,872,0,CV003_001,1700824
24797,856,0,CV003_001,1701680
24798,896,0,CV003_001,1702576
24799,164,0,CV003_001,1702740
24800,156,0,CV003_001,1702896
24801,476,0,CV003_001,1703372
24802,904,0,CV003_001,1704276
24803,804,0,CV003_001,1705080
24804,848,0,CV003_001,1705928
24805,1712,0,CV003_001,1707640
24806,860,0,CV003_001,1708500
24807,800,0,CV003_001,1709300
24808,904,0,CV003_001,1710204
24809,744,0,CV003_001,1710948
24810,304,0,CV003_001,1711252
24811,240,0,CV003_001,1711492
24812,352,0,CV003_001,1711844
24813,288,0,CV003_001,1712132
24814,504,0,CV003_001,1712636
24815,372,0,CV003_001,1713008
24816,460,0,CV003_001,1713468
24817,252,0,CV003_001,1713720
24818,196,0,CV003_001,1713916
24819,256,0,CV003_001,1714172
24820,988,0,CV003_001,1715160
24821,128,0,CV003_001,1715288
24822,680,0,CV003_001,1715968
24823,48,0,CV003_001,1716016
24824,792,0,CV003_001,1716808
24825,652,0,CV003_001,1717460
24826,180,0,CV003_001,1717640
24827,260,0,CV003_001,1717900
24828,616,0,CV003_001,1718516
24829,788,0,CV003_001,1719304
24830,828,0,CV003_001,1720132
24831,836,0,CV003_001,1720968
24832,324,0,CV003_001,1721292
24833,164,0,CV003_001,1721456
24834,348,0,CV003_001,1721804
24835,496,0,CV003_001,1722300
24836,340,0,CV003_001,1722640
24837,828,0,CV003_001,1723468
24838,832,0,CV003_001,1724300
24839,840,0,CV003_001,1725140
24840,836,0,CV003_001,1725976
24841,832,0,CV003_001,1726808
24842,844,0,CV003_001,1727652
24843,836,0,CV003_001,1728488
24844,840,0,CV003_001,1729328
24845,792,0,CV003_001,1730120
24846,56,0,CV003_001,1730176
24847,460,0,CV003_001,1730636
24848,120,0,CV003_001,1730756
24849,240,0,CV003_001,1730996
24850,564,0,CV003_001,1731560
24851,256,0,CV003_001,1731816
24852,820,0,CV003_001,1732636
24853,868,0,CV003_001,1733504
24854,776,0,CV003_001,1734280
24855,824,0,CV003_001,1735104
24856,836,0,CV003_001,1735940
24857,824,0,CV003_001,1736764
24858,820,0,CV003_001,1737584
24859,824,0,CV003_001,1738408
24860,832,0,CV003_001,1739240
24861,824,0,CV003_001,1740064
24862,836,0,CV003_001,1740900
24863,868,0,CV003_001,1741768
24864,412,0,CV003_001,1742180
24865,428,0,CV003_001,1742608
24866,820,0,CV003_001,1743428
24867,228,0,CV003_001,1743656
24868,284,0,CV003_001,1743940
24869,320,0,CV003_001,1744260
24870,820,0,CV003_001,1745080
24871,768,0,CV003_001,1745848
24872,872,0,CV003_001,1746720
24873,764,0,CV003_001,1747484
24874,124,0,CV003_001,1747608
24875,296,0,CV003_001,1747904
24876,444,0,CV003_001,1748348
24877,812,0,CV003_001,1749160
24878,140,0,CV003_001,1749300
24879,668,0,CV003_001,1749968
24880,760,0,CV003_001,1750728
24881,816,0,CV003_001,1751544
24882,844,0,CV003_001,1752388
24883,800,0,CV003_001,1753188
24884,748,0,CV003_001,1753936
24885,452,0,CV003_001,1754388
24886,252,0,CV003_001,1754640
24887,484,0,CV003_001,1755124
24888,376,0,CV003_001,1755500
24889,812,0,CV003_001,1756312
24890,140,0,CV003_001,1756452
24891,276,0,CV003_001,1756728
24892,908,0,CV003_001,1757636
24893,176,0,CV003_001,1757812
24894,152,0,CV003_001,1757964
24895,628,0,CV003_001,1758592
24896,1560,0,CV003_001,1760152
24897,788,0,CV003_001,1760940
24898,292,0,CV003_001,1761232
24899,500,0,CV003_001,1761732
24900,788,0,CV003_001,1762520
24901,792,0,CV003_001,1763312
24902,800,0,CV003_001,1764112
24903,572,0,CV003_001,1764684
24904,228,0,CV003_001,1764912
24905,1588,0,CV003_001,1766500
24906,652,0,CV003_001,1767152
24907,272,0,CV003_001,1767424
24908,576,0,CV003_001,1768000
24909,496,0,CV003_001,1768496
24910,196,0,CV003_001,1768692
24911,1200,0,CV003_001,1769892
24912,232,0,CV003_001,1770124
24913,344,0,CV003_001,1770468
24914,696,0,CV003_001,1771164
24915,764,0,CV003_001,1771928
24916,756,0,CV003_001,1772684
24917,756,0,CV003_001,1773440
24918,756,0,CV003_001,1774196
24919,800,0,CV003_001,1774996
24920,740,0,CV003_001,1775736
24921,420,0,CV003_001,1776156
24922,280,0,CV003_001,1776436
24923,736,0,CV003_001,1777172
24924,176,0,CV003_001,1777348
24925,564,0,CV003_001,1777912
24926,404,0,CV003_001,1778316
24927,340,0,CV003_001,1778656
24928,788,0,CV003_001,1779444
24929,696,0,CV003_001,1780140
24930,712,0,CV003_001,1780852
24931,812,0,CV003_001,1781664
24932,320,0,CV003_001,1781984
24933,20,0,CV003_001,1782004
24934,412,0,CV003_001,1782416
24935,176,0,CV003_001,1782592
24936,136,0,CV003_001,1782728
24937,432,0,CV003_001,1783160
24938,168,0,CV003_001,1783328
24939,128,0,CV003_001,1783456
24940,248,0,CV003_001,1783704
24941,356,0,CV003_001,1784060
24942,192,0,CV003_001,1784252
24943,332,0,CV003_001,1784584
24944,176,0,CV003_001,1784760
24945,228,0,CV003_001,1784988
24946,412,0,CV003_001,1785400
24947,704,0,CV003_001,1786104
24948,756,0,CV003_001,1786860
24949,156,0,CV003_001,1787016
24950,584,0,CV003_001,1787600
24951,444,0,CV003_001,1788044
24952,308,0,CV003_001,1788352
24953,752,0,CV003_001,1789104
24954,792,0,CV003_001,1789896
24955,500,0,CV003_001,1790396
24956,204,0,CV003_001,1790600
24957,744,0,CV003_001,1791344
24958,748,0,CV003_001,1792092
24959,736,0,CV003_001,1792828
24960,72,0,CV003_001,1792900
24961,284,0,CV003_001,1793184
24962,384,0,CV003_001,1793568
24963,192,0,CV003_001,1793760
24964,552,0,CV003_001,1794312
24965,736,0,CV003_001,1795048
24966,752,0,CV003_001,1795800
24967,760,0,CV003_001,1796560
24968,764,0,CV003_001,1797324
24969,776,0,CV003_001,1798100
24970,824,1,CV003_001,1798924
24971,728,0,CV003_001,1799652
24972,776,0,CV003_001,1800428
24973,772,0,CV003_001,1801200
24974,376,0,CV003_001,1801576
24975,20,0,CV003_001,1801596
24976,368,0,CV003_001,1801964
24977,772,0,CV003_001,1802736
24978,772,0,CV003_001,1803508
24979,776,0,CV003_001,1804284
24980,764,0,CV003_001,1805048
24981,772,0,CV003_001,1805820
24982,788,0,CV003_001,1806608
24983,780,0,CV003_001,1807388
24984,788,0,CV003_001,1808176
24985,776,0,CV003_001,1808952
24986,780,0,CV003_001,1809732
24987,792,0,CV003_001,1810524
24988,788,0,CV003_001,1811312
24989,772,0,CV003_001,1812084
24990,828,0,CV003_001,1812912
24991,736,0,CV003_001,1813648
24992,824,0,CV003_001,1814472
24993,732,0,CV003_001,1815204
24994,540,0,CV003_001,1815744
24995,240,0,CV003_001,1815984
24996,896,0,CV003_001,1816880
24997,912,0,CV003_001,1817792
24998,1036,0,CV003_001,1818828
24999,856,0,CV003_001,1819684
25000,932,0,CV003_001,1820616
25001,1000,0,CV003_001,1821616
25002,912,0,CV003_001,1822528
25003,356,0,CV003_001,1822884
25004,148,0,CV003_001,1823032
25005,252,0,CV003_001,1823284
25006,404,0,CV003_001,1823688
25007,548,0,CV003_001,1824236
25008,360,0,CV003_001,1824596
25009,512,0,CV003_001,1825108
25010,580,0,CV003_001,1825688
25011,456,0,CV003_001,1826144
25012,1556,0,CV003_001,1827700
25013,856,0,CV003_001,1828556
25014,292,0,CV003_001,1828848
25015,16,0,CV003_001,1828864
25016,568,0,CV003_001,1829432
25017,1048,0,CV003_001,1830480
25018,180,0,CV003_001,1830660
25019,164,0,CV003_001,1830824
25020,268,0,CV003_001,1831092
25021,544,0,CV003_001,1831636
25022,284,0,CV003_001,1831920
25023,392,0,CV003_001,1832312
25024,100,0,CV003_001,1832412
25025,368,0,CV003_001,1832780
25026,188,0,CV003_001,1832968
25027,256,0,CV003_001,1833224
25028,236,0,CV003_001,1833460
25029,156,0,CV003_001,1833616
25030,556,0,CV003_001,1834172
25031,256,0,CV003_001,1834428
25032,832,0,CV003_001,1835260
25033,204,0,CV003_001,1835464
25034,108,0,CV003_001,1835572
25035,524,0,CV003_001,1836096
25036,556,0,CV003_001,1836652
25037,324,0,CV003_001,1836976
25038,116,0,CV003_001,1837092
25039,640,0,CV003_001,1837732
25040,856,0,CV003_001,1838588
25041,228,0,CV003_001,1838816
25042,624,0,CV003_001,1839440
25043,292,0,CV003_001,1839732
25044,156,0,CV003_001,1839888
25045,272,0,CV003_001,1840160
25046,160,0,CV003_001,1840320
25047,1216,0,CV003_001,1841536
25048,208,0,CV003_001,1841744
25049,1192,0,CV003_001,1842936
25050,192,0,CV003_001,1843128
25051,200,0,CV003_001,1843328
25052,224,0,CV003_001,1843552
25053,360,0,CV003_001,1843912
25054,92,0,CV003_001,1844004
25055,404,0,CV003_001,1844408
25056,768,0,CV003_001,1845176
25057,84,0,CV003_001,1845260
25058,784,0,CV003_001,1846044
25059,392,0,CV003_001,1846436
25060,164,0,CV003_001,1846600
25061,192,0,CV003_001,1846792
25062,816,0,CV003_001,1847608
25063,120,0,CV003_001,1847728
25064,428,0,CV003_001,1848156
25065,164,0,CV003_001,1848320
25066,276,0,CV003_001,1848596
25067,828,0,CV003_001,1849424
25068,328,0,CV003_001,1849752
25069,1332,0,CV003_001,1851084
25070,800,0,CV003_001,1851884
25071,800,0,CV003_001,1852684
25072,784,0,CV003_001,1853468
25073,792,0,CV003_001,1854260
25074,804,0,CV003_001,1855064
25075,800,0,CV003_001,1855864
25076,852,0,CV003_001,1856716
25077,928,0,CV003_001,1857644
25078,988,0,CV003_001,1858632
25079,832,0,CV003_001,1859464
25080,916,0,CV003_001,1860380
25081,884,0,CV003_001,1861264
25082,936,0,CV003_001,1862200
25083,816,0,CV003_001,1863016
25084,852,0,CV003_001,1863868
25085,912,0,CV003_001,1864780
25086,880,0,CV003_001,1865660
25087,516,0,CV003_001,1866176
25088,396,0,CV003_001,1866572
25089,828,0,CV003_001,1867400
25090,908,0,CV003_001,1868308
25091,848,0,CV003_001,1869156
25092,844,0,CV003_001,1870000
25093,896,0,CV003_001,1870896
25094,908,0,CV003_001,1871804
25095,276,0,CV003_001,1872080
25096,564,0,CV003_001,1872644
25097,456,0,CV003_001,1873100
25098,380,0,CV003_001,1873480
25099,924,0,CV003_001,1874404
25100,804,0,CV003_001,1875208
25101,956,0,CV003_001,1876164
25102,84,0,CV003_001,1876248
25103,428,0,CV003_001,1876676
25104,288,0,CV003_001,1876964
25105,356,0,CV003_001,1877320
25106,168,0,CV003_001,1877488
25107,248,0,CV003_001,1877736
25108,416,0,CV003_001,1878152
25109,196,0,CV003_001,1878348
25110,260,0,CV003_001,1878608
25111,248,0,CV003_001,1878856
25112,308,0,CV003_001,1879164
25113,220,0,CV003_001,1879384
25114,96,0,CV003_001,1879480
25115,872,0,CV003_001,1880352
25116,836,0,CV003_001,1881188
25117,680,0,CV003_001,1881868
25118,232,0,CV003_001,1882100
25119,44,0,CV003_001,1882144
25120,780,0,CV003_001,1882924
25121,840,0,CV003_001,1883764
25122,372,0,CV003_001,1884136
25123,260,0,CV003_001,1884396
25124,212,0,CV003_001,1884608
25125,396,0,CV003_001,1885004
25126,476,0,CV003_001,1885480
25127,852,0,CV003_001,1886332
25128,832,0,CV003_001,1887164
25129,856,0,CV003_001,1888020
25130,856,0,CV003_001,1888876
25131,860,0,CV003_001,1889736
25132,868,0,CV003_001,1890604
25133,848,0,CV003_001,1891452
25134,848,0,CV003_001,1892300
25135,860,0,CV003_001,1893160
25136,844,0,CV003_001,1894004
25137,868,0,CV003_001,1894872
25138,904,0,CV003_001,1895776
25139,800,0,CV003_001,1896576
25140,916,0,CV003_001,1897492
25141,816,0,CV003_001,1898308
25142,924,0,CV003_001,1899232
25143,824,0,CV003_001,1900056
25144,864,0,CV003_001,1900920
25145,872,0,CV003_001,1901792
25146,908,0,CV003_001,1902700
25147,864,0,CV003_001,1903564
25148,800,0,CV003_001,1904364
25149,864,0,CV003_001,1905228
25150,856,0,CV003_001,1906084
25151,860,0,CV003_001,1906944
25152,888,0,CV003_001,1907832
25153,904,0,CV003_001,1908736
25154,860,0,CV003_001,1909596
25155,860,0,CV003_001,1910456
25156,820,0,CV003_001,1911276
25157,904,0,CV003_001,1912180
25158,852,0,CV003_001,1913032
25159,856,0,CV003_001,1913888
25160,856,0,CV003_001,1914744
25161,848,0,CV003_001,1915592
25162,836,0,CV003_001,1916428
25163,848,0,CV003_001,1917276
25164,848,0,CV003_001,1918124
25165,840,0,CV003_001,1918964
25166,832,0,CV003_001,1919796
25167,848,0,CV003_001,1920644
25168,840,0,CV003_001,1921484
25169,832,0,CV003_001,1922316
25170,804,0,CV003_001,1923120
25171,900,0,CV003_001,1924020
25172,844,0,CV003_001,1924864
25173,808,0,CV003_001,1925672
25174,908,0,CV003_001,1926580
25175,856,0,CV003_001,1927436
25176,1644,0,CV003_001,1929080
25177,896,0,CV003_001,1929976
25178,796,0,CV003_001,1930772
25179,860,0,CV003_001,1931632
25180,836,0,CV003_001,1932468
25181,824,0,CV003_001,1933292
25182,836,0,CV003_001,1934128
25183,576,0,CV003_001,1934704
25184,256,0,CV003_001,1934960
25185,676,0,CV003_001,1935636
25186,184,0,CV003_001,1935820
25187,208,0,CV003_001,1936028
25188,492,0,CV003_001,1936520
25189,432,0,CV003_001,1936952
25190,108,0,CV003_001,1937060
25191,376,0,CV003_001,1937436
25192,444,0,CV003_001,1937880
25193,248,0,CV003_001,1938128
25194,336,0,CV003_001,1938464
25195,452,0,CV003_001,1938916
25196,736,0,CV003_001,1939652
25197,108,0,CV003_001,1939760
25198,844,0,CV003_001,1940604
25199,408,0,CV003_001,1941012
25200,248,0,CV003_001,1941260
25201,168,0,CV003_001,1941428
25202,800,0,CV003_001,1942228
25203,888,0,CV003_001,1943116
25204,804,0,CV003_001,1943920
25205,824,0,CV003_001,1944744
25206,772,0,CV003_001,1945516
25207,856,0,CV003_001,1946372
25208,760,0,CV003_001,1947132
25209,848,0,CV003_001,1947980
25210,1024,0,CV003_001,1949004
25211,876,0,CV003_001,1949880
25212,944,0,CV003_001,1950824
25213,816,0,CV003_001,1951640
25214,868,0,CV003_001,1952508
25215,272,0,CV003_001,1952780
25216,72,0,CV003_001,1952852
25217,320,0,CV003_001,1953172
25218,308,0,CV003_001,1953480
25219,828,0,CV003_001,1954308
25220,288,0,CV003_001,1954596
25221,616,0,CV003_001,1955212
25222,792,0,CV003_001,1956004
25223,912,0,CV003_001,1956916
25224,612,0,CV003_001,1957528
25225,180,0,CV003_001,1957708
25226,824,0,CV003_001,1958532
25227,852,0,CV003_001,1959384
25228,876,0,CV003_001,1960260
25229,856,0,CV003_001,1961116
25230,844,0,CV003_001,1961960
25231,884,0,CV003_001,1962844
25232,856,0,CV003_001,1963700
25233,840,0,CV003_001,1964540
25234,468,0,CV003_001,1965008
25235,404,0,CV003_001,1965412
25236,856,0,CV003_001,1966268
25237,832,0,CV003_001,1967100
25238,880,0,CV003_001,1967980
25239,908,0,CV003_001,1968888
25240,836,0,CV003_001,1969724
25241,816,0,CV003_001,1970540
25242,620,0,CV003_001,1971160
25243,128,0,CV003_001,1971288
25244,528,0,CV003_001,1971816
25245,356,0,CV003_001,1972172
25246,76,0,CV003_001,1972248
25247,1784,0,CV003_001,1974032
25248,864,0,CV003_001,1974896
25249,332,0,CV003_001,1975228
25250,508,0,CV003_001,1975736
25251,840,0,CV003_001,1976576
25252,276,0,CV003_001,1976852
25253,456,0,CV003_001,1977308
25254,140,0,CV003_001,1977448
25255,640,0,CV003_001,1978088
25256,212,0,CV003_001,1978300
25257,312,0,CV003_001,1978612
25258,128,0,CV003_001,1978740
25259,396,0,CV003_001,1979136
25260,380,0,CV003_001,1979516
25261,336,0,CV003_001,1979852
25262,124,0,CV003_001,1979976
25263,828,0,CV003_001,1980804
25264,824,0,CV003_001,1981628
25265,828,0,CV003_001,1982456
25266,764,0,CV003_001,1983220
25267,868,0,CV003_001,1984088
25268,796,0,CV003_001,1984884
25269,800,0,CV003_001,1985684
25270,792,0,CV003_001,1986476
25271,756,0,CV003_001,1987232
25272,804,0,CV003_001,1988036
25273,808,0,CV003_001,1988844
25274,856,0,CV003_001,1989700
25275,804,0,CV003_001,1990504
25276,780,0,CV003_001,1991284
25277,828,0,CV003_001,1992112
25278,880,0,CV003_001,1992992
25279,836,0,CV003_001,1993828
25280,804,0,CV003_001,1994632
25281,852,0,CV003_001,1995484
25282,460,0,CV003_001,1995944
25283,456,0,CV003_001,1996400
25284,836,0,CV003_001,1997236
25285,800,0,CV003_001,1998036
25286,836,0,CV003_001,1998872
25287,844,0,CV003_001,1999716
25288,832,0,CV003_001,2000548
25289,828,0,CV003_001,2001376
25290,820,0,CV003_001,2002196
25291,808,0,CV003_001,2003004
25292,800,0,CV003_001,2003804
25293,796,0,CV003_001,2004600
25294,868,0,CV003_001,2005468
25295,816,0,CV003_001,2006284
25296,832,0,CV003_001,2007116
25297,780,0,CV003_001,2007896
25298,900,0,CV003_001,2008796
25299,848,0,CV003_001,2009644
25300,800,0,CV003_001,2010444
25301,872,0,CV003_001,2011316
25302,908,0,CV003_001,2012224
25303,800,0,CV003_001,2013024
25304,868,0,CV003_001,2013892
25305,904,0,CV003_001,2014796
25306,840,0,CV003_001,2015636
25307,852,0,CV003_001,2016488
25308,844,0,CV003_001,2017332
25309,844,0,CV003_001,2018176
25310,844,0,CV003_001,2019020
25311,840,0,CV003_001,2019860
25312,836,0,CV003_001,2020696
25313,840,0,CV003_001,2021536
25314,828,0,CV003_001,2022364
25315,840,0,CV003_001,2023204
25316,844,0,CV003_001,2024048
25317,840,0,CV003_001,2024888
25318,808,0,CV003_001,2025696
25319,856,0,CV003_001,2026552
25320,892,0,CV003_001,2027444
25321,852,0,CV003_001,2028296
25322,844,0,CV003_001,2029140
25323,840,0,CV003_001,2029980
25324,832,0,CV003_001,2030812
25325,184,0,CV003_001,2030996
25326,644,0,CV003_001,2031640
25327,280,0,CV003_001,2031920
25328,476,0,CV003_001,2032396
25329,664,0,CV003_001,2033060
25330,200,0,CV003_001,2033260
25331,804,0,CV003_001,2034064
25332,316,0,CV003_001,2034380
25333,188,0,CV003_001,2034568
25334,228,0,CV003_001,2034796
25335,732,0,CV003_001,2035528
25336,228,0,CV003_001,2035756
25337,752,0,CV003_001,2036508
25338,828,0,CV003_001,2037336
25339,832,0,CV003_001,2038168
25340,824,0,CV003_001,2038992
25341,800,0,CV003_001,2039792
25342,772,0,CV003_001,2040564
25343,848,0,CV003_001,2041412
25344,580,0,CV003_001,2041992
25345,304,0,CV003_001,2042296
25346,808,0,CV003_001,2043104
25347,824,0,CV003_001,2043928
25348,776,0,CV003_001,2044704
25349,872,0,CV003_001,2045576
25350,780,0,CV003_001,2046356
25351,856,0,CV003_001,2047212
25352,564,0,CV003_001,2047776
25353,1088,0,CV003_001,2048864
25354,308,0,CV003_001,2049172
25355,368,0,CV003_001,2049540
25356,160,0,CV003_001,2049700
25357,808,0,CV003_001,2050508
25358,832,0,CV003_001,2051340
25359,824,0,CV003_001,2052164
25360,812,0,CV003_001,2052976
25361,320,0,CV003_001,2053296
25362,508,0,CV003_001,2053804
25363,424,0,CV003_001,2054228
25364,80,0,CV003_001,2054308
25365,308,0,CV003_001,2054616
25366,808,0,CV003_001,2055424
25367,808,0,CV003_001,2056232
25368,800,0,CV003_001,2057032
25369,624,0,CV003_001,2057656
25370,108,0,CV003_001,2057764
25371,956,0,CV003_001,2058720
25372,764,0,CV003_001,2059484
25373,828,0,CV003_001,2060312
25374,824,0,CV003_001,2061136
25375,828,0,CV003_001,2061964
25376,808,0,CV003_001,2062772
25377,832,0,CV003_001,2063604
25378,828,0,CV003_001,2064432
25379,616,0,CV003_001,2065048
25380,380,0,CV003_001,2065428
25381,644,0,CV003_001,2066072
25382,820,0,CV003_001,2066892
25383,808,0,CV003_001,2067700
25384,796,0,CV003_001,2068496
25385,804,0,CV003_001,2069300
25386,792,0,CV003_001,2070092
25387,780,0,CV003_001,2070872
25388,784,0,CV003_001,2071656
25389,784,0,CV003_001,2072440
25390,792,0,CV003_001,2073232
25391,796,0,CV003_001,2074028
25392,792,0,CV003_001,2074820
25393,840,0,CV003_001,2075660
25394,744,0,CV003_001,2076404
25395,868,0,CV003_001,2077272
25396,784,0,CV003_001,2078056
25397,820,0,CV003_001,2078876
25398,552,0,CV003_001,2079428
25399,332,0,CV003_001,2079760
25400,832,0,CV003_001,2080592
25401,832,0,CV003_001,2081424
25402,780,0,CV003_001,2082204
25403,652,0,CV003_001,2082856
25404,532,0,CV003_001,2083388
25405,536,0,CV003_001,2083924
25406,40900,0,CV003_001,2124824
25407,832,0,CV003_001,2125656
25408,816,0,CV003_001,2126472
25409,824,0,CV003_001,2127296
25410,828,0,CV003_001,2128124
25411,824,0,CV003_001,2128948
25412,824,0,CV003_001,2129772
25413,816,0,CV003_001,2130588
25414,816,0,CV003_001,2131404
25415,772,0,CV003_001,2132176
25416,828,0,CV003_001,2133004
25417,864,0,CV003_001,2133868
25418,812,0,CV003_001,2134680
25419,828,0,CV003_001,2135508
25420,784,0,CV003_001,2136292
25421,828,0,CV003_001,2137120
25422,876,0,CV003_001,2137996
25423,776,0,CV003_001,2138772
25424,844,0,CV003_001,2139616
25425,888,0,CV003_001,2140504
25426,832,0,CV003_001,2141336
25427,828,0,CV003_001,2142164
25428,832,0,CV003_001,2142996
25429,828,0,CV003_001,2143824
25430,788,0,CV003_001,2144612
25431,872,0,CV003_001,2145484
25432,824,0,CV003_001,2146308
25433,824,0,CV003_001,2147132
25434,776,0,CV003_001,2147908
25435,872,0,CV003_001,2148780
25436,828,0,CV003_001,2149608
25437,820,0,CV003_001,2150428
25438,820,0,CV003_001,2151248
25439,836,0,CV003_001,2152084
25440,844,0,CV003_001,2152928
25441,840,0,CV003_001,2153768
25442,796,0,CV003_001,2154564
25443,884,0,CV003_001,2155448
25444,844,0,CV003_001,2156292
25445,828,0,CV003_001,2157120
25446,852,0,CV003_001,2157972
25447,804,0,CV003_001,2158776
25448,888,0,CV003_001,2159664
25449,852,0,CV003_001,2160516
25450,848,0,CV003_001,2161364
25451,844,0,CV003_001,2162208
25452,844,0,CV003_001,2163052
25453,828,0,CV003_001,2163880
25454,824,0,CV003_001,2164704
25455,832,0,CV003_001,2165536
25456,848,0,CV003_001,2166384
25457,844,0,CV003_001,2167228
25458,876,0,CV003_001,2168104
25459,856,0,CV003_001,2168960
25460,852,0,CV003_001,2169812
25461,848,0,CV003_001,2170660
25462,864,0,CV003_001,2171524
25463,864,0,CV003_001,2172388
25464,868,0,CV003_001,2173256
25465,856,0,CV003_001,2174112
25466,848,0,CV003_001,2174960
25467,864,0,CV003_001,2175824
25468,844,0,CV003_001,2176668
25469,852,0,CV003_001,2177520
25470,860,0,CV003_001,2178380
25471,848,0,CV003_001,2179228
25472,860,0,CV003_001,2180088
25473,860,0,CV003_001,2180948
25474,864,0,CV003_001,2181812
25475,848,0,CV003_001,2182660
25476,860,0,CV003_001,2183520
25477,856,0,CV003_001,2184376
25478,860,0,CV003_001,2185236
25479,832,0,CV003_001,2186068
25480,896,0,CV003_001,2186964
25481,856,0,CV003_001,2187820
25482,848,0,CV003_001,2188668
25483,852,0,CV003_001,2189520
25484,852,0,CV003_001,2190372
25485,808,0,CV003_001,2191180
25486,900,0,CV003_001,2192080
25487,840,0,CV003_001,2192920
25488,1936,0,CV003_002,1936
25489,988,0,CV003_002,2924
25490,988,0,CV003_002,3912
25491,960,0,CV003_002,4872
25492,956,0,CV003_002,5828
25493,980,0,CV003_002,6808
25494,956,0,CV003_002,7764
25495,912,0,CV003_002,8676
25496,892,0,CV003_002,9568
25497,436,0,CV003_002,10004
25498,496,0,CV003_002,10500
25499,248,0,CV003_002,10748
25500,172,0,CV003_002,10920
25501,616,0,CV003_002,11536
25502,248,0,CV003_002,11784
25503,96,0,CV003_002,11880
25504,344,0,CV003_002,12224
25505,348,0,CV003_002,12572
25506,100,0,CV003_002,12672
25507,260,0,CV003_002,12932
25508,356,0,CV003_002,13288
25509,104,0,CV003_002,13392
25510,304,0,CV003_002,13696
25511,140,0,CV003_002,13836
25512,272,0,CV003_002,14108
25513,316,0,CV003_002,14424
25514,224,0,CV003_002,14648
25515,388,0,CV003_002,15036
25516,124,0,CV003_002,15160
25517,252,0,CV003_002,15412
25518,372,0,CV003_002,15784
25519,96,0,CV003_002,15880
25520,300,0,CV003_002,16180
25521,672,0,CV003_002,16852
25522,260,0,CV003_002,17112
25523,368,0,CV003_002,17480
25524,384,0,CV003_002,17864
25525,540,0,CV003_002,18404
25526,240,0,CV003_002,18644
25527,604,0,CV003_002,19248
25528,272,0,CV003_002,19520
25529,32,0,CV003_002,19552
25530,688,0,CV003_002,20240
25531,456,0,CV003_002,20696
25532,240,0,CV003_002,20936
25533,112,0,CV003_002,21048
25534,844,0,CV003_002,21892
25535,596,0,CV003_002,22488
25536,100,0,CV003_002,22588
25537,352,0,CV003_002,22940
25538,268,0,CV003_002,23208
25539,108,0,CV003_002,23316
25540,356,0,CV003_002,23672
25541,276,0,CV003_002,23948
25542,520,0,CV003_002,24468
25543,200,0,CV003_002,24668
25544,160,0,CV003_002,24828
25545,288,0,CV003_002,25116
25546,156,0,CV003_002,25272
25547,408,0,CV003_002,25680
25548,84,0,CV003_002,25764
25549,384,0,CV003_002,26148
25550,140,0,CV003_002,26288
25551,1252,0,CV003_002,27540
25552,308,0,CV003_002,27848
25553,1332,0,CV003_002,29180
25554,184,0,CV003_002,29364
25555,212,0,CV003_002,29576
25556,204,0,CV003_002,29780
25557,424,0,CV003_002,30204
25558,132,0,CV003_002,30336
25559,180,0,CV003_002,30516
25560,372,0,CV003_002,30888
25561,116,0,CV003_002,31004
25562,276,0,CV003_002,31280
25563,196,0,CV003_002,31476
25564,276,0,CV003_002,31752
25565,292,0,CV003_002,32044
25566,180,0,CV003_002,32224
25567,296,0,CV003_002,32520
25568,264,0,CV003_002,32784
25569,320,0,CV003_002,33104
25570,648,0,CV003_002,33752
25571,988,0,CV003_002,34740
25572,984,0,CV003_002,35724
25573,940,0,CV003_002,36664
25574,320,0,CV003_002,36984
25575,236,0,CV003_002,37220
25576,264,0,CV003_002,37484
25577,372,0,CV003_002,37856
25578,48,0,CV003_002,37904
25579,348,0,CV003_002,38252
25580,284,0,CV003_002,38536
25581,116,0,CV003_002,38652
25582,260,0,CV003_002,38912
25583,352,0,CV003_002,39264
25584,128,0,CV003_002,39392
25585,376,0,CV003_002,39768
25586,152,0,CV003_002,39920
25587,388,0,CV003_002,40308
25588,124,0,CV003_002,40432
25589,272,0,CV003_002,40704
25590,208,0,CV003_002,40912
25591,624,0,CV003_002,41536
25592,308,0,CV003_002,41844
25593,92,0,CV003_002,41936
25594,424,0,CV003_002,42360
25595,212,0,CV003_002,42572
25596,216,0,CV003_002,42788
25597,412,0,CV003_002,43200
25598,824,0,CV003_002,44024
25599,844,0,CV003_002,44868
25600,232,0,CV003_002,45100
25601,476,0,CV003_002,45576
25602,264,0,CV003_002,45840
25603,212,0,CV003_002,46052
25604,144,0,CV003_002,46196
25605,152,0,CV003_002,46348
25606,340,0,CV003_002,46688
25607,308,0,CV003_002,46996
25608,192,0,CV003_002,47188
25609,204,0,CV003_002,47392
25610,224,0,CV003_002,47616
25611,536,0,CV003_002,48152
25612,380,0,CV003_002,48532
25613,260,0,CV003_002,48792
25614,104,0,CV003_002,48896
25615,624,0,CV003_002,49520
25616,284,0,CV003_002,49804
25617,136,0,CV003_002,49940
25618,356,0,CV003_002,50296
25619,484,0,CV003_002,50780
25620,128,0,CV003_002,50908
25621,548,0,CV003_002,51456
25622,124,0,CV003_002,51580
25623,232,0,CV003_002,51812
25624,448,0,CV003_002,52260
25625,140,0,CV003_002,52400
25626,184,0,CV003_002,52584
25627,392,0,CV003_002,52976
25628,160,0,CV003_002,53136
25629,332,0,CV003_002,53468
25630,60,0,CV003_002,53528
25631,360,0,CV003_002,53888
25632,204,0,CV003_002,54092
25633,308,0,CV003_002,54400
25634,236,0,CV003_002,54636
25635,284,0,CV003_002,54920
25636,172,0,CV003_002,55092
25637,384,0,CV003_002,55476
25638,168,0,CV003_002,55644
25639,264,0,CV003_002,55908
25640,516,0,CV003_002,56424
25641,276,0,CV003_002,56700
25642,152,0,CV003_002,56852
25643,216,0,CV003_002,57068
25644,312,0,CV003_002,57380
25645,252,0,CV003_002,57632
25646,336,0,CV003_002,57968
25647,80,0,CV003_002,58048
25648,404,0,CV003_002,58452
25649,168,0,CV003_002,58620
25650,120,0,CV003_002,58740
25651,456,0,CV003_002,59196
25652,212,0,CV003_002,59408
25653,48,0,CV003_002,59456
25654,376,0,CV003_002,59832
25655,300,0,CV003_002,60132
25656,72,0,CV003_002,60204
25657,380,0,CV003_002,60584
25658,140,0,CV003_002,60724
25659,280,0,CV003_002,61004
25660,240,0,CV003_002,61244
25661,308,0,CV003_002,61552
25662,388,0,CV003_002,61940
25663,356,0,CV003_002,62296
25664,260,0,CV003_002,62556
25665,200,0,CV003_002,62756
25666,388,0,CV003_002,63144
25667,172,0,CV003_002,63316
25668,264,0,CV003_002,63580
25669,136,0,CV003_002,63716
25670,412,0,CV003_002,64128
25671,476,0,CV003_002,64604
25672,236,0,CV003_002,64840
25673,192,0,CV003_002,65032
25674,296,0,CV003_002,65328
25675,184,0,CV003_002,65512
25676,384,0,CV003_002,65896
25677,100,0,CV003_002,65996
25678,172,0,CV003_002,66168
25679,312,0,CV003_002,66480
25680,420,0,CV003_002,66900
25681,88,0,CV003_002,66988
25682,392,0,CV003_002,67380
25683,108,0,CV003_002,67488
25684,340,0,CV003_002,67828
25685,328,0,CV003_002,68156
25686,20,0,CV003_002,68176
25687,316,0,CV003_002,68492
25688,316,0,CV003_002,68808
25689,104,0,CV003_002,68912
25690,464,0,CV003_002,69376
25691,184,0,CV003_002,69560
25692,188,0,CV003_002,69748
25693,172,0,CV003_002,69920
25694,244,0,CV003_002,70164
25695,312,0,CV003_002,70476
25696,292,0,CV003_002,70768
25697,268,0,CV003_002,71036
25698,144,0,CV003_002,71180
25699,292,0,CV003_002,71472
25700,296,0,CV003_002,71768
25701,240,0,CV003_002,72008
25702,332,0,CV003_002,72340
25703,132,0,CV003_002,72472
25704,252,0,CV003_002,72724
25705,124,0,CV003_002,72848
25706,292,0,CV003_002,73140
25707,252,0,CV003_002,73392
25708,264,0,CV003_002,73656
25709,268,0,CV003_002,73924
25710,260,0,CV003_002,74184
25711,180,0,CV003_002,74364
25712,296,0,CV003_002,74660
25713,376,0,CV003_002,75036
25714,260,0,CV003_002,75296
25715,100,0,CV003_002,75396
25716,232,0,CV003_002,75628
25717,280,0,CV003_002,75908
25718,368,0,CV003_002,76276
25719,172,0,CV003_002,76448
25720,288,0,CV003_002,76736
25721,272,0,CV003_002,77008
25722,136,0,CV003_002,77144
25723,264,0,CV003_002,77408
25724,388,0,CV003_002,77796
25725,112,0,CV003_002,77908
25726,268,0,CV003_002,78176
25727,192,0,CV003_002,78368
25728,412,0,CV003_002,78780
25729,112,0,CV003_002,78892
25730,240,0,CV003_002,79132
25731,372,0,CV003_002,79504
25732,168,0,CV003_002,79672
25733,376,0,CV003_002,80048
25734,404,0,CV003_002,80452
25735,236,0,CV003_002,80688
25736,196,0,CV003_002,80884
25737,404,0,CV003_002,81288
25738,160,0,CV003_002,81448
25739,340,0,CV003_002,81788
25740,152,0,CV003_002,81940
25741,260,0,CV003_002,82200
25742,108,0,CV003_002,82308
25743,460,0,CV003_002,82768
25744,160,0,CV003_002,82928
25745,124,0,CV003_002,83052
25746,248,0,CV003_002,83300
25747,596,0,CV003_002,83896
25748,372,0,CV003_002,84268
25749,20,0,CV003_002,84288
25750,272,0,CV003_002,84560
25751,308,0,CV003_002,84868
25752,272,0,CV003_002,85140
25753,304,0,CV003_002,85444
25754,84,0,CV003_002,85528
25755,352,0,CV003_002,85880
25756,328,0,CV003_002,86208
25757,132,0,CV003_002,86340
25758,268,0,CV003_002,86608
25759,264,0,CV003_002,86872
25760,232,0,CV003_002,87104
25761,244,0,CV003_002,87348
25762,284,0,CV003_002,87632
25763,204,0,CV003_002,87836
25764,144,0,CV003_002,87980
25765,444,0,CV003_002,88424
25766,96,0,CV003_002,88520
25767,328,0,CV003_002,88848
25768,328,0,CV003_002,89176
25769,72,0,CV003_002,89248
25770,232,0,CV003_002,89480
25771,384,0,CV003_002,89864
25772,144,0,CV003_002,90008
25773,424,0,CV003_002,90432
25774,140,0,CV003_002,90572
25775,324,0,CV003_002,90896
25776,164,0,CV003_002,91060
25777,280,0,CV003_002,91340
25778,204,0,CV003_002,91544
25779,584,0,CV003_002,92128
25780,192,0,CV003_002,92320
25781,356,0,CV003_002,92676
25782,228,0,CV003_002,92904
25783,140,0,CV003_002,93044
25784,204,0,CV003_002,93248
25785,284,0,CV003_002,93532
25786,200,0,CV003_002,93732
25787,468,0,CV003_002,94200
25788,120,0,CV003_002,94320
25789,176,0,CV003_002,94496
25790,352,0,CV003_002,94848
25791,2236,0,CV003_002,97084
25792,320,0,CV003_002,97404
25793,204,0,CV003_002,97608
25794,116,0,CV003_002,97724
25795,328,0,CV003_002,98052
25796,184,0,CV003_002,98236
25797,348,0,CV003_002,98584
25798,204,0,CV003_002,98788
25799,308,0,CV003_002,99096
25800,124,0,CV003_002,99220
25801,356,0,CV003_002,99576
25802,248,0,CV003_002,99824
25803,164,0,CV003_002,99988
25804,544,0,CV003_002,100532
25805,200,0,CV003_002,100732
25806,480,0,CV003_002,101212
25807,588,0,CV003_002,101800
25808,240,0,CV003_002,102040
25809,188,0,CV003_002,102228
25810,188,0,CV003_002,102416
25811,260,0,CV003_002,102676
25812,648,0,CV003_002,103324
25813,180,0,CV003_002,103504
25814,128,0,CV003_002,103632
25815,356,0,CV003_002,103988
25816,156,0,CV003_002,104144
25817,308,0,CV003_002,104452
25818,180,0,CV003_002,104632
25819,420,0,CV003_002,105052
25820,120,0,CV003_002,105172
25821,188,0,CV003_002,105360
25822,380,0,CV003_002,105740
25823,156,0,CV003_002,105896
25824,284,0,CV003_002,106180
25825,392,0,CV003_002,106572
25826,40,0,CV003_002,106612
25827,368,0,CV003_002,106980
25828,164,0,CV003_002,107144
25829,192,0,CV003_002,107336
25830,572,0,CV003_002,107908
25831,152,0,CV003_002,108060
25832,488,0,CV003_002,108548
25833,104,0,CV003_002,108652
25834,300,0,CV003_002,108952
25835,344,0,CV003_002,109296
25836,224,0,CV003_002,109520
25837,72,0,CV003_002,109592
25838,252,0,CV003_002,109844
25839,440,0,CV003_002,110284
25840,32,0,CV003_002,110316
25841,464,0,CV003_002,110780
25842,104,0,CV003_002,110884
25843,348,0,CV003_002,111232
25844,144,0,CV003_002,111376
25845,196,0,CV003_002,111572
25846,324,0,CV003_002,111896
25847,208,0,CV003_002,112104
25848,200,0,CV003_002,112304
25849,372,0,CV003_002,112676
25850,444,0,CV003_002,113120
25851,256,0,CV003_002,113376
25852,592,0,CV003_002,113968
25853,1040,0,CV003_002,115008
25854,104,0,CV003_002,115112
25855,328,0,CV003_002,115440
25856,200,0,CV003_002,115640
25857,360,0,CV003_002,116000
25858,164,0,CV003_002,116164
25859,144,0,CV003_002,116308
25860,252,0,CV003_002,116560
25861,356,0,CV003_002,116916
25862,156,0,CV003_002,117072
25863,456,0,CV003_002,117528
25864,324,0,CV003_002,117852
25865,416,0,CV003_002,118268
25866,456,0,CV003_002,118724
25867,116,0,CV003_002,118840
25868,320,0,CV003_002,119160
25869,108,0,CV003_002,119268
25870,460,0,CV003_002,119728
25871,156,0,CV003_002,119884
25872,284,0,CV003_002,120168
25873,272,0,CV003_002,120440
25874,200,0,CV003_002,120640
25875,180,0,CV003_002,120820
25876,1043,0,CV003_002,121863
25877,536,0,CV003_002,122399
25878,416,0,CV003_002,122815
25879,340,0,CV003_002,123155
25880,1280,0,CV003_002,124435
25881,456,0,CV003_002,124891
25882,340,0,CV003_002,125231
25883,164,0,CV003_002,125395
25884,292,0,CV003_002,125687
25885,308,0,CV003_002,125995
25886,24,0,CV003_002,126019
25887,688,0,CV003_002,126707
25888,384,0,CV003_002,127091
25889,272,0,CV003_002,127363
25890,256,0,CV003_002,127619
25891,328,0,CV003_002,127947
25892,456,0,CV003_002,128403
25893,268,0,CV003_002,128671
25894,268,0,CV003_002,128939
25895,660,0,CV003_002,129599
25896,208,0,CV003_002,129807
25897,580,0,CV003_002,130387
25898,304,0,CV003_002,130691
25899,264,0,CV003_002,130955
25900,440,0,CV003_002,131395
25901,240,0,CV003_002,131635
25902,144,0,CV003_002,131779
25903,812,0,CV003_002,132591
25904,572,0,CV003_002,133163
25905,244,0,CV003_002,133407
25906,208,0,CV003_002,133615
25907,800,0,CV003_002,134415
25908,1084,0,CV003_002,135499
25909,380,0,CV003_002,135879
25910,140,0,CV003_002,136019
25911,328,0,CV003_002,136347
25912,248,0,CV003_002,136595
25913,276,0,CV003_002,136871
25914,28,0,CV003_002,136899
25915,356,0,CV003_002,137255
25916,396,0,CV003_002,137651
25917,104,0,CV003_002,137755
25918,300,0,CV003_002,138055
25919,148,0,CV003_002,138203
25920,348,0,CV003_002,138551
25921,316,0,CV003_002,138867
25922,180,0,CV003_002,139047
25923,232,0,CV003_002,139279
25924,288,0,CV003_002,139567
25925,340,0,CV003_002,139907
25926,164,0,CV003_002,140071
25927,96,0,CV003_002,140167
25928,724,0,CV003_002,140891
25929,44,0,CV003_002,140935
25930,220,0,CV003_002,141155
25931,288,0,CV003_002,141443
25932,216,0,CV003_002,141659
25933,740,0,CV003_002,142399
25934,404,0,CV003_002,142803
25935,84,0,CV003_002,142887
25936,256,0,CV003_002,143143
25937,364,0,CV003_002,143507
25938,416,0,CV003_002,143923
25939,308,0,CV003_002,144231
25940,512,0,CV003_002,144743
25941,264,0,CV003_002,145007
25942,264,0,CV003_002,145271
25943,460,0,CV003_002,145731
25944,552,0,CV003_002,146283
25945,44,0,CV003_002,146327
25946,520,0,CV003_002,146847
25947,644,0,CV003_002,147491
25948,204,0,CV003_002,147695
25949,256,0,CV003_002,147951
25950,192,0,CV003_002,148143
25951,360,0,CV003_002,148503
25952,288,0,CV003_002,148791
25953,160,0,CV003_002,148951
25954,528,0,CV003_002,149479
25955,128,0,CV003_002,149607
25956,264,0,CV003_002,149871
25957,260,0,CV003_002,150131
25958,352,0,CV003_002,150483
25959,204,0,CV003_002,150687
25960,332,0,CV003_002,151019
25961,200,0,CV003_002,151219
25962,272,0,CV003_002,151491
25963,288,0,CV003_002,151779
25964,336,0,CV003_002,152115
25965,400,0,CV003_002,152515
25966,16,0,CV003_002,152531
25967,512,0,CV003_002,153043
25968,120,0,CV003_002,153163
25969,364,0,CV003_002,153527
25970,124,0,CV003_002,153651
25971,192,0,CV003_002,153843
25972,452,0,CV003_002,154295
25973,608,0,CV003_002,154903
25974,920,0,CV003_002,155823
25975,384,0,CV003_002,156207
25976,64,0,CV003_002,156271
25977,468,0,CV003_002,156739
25978,68,0,CV003_002,156807
25979,264,0,CV003_002,157071
25980,640,0,CV003_002,157711
25981,44,0,CV003_002,157755
25982,740,0,CV003_002,158495
25983,176,0,CV003_002,158671
25984,360,0,CV003_002,159031
25985,512,0,CV003_002,159543
25986,304,0,CV003_002,159847
25987,240,0,CV003_002,160087
25988,352,0,CV003_002,160439
25989,108,0,CV003_002,160547
25990,180,0,CV003_002,160727
25991,436,0,CV003_002,161163
25992,128,0,CV003_002,161291
25993,340,0,CV003_002,161631
25994,316,0,CV003_002,161947
25995,124,0,CV003_002,162071
25996,616,0,CV003_002,162687
25997,256,0,CV003_002,162943
25998,212,0,CV003_002,163155
25999,80,0,CV003_002,163235
26000,548,0,CV003_002,163783
26001,604,0,CV003_002,164387
26002,532,0,CV003_002,164919
26003,176,0,CV003_002,165095
26004,172,0,CV003_002,165267
26005,404,0,CV003_002,165671
26006,128,0,CV003_002,165799
26007,220,0,CV003_002,166019
26008,196,0,CV003_002,166215
26009,384,0,CV003_002,166599
26010,260,0,CV003_002,166859
26011,272,0,CV003_002,167131
26012,120,0,CV003_002,167251
26013,596,0,CV003_002,167847
26014,168,0,CV003_002,168015
26015,212,0,CV003_002,168227
26016,224,0,CV003_002,168451
26017,448,0,CV003_002,168899
26018,128,0,CV003_002,169027
26019,248,0,CV003_002,169275
26020,692,0,CV003_002,169967
26021,296,0,CV003_002,170263
26022,240,0,CV003_002,170503
26023,180,0,CV003_002,170683
26024,240,0,CV003_002,170923
26025,432,0,CV003_002,171355
26026,76,0,CV003_002,171431
26027,284,0,CV003_002,171715
26028,300,0,CV003_002,172015
26029,160,0,CV003_002,172175
26030,340,0,CV003_002,172515
26031,332,0,CV003_002,172847
26032,72,0,CV003_002,172919
26033,460,0,CV003_002,173379
26034,200,0,CV003_002,173579
26035,168,0,CV003_002,173747
26036,316,0,CV003_002,174063
26037,220,0,CV003_002,174283
26038,100,0,CV003_002,174383
26039,396,0,CV003_002,174779
26040,300,0,CV003_002,175079
26041,208,0,CV003_002,175287
26042,324,0,CV003_002,175611
26043,180,0,CV003_002,175791
26044,108,0,CV003_002,175899
26045,276,0,CV003_002,176175
26046,308,0,CV003_002,176483
26047,276,0,CV003_002,176759
26048,332,0,CV003_002,177091
26049,52,0,CV003_002,177143
26050,516,0,CV003_002,177659
26051,228,0,CV003_002,177887
26052,444,0,CV003_002,178331
26053,136,0,CV003_002,178467
26054,188,0,CV003_002,178655
26055,296,0,CV003_002,178951
26056,264,0,CV003_002,179215
26057,260,0,CV003_002,179475
26058,332,0,CV003_002,179807
26059,96,0,CV003_002,179903
26060,176,0,CV003_002,180079
26061,452,0,CV003_002,180531
26062,192,0,CV003_002,180723
26063,92,0,CV003_002,180815
26064,496,0,CV003_002,181311
26065,24,0,CV003_002,181335
26066,460,0,CV003_002,181795
26067,108,0,CV003_002,181903
26068,200,0,CV003_002,182103
26069,252,0,CV003_002,182355
26070,332,0,CV003_002,182687
26071,224,0,CV003_002,182911
26072,288,0,CV003_002,183199
26073,492,0,CV003_002,183691
26074,136,0,CV003_002,183827
26075,412,0,CV003_002,184239
26076,76,0,CV003_002,184315
26077,344,0,CV003_002,184659
26078,336,0,CV003_002,184995
26079,308,0,CV003_002,185303
26080,256,0,CV003_002,185559
26081,360,0,CV003_002,185919
26082,288,0,CV003_002,186207
26083,80,0,CV003_002,186287
26084,412,0,CV003_002,186699
26085,120,0,CV003_002,186819
26086,248,0,CV003_002,187067
26087,212,0,CV003_002,187279
26088,620,0,CV003_002,187899
26089,332,0,CV003_002,188231
26090,36,0,CV003_002,188267
26091,428,0,CV003_002,188695
26092,88,0,CV003_002,188783
26093,464,0,CV003_002,189247
26094,68,0,CV003_002,189315
26095,308,0,CV003_002,189623
26096,360,0,CV003_002,189983
26097,476,0,CV003_002,190459
26098,272,0,CV003_002,190731
26099,148,0,CV003_002,190879
26100,272,0,CV003_002,191151
26101,92,0,CV003_002,191243
26102,572,0,CV003_002,191815
26103,360,0,CV003_002,192175
26104,240,0,CV003_002,192415
26105,748,0,CV003_002,193163
26106,80,0,CV003_002,193243
26107,448,0,CV003_002,193691
26108,40,0,CV003_002,193731
26109,444,0,CV003_002,194175
26110,256,0,CV003_002,194431
26111,108,0,CV003_002,194539
26112,408,0,CV003_002,194947
26113,80,0,CV003_002,195027
26114,224,0,CV003_002,195251
26115,400,0,CV003_002,195651
26116,60,0,CV003_002,195711
26117,376,0,CV003_002,196087
26118,320,0,CV003_002,196407
26119,220,0,CV003_002,196627
26120,72,0,CV003_002,196699
26121,356,0,CV003_002,197055
26122,344,0,CV003_002,197399
26123,164,0,CV003_002,197563
26124,404,0,CV003_002,197967
26125,312,0,CV003_002,198279
26126,332,0,CV003_002,198611
26127,232,0,CV003_002,198843
26128,80,0,CV003_002,198923
26129,460,0,CV003_002,199383
26130,192,0,CV003_002,199575
26131,152,0,CV003_002,199727
26132,280,0,CV003_002,200007
26133,316,0,CV003_002,200323
26134,196,0,CV003_002,200519
26135,264,0,CV003_002,200783
26136,484,0,CV003_002,201267
26137,128,0,CV003_002,201395
26138,248,0,CV003_002,201643
26139,440,0,CV003_002,202083
26140,204,0,CV003_002,202287
26141,496,0,CV003_002,202783
26142,220,0,CV003_002,203003
26143,352,0,CV003_002,203355
26144,108,0,CV003_002,203463
26145,264,0,CV003_002,203727
26146,356,0,CV003_002,204083
26147,84,0,CV003_002,204167
26148,628,0,CV003_002,204795
26149,384,0,CV003_002,205179
26150,224,0,CV003_002,205403
26151,432,0,CV003_002,205835
26152,212,0,CV003_002,206047
26153,252,0,CV003_002,206299
26154,140,0,CV003_002,206439
26155,204,0,CV003_002,206643
26156,236,0,CV003_002,206879
26157,328,0,CV003_002,207207
26158,164,0,CV003_002,207371
26159,464,0,CV003_002,207835
26160,232,0,CV003_002,208067
26161,128,0,CV003_002,208195
26162,328,0,CV003_002,208523
26163,556,0,CV003_002,209079
26164,200,0,CV003_002,209279
26165,80,0,CV003_002,209359
26166,232,0,CV003_002,209591
26167,380,0,CV003_002,209971
26168,132,0,CV003_002,210103
26169,324,0,CV003_002,210427
26170,452,0,CV003_002,210879
26171,192,0,CV003_002,211071
26172,428,0,CV003_002,211499
26173,280,0,CV003_002,211779
26174,220,0,CV003_002,211999
26175,292,0,CV003_002,212291
26176,164,0,CV003_002,212455
26177,228,0,CV003_002,212683
26178,228,0,CV003_002,212911
26179,176,0,CV003_002,213087
26180,448,0,CV003_002,213535
26181,740,0,CV003_002,214275
26182,60,0,CV003_002,214335
26183,444,0,CV003_002,214779
26184,128,0,CV003_002,214907
26185,148,0,CV003_002,215055
26186,476,0,CV003_002,215531
26187,196,0,CV003_002,215727
26188,156,0,CV003_002,215883
26189,772,0,CV003_002,216655
26190,400,0,CV003_002,217055
26191,340,0,CV003_002,217395
26192,108,0,CV003_002,217503
26193,484,0,CV003_002,217987
26194,192,0,CV003_002,218179
26195,84,0,CV003_002,218263
26196,396,0,CV003_002,218659
26197,152,0,CV003_002,218811
26198,396,0,CV003_002,219207
26199,76,0,CV003_002,219283
26200,432,0,CV003_002,219715
26201,104,0,CV003_002,219819
26202,200,0,CV003_002,220019
26203,744,0,CV003_002,220763
26204,632,0,CV003_002,221395
26205,296,0,CV003_002,221691
26206,60,0,CV003_002,221751
26207,452,0,CV003_002,222203
26208,112,0,CV003_002,222315
26209,312,0,CV003_002,222627
26210,200,0,CV003_002,222827
26211,600,0,CV003_002,223427
26212,208,0,CV003_002,223635
26213,96,0,CV003_002,223731
26214,660,0,CV003_002,224391
26215,192,0,CV003_002,224583
26216,276,0,CV003_002,224859
26217,184,0,CV003_002,225043
26218,404,0,CV003_002,225447
26219,460,0,CV003_002,225907
26220,112,0,CV003_002,226019
26221,324,0,CV003_002,226343
26222,144,0,CV003_002,226487
26223,396,0,CV003_002,226883
26224,196,0,CV003_002,227079
26225,216,0,CV003_002,227295
26226,196,0,CV003_002,227491
26227,396,0,CV003_002,227887
26228,92,0,CV003_002,227979
26229,244,0,CV003_002,228223
26230,456,0,CV003_002,228679
26231,436,0,CV003_002,229115
26232,76,0,CV003_002,229191
26233,708,0,CV003_002,229899
26234,100,0,CV003_002,229999
26235,692,0,CV003_002,230691
26236,316,0,CV003_002,231007
26237,628,0,CV003_002,231635
26238,180,0,CV003_002,231815
26239,912,0,CV003_002,232727
26240,972,0,CV003_002,233699
26241,900,0,CV003_002,234599
26242,300,0,CV003_002,234899
26243,320,0,CV003_002,235219
26244,660,0,CV003_002,235879
26245,160,0,CV003_002,236039
26246,108,0,CV003_002,236147
26247,284,0,CV003_002,236431
26248,360,0,CV003_002,236791
26249,124,0,CV003_002,236915
26250,408,0,CV003_002,237323
26251,96,0,CV003_002,237419
26252,944,0,CV003_002,238363
26253,292,0,CV003_002,238655
26254,228,0,CV003_002,238883
26255,432,0,CV003_002,239315
26256,52,0,CV003_002,239367
26257,372,0,CV003_002,239739
26258,248,0,CV003_002,239987
26259,308,0,CV003_002,240295
26260,896,0,CV003_002,241191
26261,748,0,CV003_002,241939
26262,372,0,CV003_002,242311
26263,408,0,CV003_002,242719
26264,96,0,CV003_002,242815
26265,604,0,CV003_002,243419
26266,336,0,CV003_002,243755
26267,232,0,CV003_002,243987
26268,200,0,CV003_002,244187
26269,744,0,CV003_002,244931
26270,924,0,CV003_002,245855
26271,1848,0,CV003_002,247703
26272,932,0,CV003_002,248635
26273,972,0,CV003_002,249607
26274,176,0,CV003_002,249783
26275,412,0,CV003_002,250195
26276,168,0,CV003_002,250363
26277,480,0,CV003_002,250843
26278,260,0,CV003_002,251103
26279,304,0,CV003_002,251407
26280,176,0,CV003_002,251583
26281,332,0,CV003_002,251915
26282,68,0,CV003_002,251983
26283,352,0,CV003_002,252335
26284,436,0,CV003_002,252771
26285,248,0,CV003_002,253019
26286,240,0,CV003_002,253259
26287,900,0,CV003_002,254159
26288,168,0,CV003_002,254327
26289,800,0,CV003_002,255127
26290,920,0,CV003_002,256047
26291,908,0,CV003_002,256955
26292,916,0,CV003_002,257871
26293,1240,0,CV003_002,259111
26294,212,0,CV003_002,259323
26295,456,0,CV003_002,259779
26296,936,0,CV003_002,260715
26297,884,0,CV003_002,261599
26298,932,0,CV003_002,262531
26299,968,0,CV003_002,263499
26300,496,0,CV003_002,263995
26301,388,0,CV003_002,264383
26302,172,0,CV003_002,264555
26303,232,0,CV003_002,264787
26304,544,0,CV003_002,265331
26305,116,0,CV003_002,265447
26306,1128,0,CV003_002,266575
26307,456,0,CV003_002,267031
26308,472,0,CV003_002,267503
26309,124,0,CV003_002,267627
26310,396,0,CV003_002,268023
26311,104,0,CV003_002,268127
26312,928,0,CV003_002,269055
26313,1340,0,CV003_002,270395
26314,376,0,CV003_002,270771
26315,160,0,CV003_002,270931
26316,944,0,CV003_002,271875
26317,928,0,CV003_002,272803
26318,944,0,CV003_002,273747
26319,924,0,CV003_002,274671
26320,920,0,CV003_002,275591
26321,788,0,CV003_002,276379
26322,288,0,CV003_002,276667
26323,724,0,CV003_002,277391
26324,436,0,CV003_002,277827
26325,268,0,CV003_002,278095
26326,328,0,CV003_002,278423
26327,956,0,CV003_002,279379
26328,264,0,CV003_002,279643
26329,332,0,CV003_002,279975
26330,28,0,CV003_002,280003
26331,304,0,CV003_002,280307
26332,336,0,CV003_002,280643
26333,368,0,CV003_002,281011
26334,292,0,CV003_002,281303
26335,896,0,CV003_002,282199
26336,952,0,CV003_002,283151
26337,772,0,CV003_002,283923
26338,168,0,CV003_002,284091
26339,136,0,CV003_002,284227
26340,804,0,CV003_002,285031
26341,340,0,CV003_002,285371
26342,280,0,CV003_002,285651
26343,164,0,CV003_002,285815
26344,176,0,CV003_002,285991
26345,492,0,CV003_002,286483
26346,448,0,CV003_002,286931
26347,312,0,CV003_002,287243
26348,644,0,CV003_002,287887
26349,916,0,CV003_002,288803
26350,372,0,CV003_002,289175
26351,424,0,CV003_002,289599
26352,192,0,CV003_002,289791
26353,364,0,CV003_002,290155
26354,216,0,CV003_002,290371
26355,524,0,CV003_002,290895
26356,96,0,CV003_002,290991
26357,324,0,CV003_002,291315
26358,376,0,CV003_002,291691
26359,876,0,CV003_002,292567
26360,936,0,CV003_002,293503
26361,668,0,CV003_002,294171
26362,264,0,CV003_002,294435
26363,948,0,CV003_002,295383
26364,948,0,CV003_002,296331
26365,384,0,CV003_002,296715
26366,296,0,CV003_002,297011
26367,456,0,CV003_002,297467
26368,756,0,CV003_002,298223
26369,332,0,CV003_002,298555
26370,616,0,CV003_002,299171
26371,296,0,CV003_002,299467
26372,316,0,CV003_002,299783
26373,332,0,CV003_002,300115
26374,132,0,CV003_002,300247
26375,520,0,CV003_002,300767
26376,192,0,CV003_002,300959
26377,316,0,CV003_002,301275
26378,212,0,CV003_002,301487
26379,112,0,CV003_002,301599
26380,252,0,CV003_002,301851
26381,248,0,CV003_002,302099
26382,432,0,CV003_002,302531
26383,24,0,CV003_002,302555
26384,296,0,CV003_002,302851
26385,332,0,CV003_002,303183
26386,348,0,CV003_002,303531
26387,152,0,CV003_002,303683
26388,360,0,CV003_002,304043
26389,132,0,CV003_002,304175
26390,256,0,CV003_002,304431
26391,328,0,CV003_002,304759
26392,164,0,CV003_002,304923
26393,320,0,CV003_002,305243
26394,456,0,CV003_002,305699
26395,188,0,CV003_002,305887
26396,224,0,CV003_002,306111
26397,532,0,CV003_002,306643
26398,2964,0,CV003_002,309607
26399,620,0,CV003_002,310227
26400,204,0,CV003_002,310431
26401,1528,0,CV003_002,311959
26402,248,0,CV003_002,312207
26403,136,0,CV003_002,312343
26404,508,0,CV003_002,312851
26405,324,0,CV003_002,313175
26406,296,0,CV003_002,313471
26407,108,0,CV003_002,313579
26408,516,0,CV003_002,314095
26409,584,0,CV003_002,314679
26410,140,0,CV003_002,314819
26411,200,0,CV003_002,315019
26412,424,0,CV003_002,315443
26413,136,0,CV003_002,315579
26414,312,0,CV003_002,315891
26415,252,0,CV003_002,316143
26416,312,0,CV003_002,316455
26417,160,0,CV003_002,316615
26418,204,0,CV003_002,316819
26419,316,0,CV003_002,317135
26420,632,0,CV003_002,317767
26421,992,0,CV003_002,318759
26422,556,0,CV003_002,319315
26423,380,0,CV003_002,319695
26424,900,0,CV003_002,320595
26425,996,0,CV003_002,321591
26426,308,0,CV003_002,321899
26427,44,0,CV003_002,321943
26428,264,0,CV003_002,322207
26429,316,0,CV003_002,322523
26430,196,0,CV003_002,322719
26431,1648,0,CV003_002,324367
26432,992,0,CV003_002,325359
26433,244,0,CV003_002,325603
26434,352,0,CV003_002,325955
26435,256,0,CV003_002,326211
26436,380,0,CV003_002,326591
26437,40,0,CV003_002,326631
26438,516,0,CV003_002,327147
26439,948,0,CV003_002,328095
26440,220,0,CV003_002,328315
26441,384,0,CV003_002,328699
26442,172,0,CV003_002,328871
26443,436,0,CV003_002,329307
26444,220,0,CV003_002,329527
26445,452,0,CV003_002,329979
26446,888,0,CV003_002,330867
26447,940,0,CV003_002,331807
26448,916,0,CV003_002,332723
26449,332,0,CV003_002,333055
26450,320,0,CV003_002,333375
26451,268,0,CV003_002,333643
26452,344,0,CV003_002,333987
26453,152,0,CV003_002,334139
26454,428,0,CV003_002,334567
26455,340,0,CV003_002,334907
26456,324,0,CV003_002,335231
26457,128,0,CV003_002,335359
26458,532,0,CV003_002,335891
26459,420,0,CV003_002,336311
26460,120,0,CV003_002,336431
26461,204,0,CV003_002,336635
26462,356,0,CV003_002,336991
26463,244,0,CV003_002,337235
26464,112,0,CV003_002,337347
26465,1176,0,CV003_002,338523
26466,356,0,CV003_002,338879
26467,312,0,CV003_002,339191
26468,184,0,CV003_002,339375
26469,780,0,CV003_002,340155
26470,456,0,CV003_002,340611
26471,420,0,CV003_002,341031
26472,336,0,CV003_002,341367
26473,1484,0,CV003_002,342851
26474,920,0,CV003_002,343771
26475,924,0,CV003_002,344695
26476,664,0,CV003_002,345359
26477,284,0,CV003_002,345643
26478,872,0,CV003_002,346515
26479,384,0,CV003_002,346899
26480,548,0,CV003_002,347447
26481,584,0,CV003_002,348031
26482,344,0,CV003_002,348375
26483,276,0,CV003_002,348651
26484,184,0,CV003_002,348835
26485,456,0,CV003_002,349291
26486,252,0,CV003_002,349543
26487,712,0,CV003_002,350255
26488,232,0,CV003_002,350487
26489,620,0,CV003_002,351107
26490,2736,0,CV003_002,353843
26491,928,0,CV003_002,354771
26492,560,0,CV003_002,355331
26493,368,0,CV003_002,355699
26494,904,0,CV003_002,356603
26495,852,0,CV003_002,357455
26496,960,0,CV003_002,358415
26497,900,0,CV003_002,359315
26498,932,0,CV003_002,360247
26499,652,0,CV003_002,360899
26500,540,0,CV003_002,361439
26501,312,0,CV003_002,361751
26502,288,0,CV003_002,362039
26503,908,0,CV003_002,362947
26504,900,0,CV003_002,363847
26505,340,0,CV003_002,364187
26506,436,0,CV003_002,364623
26507,404,0,CV003_002,365027
26508,260,0,CV003_002,365287
26509,96,0,CV003_002,365383
26510,272,0,CV003_002,365655
26511,320,0,CV003_002,365975
26512,372,0,CV003_002,366347
26513,636,0,CV003_002,366983
26514,492,0,CV003_002,367475
26515,812,0,CV003_002,368287
26516,28,0,CV003_002,368315
26517,220,0,CV003_002,368535
26518,772,0,CV003_002,369307
26519,536,0,CV003_002,369843
26520,384,0,CV003_002,370227
26521,916,0,CV003_002,371143
26522,744,0,CV003_002,371887
26523,132,0,CV003_002,372019
26524,316,0,CV003_002,372335
26525,328,0,CV003_002,372663
26526,196,0,CV003_002,372859
26527,252,0,CV003_002,373111
26528,776,0,CV003_002,373887
26529,172,0,CV003_002,374059
26530,804,0,CV003_002,374863
26531,800,0,CV003_002,375663
26532,972,0,CV003_002,376635
26533,916,0,CV003_002,377551
26534,264,0,CV003_002,377815
26535,652,0,CV003_002,378467
26536,256,0,CV003_002,378723
26537,500,0,CV003_002,379223
26538,148,0,CV003_002,379371
26539,240,0,CV003_002,379611
26540,680,0,CV003_002,380291
26541,936,0,CV003_002,381227
26542,380,0,CV003_002,381607
26543,236,0,CV003_002,381843
26544,304,0,CV003_002,382147
26545,520,0,CV003_002,382667
26546,204,0,CV003_002,382871
26547,252,0,CV003_002,383123
26548,104,0,CV003_002,383227
26549,944,0,CV003_002,384171
26550,216,0,CV003_002,384387
26551,120,0,CV003_002,384507
26552,220,0,CV003_002,384727
26553,196,0,CV003_002,384923
26554,488,0,CV003_002,385411
26555,228,0,CV003_002,385639
26556,380,0,CV003_002,386019
26557,160,0,CV003_002,386179
26558,320,0,CV003_002,386499
26559,380,0,CV003_002,386879
26560,408,0,CV003_002,387287
26561,352,0,CV003_002,387639
26562,36,0,CV003_002,387675
26563,360,0,CV003_002,388035
26564,220,0,CV003_002,388255
26565,324,0,CV003_002,388579
26566,608,0,CV003_002,389187
26567,196,0,CV003_002,389383
26568,656,0,CV003_002,390039
26569,316,0,CV003_002,390355
26570,196,0,CV003_002,390551
26571,216,0,CV003_002,390767
26572,552,0,CV003_002,391319
26573,36,0,CV003_002,391355
26574,376,0,CV003_002,391731
26575,336,0,CV003_002,392067
26576,24,0,CV003_002,392091
26577,296,0,CV003_002,392387
26578,252,0,CV003_002,392639
26579,300,0,CV003_002,392939
26580,268,0,CV003_002,393207
26581,444,0,CV003_002,393651
26582,380,0,CV003_002,394031
26583,224,0,CV003_002,394255
26584,292,0,CV003_002,394547
26585,148,0,CV003_002,394695
26586,352,0,CV003_002,395047
26587,492,0,CV003_002,395539
26588,300,0,CV003_002,395839
26589,88,0,CV003_002,395927
26590,324,0,CV003_002,396251
26591,240,0,CV003_002,396491
26592,212,0,CV003_002,396703
26593,224,0,CV003_002,396927
26594,216,0,CV003_002,397143
26595,772,0,CV003_002,397915
26596,380,0,CV003_002,398295
26597,236,0,CV003_002,398531
26598,100,0,CV003_002,398631
26599,356,0,CV003_002,398987
26600,252,0,CV003_002,399239
26601,228,0,CV003_002,399467
26602,272,0,CV003_002,399739
26603,236,0,CV003_002,399975
26604,116,0,CV003_002,400091
26605,220,0,CV003_002,400311
26606,376,0,CV003_002,400687
26607,304,0,CV003_002,400991
26608,256,0,CV003_002,401247
26609,148,0,CV003_002,401395
26610,232,0,CV003_002,401627
26611,348,0,CV003_002,401975
26612,132,0,CV003_002,402107
26613,328,0,CV003_002,402435
26614,284,0,CV003_002,402719
26615,296,0,CV003_002,403015
26616,140,0,CV003_002,403155
26617,148,0,CV003_002,403303
26618,264,0,CV003_002,403567
26619,456,0,CV003_002,404023
26620,420,0,CV003_002,404443
26621,280,0,CV003_002,404723
26622,240,0,CV003_002,404963
26623,268,0,CV003_002,405231
26624,144,0,CV003_002,405375
26625,328,0,CV003_002,405703
26626,196,0,CV003_002,405899
26627,276,0,CV003_002,406175
26628,180,0,CV003_002,406355
26629,204,0,CV003_002,406559
26630,376,0,CV003_002,406935
26631,168,0,CV003_002,407103
26632,236,0,CV003_002,407339
26633,268,0,CV003_002,407607
26634,340,0,CV003_002,407947
26635,180,0,CV003_002,408127
26636,180,0,CV003_002,408307
26637,388,0,CV003_002,408695
26638,188,0,CV003_002,408883
26639,140,0,CV003_002,409023
26640,244,0,CV003_002,409267
26641,396,0,CV003_002,409663
26642,236,0,CV003_002,409899
26643,224,0,CV003_002,410123
26644,128,0,CV003_002,410251
26645,240,0,CV003_002,410491
26646,312,0,CV003_002,410803
26647,172,0,CV003_002,410975
26648,244,0,CV003_002,411219
26649,444,0,CV003_002,411663
26650,276,0,CV003_002,411939
26651,52,0,CV003_002,411991
26652,204,0,CV003_002,412195
26653,684,0,CV003_002,412879
26654,100,0,CV003_002,412979
26655,288,0,CV003_002,413267
26656,300,0,CV003_002,413567
26657,356,0,CV003_002,413923
26658,196,0,CV003_002,414119
26659,772,0,CV003_002,414891
26660,88,0,CV003_002,414979
26661,192,0,CV003_002,415171
26662,488,0,CV003_002,415659
26663,256,0,CV003_002,415915
26664,168,0,CV003_002,416083
26665,248,0,CV003_002,416331
26666,292,0,CV003_002,416623
26667,148,0,CV003_002,416771
26668,320,0,CV003_002,417091
26669,220,0,CV003_002,417311
26670,260,0,CV003_002,417571
26671,172,0,CV003_002,417743
26672,320,0,CV003_002,418063
26673,92,0,CV003_002,418155
26674,476,0,CV003_002,418631
26675,104,0,CV003_002,418735
26676,212,0,CV003_002,418947
26677,360,0,CV003_002,419307
26678,420,0,CV003_002,419727
26679,600,0,CV003_002,420327
26680,100,0,CV003_002,420427
26681,236,0,CV003_002,420663
26682,952,0,CV003_002,421615
26683,332,0,CV003_002,421947
26684,352,0,CV003_002,422299
26685,88,0,CV003_002,422387
26686,492,0,CV003_002,422879
26687,628,0,CV003_002,423507
26688,248,0,CV003_002,423755
26689,316,0,CV003_002,424071
26690,380,0,CV003_002,424451
26691,196,0,CV003_002,424647
26692,352,0,CV003_002,424999
26693,268,0,CV003_002,425267
26694,164,0,CV003_002,425431
26695,344,0,CV003_002,425775
26696,284,0,CV003_002,426059
26697,100,0,CV003_002,426159
26698,292,0,CV003_002,426451
26699,476,0,CV003_002,426927
26700,348,0,CV003_002,427275
26701,240,0,CV003_002,427515
26702,268,0,CV003_002,427783
26703,228,0,CV003_002,428011
26704,156,0,CV003_002,428167
26705,164,0,CV003_002,428331
26706,528,0,CV003_002,428859
26707,412,0,CV003_002,429271
26708,48,0,CV003_002,429319
26709,692,0,CV003_002,430011
26710,296,0,CV003_002,430307
26711,24,0,CV003_002,430331
26712,932,0,CV003_002,431263
26713,992,0,CV003_002,432255
26714,820,0,CV003_002,433075
26715,276,0,CV003_002,433351
26716,856,0,CV003_002,434207
26717,972,0,CV003_002,435179
26718,964,0,CV003_002,436143
26719,964,0,CV003_002,437107
26720,428,0,CV003_002,437535
26721,372,0,CV003_002,437907
26722,596,0,CV003_002,438503
26723,556,0,CV003_002,439059
26724,432,0,CV003_002,439491
26725,268,0,CV003_002,439759
26726,420,0,CV003_002,440179
26727,184,0,CV003_002,440363
26728,176,0,CV003_002,440539
26729,372,0,CV003_002,440911
26730,220,0,CV003_002,441131
26731,280,0,CV003_002,441411
26732,216,0,CV003_002,441627
26733,200,0,CV003_002,441827
26734,116,0,CV003_002,441943
26735,276,0,CV003_002,442219
26736,272,0,CV003_002,442491
26737,320,0,CV003_002,442811
26738,584,0,CV003_002,443395
26739,44,0,CV003_002,443439
26740,476,0,CV003_002,443915
26741,196,0,CV003_002,444111
26742,108,0,CV003_002,444219
26743,440,0,CV003_002,444659
26744,64,0,CV003_002,444723
26745,324,0,CV003_002,445047
26746,156,0,CV003_002,445203
26747,276,0,CV003_002,445479
26748,384,0,CV003_002,445863
26749,88,0,CV003_002,445951
26750,476,0,CV003_002,446427
26751,140,0,CV003_002,446567
26752,256,0,CV003_002,446823
26753,304,0,CV003_002,447127
26754,184,0,CV003_002,447311
26755,184,0,CV003_002,447495
26756,336,0,CV003_002,447831
26757,88,0,CV003_002,447919
26758,364,0,CV003_002,448283
26759,192,0,CV003_002,448475
26760,400,0,CV003_002,448875
26761,80,0,CV003_002,448955
26762,396,0,CV003_002,449351
26763,132,0,CV003_002,449483
26764,184,0,CV003_002,449667
26765,364,0,CV003_002,450031
26766,292,0,CV003_002,450323
26767,128,0,CV003_002,450451
26768,196,0,CV003_002,450647
26769,312,0,CV003_002,450959
26770,312,0,CV003_002,451271
26771,248,0,CV003_002,451519
26772,244,0,CV003_002,451763
26773,168,0,CV003_002,451931
26774,312,0,CV003_002,452243
26775,332,0,CV003_002,452575
26776,204,0,CV003_002,452779
26777,168,0,CV003_002,452947
26778,360,0,CV003_002,453307
26779,172,0,CV003_002,453479
26780,300,0,CV003_002,453779
26781,96,0,CV003_002,453875
26782,348,0,CV003_002,454223
26783,272,0,CV003_002,454495
26784,192,0,CV003_002,454687
26785,260,0,CV003_002,454947
26786,168,0,CV003_002,455115
26787,756,0,CV003_002,455871
26788,440,0,CV003_002,456311
26789,376,0,CV003_002,456687
26790,228,0,CV003_002,456915
26791,260,0,CV003_002,457175
26792,224,0,CV003_002,457399
26793,412,0,CV003_002,457811
26794,228,0,CV003_002,458039
26795,184,0,CV003_002,458223
26796,84,0,CV003_002,458307
26797,464,0,CV003_002,458771
26798,96,0,CV003_002,458867
26799,344,0,CV003_002,459211
26800,128,0,CV003_002,459339
26801,456,0,CV003_002,459795
26802,28,0,CV003_002,459823
26803,472,0,CV003_002,460295
26804,188,0,CV003_002,460483
26805,276,0,CV003_002,460759
26806,164,0,CV003_002,460923
26807,368,0,CV003_002,461291
26808,100,0,CV003_002,461391
26809,336,0,CV003_002,461727
26810,112,0,CV003_002,461839
26811,228,0,CV003_002,462067
26812,460,0,CV003_002,462527
26813,260,0,CV003_002,462787
26814,36,0,CV003_002,462823
26815,300,0,CV003_002,463123
26816,388,0,CV003_002,463511
26817,240,0,CV003_002,463751
26818,228,0,CV003_002,463979
26819,280,0,CV003_002,464259
26820,260,0,CV003_002,464519
26821,128,0,CV003_002,464647
26822,332,0,CV003_002,464979
26823,292,0,CV003_002,465271
26824,940,0,CV003_002,466211
26825,932,0,CV003_002,467143
26826,936,0,CV003_002,468079
26827,936,0,CV003_002,469015
26828,2760,0,CV003_002,471775
26829,1896,0,CV003_002,473671
26830,1912,0,CV003_002,475583
26831,864,0,CV003_002,476447
26832,496,0,CV003_002,476943
26833,428,0,CV003_002,477371
26834,552,0,CV003_002,477923
26835,1164,0,CV003_002,479087
26836,108,0,CV003_002,479195
26837,408,0,CV003_002,479603
26838,56,0,CV003_002,479659
26839,428,0,CV003_002,480087
26840,124,0,CV003_002,480211
26841,880,0,CV003_002,481091
26842,120,0,CV003_002,481211
26843,248,0,CV003_002,481459
26844,352,0,CV003_002,481811
26845,88,0,CV003_002,481899
26846,396,0,CV003_002,482295
26847,312,0,CV003_002,482607
26848,48,0,CV003_002,482655
26849,372,0,CV003_002,483027
26850,276,0,CV003_002,483303
26851,212,0,CV003_002,483515
26852,260,0,CV003_002,483775
26853,248,0,CV003_002,484023
26854,104,0,CV003_002,484127
26855,492,0,CV003_002,484619
26856,28,0,CV003_002,484647
26857,404,0,CV003_002,485051
26858,272,0,CV003_002,485323
26859,92,0,CV003_002,485415
26860,376,0,CV003_002,485791
26861,252,0,CV003_002,486043
26862,248,0,CV003_002,486291
26863,116,0,CV003_002,486407
26864,1624,0,CV003_002,488031
26865,128,0,CV003_002,488159
26866,356,0,CV003_002,488515
26867,180,0,CV003_002,488695
26868,316,0,CV003_002,489011
26869,264,0,CV003_002,489275
26870,188,0,CV003_002,489463
26871,444,0,CV003_002,489907
26872,340,0,CV003_002,490247
26873,2856,0,CV003_002,493103
26874,540,0,CV003_002,493643
26875,992,0,CV003_002,494635
26876,1868,0,CV003_002,496503
26877,1716,0,CV003_002,498219
26878,116,0,CV003_002,498335
26879,912,0,CV003_002,499247
26880,848,0,CV003_002,500095
26881,396,0,CV003_002,500491
26882,484,0,CV003_002,500975
26883,656,0,CV003_002,501631
26884,276,0,CV003_002,501907
26885,432,0,CV003_002,502339
26886,480,0,CV003_002,502819
26887,840,0,CV003_002,503659
26888,420,0,CV003_002,504079
26889,500,0,CV003_002,504579
26890,916,0,CV003_002,505495
26891,932,0,CV003_002,506427
26892,916,0,CV003_002,507343
26893,376,0,CV003_002,507719
26894,468,0,CV003_002,508187
26895,984,0,CV003_002,509171
26896,920,0,CV003_002,510091
26897,440,0,CV003_002,510531
26898,336,0,CV003_002,510867
26899,1056,0,CV003_002,511923
26900,916,0,CV003_002,512839
26901,500,0,CV003_002,513339
26902,180,0,CV003_002,513519
26903,368,0,CV003_002,513887
26904,664,0,CV003_002,514551
26905,88,0,CV003_002,514639
26906,316,0,CV003_002,514955
26907,172,0,CV003_002,515127
26908,496,0,CV003_002,515623
26909,72,0,CV003_002,515695
26910,400,0,CV003_002,516095
26911,264,0,CV003_002,516359
26912,52,0,CV003_002,516411
26913,380,0,CV003_002,516791
26914,100,0,CV003_002,516891
26915,260,0,CV003_002,517151
26916,264,0,CV003_002,517415
26917,276,0,CV003_002,517691
26918,1304,0,CV003_002,518995
26919,272,0,CV003_002,519267
26920,148,0,CV003_002,519415
26921,240,0,CV003_002,519655
26922,400,0,CV003_002,520055
26923,36,0,CV003_002,520091
26924,348,0,CV003_002,520439
26925,252,0,CV003_002,520691
26926,340,0,CV003_002,521031
26927,36,0,CV003_002,521067
26928,332,0,CV003_002,521399
26929,400,0,CV003_002,521799
26930,44,0,CV003_002,521843
26931,376,0,CV003_002,522219
26932,152,0,CV003_002,522371
26933,388,0,CV003_002,522759
26934,84,0,CV003_002,522843
26935,252,0,CV003_002,523095
26936,248,0,CV003_002,523343
26937,396,0,CV003_002,523739
26938,268,0,CV003_002,524007
26939,292,0,CV003_002,524299
26940,116,0,CV003_002,524415
26941,336,0,CV003_002,524751
26942,28,0,CV003_002,524779
26943,404,0,CV003_002,525183
26944,116,0,CV003_002,525299
26945,420,0,CV003_002,525719
26946,136,0,CV003_002,525855
26947,328,0,CV003_002,526183
26948,220,0,CV003_002,526403
26949,332,0,CV003_002,526735
26950,112,0,CV003_002,526847
26951,196,0,CV003_002,527043
26952,256,0,CV003_002,527299
26953,712,0,CV003_002,528011
26954,188,0,CV003_002,528199
26955,92,0,CV003_002,528291
26956,440,0,CV003_002,528731
26957,188,0,CV003_002,528919
26958,208,0,CV003_002,529127
26959,340,0,CV003_002,529467
26960,196,0,CV003_002,529663
26961,196,0,CV003_002,529859
26962,396,0,CV003_002,530255
26963,44,0,CV003_002,530299
26964,284,0,CV003_002,530583
26965,256,0,CV003_002,530839
26966,156,0,CV003_002,530995
26967,2156,0,CV003_002,533151
26968,936,0,CV003_002,534087
26969,872,0,CV003_002,534959
26970,932,0,CV003_002,535891
26971,928,0,CV003_002,536819
26972,1388,0,CV003_002,538207
26973,444,0,CV003_002,538651
26974,1700,0,CV003_002,540351
26975,132,0,CV003_002,540483
26976,392,0,CV003_002,540875
26977,452,0,CV003_002,541327
26978,72,0,CV003_002,541399
26979,720,0,CV003_002,542119
26980,232,0,CV003_002,542351
26981,292,0,CV003_002,542643
26982,584,0,CV003_002,543227
26983,1848,0,CV003_002,545075
26984,1060,0,CV003_002,546135
26985,772,0,CV003_002,546907
26986,928,0,CV003_002,547835
26987,912,0,CV003_002,548747
26988,380,0,CV003_002,549127
26989,524,0,CV003_002,549651
26990,340,0,CV003_002,549991
26991,188,0,CV003_002,550179
26992,376,0,CV003_002,550555
26993,752,0,CV003_002,551307
26994,156,0,CV003_002,551463
26995,324,0,CV003_002,551787
26996,460,0,CV003_002,552247
26997,392,0,CV003_002,552639
26998,216,0,CV003_002,552855
26999,424,0,CV003_002,553279
27000,156,0,CV003_002,553435
27001,296,0,CV003_002,553731
27002,152,0,CV003_002,553883
27003,156,0,CV003_002,554039
27004,500,0,CV003_002,554539
27005,72,0,CV003_002,554611
27006,284,0,CV003_002,554895
27007,292,0,CV003_002,555187
27008,180,0,CV003_002,555367
27009,308,0,CV003_002,555675
27010,204,0,CV003_002,555879
27011,372,0,CV003_002,556251
27012,216,0,CV003_002,556467
27013,168,0,CV003_002,556635
27014,320,0,CV003_002,556955
27015,184,0,CV003_002,557139
27016,672,0,CV003_002,557811
27017,356,0,CV003_002,558167
27018,348,0,CV003_002,558515
27019,92,0,CV003_002,558607
27020,276,0,CV003_002,558883
27021,308,0,CV003_002,559191
27022,548,0,CV003_002,559739
27023,260,0,CV003_002,559999
27024,208,0,CV003_002,560207
27025,272,0,CV003_002,560479
27026,184,0,CV003_002,560663
27027,564,0,CV003_002,561227
27028,144,0,CV003_002,561371
27029,356,0,CV003_002,561727
27030,200,0,CV003_002,561927
27031,116,0,CV003_002,562043
27032,208,0,CV003_002,562251
27033,404,0,CV003_002,562655
27034,92,0,CV003_002,562747
27035,236,0,CV003_002,562983
27036,380,0,CV003_002,563363
27037,288,0,CV003_002,563651
27038,172,0,CV003_002,563823
27039,376,0,CV003_002,564199
27040,320,0,CV003_002,564519
27041,268,0,CV003_002,564787
27042,256,0,CV003_002,565043
27043,228,0,CV003_002,565271
27044,240,0,CV003_002,565511
27045,276,0,CV003_002,565787
27046,336,0,CV003_002,566123
27047,200,0,CV003_002,566323
27048,168,0,CV003_002,566491
27049,288,0,CV003_002,566779
27050,284,0,CV003_002,567063
27051,264,0,CV003_002,567327
27052,188,0,CV003_002,567515
27053,364,0,CV003_002,567879
27054,172,0,CV003_002,568051
27055,192,0,CV003_002,568243
27056,400,0,CV003_002,568643
27057,72,0,CV003_002,568715
27058,224,0,CV003_002,568939
27059,316,0,CV003_002,569255
27060,360,0,CV003_002,569615
27061,296,0,CV003_002,569911
27062,168,0,CV003_002,570079
27063,308,0,CV003_002,570387
27064,180,0,CV003_002,570567
27065,116,0,CV003_002,570683
27066,464,0,CV003_002,571147
27067,40,0,CV003_002,571187
27068,380,0,CV003_002,571567
27069,352,0,CV003_002,571919
27070,108,0,CV003_002,572027
27071,136,0,CV003_002,572163
27072,500,0,CV003_002,572663
27073,192,0,CV003_002,572855
27074,176,0,CV003_002,573031
27075,308,0,CV003_002,573339
27076,196,0,CV003_002,573535
27077,320,0,CV003_002,573855
27078,164,0,CV003_002,574019
27079,340,0,CV003_002,574359
27080,228,0,CV003_002,574587
27081,228,0,CV003_002,574815
27082,260,0,CV003_002,575075
27083,136,0,CV003_002,575211
27084,208,0,CV003_002,575419
27085,440,0,CV003_002,575859
27086,256,0,CV003_002,576115
27087,68,0,CV003_002,576183
27088,376,0,CV003_002,576559
27089,224,0,CV003_002,576783
27090,316,0,CV003_002,577099
27091,40,0,CV003_002,577139
27092,280,0,CV003_002,577419
27093,440,0,CV003_002,577859
27094,88,0,CV003_002,577947
27095,232,0,CV003_002,578179
27096,296,0,CV003_002,578475
27097,164,0,CV003_002,578639
27098,272,0,CV003_002,578911
27099,308,0,CV003_002,579219
27100,384,0,CV003_002,579603
27101,192,0,CV003_002,579795
27102,32,0,CV003_002,579827
27103,464,0,CV003_002,580291
27104,180,0,CV003_002,580471
27105,140,0,CV003_002,580611
27106,424,0,CV003_002,581035
27107,52,0,CV003_002,581087
27108,380,0,CV003_002,581467
27109,136,0,CV003_002,581603
27110,424,0,CV003_002,582027
27111,176,0,CV003_002,582203
27112,220,0,CV003_002,582423
27113,316,0,CV003_002,582739
27114,128,0,CV003_002,582867
27115,396,0,CV003_002,583263
27116,256,0,CV003_002,583519
27117,96,0,CV003_002,583615
27118,244,0,CV003_002,583859
27119,260,0,CV003_002,584119
27120,364,0,CV003_002,584483
27121,80,0,CV003_002,584563
27122,376,0,CV003_002,584939
27123,144,0,CV003_002,585083
27124,10848,0,CV003_002,595931
27125,132,0,CV003_002,596063
27126,212,0,CV003_002,596275
27127,328,0,CV003_002,596603
27128,308,0,CV003_002,596911
27129,84,0,CV003_002,596995
27130,616,0,CV003_002,597611
27131,1020,0,CV003_002,598631
27132,848,0,CV003_002,599479
27133,340,0,CV003_002,599819
27134,168,0,CV003_002,599987
27135,416,0,CV003_002,600403
27136,608,0,CV003_002,601011
27137,364,0,CV003_002,601375
27138,820,0,CV003_002,602195
27139,980,0,CV003_002,603175
27140,464,0,CV003_002,603639
27141,172,0,CV003_002,603811
27142,308,0,CV003_002,604119
27143,608,0,CV003_002,604727
27144,260,0,CV003_002,604987
27145,1208,0,CV003_002,606195
27146,688,0,CV003_002,606883
27147,192,0,CV003_002,607075
27148,672,0,CV003_002,607747
27149,508,0,CV003_002,608255
27150,476,0,CV003_002,608731
27151,1800,0,CV003_002,610531
27152,728,0,CV003_002,611259
27153,260,0,CV003_002,611519
27154,520,0,CV003_002,612039
27155,312,0,CV003_002,612351
27156,516,0,CV003_002,612867
27157,452,0,CV003_002,613319
27158,72,0,CV003_002,613391
27159,1132,0,CV003_002,614523
27160,276,0,CV003_002,614799
27161,340,0,CV003_002,615139
27162,224,0,CV003_002,615363
27163,604,0,CV003_002,615967
27164,88,0,CV003_002,616055
27165,984,0,CV003_002,617039
27166,124,0,CV003_002,617163
27167,308,0,CV003_002,617471
27168,136,0,CV003_002,617607
27169,960,0,CV003_002,618567
27170,272,0,CV003_002,618839
27171,452,0,CV003_002,619291
27172,428,0,CV003_002,619719
27173,232,0,CV003_002,619951
27174,216,0,CV003_002,620167
27175,488,0,CV003_002,620655
27176,588,0,CV003_002,621243
27177,68,0,CV003_002,621311
27178,316,0,CV003_002,621627
27179,772,0,CV003_002,622399
27180,120,0,CV003_002,622519
27181,288,0,CV003_002,622807
27182,300,0,CV003_002,623107
27183,160,0,CV003_002,623267
27184,712,0,CV003_002,623979
27185,432,0,CV003_002,624411
27186,576,0,CV003_002,624987
27187,304,0,CV003_002,625291
27188,368,0,CV003_002,625659
27189,284,0,CV003_002,625943
27190,512,0,CV003_002,626455
27191,120,0,CV003_002,626575
27192,600,0,CV003_002,627175
27193,172,0,CV003_002,627347
27194,384,0,CV003_002,627731
27195,536,0,CV003_002,628267
27196,492,0,CV003_002,628759
27197,200,0,CV003_002,628959
27198,444,0,CV003_002,629403
27199,480,0,CV003_002,629883
27200,188,0,CV003_002,630071
27201,312,0,CV003_002,630383
27202,288,0,CV003_002,630671
27203,244,0,CV003_002,630915
27204,128,0,CV003_002,631043
27205,340,0,CV003_002,631383
27206,92,0,CV003_002,631475
27207,220,0,CV003_002,631695
27208,916,0,CV003_002,632611
27209,920,0,CV003_002,633531
27210,912,0,CV003_002,634443
27211,916,0,CV003_002,635359
27212,912,0,CV003_002,636271
27213,916,0,CV003_002,637187
27214,920,0,CV003_002,638107
27215,924,0,CV003_002,639031
27216,940,0,CV003_002,639971
27217,928,0,CV003_002,640899
27218,928,0,CV003_002,641827
27219,920,0,CV003_002,642747
27220,924,0,CV003_002,643671
27221,940,0,CV003_002,644611
27222,940,0,CV003_002,645551
27223,944,0,CV003_002,646495
27224,944,0,CV003_002,647439
27225,960,0,CV003_002,648399
27226,948,0,CV003_002,649347
27227,1004,1,CV003_002,650351
27228,908,0,CV003_002,651259
27229,960,0,CV003_002,652219
27230,944,0,CV003_002,653163
27231,948,0,CV003_002,654111
27232,968,0,CV003_002,655079
27233,968,0,CV003_002,656047
27234,2896,0,CV003_002,658943
27235,964,0,CV003_002,659907
27236,944,0,CV003_002,660851
27237,952,0,CV003_002,661803
27238,956,0,CV003_002,662759
27239,936,0,CV003_002,663695
27240,924,0,CV003_002,664619
27241,908,0,CV003_002,665527
27242,932,0,CV003_002,666459
27243,860,0,CV003_002,667319
27244,1036,0,CV003_002,668355
27245,168,0,CV003_002,668523
27246,328,0,CV003_002,668851
27247,104,0,CV003_002,668955
27248,380,0,CV003_002,669335
27249,212,0,CV003_002,669547
27250,2680,0,CV003_002,672227
27251,1932,0,CV003_002,674159
27252,972,0,CV003_002,675131
27253,992,0,CV003_002,676123
27254,916,0,CV003_002,677039
27255,732,0,CV003_002,677771
27256,876,0,CV003_002,678647
27257,300,0,CV003_002,678947
27258,1884,0,CV003_002,680831
27259,832,0,CV003_002,681663
27260,116,0,CV003_002,681779
27261,284,0,CV003_002,682063
27262,656,0,CV003_002,682719
27263,956,0,CV003_002,683675
27264,836,0,CV003_002,684511
27265,2076,0,CV003_002,686587
27266,1068,0,CV003_002,687655
27267,788,0,CV003_002,688443
27268,956,0,CV003_002,689399
27269,1808,0,CV003_002,691207
27270,252,0,CV003_002,691459
27271,200,0,CV003_002,691659
27272,608,0,CV003_002,692267
27273,964,0,CV003_002,693231
27274,312,0,CV003_002,693543
27275,312,0,CV003_002,693855
27276,328,0,CV003_002,694183
27277,660,0,CV003_002,694843
27278,528,0,CV003_002,695371
27279,332,0,CV003_002,695703
27280,684,0,CV003_002,696387
27281,52,0,CV003_002,696439
27282,660,0,CV003_002,697099
27283,468,0,CV003_002,697567
27284,164,0,CV003_002,697731
27285,248,0,CV003_002,697979
27286,940,0,CV003_002,698919
27287,936,0,CV003_002,699855
27288,188,0,CV003_002,700043
27289,304,0,CV003_002,700347
27290,132,0,CV003_002,700479
27291,268,0,CV003_002,700747
27292,304,0,CV003_002,701051
27293,444,0,CV003_002,701495
27294,204,0,CV003_002,701699
27295,376,0,CV003_002,702075
27296,400,0,CV003_002,702475
27297,160,0,CV003_002,702635
27298,920,0,CV003_002,703555
27299,160,0,CV003_002,703715
27300,468,0,CV003_002,704183
27301,368,0,CV003_002,704551
27302,28,0,CV003_002,704579
27303,820,0,CV003_002,705399
27304,936,0,CV003_002,706335
27305,936,0,CV003_002,707271
27306,928,0,CV003_002,708199
27307,936,0,CV003_002,709135
27308,308,0,CV003_002,709443
27309,320,0,CV003_002,709763
27310,340,0,CV003_002,710103
27311,412,0,CV003_002,710515
27312,132,0,CV003_002,710647
27313,336,0,CV003_002,710983
27314,300,0,CV003_002,711283
27315,512,0,CV003_002,711795
27316,308,0,CV003_002,712103
27317,728,0,CV003_002,712831
27318,924,0,CV003_002,713755
27319,892,0,CV003_002,714647
27320,916,0,CV003_002,715563
27321,916,0,CV003_002,716479
27322,928,0,CV003_002,717407
27323,920,0,CV003_002,718327
27324,928,0,CV003_002,719255
27325,908,0,CV003_002,720163
27326,924,0,CV003_002,721087
27327,944,0,CV003_002,722031
27328,944,0,CV003_002,722975
27329,956,0,CV003_002,723931
27330,948,0,CV003_002,724879
27331,936,0,CV003_002,725815
27332,956,0,CV003_002,726771
27333,960,0,CV003_002,727731
27334,968,0,CV003_002,728699
27335,996,0,CV003_002,729695
27336,888,0,CV003_002,730583
27337,920,0,CV003_002,731503
27338,164,0,CV003_002,731667
27339,756,0,CV003_002,732423
27340,928,0,CV003_002,733351
27341,920,0,CV003_002,734271
27342,896,0,CV003_002,735167
27343,888,0,CV003_002,736055
27344,860,0,CV003_002,736915
27345,860,0,CV003_002,737775
27346,880,0,CV003_002,738655
27347,860,0,CV003_002,739515
27348,884,0,CV003_002,740399
27349,876,0,CV003_002,741275
27350,876,0,CV003_002,742151
27351,912,0,CV003_002,743063
27352,904,0,CV003_002,743967
27353,916,0,CV003_002,744883
27354,904,0,CV003_002,745787
27355,896,0,CV003_002,746683
27356,904,0,CV003_002,747587
27357,920,0,CV003_002,748507
27358,896,0,CV003_002,749403
27359,900,0,CV003_002,750303
27360,904,0,CV003_002,751207
27361,904,0,CV003_002,752111
27362,884,0,CV003_002,752995
27363,908,0,CV003_002,753903
27364,900,0,CV003_002,754803
27365,896,0,CV003_002,755699
27366,908,0,CV003_002,756607
27367,892,0,CV003_002,757499
27368,892,0,CV003_002,758391
27369,896,0,CV003_002,759287
27370,888,0,CV003_002,760175
27371,904,0,CV003_002,761079
27372,872,0,CV003_002,761951
27373,884,0,CV003_002,762835
27374,888,0,CV003_002,763723
27375,884,0,CV003_002,764607
27376,872,0,CV003_002,765479
27377,892,0,CV003_002,766371
27378,896,0,CV003_002,767267
27379,884,0,CV003_002,768151
27380,876,0,CV003_002,769027
27381,880,0,CV003_002,769907
27382,884,0,CV003_002,770791
27383,896,0,CV003_002,771687
27384,904,0,CV003_002,772591
27385,880,0,CV003_002,773471
27386,888,0,CV003_002,774359
27387,904,0,CV003_002,775263
27388,892,0,CV003_002,776155
27389,880,0,CV003_002,777035
27390,896,0,CV003_002,777931
27391,904,0,CV003_002,778835
27392,900,0,CV003_002,779735
27393,880,0,CV003_002,780615
27394,900,0,CV003_002,781515
27395,904,0,CV003_002,782419
27396,912,0,CV003_002,783331
27397,888,0,CV003_002,784219
27398,916,0,CV003_002,785135
27399,908,0,CV003_002,786043
27400,916,0,CV003_002,786959
27401,888,0,CV003_002,787847
27402,892,0,CV003_002,788739
27403,904,0,CV003_002,789643
27404,900,0,CV003_002,790543
27405,912,0,CV003_002,791455
27406,888,0,CV003_002,792343
27407,904,0,CV003_002,793247
27408,904,0,CV003_002,794151
27409,916,0,CV003_002,795067
27410,892,0,CV003_002,795959
27411,912,0,CV003_002,796871
27412,908,0,CV003_002,797779
27413,892,0,CV003_002,798671
27414,916,0,CV003_002,799587
27415,908,0,CV003_002,800495
27416,912,0,CV003_002,801407
27417,888,0,CV003_002,802295
27418,904,0,CV003_002,803199
27419,904,0,CV003_002,804103
27420,884,0,CV003_002,804987
27421,900,0,CV003_002,805887
27422,892,0,CV003_002,806779
27423,888,0,CV003_002,807667
27424,904,0,CV003_002,808571
27425,896,0,CV003_002,809467
27426,888,0,CV003_002,810355
27427,908,0,CV003_002,811263
27428,916,0,CV003_002,812179
27429,916,0,CV003_002,813095
27430,916,0,CV003_002,814011
27431,924,0,CV003_002,814935
27432,924,0,CV003_002,815859
27433,904,0,CV003_002,816763
27434,916,0,CV003_002,817679
27435,920,0,CV003_002,818599
27436,920,0,CV003_002,819519
27437,912,0,CV003_002,820431
27438,920,0,CV003_002,821351
27439,924,0,CV003_002,822275
27440,920,0,CV003_002,823195
27441,900,0,CV003_002,824095
27442,924,0,CV003_002,825019
27443,288,0,CV003_002,825307
27444,536,0,CV003_002,825843
27445,148,0,CV003_002,825991
27446,1772,0,CV003_002,827763
27447,984,0,CV003_002,828747
27448,128,0,CV003_002,828875
27449,516,0,CV003_002,829391
27450,232,0,CV003_002,829623
27451,348,0,CV003_002,829971
27452,164,0,CV003_002,830135
27453,252,0,CV003_002,830387
27454,288,0,CV003_002,830675
27455,224,0,CV003_002,830899
27456,348,0,CV003_002,831247
27457,208,0,CV003_002,831455
27458,164,0,CV003_002,831619
27459,320,0,CV003_002,831939
27460,200,0,CV003_002,832139
27461,196,0,CV003_002,832335
27462,408,0,CV003_002,832743
27463,160,0,CV003_002,832903
27464,296,0,CV003_002,833199
27465,276,0,CV003_002,833475
27466,140,0,CV003_002,833615
27467,228,0,CV003_002,833843
27468,292,0,CV003_002,834135
27469,228,0,CV003_002,834363
27470,636,0,CV003_002,834999
27471,392,0,CV003_002,835391
27472,396,0,CV003_002,835787
27473,448,0,CV003_002,836235
27474,272,0,CV003_002,836507
27475,76,0,CV003_002,836583
27476,972,0,CV003_002,837555
27477,328,0,CV003_002,837883
27478,336,0,CV003_002,838219
27479,532,0,CV003_002,838751
27480,920,0,CV003_002,839671
27481,300,0,CV003_002,839971
27482,220,0,CV003_002,840191
27483,92,0,CV003_002,840283
27484,204,0,CV003_002,840487
27485,296,0,CV003_002,840783
27486,896,0,CV003_002,841679
27487,632,0,CV003_002,842311
27488,540,0,CV003_002,842851
27489,360,0,CV003_002,843211
27490,260,0,CV003_002,843471
27491,112,0,CV003_002,843583
27492,304,0,CV003_002,843887
27493,260,0,CV003_002,844147
27494,228,0,CV003_002,844375
27495,116,0,CV003_002,844491
27496,616,0,CV003_002,845107
27497,372,0,CV003_002,845479
27498,512,0,CV003_002,845991
27499,388,0,CV003_002,846379
27500,76,0,CV003_002,846455
27501,276,0,CV003_002,846731
27502,824,0,CV003_002,847555
27503,160,0,CV003_002,847715
27504,460,0,CV003_002,848175
27505,320,0,CV003_002,848495
27506,584,0,CV003_002,849079
27507,520,0,CV003_002,849599
27508,144,0,CV003_002,849743
27509,324,0,CV003_002,850067
27510,692,0,CV003_002,850759
27511,160,0,CV003_002,850919
27512,396,0,CV003_002,851315
27513,208,0,CV003_002,851523
27514,888,0,CV003_002,852411
27515,256,0,CV003_002,852667
27516,700,0,CV003_002,853367
27517,964,0,CV003_002,854331
27518,1960,0,CV003_002,856291
27519,100,0,CV003_002,856391
27520,476,0,CV003_002,856867
27521,316,0,CV003_002,857183
27522,564,0,CV003_002,857747
27523,300,0,CV003_002,858047
27524,1204,0,CV003_002,859251
27525,256,0,CV003_002,859507
27526,672,0,CV003_002,860179
27527,1336,0,CV003_002,861515
27528,764,0,CV003_002,862279
27529,248,0,CV003_002,862527
27530,188,0,CV003_002,862715
27531,304,0,CV003_002,863019
27532,676,0,CV003_002,863695
27533,524,0,CV003_002,864219
27534,308,0,CV003_002,864527
27535,76,0,CV003_002,864603
27536,240,0,CV003_002,864843
27537,592,0,CV003_002,865435
27538,148,0,CV003_002,865583
27539,352,0,CV003_002,865935
27540,1172,0,CV003_002,867107
27541,760,0,CV003_002,867867
27542,212,0,CV003_002,868079
27543,788,0,CV003_002,868867
27544,340,0,CV003_002,869207
27545,504,0,CV003_002,869711
27546,212,0,CV003_002,869923
27547,156,0,CV003_002,870079
27548,348,0,CV003_002,870427
27549,116,0,CV003_002,870543
27550,344,0,CV003_002,870887
27551,408,0,CV003_002,871295
27552,564,0,CV003_002,871859
27553,148,0,CV003_002,872007
27554,476,0,CV003_002,872483
27555,92,0,CV003_002,872575
27556,620,0,CV003_002,873195
27557,320,0,CV003_002,873515
27558,932,0,CV003_002,874447
27559,932,0,CV003_002,875379
27560,940,0,CV003_002,876319
27561,932,0,CV003_002,877251
27562,940,0,CV003_002,878191
27563,940,0,CV003_002,879131
27564,952,0,CV003_002,880083
27565,960,0,CV003_002,881043
27566,952,0,CV003_002,881995
27567,940,0,CV003_002,882935
27568,948,0,CV003_002,883883
27569,940,0,CV003_002,884823
27570,932,0,CV003_002,885755
27571,952,0,CV003_002,886707
27572,956,0,CV003_002,887663
27573,952,0,CV003_002,888615
27574,956,0,CV003_002,889571
27575,400,0,CV003_002,889971
27576,572,0,CV003_002,890543
27577,1000,0,CV003_002,891543
27578,960,0,CV003_002,892503
27579,896,0,CV003_002,893399
27580,948,0,CV003_002,894347
27581,960,0,CV003_002,895307
27582,956,0,CV003_002,896263
27583,948,0,CV003_002,897211
27584,952,0,CV003_002,898163
27585,944,0,CV003_002,899107
27586,952,0,CV003_002,900059
27587,956,0,CV003_002,901015
27588,948,0,CV003_002,901963
27589,960,0,CV003_002,902923
27590,964,0,CV003_002,903887
27591,964,0,CV003_002,904851
27592,932,0,CV003_002,905783
27593,968,0,CV003_002,906751
27594,964,0,CV003_002,907715
27595,944,0,CV003_002,908659
27596,956,0,CV003_002,909615
27597,1004,1,CV003_002,910619
27598,892,0,CV003_002,911511
27599,940,0,CV003_002,912451
27600,944,0,CV003_002,913395
27601,948,0,CV003_002,914343
27602,932,0,CV003_002,915275
27603,920,0,CV003_002,916195
27604,936,0,CV003_002,917131
27605,940,0,CV003_002,918071
27606,936,0,CV003_002,919007
27607,936,0,CV003_002,919943
27608,944,0,CV003_002,920887
27609,956,0,CV003_002,921843
27610,944,0,CV003_002,922787
27611,956,0,CV003_002,923743
27612,948,0,CV003_002,924691
27613,944,0,CV003_002,925635
27614,932,0,CV003_002,926567
27615,904,0,CV003_002,927471
27616,888,0,CV003_002,928359
27617,912,0,CV003_002,929271
27618,936,0,CV003_002,930207
27619,928,0,CV003_002,931135
27620,936,0,CV003_002,932071
27621,952,0,CV003_002,933023
27622,956,0,CV003_002,933979
27623,968,0,CV003_002,934947
27624,948,0,CV003_002,935895
27625,952,0,CV003_002,936847
27626,948,0,CV003_002,937795
27627,972,0,CV003_002,938767
27628,960,0,CV003_002,939727
27629,936,0,CV003_002,940663
27630,948,0,CV003_002,941611
27631,952,0,CV003_002,942563
27632,944,0,CV003_002,943507
27633,948,0,CV003_002,944455
27634,952,0,CV003_002,945407
27635,588,0,CV003_002,945995
27636,360,0,CV003_002,946355
27637,144,0,CV003_002,946499
27638,156,0,CV003_002,946655
27639,260,0,CV003_002,946915
27640,360,0,CV003_002,947275
27641,308,0,CV003_002,947583
27642,100,0,CV003_002,947683
27643,532,0,CV003_002,948215
27644,1000,0,CV003_002,949215
27645,368,0,CV003_002,949583
27646,52,0,CV003_002,949635
27647,452,0,CV003_002,950087
27648,268,0,CV003_002,950355
27649,672,0,CV003_002,951027
27650,912,0,CV003_002,951939
27651,924,0,CV003_002,952863
27652,764,0,CV003_002,953627
27653,1096,0,CV003_002,954723
27654,916,0,CV003_002,955639
27655,1204,0,CV003_002,956843
27656,656,0,CV003_002,957499
27657,728,0,CV003_002,958227
27658,264,0,CV003_002,958491
27659,484,0,CV003_002,958975
27660,484,0,CV003_002,959459
27661,736,0,CV003_002,960195
27662,272,0,CV003_002,960467
27663,136,0,CV003_002,960603
27664,264,0,CV003_002,960867
27665,1028,0,CV003_002,961895
27666,324,0,CV003_002,962219
27667,76,0,CV003_002,962295
27668,204,0,CV003_002,962499
27669,332,0,CV003_002,962831
27670,588,0,CV003_002,963419
27671,220,0,CV003_002,963639
27672,224,0,CV003_002,963863
27673,336,0,CV003_002,964199
27674,1036,0,CV003_002,965235
27675,152,0,CV003_002,965387
27676,100,0,CV003_002,965487
27677,492,0,CV003_002,965979
27678,92,0,CV003_002,966071
27679,288,0,CV003_002,966359
27680,148,0,CV003_002,966507
27681,256,0,CV003_002,966763
27682,1180,0,CV003_002,967943
27683,960,0,CV003_002,968903
27684,964,0,CV003_002,969867
27685,668,0,CV003_002,970535
27686,292,0,CV003_002,970827
27687,236,0,CV003_002,971063
27688,188,0,CV003_002,971251
27689,552,0,CV003_002,971803
27690,992,0,CV003_002,972795
27691,924,0,CV003_002,973719
27692,964,0,CV003_002,974683
27693,972,0,CV003_002,975655
27694,964,0,CV003_002,976619
27695,756,0,CV003_002,977375
27696,260,0,CV003_002,977635
27697,268,0,CV003_002,977903
27698,648,0,CV003_002,978551
27699,356,0,CV003_002,978907
27700,592,0,CV003_002,979499
27701,964,0,CV003_002,980463
27702,968,0,CV003_002,981431
27703,292,0,CV003_002,981723
27704,676,0,CV003_002,982399
27705,488,0,CV003_002,982887
27706,476,0,CV003_002,983363
27707,948,0,CV003_002,984311
27708,464,0,CV003_002,984775
27709,392,0,CV003_002,985167
27710,312,0,CV003_002,985479
27711,136,0,CV003_002,985615
27712,472,0,CV003_002,986087
27713,412,0,CV003_002,986499
27714,644,0,CV003_002,987143
27715,952,0,CV003_002,988095
27716,692,0,CV003_002,988787
27717,260,0,CV003_002,989047
27718,288,0,CV003_002,989335
27719,656,0,CV003_002,989991
27720,80,0,CV003_002,990071
27721,428,0,CV003_002,990499
27722,156,0,CV003_002,990655
27723,232,0,CV003_002,990887
27724,952,0,CV003_002,991839
27725,920,0,CV003_002,992759
27726,668,0,CV003_002,993427
27727,244,0,CV003_002,993671
27728,916,0,CV003_002,994587
27729,912,0,CV003_002,995499
27730,892,0,CV003_002,996391
27731,912,0,CV003_002,997303
27732,920,0,CV003_002,998223
27733,916,0,CV003_002,999139
27734,904,0,CV003_002,1000043
27735,920,0,CV003_002,1000963
27736,908,0,CV003_002,1001871
27737,912,0,CV003_002,1002783
27738,920,0,CV003_002,1003703
27739,916,0,CV003_002,1004619
27740,896,0,CV003_002,1005515
27741,900,0,CV003_002,1006415
27742,908,0,CV003_002,1007323
27743,920,0,CV003_002,1008243
27744,912,0,CV003_002,1009155
27745,904,0,CV003_002,1010059
27746,908,0,CV003_002,1010967
27747,904,0,CV003_002,1011871
27748,900,0,CV003_002,1012771
27749,884,0,CV003_002,1013655
27750,892,0,CV003_002,1014547
27751,892,0,CV003_002,1015439
27752,892,0,CV003_002,1016331
27753,892,0,CV003_002,1017223
27754,880,0,CV003_002,1018103
27755,884,0,CV003_002,1018987
27756,892,0,CV003_002,1019879
27757,908,0,CV003_002,1020787
27758,880,0,CV003_002,1021667
27759,904,0,CV003_002,1022571
27760,888,0,CV003_002,1023459
27761,892,0,CV003_002,1024351
27762,876,0,CV003_002,1025227
27763,888,0,CV003_002,1026115
27764,884,0,CV003_002,1026999
27765,868,0,CV003_002,1027867
27766,888,0,CV003_002,1028755
27767,888,0,CV003_002,1029643
27768,880,0,CV003_002,1030523
27769,892,0,CV003_002,1031415
27770,884,0,CV003_002,1032299
27771,884,0,CV003_002,1033183
27772,880,0,CV003_002,1034063
27773,892,0,CV003_002,1034955
27774,892,0,CV003_002,1035847
27775,880,0,CV003_002,1036727
27776,880,0,CV003_002,1037607
27777,892,0,CV003_002,1038499
27778,892,0,CV003_002,1039391
27779,876,0,CV003_002,1040267
27780,884,0,CV003_002,1041151
27781,884,0,CV003_002,1042035
27782,888,0,CV003_002,1042923
27783,872,0,CV003_002,1043795
27784,880,0,CV003_002,1044675
27785,880,0,CV003_002,1045555
27786,884,0,CV003_002,1046439
27787,868,0,CV003_002,1047307
27788,876,0,CV003_002,1048183
27789,880,0,CV003_002,1049063
27790,900,0,CV003_002,1049963
27791,892,0,CV003_002,1050855
27792,876,0,CV003_002,1051731
27793,888,0,CV003_002,1052619
27794,896,0,CV003_002,1053515
27795,896,0,CV003_002,1054411
27796,880,0,CV003_002,1055291
27797,908,0,CV003_002,1056199
27798,896,0,CV003_002,1057095
27799,892,0,CV003_002,1057987
27800,920,0,CV003_002,1058907
27801,912,0,CV003_002,1059819
27802,908,0,CV003_002,1060727
27803,904,0,CV003_002,1061631
27804,920,0,CV003_002,1062551
27805,912,0,CV003_002,1063463
27806,340,0,CV003_002,1063803
27807,580,0,CV003_002,1064383
27808,276,0,CV003_002,1064659
27809,32,0,CV003_002,1064691
27810,324,0,CV003_002,1065015
27811,180,0,CV003_002,1065195
27812,372,0,CV003_002,1065567
27813,332,0,CV003_002,1065899
27814,452,0,CV003_002,1066351
27815,368,0,CV003_002,1066719
27816,228,0,CV003_002,1066947
27817,324,0,CV003_002,1067271
27818,272,0,CV003_002,1067543
27819,348,0,CV003_002,1067891
27820,52,0,CV003_002,1067943
27821,400,0,CV003_002,1068343
27822,52,0,CV003_002,1068395
27823,344,0,CV003_002,1068739
27824,256,0,CV003_002,1068995
27825,284,0,CV003_002,1069279
27826,164,0,CV003_002,1069443
27827,400,0,CV003_002,1069843
27828,256,0,CV003_002,1070099
27829,316,0,CV003_002,1070415
27830,340,0,CV003_002,1070755
27831,164,0,CV003_002,1070919
27832,248,0,CV003_002,1071167
27833,400,0,CV003_002,1071567
27834,72,0,CV003_002,1071639
27835,316,0,CV003_002,1071955
27836,284,0,CV003_002,1072239
27837,232,0,CV003_002,1072471
27838,284,0,CV003_002,1072755
27839,368,0,CV003_002,1073123
27840,72,0,CV003_002,1073195
27841,300,0,CV003_002,1073495
27842,268,0,CV003_002,1073763
27843,144,0,CV003_002,1073907
27844,416,0,CV003_002,1074323
27845,140,0,CV003_002,1074463
27846,212,0,CV003_002,1074675
27847,396,0,CV003_002,1075071
27848,200,0,CV003_002,1075271
27849,196,0,CV003_002,1075467
27850,236,0,CV003_002,1075703
27851,360,0,CV003_002,1076063
27852,48,0,CV003_002,1076111
27853,312,0,CV003_002,1076423
27854,380,0,CV003_002,1076803
27855,52,0,CV003_002,1076855
27856,300,0,CV003_002,1077155
27857,324,0,CV003_002,1077479
27858,136,0,CV003_002,1077615
27859,372,0,CV003_002,1077987
27860,148,0,CV003_002,1078135
27861,272,0,CV003_002,1078407
27862,324,0,CV003_002,1078731
27863,296,0,CV003_002,1079027
27864,184,0,CV003_002,1079211
27865,256,0,CV003_002,1079467
27866,180,0,CV003_002,1079647
27867,308,0,CV003_002,1079955
27868,140,0,CV003_002,1080095
27869,400,0,CV003_002,1080495
27870,240,0,CV003_002,1080735
27871,244,0,CV003_002,1080979
27872,268,0,CV003_002,1081247
27873,48,0,CV003_002,1081295
27874,396,0,CV003_002,1081691
27875,176,0,CV003_002,1081867
27876,240,0,CV003_002,1082107
27877,328,0,CV003_002,1082435
27878,156,0,CV003_002,1082591
27879,240,0,CV003_002,1082831
27880,448,0,CV003_002,1083279
27881,36,0,CV003_002,1083315
27882,240,0,CV003_002,1083555
27883,240,0,CV003_002,1083795
27884,500,0,CV003_002,1084295
27885,340,0,CV003_002,1084635
27886,212,0,CV003_002,1084847
27887,228,0,CV003_002,1085075
27888,416,0,CV003_002,1085491
27889,44,0,CV003_002,1085535
27890,268,0,CV003_002,1085803
27891,452,0,CV003_002,1086255
27892,224,0,CV003_002,1086479
27893,76,0,CV003_002,1086555
27894,380,0,CV003_002,1086935
27895,228,0,CV003_002,1087163
27896,124,0,CV003_002,1087287
27897,456,0,CV003_002,1087743
27898,36,0,CV003_002,1087779
27899,444,0,CV003_002,1088223
27900,116,0,CV003_002,1088339
27901,196,0,CV003_002,1088535
27902,220,0,CV003_002,1088755
27903,268,0,CV003_002,1089023
27904,424,0,CV003_002,1089447
27905,76,0,CV003_002,1089523
27906,364,0,CV003_002,1089887
27907,148,0,CV003_002,1090035
27908,392,0,CV003_002,1090427
27909,196,0,CV003_002,1090623
27910,164,0,CV003_002,1090787
27911,376,0,CV003_002,1091163
27912,52,0,CV003_002,1091215
27913,316,0,CV003_002,1091531
27914,252,0,CV003_002,1091783
27915,224,0,CV003_002,1092007
27916,304,0,CV003_002,1092311
27917,184,0,CV003_002,1092495
27918,412,0,CV003_002,1092907
27919,168,0,CV003_002,1093075
27920,256,0,CV003_002,1093331
27921,260,0,CV003_002,1093591
27922,244,0,CV003_002,1093835
27923,176,0,CV003_002,1094011
27924,296,0,CV003_002,1094307
27925,588,0,CV003_002,1094895
27926,240,0,CV003_002,1095135
27927,92,0,CV003_002,1095227
27928,296,0,CV003_002,1095523
27929,404,0,CV003_002,1095927
27930,60,0,CV003_002,1095987
27931,212,0,CV003_002,1096199
27932,260,0,CV003_002,1096459
27933,408,0,CV003_002,1096867
27934,172,0,CV003_002,1097039
27935,156,0,CV003_002,1097195
27936,248,0,CV003_002,1097443
27937,320,0,CV003_002,1097763
27938,272,0,CV003_002,1098035
27939,172,0,CV003_002,1098207
27940,344,0,CV003_002,1098551
27941,164,0,CV003_002,1098715
27942,304,0,CV003_002,1099019
27943,432,0,CV003_002,1099451
27944,848,0,CV003_002,1100299
27945,2264,0,CV003_002,1102563
27946,2456,0,CV003_002,1105019
27947,248,0,CV003_002,1105267
27948,112,0,CV003_002,1105379
27949,588,0,CV003_002,1105967
27950,336,0,CV003_002,1106303
27951,2260,0,CV003_002,1108563
27952,1208,0,CV003_002,1109771
27953,448,0,CV003_002,1110219
27954,424,0,CV003_002,1110643
27955,380,0,CV003_002,1111023
27956,1512,0,CV003_002,1112535
27957,580,0,CV003_002,1113115
27958,204,0,CV003_002,1113319
27959,712,0,CV003_002,1114031
27960,244,0,CV003_002,1114275
27961,52,0,CV003_002,1114327
27962,248,0,CV003_002,1114575
27963,444,0,CV003_002,1115019
27964,116,0,CV003_002,1115135
27965,388,0,CV003_002,1115523
27966,424,0,CV003_002,1115947
27967,372,0,CV003_002,1116319
27968,376,0,CV003_002,1116695
27969,188,0,CV003_002,1116883
27970,156,0,CV003_002,1117039
27971,756,0,CV003_002,1117795
27972,268,0,CV003_002,1118063
27973,428,0,CV003_002,1118491
27974,1304,0,CV003_002,1119795
27975,280,0,CV003_002,1120075
27976,304,0,CV003_002,1120379
27977,712,0,CV003_002,1121091
27978,292,0,CV003_002,1121383
27979,300,0,CV003_002,1121683
27980,52,0,CV003_002,1121735
27981,304,0,CV003_002,1122039
27982,616,0,CV003_002,1122655
27983,284,0,CV003_002,1122939
27984,188,0,CV003_002,1123127
27985,308,0,CV003_002,1123435
27986,60,0,CV003_002,1123495
27987,256,0,CV003_002,1123751
27988,396,0,CV003_002,1124147
27989,188,0,CV003_002,1124335
27990,312,0,CV003_002,1124647
27991,44,0,CV003_002,1124691
27992,276,0,CV003_002,1124967
27993,440,0,CV003_002,1125407
27994,140,0,CV003_002,1125547
27995,384,0,CV003_002,1125931
27996,120,0,CV003_002,1126051
27997,264,0,CV003_002,1126315
27998,296,0,CV003_002,1126611
27999,124,0,CV003_002,1126735
28000,376,0,CV003_002,1127111
28001,240,0,CV003_002,1127351
28002,104,0,CV003_002,1127455
28003,360,0,CV003_002,1127815
28004,244,0,CV003_002,1128059
28005,168,0,CV003_002,1128227
28006,244,0,CV003_002,1128471
28007,372,0,CV003_002,1128843
28008,216,0,CV003_002,1129059
28009,176,0,CV003_002,1129235
28010,176,0,CV003_002,1129411
28011,512,0,CV003_002,1129923
28012,308,0,CV003_002,1130231
28013,588,0,CV003_002,1130819
28014,536,0,CV003_002,1131355
28015,60,0,CV003_002,1131415
28016,280,0,CV003_002,1131695
28017,252,0,CV003_002,1131947
28018,648,0,CV003_002,1132595
28019,472,0,CV003_002,1133067
28020,956,0,CV003_002,1134023
28021,184,0,CV003_002,1134207
28022,164,0,CV003_002,1134371
28023,380,0,CV003_002,1134751
28024,204,0,CV003_002,1134955
28025,388,0,CV003_002,1135343
28026,488,0,CV003_002,1135831
28027,240,0,CV003_002,1136071
28028,548,0,CV003_002,1136619
28029,376,0,CV003_002,1136995
28030,1328,0,CV003_002,1138323
28031,116,0,CV003_002,1138439
28032,3572,0,CV003_002,1142011
28033,308,0,CV003_002,1142319
28034,260,0,CV003_002,1142579
28035,256,0,CV003_002,1142835
28036,2496,0,CV003_002,1145331
28037,648,0,CV003_002,1145979
28038,756,0,CV003_002,1146735
28039,172,0,CV003_002,1146907
28040,232,0,CV003_002,1147139
28041,492,0,CV003_002,1147631
28042,240,0,CV003_002,1147871
28043,180,0,CV003_002,1148051
28044,776,0,CV003_002,1148827
28045,664,0,CV003_002,1149491
28046,200,0,CV003_002,1149691
28047,248,0,CV003_002,1149939
28048,348,0,CV003_002,1150287
28049,408,0,CV003_002,1150695
28050,80,0,CV003_002,1150775
28051,596,0,CV003_002,1151371
28052,312,0,CV003_002,1151683
28053,496,0,CV003_002,1152179
28054,556,0,CV003_002,1152735
28055,76,0,CV003_002,1152811
28056,244,0,CV003_002,1153055
28057,184,0,CV003_002,1153239
28058,344,0,CV003_002,1153583
28059,280,0,CV003_002,1153863
28060,356,0,CV003_002,1154219
28061,200,0,CV003_002,1154419
28062,108,0,CV003_002,1154527
28063,360,0,CV003_002,1154887
28064,164,0,CV003_002,1155051
28065,356,0,CV003_002,1155407
28066,492,0,CV003_002,1155899
28067,184,0,CV003_002,1156083
28068,252,0,CV003_002,1156335
28069,2780,0,CV003_002,1159115
28070,872,0,CV003_002,1159987
28071,932,0,CV003_002,1160919
28072,952,0,CV003_002,1161871
28073,936,0,CV003_002,1162807
28074,968,0,CV003_002,1163775
28075,980,0,CV003_002,1164755
28076,992,0,CV003_002,1165747
28077,988,0,CV003_002,1166735
28078,992,0,CV003_002,1167727
28079,244,0,CV003_002,1167971
28080,768,0,CV003_002,1168739
28081,1008,0,CV003_002,1169747
28082,1008,0,CV003_002,1170755
28083,996,0,CV003_002,1171751
28084,1004,0,CV003_002,1172755
28085,548,0,CV003_002,1173303
28086,160,0,CV003_002,1173463
28087,316,0,CV003_002,1173779
28088,400,0,CV003_002,1174179
28089,160,0,CV003_002,1174339
28090,380,0,CV003_002,1174719
28091,672,0,CV003_002,1175391
28092,312,0,CV003_002,1175703
28093,996,0,CV003_002,1176699
28094,988,0,CV003_002,1177687
28095,200,0,CV003_002,1177887
28096,316,0,CV003_002,1178203
28097,348,0,CV003_002,1178551
28098,1068,0,CV003_002,1179619
28099,948,0,CV003_002,1180567
28100,236,0,CV003_002,1180803
28101,880,0,CV003_002,1181683
28102,764,0,CV003_002,1182447
28103,56,0,CV003_002,1182503
28104,316,0,CV003_002,1182819
28105,332,0,CV003_002,1183151
28106,180,0,CV003_002,1183331
28107,932,0,CV003_002,1184263
28108,312,0,CV003_002,1184575
28109,284,0,CV003_002,1184859
28110,240,0,CV003_002,1185099
28111,216,0,CV003_002,1185315
28112,196,0,CV003_002,1185511
28113,196,0,CV003_002,1185707
28114,464,0,CV003_002,1186171
28115,548,0,CV003_002,1186719
28116,460,0,CV003_002,1187179
28117,900,0,CV003_002,1188079
28118,960,0,CV003_002,1189039
28119,956,0,CV003_002,1189995
28120,984,0,CV003_002,1190979
28121,712,0,CV003_002,1191691
28122,404,0,CV003_002,1192095
28123,808,0,CV003_002,1192903
28124,952,0,CV003_002,1193855
28125,2776,0,CV003_002,1196631
28126,912,0,CV003_002,1197543
28127,908,0,CV003_002,1198451
28128,884,0,CV003_002,1199335
28129,420,0,CV003_002,1199755
28130,1432,0,CV003_002,1201187
28131,852,0,CV003_002,1202039
28132,896,0,CV003_002,1202935
28133,908,0,CV003_002,1203843
28134,912,0,CV003_002,1204755
28135,908,0,CV003_002,1205663
28136,912,0,CV003_002,1206575
28137,304,0,CV003_002,1206879
28138,580,0,CV003_002,1207459
28139,908,0,CV003_002,1208367
28140,908,0,CV003_002,1209275
28141,896,0,CV003_002,1210171
28142,940,1,CV003_002,1211111
28143,844,0,CV003_002,1211955
28144,876,0,CV003_002,1212831
28145,848,0,CV003_002,1213679
28146,644,0,CV003_002,1214323
28147,236,0,CV003_002,1214559
28148,524,0,CV003_002,1215083
28149,368,0,CV003_002,1215451
28150,264,0,CV003_002,1215715
28151,468,0,CV003_002,1216183
28152,844,0,CV003_002,1217027
28153,840,0,CV003_002,1217867
28154,692,0,CV003_002,1218559
28155,192,0,CV003_002,1218751
28156,268,0,CV003_002,1219019
28157,600,0,CV003_002,1219619
28158,204,0,CV003_002,1219823
28159,288,0,CV003_002,1220111
28160,104,0,CV003_002,1220215
28161,252,0,CV003_002,1220467
28162,232,0,CV003_002,1220699
28163,268,0,CV003_002,1220967
28164,484,0,CV003_002,1221451
28165,292,0,CV003_002,1221743
28166,688,0,CV003_002,1222431
28167,432,0,CV003_002,1222863
28168,184,0,CV003_002,1223047
28169,488,0,CV003_002,1223535
28170,164,0,CV003_002,1223699
28171,692,0,CV003_002,1224391
28172,376,0,CV003_002,1224767
28173,364,0,CV003_002,1225131
28174,212,0,CV003_002,1225343
28175,456,0,CV003_002,1225799
28176,388,0,CV003_002,1226187
28177,392,0,CV003_002,1226579
28178,96,0,CV003_002,1226675
28179,356,0,CV003_002,1227031
28180,132,0,CV003_002,1227163
28181,424,0,CV003_002,1227587
28182,56,0,CV003_002,1227643
28183,292,0,CV003_002,1227935
28184,412,0,CV003_002,1228347
28185,84,0,CV003_002,1228431
28186,288,0,CV003_002,1228719
28187,352,0,CV003_002,1229071
28188,124,0,CV003_002,1229195
28189,380,0,CV003_002,1229575
28190,72,0,CV003_002,1229647
28191,400,0,CV003_002,1230047
28192,196,0,CV003_002,1230243
28193,176,0,CV003_002,1230419
28194,304,0,CV003_002,1230723
28195,316,0,CV003_002,1231039
28196,176,0,CV003_002,1231215
28197,296,0,CV003_002,1231511
28198,76,0,CV003_002,1231587
28199,384,0,CV003_002,1231971
28200,148,0,CV003_002,1232119
28201,284,0,CV003_002,1232403
28202,644,0,CV003_002,1233047
28203,204,0,CV003_002,1233251
28204,324,0,CV003_002,1233575
28205,228,0,CV003_002,1233803
28206,252,0,CV003_002,1234055
28207,116,0,CV003_002,1234171
28208,224,0,CV003_002,1234395
28209,360,0,CV003_002,1234755
28210,164,0,CV003_002,1234919
28211,216,0,CV003_002,1235135
28212,288,0,CV003_002,1235423
28213,208,0,CV003_002,1235631
28214,344,0,CV003_002,1235975
28215,264,0,CV003_002,1236239
28216,196,0,CV003_002,1236435
28217,220,0,CV003_002,1236655
28218,388,0,CV003_002,1237043
28219,408,0,CV003_002,1237451
28220,128,0,CV003_002,1237579
28221,372,0,CV003_002,1237951
28222,276,0,CV003_002,1238227
28223,184,0,CV003_002,1238411
28224,364,0,CV003_002,1238775
28225,256,0,CV003_002,1239031
28226,236,0,CV003_002,1239267
28227,244,0,CV003_002,1239511
28228,140,0,CV003_002,1239651
28229,248,0,CV003_002,1239899
28230,308,0,CV003_002,1240207
28231,148,0,CV003_002,1240355
28232,360,0,CV003_002,1240715
28233,200,0,CV003_002,1240915
28234,328,0,CV003_002,1241243
28235,216,0,CV003_002,1241459
28236,280,0,CV003_002,1241739
28237,88,0,CV003_002,1241827
28238,272,0,CV003_002,1242099
28239,304,0,CV003_002,1242403
28240,256,0,CV003_002,1242659
28241,188,0,CV003_002,1242847
28242,452,0,CV003_002,1243299
28243,340,0,CV003_002,1243639
28244,192,0,CV003_002,1243831
28245,248,0,CV003_002,1244079
28246,328,0,CV003_002,1244407
28247,300,0,CV003_002,1244707
28248,200,0,CV003_002,1244907
28249,220,0,CV003_002,1245127
28250,316,0,CV003_002,1245443
28251,48,0,CV003_002,1245491
28252,360,0,CV003_002,1245851
28253,308,0,CV003_002,1246159
28254,116,0,CV003_002,1246275
28255,412,0,CV003_002,1246687
28256,40,0,CV003_002,1246727
28257,428,0,CV003_002,1247155
28258,248,0,CV003_002,1247403
28259,276,0,CV003_002,1247679
28260,264,0,CV003_002,1247943
28261,44,0,CV003_002,1247987
28262,228,0,CV003_002,1248215
28263,256,0,CV003_002,1248471
28264,368,0,CV003_002,1248839
28265,212,0,CV003_002,1249051
28266,392,0,CV003_002,1249443
28267,84,0,CV003_002,1249527
28268,244,0,CV003_002,1249771
28269,244,0,CV003_002,1250015
28270,388,0,CV003_002,1250403
28271,72,0,CV003_002,1250475
28272,356,0,CV003_002,1250831
28273,200,0,CV003_002,1251031
28274,240,0,CV003_002,1251271
28275,172,0,CV003_002,1251443
28276,340,0,CV003_002,1251783
28277,180,0,CV003_002,1251963
28278,324,0,CV003_002,1252287
28279,352,0,CV003_002,1252639
28280,144,0,CV003_002,1252783
28281,244,0,CV003_002,1253027
28282,732,0,CV003_002,1253759
28283,852,0,CV003_002,1254611
28284,32,0,CV003_002,1254643
28285,944,0,CV003_002,1255587
28286,176,0,CV003_002,1255763
28287,648,0,CV003_002,1256411
28288,348,0,CV003_002,1256759
28289,596,0,CV003_002,1257355
28290,144,0,CV003_002,1257499
28291,536,0,CV003_002,1258035
28292,216,0,CV003_002,1258251
28293,868,0,CV003_002,1259119
28294,408,0,CV003_002,1259527
28295,156,0,CV003_002,1259683
28296,196,0,CV003_002,1259879
28297,448,0,CV003_002,1260327
28298,156,0,CV003_002,1260483
28299,228,0,CV003_002,1260711
28300,252,0,CV003_002,1260963
28301,172,0,CV003_002,1261135
28302,336,0,CV003_002,1261471
28303,336,0,CV003_002,1261807
28304,256,0,CV003_002,1262063
28305,604,0,CV003_002,1262667
28306,216,0,CV003_002,1262883
28307,488,0,CV003_002,1263371
28308,316,0,CV003_002,1263687
28309,180,0,CV003_002,1263867
28310,392,0,CV003_002,1264259
28311,712,0,CV003_002,1264971
28312,236,0,CV003_002,1265207
28313,256,0,CV003_002,1265463
28314,132,0,CV003_002,1265595
28315,268,0,CV003_002,1265863
28316,244,0,CV003_002,1266107
28317,388,0,CV003_002,1266495
28318,228,0,CV003_002,1266723
28319,420,0,CV003_002,1267143
28320,268,0,CV003_002,1267411
28321,312,0,CV003_002,1267723
28322,292,0,CV003_002,1268015
28323,244,0,CV003_002,1268259
28324,132,0,CV003_002,1268391
28325,400,0,CV003_002,1268791
28326,208,0,CV003_002,1268999
28327,200,0,CV003_002,1269199
28328,136,0,CV003_002,1269335
28329,408,0,CV003_002,1269743
28330,160,0,CV003_002,1269903
28331,232,0,CV003_002,1270135
28332,192,0,CV003_002,1270327
28333,256,0,CV003_002,1270583
28334,300,0,CV003_002,1270883
28335,304,0,CV003_002,1271187
28336,248,0,CV003_002,1271435
28337,124,0,CV003_002,1271559
28338,228,0,CV003_002,1271787
28339,276,0,CV003_002,1272063
28340,424,0,CV003_002,1272487
28341,156,0,CV003_002,1272643
28342,280,0,CV003_002,1272923
28343,304,0,CV003_002,1273227
28344,232,0,CV003_002,1273459
28345,272,0,CV003_002,1273731
28346,56,0,CV003_002,1273787
28347,276,0,CV003_002,1274063
28348,224,0,CV003_002,1274287
28349,336,0,CV003_002,1274623
28350,224,0,CV003_002,1274847
28351,224,0,CV003_002,1275071
28352,372,0,CV003_002,1275443
28353,188,0,CV003_002,1275631
28354,156,0,CV003_002,1275787
28355,344,0,CV003_002,1276131
28356,272,0,CV003_002,1276403
28357,264,0,CV003_002,1276667
28358,136,0,CV003_002,1276803
28359,300,0,CV003_002,1277103
28360,224,0,CV003_002,1277327
28361,352,0,CV003_002,1277679
28362,156,0,CV003_002,1277835
28363,148,0,CV003_002,1277983
28364,396,0,CV003_002,1278379
28365,184,0,CV003_002,1278563
28366,400,0,CV003_002,1278963
28367,236,0,CV003_002,1279199
28368,160,0,CV003_002,1279359
28369,132,0,CV003_002,1279491
28370,212,0,CV003_002,1279703
28371,336,0,CV003_002,1280039
28372,404,0,CV003_002,1280443
28373,20,0,CV003_002,1280463
28374,344,0,CV003_002,1280807
28375,248,0,CV003_002,1281055
28376,272,0,CV003_002,1281327
28377,300,0,CV003_002,1281627
28378,168,0,CV003_002,1281795
28379,308,0,CV003_002,1282103
28380,92,0,CV003_002,1282195
28381,472,0,CV003_002,1282667
28382,20,0,CV003_002,1282687
28383,336,0,CV003_002,1283023
28384,264,0,CV003_002,1283287
28385,200,0,CV003_002,1283487
28386,404,0,CV003_002,1283891
28387,280,0,CV003_002,1284171
28388,216,0,CV003_002,1284387
28389,156,0,CV003_002,1284543
28390,188,0,CV003_002,1284731
28391,340,0,CV003_002,1285071
28392,228,0,CV003_002,1285299
28393,172,0,CV003_002,1285471
28394,292,0,CV003_002,1285763
28395,284,0,CV003_002,1286047
28396,308,0,CV003_002,1286355
28397,76,0,CV003_002,1286431
28398,412,0,CV003_002,1286843
28399,216,0,CV003_002,1287059
28400,264,0,CV003_002,1287323
28401,180,0,CV003_002,1287503
28402,168,0,CV003_002,1287671
28403,280,0,CV003_002,1287951
28404,220,0,CV003_002,1288171
28405,320,0,CV003_002,1288491
28406,236,0,CV003_002,1288727
28407,312,0,CV003_002,1289039
28408,116,0,CV003_002,1289155
28409,320,0,CV003_002,1289475
28410,384,0,CV003_002,1289859
28411,116,0,CV003_002,1289975
28412,236,0,CV003_002,1290211
28413,280,0,CV003_002,1290491
28414,204,0,CV003_002,1290695
28415,252,0,CV003_002,1290947
28416,224,0,CV003_002,1291171
28417,372,0,CV003_002,1291543
28418,84,0,CV003_002,1291627
28419,416,0,CV003_002,1292043
28420,432,0,CV003_002,1292475
28421,376,0,CV003_002,1292851
28422,68,0,CV003_002,1292919
28423,300,0,CV003_002,1293219
28424,320,0,CV003_002,1293539
28425,80,0,CV003_002,1293619
28426,312,0,CV003_002,1293931
28427,304,0,CV003_002,1294235
28428,276,0,CV003_002,1294511
28429,144,0,CV003_002,1294655
28430,404,0,CV003_002,1295059
28431,64,0,CV003_002,1295123
28432,228,0,CV003_002,1295351
28433,400,0,CV003_002,1295751
28434,220,0,CV003_002,1295971
28435,132,0,CV003_002,1296103
28436,468,0,CV003_002,1296571
28437,136,0,CV003_002,1296707
28438,152,0,CV003_002,1296859
28439,224,0,CV003_002,1297083
28440,456,0,CV003_002,1297539
28441,112,0,CV003_002,1297651
28442,256,0,CV003_002,1297907
28443,372,0,CV003_002,1298279
28444,228,0,CV003_002,1298507
28445,76,0,CV003_002,1298583
28446,380,0,CV003_002,1298963
28447,216,0,CV003_002,1299179
28448,292,0,CV003_002,1299471
28449,120,0,CV003_002,1299591
28450,240,0,CV003_002,1299831
28451,220,0,CV003_002,1300051
28452,276,0,CV003_002,1300327
28453,420,0,CV003_002,1300747
28454,176,0,CV003_002,1300923
28455,376,0,CV003_002,1301299
28456,264,0,CV003_002,1301563
28457,344,0,CV003_002,1301907
28458,188,0,CV003_002,1302095
28459,412,0,CV003_002,1302507
28460,228,0,CV003_002,1302735
28461,48,0,CV003_002,1302783
28462,280,0,CV003_002,1303063
28463,420,0,CV003_002,1303483
28464,232,0,CV003_002,1303715
28465,72,0,CV003_002,1303787
28466,256,0,CV003_002,1304043
28467,404,0,CV003_002,1304447
28468,220,0,CV003_002,1304667
28469,152,0,CV003_002,1304819
28470,300,0,CV003_002,1305119
28471,256,0,CV003_002,1305375
28472,252,0,CV003_002,1305627
28473,252,0,CV003_002,1305879
28474,192,0,CV003_002,1306071
28475,332,0,CV003_002,1306403
28476,224,0,CV003_002,1306627
28477,324,0,CV003_002,1306951
28478,172,0,CV003_002,1307123
28479,128,0,CV003_002,1307251
28480,288,0,CV003_002,1307539
28481,212,0,CV003_002,1307751
28482,424,0,CV003_002,1308175
28483,288,0,CV003_002,1308463
28484,260,0,CV003_002,1308723
28485,244,0,CV003_002,1308967
28486,36,0,CV003_002,1309003
28487,436,0,CV003_002,1309439
28488,260,0,CV003_002,1309699
28489,204,0,CV003_002,1309903
28490,72,0,CV003_002,1309975
28491,284,0,CV003_002,1310259
28492,372,0,CV003_002,1310631
28493,232,0,CV003_002,1310863
28494,264,0,CV003_002,1311127
28495,248,0,CV003_002,1311375
28496,92,0,CV003_002,1311467
28497,352,0,CV003_002,1311819
28498,336,0,CV003_002,1312155
28499,96,0,CV003_002,1312251
28500,264,0,CV003_002,1312515
28501,244,0,CV003_002,1312759
28502,404,0,CV003_002,1313163
28503,80,0,CV003_002,1313243
28504,432,0,CV003_002,1313675
28505,192,0,CV003_002,1313867
28506,196,0,CV003_002,1314063
28507,348,0,CV003_002,1314411
28508,152,0,CV003_002,1314563
28509,152,0,CV003_002,1314715
28510,360,0,CV003_002,1315075
28511,280,0,CV003_002,1315355
28512,208,0,CV003_002,1315563
28513,304,0,CV003_002,1315867
28514,156,0,CV003_002,1316023
28515,208,0,CV003_002,1316231
28516,200,0,CV003_002,1316431
28517,256,0,CV003_002,1316687
28518,388,0,CV003_002,1317075
28519,108,0,CV003_002,1317183
28520,344,0,CV003_002,1317527
28521,252,0,CV003_002,1317779
28522,356,0,CV003_002,1318135
28523,160,0,CV003_002,1318295
28524,80,0,CV003_002,1318375
28525,488,0,CV003_002,1318863
28526,68,0,CV003_002,1318931
28527,300,0,CV003_002,1319231
28528,292,0,CV003_002,1319523
28529,144,0,CV003_002,1319667
28530,408,0,CV003_002,1320075
28531,64,0,CV003_002,1320139
28532,420,0,CV003_002,1320559
28533,140,0,CV003_002,1320699
28534,424,0,CV003_002,1321123
28535,476,0,CV003_002,1321599
28536,200,0,CV003_002,1321799
28537,112,0,CV003_002,1321911
28538,324,0,CV003_002,1322235
28539,240,0,CV003_002,1322475
28540,268,0,CV003_002,1322743
28541,264,0,CV003_002,1323007
28542,228,0,CV003_002,1323235
28543,228,0,CV003_002,1323463
28544,300,0,CV003_002,1323763
28545,240,0,CV003_002,1324003
28546,212,0,CV003_002,1324215
28547,316,0,CV003_002,1324531
28548,212,0,CV003_002,1324743
28549,212,0,CV003_002,1324955
28550,224,0,CV003_002,1325179
28551,376,0,CV003_002,1325555
28552,272,0,CV003_002,1325827
28553,240,0,CV003_002,1326067
28554,108,0,CV003_002,1326175
28555,340,0,CV003_002,1326515
28556,292,0,CV003_002,1326807
28557,56,0,CV003_002,1326863
28558,360,0,CV003_002,1327223
28559,132,0,CV003_002,1327355
28560,404,0,CV003_002,1327759
28561,132,0,CV003_002,1327891
28562,420,0,CV003_002,1328311
28563,28,0,CV003_002,1328339
28564,452,0,CV003_002,1328791
28565,24,0,CV003_002,1328815
28566,360,0,CV003_002,1329175
28567,204,0,CV003_002,1329379
28568,332,0,CV003_002,1329711
28569,196,0,CV003_002,1329907
28570,300,0,CV003_002,1330207
28571,252,0,CV003_002,1330459
28572,104,0,CV003_002,1330563
28573,432,0,CV003_002,1330995
28574,200,0,CV003_002,1331195
28575,156,0,CV003_002,1331351
28576,292,0,CV003_002,1331643
28577,320,0,CV003_002,1331963
28578,220,0,CV003_002,1332183
28579,136,0,CV003_002,1332319
28580,360,0,CV003_002,1332679
28581,332,0,CV003_002,1333011
28582,72,0,CV003_002,1333083
28583,268,0,CV003_002,1333351
28584,204,0,CV003_002,1333555
28585,356,0,CV003_002,1333911
28586,148,0,CV003_002,1334059
28587,268,0,CV003_002,1334327
28588,352,0,CV003_002,1334679
28589,284,0,CV003_002,1334963
28590,264,0,CV003_002,1335227
28591,148,0,CV003_002,1335375
28592,232,0,CV003_002,1335607
28593,256,0,CV003_002,1335863
28594,236,0,CV003_002,1336099
28595,292,0,CV003_002,1336391
28596,208,0,CV003_002,1336599
28597,280,0,CV003_002,1336879
28598,168,0,CV003_002,1337047
28599,328,0,CV003_002,1337375
28600,300,0,CV003_002,1337675
28601,132,0,CV003_002,1337807
28602,268,0,CV003_002,1338075
28603,316,0,CV003_002,1338391
28604,228,0,CV003_002,1338619
28605,144,0,CV003_002,1338763
28606,316,0,CV003_002,1339079
28607,340,0,CV003_002,1339419
28608,80,0,CV003_002,1339499
28609,260,0,CV003_002,1339759
28610,280,0,CV003_002,1340039
28611,328,0,CV003_002,1340367
28612,160,0,CV003_002,1340527
28613,424,0,CV003_002,1340951
28614,60,0,CV003_002,1341011
28615,340,0,CV003_002,1341351
28616,212,0,CV003_002,1341563
28617,160,0,CV003_002,1341723
28618,260,0,CV003_002,1341983
28619,348,0,CV003_002,1342331
28620,256,0,CV003_002,1342587
28621,312,0,CV003_002,1342899
28622,224,0,CV003_002,1343123
28623,272,0,CV003_002,1343395
28624,208,0,CV003_002,1343603
28625,332,0,CV003_002,1343935
28626,252,0,CV003_002,1344187
28627,44,0,CV003_002,1344231
28628,368,0,CV003_002,1344599
28629,268,0,CV003_002,1344867
28630,84,0,CV003_002,1344951
28631,472,0,CV003_002,1345423
28632,12,0,CV003_002,1345435
28633,472,0,CV003_002,1345907
28634,220,0,CV003_002,1346127
28635,120,0,CV003_002,1346247
28636,412,0,CV003_002,1346659
28637,52,0,CV003_002,1346711
28638,212,0,CV003_002,1346923
28639,2224,0,CV003_002,1349147
28640,44,0,CV003_002,1349191
28641,368,0,CV003_002,1349559
28642,256,0,CV003_002,1349815
28643,272,0,CV003_002,1350087
28644,108,0,CV003_002,1350195
28645,236,0,CV003_002,1350431
28646,208,0,CV003_002,1350639
28647,332,0,CV003_002,1350971
28648,400,0,CV003_002,1351371
28649,32,0,CV003_002,1351403
28650,224,0,CV003_002,1351627
28651,396,0,CV003_002,1352023
28652,148,0,CV003_002,1352171
28653,244,0,CV003_002,1352415
28654,260,0,CV003_002,1352675
28655,376,0,CV003_002,1353051
28656,160,0,CV003_002,1353211
28657,356,0,CV003_002,1353567
28658,108,0,CV003_002,1353675
28659,192,0,CV003_002,1353867
28660,316,0,CV003_002,1354183
28661,412,0,CV003_002,1354595
28662,236,0,CV003_002,1354831
28663,248,0,CV003_002,1355079
28664,72,0,CV003_002,1355151
28665,432,0,CV003_002,1355583
28666,192,0,CV003_002,1355775
28667,104,0,CV003_002,1355879
28668,332,0,CV003_002,1356211
28669,216,0,CV003_002,1356427
28670,236,0,CV003_002,1356663
28671,324,0,CV003_002,1356987
28672,140,0,CV003_002,1357127
28673,456,0,CV003_002,1357583
28674,64,0,CV003_002,1357647
28675,288,0,CV003_002,1357935
28676,308,0,CV003_002,1358243
28677,276,0,CV003_002,1358519
28678,196,0,CV003_002,1358715
28679,308,0,CV003_002,1359023
28680,96,0,CV003_002,1359119
28681,6304,0,CV003_002,1365423
28682,1764,0,CV003_002,1367187
28683,1060,0,CV003_002,1368247
28684,648,0,CV003_002,1368895
28685,196,0,CV003_002,1369091
28686,280,0,CV003_002,1369371
28687,180,0,CV003_002,1369551
28688,256,0,CV003_002,1369807
28689,292,0,CV003_002,1370099
28690,400,0,CV003_002,1370499
28691,416,0,CV003_002,1370915
28692,216,0,CV003_002,1371131
28693,136,0,CV003_002,1371267
28694,320,0,CV003_002,1371587
28695,372,0,CV003_002,1371959
28696,32,0,CV003_002,1371991
28697,372,0,CV003_002,1372363
28698,80,0,CV003_002,1372443
28699,244,0,CV003_002,1372687
28700,372,0,CV003_002,1373059
28701,572,0,CV003_002,1373631
28702,952,0,CV003_002,1374583
28703,948,0,CV003_002,1375531
28704,940,0,CV003_002,1376471
28705,936,0,CV003_002,1377407
28706,600,0,CV003_002,1378007
28707,392,0,CV003_002,1378399
28708,904,0,CV003_002,1379303
28709,972,0,CV003_002,1380275
28710,264,0,CV003_002,1380539
28711,480,0,CV003_002,1381019
28712,216,0,CV003_002,1381235
28713,360,0,CV003_002,1381595
28714,44,0,CV003_002,1381639
28715,564,0,CV003_002,1382203
28716,988,0,CV003_002,1383191
28717,784,0,CV003_002,1383975
28718,372,0,CV003_002,1384347
28719,188,0,CV003_002,1384535
28720,100,0,CV003_002,1384635
28721,488,0,CV003_002,1385123
28722,960,0,CV003_002,1386083
28723,972,0,CV003_002,1387055
28724,364,0,CV003_002,1387419
28725,600,0,CV003_002,1388019
28726,176,0,CV003_002,1388195
28727,356,0,CV003_002,1388551
28728,392,0,CV003_002,1388943
28729,140,0,CV003_002,1389083
28730,828,0,CV003_002,1389911
28731,960,0,CV003_002,1390871
28732,912,0,CV003_002,1391783
28733,896,0,CV003_002,1392679
28734,924,0,CV003_002,1393603
28735,780,0,CV003_002,1394383
28736,172,0,CV003_002,1394555
28737,924,0,CV003_002,1395479
28738,944,0,CV003_002,1396423
28739,340,0,CV003_002,1396763
28740,512,0,CV003_002,1397275
28741,400,0,CV003_002,1397675
28742,296,0,CV003_002,1397971
28743,188,0,CV003_002,1398159
28744,160,0,CV003_002,1398319
28745,972,0,CV003_002,1399291
28746,244,0,CV003_002,1399535
28747,660,0,CV003_002,1400195
28748,952,0,CV003_002,1401147
28749,640,0,CV003_002,1401787
28750,336,0,CV003_002,1402123
28751,308,0,CV003_002,1402431
28752,660,0,CV003_002,1403091
28753,140,0,CV003_002,1403231
28754,824,0,CV003_002,1404055
28755,964,0,CV003_002,1405019
28756,960,0,CV003_002,1405979
28757,960,0,CV003_002,1406939
28758,956,0,CV003_002,1407895
28759,944,0,CV003_002,1408839
28760,216,0,CV003_002,1409055
28761,720,0,CV003_002,1409775
28762,912,0,CV003_002,1410687
28763,900,0,CV003_002,1411587
28764,1004,0,CV003_002,1412591
28765,220,0,CV003_002,1412811
28766,660,0,CV003_002,1413471
28767,948,0,CV003_002,1414419
28768,964,0,CV003_002,1415383
28769,972,0,CV003_002,1416355
28770,972,0,CV003_002,1417327
28771,972,0,CV003_002,1418299
28772,984,0,CV003_002,1419283
28773,964,0,CV003_002,1420247
28774,968,0,CV003_002,1421215
28775,956,0,CV003_002,1422171
28776,968,0,CV003_002,1423139
28777,940,0,CV003_002,1424079
28778,960,0,CV003_002,1425039
28779,972,0,CV003_002,1426011
28780,964,0,CV003_002,1426975
28781,980,0,CV003_002,1427955
28782,948,0,CV003_002,1428903
28783,960,0,CV003_002,1429863
28784,972,0,CV003_002,1430835
28785,968,0,CV003_002,1431803
28786,312,0,CV003_002,1432115
28787,652,0,CV003_002,1432767
28788,960,0,CV003_002,1433727
28789,960,0,CV003_002,1434687
28790,944,0,CV003_002,1435631
28791,948,0,CV003_002,1436579
28792,964,0,CV003_002,1437543
28793,924,0,CV003_002,1438467
28794,928,0,CV003_002,1439395
28795,932,0,CV003_002,1440327
28796,928,0,CV003_002,1441255
28797,912,0,CV003_002,1442167
28798,908,0,CV003_002,1443075
28799,940,0,CV003_002,1444015
28800,932,0,CV003_002,1444947
28801,920,0,CV003_002,1445867
28802,928,0,CV003_002,1446795
28803,916,0,CV003_002,1447711
28804,944,0,CV003_002,1448655
28805,940,0,CV003_002,1449595
28806,936,0,CV003_002,1450531
28807,920,0,CV003_002,1451451
28808,904,0,CV003_002,1452355
28809,920,0,CV003_002,1453275
28810,916,0,CV003_002,1454191
28811,796,0,CV003_002,1454987
28812,104,0,CV003_002,1455091
28813,924,0,CV003_002,1456015
28814,928,0,CV003_002,1456943
28815,1852,0,CV003_002,1458795
28816,932,0,CV003_002,1459727
28817,952,0,CV003_002,1460679
28818,944,0,CV003_002,1461623
28819,932,0,CV003_002,1462555
28820,944,0,CV003_002,1463499
28821,932,0,CV003_002,1464431
28822,948,0,CV003_002,1465379
28823,928,0,CV003_002,1466307
28824,940,0,CV003_002,1467247
28825,940,0,CV003_002,1468187
28826,936,0,CV003_002,1469123
28827,932,0,CV003_002,1470055
28828,936,0,CV003_002,1470991
28829,896,0,CV003_002,1471887
28830,1880,0,CV003_002,1473767
28831,924,0,CV003_002,1474691
28832,940,0,CV003_002,1475631
28833,932,0,CV003_002,1476563
28834,908,0,CV003_002,1477471
28835,924,0,CV003_002,1478395
28836,928,0,CV003_002,1479323
28837,912,0,CV003_002,1480235
28838,908,0,CV003_002,1481143
28839,924,0,CV003_002,1482067
28840,924,0,CV003_002,1482991
28841,916,0,CV003_002,1483907
28842,924,0,CV003_002,1484831
28843,924,0,CV003_002,1485755
28844,908,0,CV003_002,1486663
28845,900,0,CV003_002,1487563
28846,904,0,CV003_002,1488467
28847,896,0,CV003_002,1489363
28848,916,0,CV003_002,1490279
28849,912,0,CV003_002,1491191
28850,916,0,CV003_002,1492107
28851,920,0,CV003_002,1493027
28852,916,0,CV003_002,1493943
28853,900,0,CV003_002,1494843
28854,904,0,CV003_002,1495747
28855,904,0,CV003_002,1496651
28856,896,0,CV003_002,1497547
28857,900,0,CV003_002,1498447
28858,888,0,CV003_002,1499335
28859,888,0,CV003_002,1500223
28860,896,0,CV003_002,1501119
28861,884,0,CV003_002,1502003
28862,880,0,CV003_002,1502883
28863,896,0,CV003_002,1503779
28864,896,0,CV003_002,1504675
28865,896,0,CV003_002,1505571
28866,904,0,CV003_002,1506475
28867,900,0,CV003_002,1507375
28868,880,0,CV003_002,1508255
28869,896,0,CV003_002,1509151
28870,884,0,CV003_002,1510035
28871,888,0,CV003_002,1510923
28872,872,0,CV003_002,1511795
28873,892,0,CV003_002,1512687
28874,884,0,CV003_002,1513571
28875,884,0,CV003_002,1514455
28876,880,0,CV003_002,1515335
28877,892,0,CV003_002,1516227
28878,888,0,CV003_002,1517115
28879,888,0,CV003_002,1518003
28880,872,0,CV003_002,1518875
28881,880,0,CV003_002,1519755
28882,884,0,CV003_002,1520639
28883,876,0,CV003_002,1521515
28884,856,0,CV003_002,1522371
28885,868,0,CV003_002,1523239
28886,868,0,CV003_002,1524107
28887,864,0,CV003_002,1524971
28888,860,0,CV003_002,1525831
28889,888,0,CV003_002,1526719
28890,872,0,CV003_002,1527591
28891,868,0,CV003_002,1528459
28892,876,0,CV003_002,1529335
28893,880,0,CV003_002,1530215
28894,880,0,CV003_002,1531095
28895,872,0,CV003_002,1531967
28896,864,0,CV003_002,1532831
28897,852,0,CV003_002,1533683
28898,840,0,CV003_002,1534523
28899,848,0,CV003_002,1535371
28900,872,0,CV003_002,1536243
28901,888,0,CV003_002,1537131
28902,884,0,CV003_002,1538015
28903,884,0,CV003_002,1538899
28904,892,0,CV003_002,1539791
28905,896,0,CV003_002,1540687
28906,880,0,CV003_002,1541567
28907,900,0,CV003_002,1542467
28908,900,0,CV003_002,1543367
28909,872,0,CV003_002,1544239
28910,892,0,CV003_002,1545131
28911,888,0,CV003_002,1546019
28912,876,0,CV003_002,1546895
28913,900,0,CV003_002,1547795
28914,892,0,CV003_002,1548687
28915,876,0,CV003_002,1549563
28916,896,0,CV003_002,1550459
28917,892,0,CV003_002,1551351
28918,888,0,CV003_002,1552239
28919,892,0,CV003_002,1553131
28920,900,0,CV003_002,1554031
28921,896,0,CV003_002,1554927
28922,892,0,CV003_002,1555819
28923,892,0,CV003_002,1556711
28924,908,0,CV003_002,1557619
28925,904,0,CV003_002,1558523
28926,908,0,CV003_002,1559431
28927,892,0,CV003_002,1560323
28928,896,0,CV003_002,1561219
28929,880,0,CV003_002,1562099
28930,888,0,CV003_002,1562987
28931,896,0,CV003_002,1563883
28932,892,0,CV003_002,1564775
28933,892,0,CV003_002,1565667
28934,896,0,CV003_002,1566563
28935,908,0,CV003_002,1567471
28936,892,0,CV003_002,1568363
28937,880,0,CV003_002,1569243
28938,900,0,CV003_002,1570143
28939,896,0,CV003_002,1571039
28940,888,0,CV003_002,1571927
28941,876,0,CV003_002,1572803
28942,880,0,CV003_002,1573683
28943,876,0,CV003_002,1574559
28944,876,0,CV003_002,1575435
28945,864,0,CV003_002,1576299
28946,876,0,CV003_002,1577175
28947,872,0,CV003_002,1578047
28948,860,0,CV003_002,1578907
28949,868,0,CV003_002,1579775
28950,868,0,CV003_002,1580643
28951,872,0,CV003_002,1581515
28952,864,0,CV003_002,1582379
28953,876,0,CV003_002,1583255
28954,868,0,CV003_002,1584123
28955,872,0,CV003_002,1584995
28956,860,0,CV003_002,1585855
28957,868,0,CV003_002,1586723
28958,868,0,CV003_002,1587591
28959,856,0,CV003_002,1588447
28960,868,0,CV003_002,1589315
28961,868,0,CV003_002,1590183
28962,872,0,CV003_002,1591055
28963,860,0,CV003_002,1591915
28964,880,0,CV003_002,1592795
28965,864,0,CV003_002,1593659
28966,876,0,CV003_002,1594535
28967,880,0,CV003_002,1595415
28968,864,0,CV003_002,1596279
28969,884,0,CV003_002,1597163
28970,880,0,CV003_002,1598043
28971,876,0,CV003_002,1598919
28972,864,0,CV003_002,1599783
28973,876,0,CV003_002,1600659
28974,876,0,CV003_002,1601535
28975,876,0,CV003_002,1602411
28976,856,0,CV003_002,1603267
28977,876,0,CV003_002,1604143
28978,876,0,CV003_002,1605019
28979,872,0,CV003_002,1605891
28980,868,0,CV003_002,1606759
28981,892,0,CV003_002,1607651
28982,892,0,CV003_002,1608543
28983,892,0,CV003_002,1609435
28984,884,0,CV003_002,1610319
28985,880,0,CV003_002,1611199
28986,888,0,CV003_002,1612087
28987,864,0,CV003_002,1612951
28988,876,0,CV003_002,1613827
28989,876,0,CV003_002,1614703
28990,872,0,CV003_002,1615575
28991,876,0,CV003_002,1616451
28992,864,0,CV003_002,1617315
28993,884,0,CV003_002,1618199
28994,876,0,CV003_002,1619075
28995,884,0,CV003_002,1619959
28996,872,0,CV003_002,1620831
28997,876,0,CV003_002,1621707
28998,884,0,CV003_002,1622591
28999,876,0,CV003_002,1623467
29000,868,0,CV003_002,1624335
29001,876,0,CV003_002,1625211
29002,880,0,CV003_002,1626091
29003,876,0,CV003_002,1626967
29004,888,0,CV003_002,1627855
29005,884,0,CV003_002,1628739
29006,892,0,CV003_002,1629631
29007,872,0,CV003_002,1630503
29008,864,0,CV003_002,1631367
29009,856,0,CV003_002,1632223
29010,848,0,CV003_002,1633071
29011,880,0,CV003_002,1633951
29012,872,0,CV003_002,1634823
29013,880,0,CV003_002,1635703
29014,888,0,CV003_002,1636591
29015,892,0,CV003_002,1637483
29016,888,0,CV003_002,1638371
29017,900,0,CV003_002,1639271
29018,896,0,CV003_002,1640167
29019,892,0,CV003_002,1641059
29020,904,0,CV003_002,1641963
29021,908,0,CV003_002,1642871
29022,340,0,CV003_002,1643211
29023,548,0,CV003_002,1643759
29024,876,0,CV003_002,1644635
29025,876,0,CV003_002,1645511
29026,876,0,CV003_002,1646387
29027,868,0,CV003_002,1647255
29028,876,0,CV003_002,1648131
29029,884,0,CV003_002,1649015
29030,880,0,CV003_002,1649895
29031,868,0,CV003_002,1650763
29032,888,0,CV003_002,1651651
29033,880,0,CV003_002,1652531
29034,884,0,CV003_002,1653415
29035,880,0,CV003_002,1654295
29036,880,0,CV003_002,1655175
29037,884,0,CV003_002,1656059
29038,896,0,CV003_002,1656955
29039,888,0,CV003_002,1657843
29040,868,0,CV003_002,1658711
29041,892,0,CV003_002,1659603
29042,876,0,CV003_002,1660479
29043,872,0,CV003_002,1661351
29044,856,0,CV003_002,1662207
29045,864,0,CV003_002,1663071
29046,864,0,CV003_002,1663935
29047,856,0,CV003_002,1664791
29048,864,0,CV003_002,1665655
29049,856,0,CV003_002,1666511
29050,876,0,CV003_002,1667387
29051,868,0,CV003_002,1668255
29052,864,0,CV003_002,1669119
29053,868,0,CV003_002,1669987
29054,872,0,CV003_002,1670859
29055,868,0,CV003_002,1671727
29056,860,0,CV003_002,1672587
29057,864,0,CV003_002,1673451
29058,872,0,CV003_002,1674323
29059,868,0,CV003_002,1675191
29060,872,0,CV003_002,1676063
29061,880,0,CV003_002,1676943
29062,888,0,CV003_002,1677831
29063,880,0,CV003_002,1678711
29064,892,0,CV003_002,1679603
29065,904,0,CV003_002,1680507
29066,876,0,CV003_002,1681383
29067,884,0,CV003_002,1682267
29068,880,0,CV003_002,1683147
29069,880,0,CV003_002,1684027
29070,868,0,CV003_002,1684895
29071,872,0,CV003_002,1685767
29072,880,0,CV003_002,1686647
29073,884,0,CV003_002,1687531
29074,876,0,CV003_002,1688407
29075,872,0,CV003_002,1689279
29076,896,0,CV003_002,1690175
29077,888,0,CV003_002,1691063
29078,884,0,CV003_002,1691947
29079,876,0,CV003_002,1692823
29080,872,0,CV003_002,1693695
29081,856,0,CV003_002,1694551
29082,852,0,CV003_002,1695403
29083,880,0,CV003_002,1696283
29084,884,0,CV003_002,1697167
29085,868,0,CV003_002,1698035
29086,896,0,CV003_002,1698931
29087,892,0,CV003_002,1699823
29088,892,0,CV003_002,1700715
29089,884,0,CV003_002,1701599
29090,876,0,CV003_002,1702475
29091,896,0,CV003_002,1703371
29092,900,0,CV003_002,1704271
29093,900,0,CV003_002,1705171
29094,888,0,CV003_002,1706059
29095,912,0,CV003_002,1706971
29096,908,0,CV003_002,1707879
29097,896,0,CV003_002,1708775
29098,916,0,CV003_002,1709691
29099,900,0,CV003_002,1710591
29100,896,0,CV003_002,1711487
29101,880,0,CV003_002,1712367
29102,888,0,CV003_002,1713255
29103,892,0,CV003_002,1714147
29104,900,0,CV003_002,1715047
29105,896,0,CV003_002,1715943
29106,884,0,CV003_002,1716827
29107,900,0,CV003_002,1717727
29108,912,0,CV003_002,1718639
29109,916,0,CV003_002,1719555
29110,920,0,CV003_002,1720475
29111,904,0,CV003_002,1721379
29112,920,0,CV003_002,1722299
29113,928,0,CV003_002,1723227
29114,860,0,CV003_002,1724087
29115,524,0,CV003_002,1724611
29116,76,0,CV003_002,1724687
29117,432,0,CV003_002,1725119
29118,1280,0,CV003_002,1726399
29119,556,0,CV003_002,1726955
29120,628,0,CV003_002,1727583
29121,256,0,CV003_002,1727839
29122,892,0,CV003_002,1728731
29123,940,0,CV003_002,1729671
29124,336,0,CV003_002,1730007
29125,236,0,CV003_002,1730243
29126,316,0,CV003_002,1730559
29127,516,0,CV003_002,1731075
29128,396,0,CV003_002,1731471
29129,908,0,CV003_002,1732379
29130,916,0,CV003_002,1733295
29131,924,0,CV003_002,1734219
29132,920,0,CV003_002,1735139
29133,920,0,CV003_002,1736059
29134,956,0,CV003_002,1737015
29135,964,0,CV003_002,1737979
29136,964,0,CV003_002,1738943
29137,948,0,CV003_002,1739891
29138,968,0,CV003_002,1740859
29139,996,0,CV003_002,1741855
29140,964,0,CV003_002,1742819
29141,952,0,CV003_002,1743771
29142,964,0,CV003_002,1744735
29143,976,0,CV003_002,1745711
29144,976,0,CV003_002,1746687
29145,952,0,CV003_002,1747639
29146,976,0,CV003_002,1748615
29147,984,0,CV003_002,1749599
29148,988,0,CV003_002,1750587
29149,1456,0,CV003_003,1456
29150,404,0,CV003_003,1860
29151,924,0,CV003_003,2784
29152,948,0,CV003_003,3732
29153,888,0,CV003_003,4620
29154,32,0,CV003_003,4652
29155,924,0,CV003_003,5576
29156,964,0,CV003_003,6540
29157,844,0,CV003_003,7384
29158,944,0,CV003_003,8328
29159,860,0,CV003_003,9188
29160,920,0,CV003_003,10108
29161,964,0,CV003_003,11072
29162,952,0,CV003_003,12024
29163,928,0,CV003_003,12952
29164,316,0,CV003_003,13268
29165,188,0,CV003_003,13456
29166,424,0,CV003_003,13880
29167,920,0,CV003_003,14800
29168,928,0,CV003_003,15728
29169,376,0,CV003_003,16104
29170,540,0,CV003_003,16644
29171,508,0,CV003_003,17152
29172,484,0,CV003_003,17636
29173,920,0,CV003_003,18556
29174,960,0,CV003_003,19516
29175,1000,0,CV003_003,20516
29176,468,0,CV003_003,20984
29177,464,0,CV003_003,21448
29178,992,0,CV003_003,22440
29179,980,0,CV003_003,23420
29180,632,0,CV003_003,24052
29181,324,0,CV003_003,24376
29182,948,0,CV003_003,25324
29183,948,0,CV003_003,26272
29184,968,0,CV003_003,27240
29185,968,0,CV003_003,28208
29186,928,0,CV003_003,29136
29187,944,0,CV003_003,30080
29188,1004,1,CV003_003,31084
29189,896,0,CV003_003,31980
29190,944,0,CV003_003,32924
29191,936,0,CV003_003,33860
29192,968,0,CV003_003,34828
29193,968,0,CV003_003,35796
29194,936,0,CV003_003,36732
29195,952,0,CV003_003,37684
29196,884,0,CV003_003,38568
29197,940,0,CV003_003,39508
29198,940,0,CV003_003,40448
29199,968,0,CV003_003,41416
29200,1004,0,CV003_003,42420
29201,1020,0,CV003_003,43440
29202,1016,0,CV003_003,44456
29203,980,0,CV003_003,45436
29204,936,0,CV003_003,46372
29205,972,0,CV003_003,47344
29206,984,0,CV003_003,48328
29207,1028,1,CV003_003,49356
29208,924,0,CV003_003,50280
29209,968,0,CV003_003,51248
29210,184,0,CV003_003,51432
29211,780,0,CV003_003,52212
29212,144,0,CV003_003,52356
29213,836,0,CV003_003,53192
29214,880,0,CV003_003,54072
29215,384,0,CV003_003,54456
29216,492,0,CV003_003,54948
29217,784,0,CV003_003,55732
29218,112,0,CV003_003,55844
29219,136,0,CV003_003,55980
29220,296,0,CV003_003,56276
29221,384,0,CV003_003,56660
29222,272,0,CV003_003,56932
29223,220,0,CV003_003,57152
29224,108,0,CV003_003,57260
29225,548,0,CV003_003,57808
29226,160,0,CV003_003,57968
29227,604,0,CV003_003,58572
29228,208,0,CV003_003,58780
29229,348,0,CV003_003,59128
29230,168,0,CV003_003,59296
29231,288,0,CV003_003,59584
29232,384,0,CV003_003,59968
29233,188,0,CV003_003,60156
29234,72,0,CV003_003,60228
29235,288,0,CV003_003,60516
29236,292,0,CV003_003,60808
29237,820,0,CV003_003,61628
29238,348,0,CV003_003,61976
29239,396,0,CV003_003,62372
29240,272,0,CV003_003,62644
29241,40,0,CV003_003,62684
29242,652,0,CV003_003,63336
29243,428,0,CV003_003,63764
29244,396,0,CV003_003,64160
29245,220,0,CV003_003,64380
29246,168,0,CV003_003,64548
29247,868,0,CV003_003,65416
29248,48,0,CV003_003,65464
29249,212,0,CV003_003,65676
29250,392,0,CV003_003,66068
29251,196,0,CV003_003,66264
29252,300,0,CV003_003,66564
29253,572,0,CV003_003,67136
29254,540,0,CV003_003,67676
29255,260,0,CV003_003,67936
29256,220,0,CV003_003,68156
29257,360,0,CV003_003,68516
29258,536,0,CV003_003,69052
29259,104,0,CV003_003,69156
29260,288,0,CV003_003,69444
29261,240,0,CV003_003,69684
29262,264,0,CV003_003,69948
29263,272,0,CV003_003,70220
29264,388,0,CV003_003,70608
29265,244,0,CV003_003,70852
29266,200,0,CV003_003,71052
29267,128,0,CV003_003,71180
29268,504,0,CV003_003,71684
29269,292,0,CV003_003,71976
29270,560,0,CV003_003,72536
29271,248,0,CV003_003,72784
29272,772,0,CV003_003,73556
29273,188,0,CV003_003,73744
29274,328,0,CV003_003,74072
29275,176,0,CV003_003,74248
29276,176,0,CV003_003,74424
29277,600,0,CV003_003,75024
29278,256,0,CV003_003,75280
29279,248,0,CV003_003,75528
29280,232,0,CV003_003,75760
29281,64,0,CV003_003,75824
29282,448,0,CV003_003,76272
29283,156,0,CV003_003,76428
29284,2028,0,CV003_003,78456
29285,228,0,CV003_003,78684
29286,340,0,CV003_003,79024
29287,156,0,CV003_003,79180
29288,224,0,CV003_003,79404
29289,216,0,CV003_003,79620
29290,288,0,CV003_003,79908
29291,308,0,CV003_003,80216
29292,140,0,CV003_003,80356
29293,336,0,CV003_003,80692
29294,136,0,CV003_003,80828
29295,452,0,CV003_003,81280
29296,444,0,CV003_003,81724
29297,144,0,CV003_003,81868
29298,580,0,CV003_003,82448
29299,204,0,CV003_003,82652
29300,572,0,CV003_003,83224
29301,172,0,CV003_003,83396
29302,224,0,CV003_003,83620
29303,264,0,CV003_003,83884
29304,172,0,CV003_003,84056
29305,7128,0,CV003_003,91184
29306,948,0,CV003_003,92132
29307,920,0,CV003_003,93052
29308,900,0,CV003_003,93952
29309,880,0,CV003_003,94832
29310,944,0,CV003_003,95776
29311,948,0,CV003_003,96724
29312,960,0,CV003_003,97684
29313,972,0,CV003_003,98656
29314,952,0,CV003_003,99608
29315,960,0,CV003_003,100568
29316,1000,0,CV003_003,101568
29317,980,0,CV003_003,102548
29318,488,0,CV003_003,103036
29319,504,0,CV003_003,103540
29320,956,0,CV003_003,104496
29321,1004,0,CV003_003,105500
29322,996,0,CV003_003,106496
29323,976,0,CV003_003,107472
29324,976,0,CV003_003,108448
29325,1000,0,CV003_003,109448
29326,976,0,CV003_003,110424
29327,1012,0,CV003_003,111436
29328,340,0,CV003_003,111776
29329,180,0,CV003_003,111956
29330,112,0,CV003_003,112068
29331,356,0,CV003_003,112424
29332,948,0,CV003_003,113372
29333,740,0,CV003_003,114112
29334,1172,0,CV003_003,115284
29335,964,0,CV003_003,116248
29336,944,0,CV003_003,117192
29337,924,0,CV003_003,118116
29338,932,0,CV003_003,119048
29339,900,0,CV003_003,119948
29340,924,0,CV003_003,120872
29341,976,0,CV003_003,121848
29342,852,0,CV003_003,122700
29343,948,0,CV003_003,123648
29344,200,0,CV003_003,123848
29345,156,0,CV003_003,124004
29346,296,0,CV003_003,124300
29347,372,0,CV003_003,124672
29348,200,0,CV003_003,124872
29349,180,0,CV003_003,125052
29350,376,0,CV003_003,125428
29351,52,0,CV003_003,125480
29352,192,0,CV003_003,125672
29353,448,0,CV003_003,126120
29354,260,0,CV003_003,126380
29355,276,0,CV003_003,126656
29356,100,0,CV003_003,126756
29357,192,0,CV003_003,126948
29358,940,0,CV003_003,127888
29359,44,0,CV003_003,127932
29360,376,0,CV003_003,128308
29361,124,0,CV003_003,128432
29362,1048,0,CV003_003,129480
29363,228,0,CV003_003,129708
29364,652,0,CV003_003,130360
29365,500,0,CV003_003,130860
29366,868,0,CV003_003,131728
29367,880,0,CV003_003,132608
29368,916,0,CV003_003,133524
29369,936,0,CV003_003,134460
29370,928,0,CV003_003,135388
29371,924,0,CV003_003,136312
29372,1000,0,CV003_003,137312
29373,968,0,CV003_003,138280
29374,896,0,CV003_003,139176
29375,944,0,CV003_003,140120
29376,976,0,CV003_003,141096
29377,964,0,CV003_003,142060
29378,952,0,CV003_003,143012
29379,936,0,CV003_003,143948
29380,956,0,CV003_003,144904
29381,944,0,CV003_003,145848
29382,924,0,CV003_003,146772
29383,896,0,CV003_003,147668
29384,920,0,CV003_003,148588
29385,912,0,CV003_003,149500
29386,900,0,CV003_003,150400
29387,920,0,CV003_003,151320
29388,920,0,CV003_003,152240
29389,928,0,CV003_003,153168
29390,904,0,CV003_003,154072
29391,908,0,CV003_003,154980
29392,948,0,CV003_003,155928
29393,916,0,CV003_003,156844
29394,912,0,CV003_003,157756
29395,916,0,CV003_003,158672
29396,920,0,CV003_003,159592
29397,912,0,CV003_003,160504
29398,900,0,CV003_003,161404
29399,908,0,CV003_003,162312
29400,960,1,CV003_003,163272
29401,860,0,CV003_003,164132
29402,920,0,CV003_003,165052
29403,924,0,CV003_003,165976
29404,940,0,CV003_003,166916
29405,936,0,CV003_003,167852
29406,952,0,CV003_003,168804
29407,944,0,CV003_003,169748
29408,1872,0,CV003_003,171620
29409,940,0,CV003_003,172560
29410,936,0,CV003_003,173496
29411,908,0,CV003_003,174404
29412,908,0,CV003_003,175312
29413,880,0,CV003_003,176192
29414,864,0,CV003_003,177056
29415,880,0,CV003_003,177936
29416,900,0,CV003_003,178836
29417,888,0,CV003_003,179724
29418,908,0,CV003_003,180632
29419,904,0,CV003_003,181536
29420,920,0,CV003_003,182456
29421,904,0,CV003_003,183360
29422,920,0,CV003_003,184280
29423,932,0,CV003_003,185212
29424,916,0,CV003_003,186128
29425,920,0,CV003_003,187048
29426,912,0,CV003_003,187960
29427,916,0,CV003_003,188876
29428,904,0,CV003_003,189780
29429,888,0,CV003_003,190668
29430,908,0,CV003_003,191576
29431,912,0,CV003_003,192488
29432,916,0,CV003_003,193404
29433,916,0,CV003_003,194320
29434,892,0,CV003_003,195212
29435,912,0,CV003_003,196124
29436,932,0,CV003_003,197056
29437,940,0,CV003_003,197996
29438,924,0,CV003_003,198920
29439,936,0,CV003_003,199856
29440,940,0,CV003_003,200796
29441,920,0,CV003_003,201716
29442,924,0,CV003_003,202640
29443,928,0,CV003_003,203568
29444,940,0,CV003_003,204508
29445,956,0,CV003_003,205464
29446,968,0,CV003_003,206432
29447,888,0,CV003_003,207320
29448,952,0,CV003_003,208272
29449,932,0,CV003_003,209204
29450,908,0,CV003_003,210112
29451,916,0,CV003_003,211028
29452,936,0,CV003_003,211964
29453,924,0,CV003_003,212888
29454,904,0,CV003_003,213792
29455,900,0,CV003_003,214692
29456,920,0,CV003_003,215612
29457,924,0,CV003_003,216536
29458,928,0,CV003_003,217464
29459,900,0,CV003_003,218364
29460,924,0,CV003_003,219288
29461,952,0,CV003_003,220240
29462,956,0,CV003_003,221196
29463,936,0,CV003_003,222132
29464,512,0,CV003_003,222644
29465,364,0,CV003_003,223008
29466,1056,0,CV003_003,224064
29467,1060,0,CV003_003,225124
29468,1972,0,CV003_003,227096
29469,1988,0,CV003_003,229084
29470,1000,0,CV003_003,230084
29471,948,0,CV003_003,231032
29472,968,0,CV003_003,232000
29473,996,0,CV003_003,232996
29474,956,0,CV003_003,233952
29475,992,0,CV003_003,234944
29476,988,0,CV003_003,235932
29477,980,0,CV003_003,236912
29478,956,0,CV003_003,237868
29479,960,0,CV003_003,238828
29480,964,0,CV003_003,239792
29481,968,0,CV003_003,240760
29482,800,0,CV003_003,241560
29483,1132,0,CV003_003,242692
29484,88,0,CV003_003,242780
29485,816,0,CV003_003,243596
29486,1360,0,CV003_003,244956
29487,216,0,CV003_003,245172
29488,388,0,CV003_003,245560
29489,1024,0,CV003_003,246584
29490,940,0,CV003_003,247524
29491,996,0,CV003_003,248520
29492,984,0,CV003_003,249504
29493,212,0,CV003_003,249716
29494,472,0,CV003_003,250188
29495,280,0,CV003_003,250468
29496,516,0,CV003_003,250984
29497,1508,0,CV003_003,252492
29498,3748,0,CV003_003,256240
29499,2884,0,CV003_003,259124
29500,976,0,CV003_003,260100
29501,996,0,CV003_003,261096
29502,1008,0,CV003_003,262104
29503,320,0,CV003_003,262424
29504,236,0,CV003_003,262660
29505,380,0,CV003_003,263040
29506,872,0,CV003_003,263912
29507,1156,0,CV003_003,265068
29508,1304,0,CV003_003,266372
29509,520,0,CV003_003,266892
29510,204,0,CV003_003,267096
29511,516,0,CV003_003,267612
29512,208,0,CV003_003,267820
29513,256,0,CV003_003,268076
29514,360,0,CV003_003,268436
29515,300,0,CV003_003,268736
29516,1216,0,CV003_003,269952
29517,968,0,CV003_003,270920
29518,956,0,CV003_003,271876
29519,984,0,CV003_003,272860
29520,984,0,CV003_003,273844
29521,988,0,CV003_003,274832
29522,984,0,CV003_003,275816
29523,972,0,CV003_003,276788
29524,976,0,CV003_003,277764
29525,968,0,CV003_003,278732
29526,1916,0,CV003_003,280648
29527,952,0,CV003_003,281600
29528,952,0,CV003_003,282552
29529,956,0,CV003_003,283508
29530,960,0,CV003_003,284468
29531,924,0,CV003_003,285392
29532,932,0,CV003_003,286324
29533,960,0,CV003_003,287284
29534,936,0,CV003_003,288220
29535,936,0,CV003_003,289156
29536,952,0,CV003_003,290108
29537,936,0,CV003_003,291044
29538,952,0,CV003_003,291996
29539,908,0,CV003_003,292904
29540,884,0,CV003_003,293788
29541,888,0,CV003_003,294676
29542,904,0,CV003_003,295580
29543,944,0,CV003_003,296524
29544,940,0,CV003_003,297464
29545,1008,1,CV003_003,298472
29546,920,0,CV003_003,299392
29547,944,0,CV003_003,300336
29548,940,0,CV003_003,301276
29549,960,0,CV003_003,302236
29550,972,0,CV003_003,303208
29551,960,0,CV003_003,304168
29552,960,0,CV003_003,305128
29553,956,0,CV003_003,306084
29554,944,0,CV003_003,307028
29555,964,0,CV003_003,307992
29556,952,0,CV003_003,308944
29557,932,0,CV003_003,309876
29558,936,0,CV003_003,310812
29559,940,0,CV003_003,311752
29560,948,0,CV003_003,312700
29561,936,0,CV003_003,313636
29562,932,0,CV003_003,314568
29563,944,0,CV003_003,315512
29564,992,0,CV003_003,316504
29565,908,0,CV003_003,317412
29566,920,0,CV003_003,318332
29567,940,0,CV003_003,319272
29568,960,0,CV003_003,320232
29569,940,0,CV003_003,321172
29570,916,0,CV003_003,322088
29571,928,0,CV003_003,323016
29572,940,0,CV003_003,323956
29573,956,0,CV003_003,324912
29574,944,0,CV003_003,325856
29575,932,0,CV003_003,326788
29576,952,0,CV003_003,327740
29577,948,0,CV003_003,328688
29578,960,0,CV003_003,329648
29579,924,0,CV003_003,330572
29580,936,0,CV003_003,331508
29581,996,1,CV003_003,332504
29582,904,0,CV003_003,333408
29583,936,0,CV003_003,334344
29584,936,0,CV003_003,335280
29585,944,0,CV003_003,336224
29586,952,0,CV003_003,337176
29587,928,0,CV003_003,338104
29588,932,0,CV003_003,339036
29589,948,0,CV003_003,339984
29590,932,0,CV003_003,340916
29591,992,1,CV003_003,341908
29592,884,0,CV003_003,342792
29593,960,0,CV003_003,343752
29594,952,0,CV003_003,344704
29595,940,0,CV003_003,345644
29596,852,0,CV003_003,346496
29597,1020,0,CV003_003,347516
29598,956,0,CV003_003,348472
29599,932,0,CV003_003,349404
29600,944,0,CV003_003,350348
29601,732,0,CV003_003,351080
29602,184,0,CV003_003,351264
29603,928,0,CV003_003,352192
29604,920,0,CV003_003,353112
29605,936,0,CV003_003,354048
29606,908,0,CV003_003,354956
29607,220,0,CV003_003,355176
29608,708,0,CV003_003,355884
29609,932,0,CV003_003,356816
29610,940,0,CV003_003,357756
29611,924,0,CV003_003,358680
29612,340,0,CV003_003,359020
29613,88,0,CV003_003,359108
29614,508,0,CV003_003,359616
29615,932,0,CV003_003,360548
29616,932,0,CV003_003,361480
29617,908,0,CV003_003,362388
29618,908,0,CV003_003,363296
29619,932,0,CV003_003,364228
29620,948,0,CV003_003,365176
29621,920,0,CV003_003,366096
29622,904,0,CV003_003,367000
29623,916,0,CV003_003,367916
29624,920,0,CV003_003,368836
29625,920,0,CV003_003,369756
29626,896,0,CV003_003,370652
29627,924,0,CV003_003,371576
29628,952,0,CV003_003,372528
29629,880,0,CV003_003,373408
29630,920,0,CV003_003,374328
29631,916,0,CV003_003,375244
29632,920,0,CV003_003,376164
29633,932,0,CV003_003,377096
29634,920,0,CV003_003,378016
29635,928,0,CV003_003,378944
29636,932,0,CV003_003,379876
29637,928,0,CV003_003,380804
29638,912,0,CV003_003,381716
29639,908,0,CV003_003,382624
29640,936,0,CV003_003,383560
29641,976,1,CV003_003,384536
29642,864,0,CV003_003,385400
29643,920,0,CV003_003,386320
29644,912,0,CV003_003,387232
29645,924,0,CV003_003,388156
29646,924,0,CV003_003,389080
29647,904,0,CV003_003,389984
29648,924,0,CV003_003,390908
29649,920,0,CV003_003,391828
29650,916,0,CV003_003,392744
29651,896,0,CV003_003,393640
29652,916,0,CV003_003,394556
29653,976,1,CV003_003,395532
29654,860,0,CV003_003,396392
29655,900,0,CV003_003,397292
29656,896,0,CV003_003,398188
29657,908,0,CV003_003,399096
29658,904,0,CV003_003,400000
29659,1764,0,CV003_003,401764
29660,892,0,CV003_003,402656
29661,900,0,CV003_003,403556
29662,888,0,CV003_003,404444
29663,884,0,CV003_003,405328
29664,940,1,CV003_003,406268
29665,828,0,CV003_003,407096
29666,852,0,CV003_003,407948
29667,852,0,CV003_003,408800
29668,868,0,CV003_003,409668
29669,892,0,CV003_003,410560
29670,912,0,CV003_003,411472
29671,904,0,CV003_003,412376
29672,916,0,CV003_003,413292
29673,152,0,CV003_003,413444
29674,416,0,CV003_003,413860
29675,28,0,CV003_003,413888
29676,352,0,CV003_003,414240
29677,176,0,CV003_003,414416
29678,688,0,CV003_003,415104
29679,936,0,CV003_003,416040
29680,756,0,CV003_003,416796
29681,144,0,CV003_003,416940
29682,328,0,CV003_003,417268
29683,608,0,CV003_003,417876
29684,2872,0,CV003_003,420748
29685,888,0,CV003_003,421636
29686,912,0,CV003_003,422548
29687,992,0,CV003_003,423540
29688,904,0,CV003_003,424444
29689,940,0,CV003_003,425384
29690,924,0,CV003_003,426308
29691,944,0,CV003_003,427252
29692,1892,0,CV003_003,429144
29693,932,0,CV003_003,430076
29694,940,0,CV003_003,431016
29695,940,0,CV003_003,431956
29696,936,0,CV003_003,432892
29697,936,0,CV003_003,433828
29698,924,0,CV003_003,434752
29699,936,0,CV003_003,435688
29700,936,0,CV003_003,436624
29701,952,0,CV003_003,437576
29702,972,0,CV003_003,438548
29703,892,0,CV003_003,439440
29704,956,0,CV003_003,440396
29705,948,0,CV003_003,441344
29706,932,0,CV003_003,442276
29707,932,0,CV003_003,443208
29708,932,0,CV003_003,444140
29709,936,0,CV003_003,445076
29710,936,0,CV003_003,446012
29711,920,0,CV003_003,446932
29712,936,0,CV003_003,447868
29713,944,0,CV003_003,448812
29714,956,0,CV003_003,449768
29715,932,0,CV003_003,450700
29716,936,0,CV003_003,451636
29717,960,0,CV003_003,452596
29718,972,0,CV003_003,453568
29719,960,0,CV003_003,454528
29720,936,0,CV003_003,455464
29721,948,0,CV003_003,456412
29722,952,0,CV003_003,457364
29723,952,0,CV003_003,458316
29724,500,0,CV003_003,458816
29725,432,0,CV003_003,459248
29726,344,0,CV003_003,459592
29727,608,0,CV003_003,460200
29728,952,0,CV003_003,461152
29729,948,0,CV003_003,462100
29730,504,0,CV003_003,462604
29731,248,0,CV003_003,462852
29732,192,0,CV003_003,463044
29733,820,0,CV003_003,463864
29734,124,0,CV003_003,463988
29735,952,0,CV003_003,464940
29736,980,0,CV003_003,465920
29737,564,0,CV003_003,466484
29738,388,0,CV003_003,466872
29739,960,0,CV003_003,467832
29740,972,0,CV003_003,468804
29741,944,0,CV003_003,469748
29742,976,0,CV003_003,470724
29743,980,0,CV003_003,471704
29744,980,0,CV003_003,472684
29745,952,0,CV003_003,473636
29746,968,0,CV003_003,474604
29747,972,0,CV003_003,475576
29748,1020,1,CV003_003,476596
29749,888,0,CV003_003,477484
29750,916,0,CV003_003,478400
29751,948,0,CV003_003,479348
29752,952,0,CV003_003,480300
29753,940,0,CV003_003,481240
29754,936,0,CV003_003,482176
29755,928,0,CV003_003,483104
29756,904,0,CV003_003,484008
29757,928,0,CV003_003,484936
29758,888,0,CV003_003,485824
29759,924,0,CV003_003,486748
29760,892,0,CV003_003,487640
29761,940,0,CV003_003,488580
29762,984,0,CV003_003,489564
29763,988,0,CV003_003,490552
29764,1020,1,CV003_003,491572
29765,928,0,CV003_003,492500
29766,992,0,CV003_003,493492
29767,1004,0,CV003_003,494496
29768,1004,0,CV003_003,495500
29769,972,0,CV003_003,496472
29770,964,0,CV003_003,497436
29771,1000,0,CV003_003,498436
29772,916,0,CV003_003,499352
29773,748,0,CV003_003,500100
29774,188,0,CV003_003,500288
29775,360,0,CV003_003,500648
29776,188,0,CV003_003,500836
29777,380,0,CV003_003,501216
29778,940,0,CV003_003,502156
29779,936,0,CV003_003,503092
29780,904,0,CV003_003,503996
29781,880,0,CV003_003,504876
29782,888,0,CV003_003,505764
29783,908,0,CV003_003,506672
29784,924,0,CV003_003,507596
29785,48,0,CV003_003,507644
29786,860,0,CV003_003,508504
29787,916,0,CV003_003,509420
29788,964,0,CV003_003,510384
29789,988,0,CV003_003,511372
29790,972,0,CV003_003,512344
29791,960,0,CV003_003,513304
29792,968,0,CV003_003,514272
29793,984,0,CV003_003,515256
29794,948,0,CV003_003,516204
29795,932,0,CV003_003,517136
29796,948,0,CV003_003,518084
29797,1872,0,CV003_003,519956
29798,940,0,CV003_003,520896
29799,944,0,CV003_003,521840
29800,940,0,CV003_003,522780
29801,952,0,CV003_003,523732
29802,936,0,CV003_003,524668
29803,952,0,CV003_003,525620
29804,984,0,CV003_003,526604
29805,900,0,CV003_003,527504
29806,912,0,CV003_003,528416
29807,912,0,CV003_003,529328
29808,896,0,CV003_003,530224
29809,1728,0,CV003_003,531952
29810,888,0,CV003_003,532840
29811,800,0,CV003_003,533640
29812,856,0,CV003_003,534496
29813,884,0,CV003_003,535380
29814,1868,0,CV003_003,537248
29815,864,0,CV003_003,538112
29816,940,0,CV003_003,539052
29817,1856,0,CV003_003,540908
29818,996,0,CV003_003,541904
29819,888,0,CV003_003,542792
29820,932,0,CV003_003,543724
29821,928,0,CV003_003,544652
29822,976,1,CV003_003,545628
29823,892,0,CV003_003,546520
29824,916,0,CV003_003,547436
29825,912,0,CV003_003,548348
29826,920,0,CV003_003,549268
29827,916,0,CV003_003,550184
29828,932,0,CV003_003,551116
29829,896,0,CV003_003,552012
29830,924,0,CV003_003,552936
29831,920,0,CV003_003,553856
29832,936,0,CV003_003,554792
29833,856,0,CV003_003,555648
29834,904,0,CV003_003,556552
29835,900,0,CV003_003,557452
29836,976,0,CV003_003,558428
29837,200,0,CV003_003,558628
29838,184,0,CV003_003,558812
29839,444,0,CV003_003,559256
29840,368,0,CV003_003,559624
29841,1892,0,CV003_003,561516
29842,552,0,CV003_003,562068
29843,868,0,CV003_003,562936
29844,968,0,CV003_003,563904
29845,1624,0,CV003_003,565528
29846,316,0,CV003_003,565844
29847,340,0,CV003_003,566184
29848,352,0,CV003_003,566536
29849,132,0,CV003_003,566668
29850,1864,0,CV003_003,568532
29851,944,0,CV003_003,569476
29852,824,0,CV003_003,570300
29853,40,0,CV003_003,570340
29854,916,0,CV003_003,571256
29855,988,0,CV003_003,572244
29856,904,0,CV003_003,573148
29857,928,0,CV003_003,574076
29858,316,0,CV003_003,574392
29859,588,0,CV003_003,574980
29860,2812,0,CV003_003,577792
29861,916,0,CV003_003,578708
29862,976,0,CV003_003,579684
29863,944,0,CV003_003,580628
29864,892,0,CV003_003,581520
29865,912,0,CV003_003,582432
29866,924,0,CV003_003,583356
29867,928,0,CV003_003,584284
29868,988,0,CV003_003,585272
29869,864,0,CV003_003,586136
29870,444,0,CV003_003,586580
29871,468,0,CV003_003,587048
29872,924,0,CV003_003,587972
29873,612,0,CV003_003,588584
29874,316,0,CV003_003,588900
29875,984,0,CV003_003,589884
29876,472,0,CV003_003,590356
29877,116,0,CV003_003,590472
29878,240,0,CV003_003,590712
29879,560,0,CV003_003,591272
29880,344,0,CV003_003,591616
29881,884,0,CV003_003,592500
29882,868,0,CV003_003,593368
29883,868,0,CV003_003,594236
29884,912,0,CV003_003,595148
29885,900,0,CV003_003,596048
29886,224,0,CV003_003,596272
29887,192,0,CV003_003,596464
29888,496,0,CV003_003,596960
29889,608,0,CV003_003,597568
29890,500,0,CV003_003,598068
29891,776,0,CV003_003,598844
29892,52,0,CV003_003,598896
29893,1400,0,CV003_003,600296
29894,384,0,CV003_003,600680
29895,1100,0,CV003_003,601780
29896,948,0,CV003_003,602728
29897,812,0,CV003_003,603540
29898,1464,0,CV003_003,605004
29899,4228,0,CV003_003,609232
29900,384,0,CV003_003,609616
29901,372,0,CV003_003,609988
29902,288,0,CV003_003,610276
29903,28,0,CV003_003,610304
29904,656,0,CV003_003,610960
29905,136,0,CV003_003,611096
29906,992,0,CV003_003,612088
29907,900,0,CV003_003,612988
29908,492,0,CV003_003,613480
29909,48,0,CV003_003,613528
29910,388,0,CV003_003,613916
29911,692,0,CV003_003,614608
29912,628,0,CV003_003,615236
29913,580,0,CV003_003,615816
29914,1876,0,CV003_003,617692
29915,956,0,CV003_003,618648
29916,656,0,CV003_003,619304
29917,332,0,CV003_003,619636
29918,320,0,CV003_003,619956
29919,552,0,CV003_003,620508
29920,972,0,CV003_003,621480
29921,776,0,CV003_003,622256
29922,336,0,CV003_003,622592
29923,308,0,CV003_003,622900
29924,220,0,CV003_003,623120
29925,172,0,CV003_003,623292
29926,928,0,CV003_003,624220
29927,1912,0,CV003_003,626132
29928,964,0,CV003_003,627096
29929,968,0,CV003_003,628064
29930,932,0,CV003_003,628996
29931,1004,0,CV003_003,630000
29932,916,0,CV003_003,630916
29933,952,0,CV003_003,631868
29934,928,0,CV003_003,632796
29935,952,0,CV003_003,633748
29936,944,0,CV003_003,634692
29937,940,0,CV003_003,635632
29938,912,0,CV003_003,636544
29939,888,0,CV003_003,637432
29940,896,0,CV003_003,638328
29941,924,0,CV003_003,639252
29942,936,0,CV003_003,640188
29943,928,0,CV003_003,641116
29944,980,0,CV003_003,642096
29945,992,0,CV003_003,643088
29946,992,0,CV003_003,644080
29947,1000,0,CV003_003,645080
29948,976,0,CV003_003,646056
29949,1024,1,CV003_003,647080
29950,924,0,CV003_003,648004
29951,972,0,CV003_003,648976
29952,952,0,CV003_003,649928
29953,972,0,CV003_003,650900
29954,960,0,CV003_003,651860
29955,952,0,CV003_003,652812
29956,1896,0,CV003_003,654708
29957,948,0,CV003_003,655656
29958,996,0,CV003_003,656652
29959,908,0,CV003_003,657560
29960,952,0,CV003_003,658512
29961,940,0,CV003_003,659452
29962,928,0,CV003_003,660380
29963,904,0,CV003_003,661284
29964,1060,0,CV003_003,662344
29965,1064,0,CV003_003,663408
29966,952,0,CV003_003,664360
29967,1004,0,CV003_003,665364
29968,996,0,CV003_003,666360
29969,980,0,CV003_003,667340
29970,984,0,CV003_003,668324
29971,980,0,CV003_003,669304
29972,972,0,CV003_003,670276
29973,948,0,CV003_003,671224
29974,964,0,CV003_003,672188
29975,964,0,CV003_003,673152
29976,960,0,CV003_003,674112
29977,960,0,CV003_003,675072
29978,948,0,CV003_003,676020
29979,952,0,CV003_003,676972
29980,960,0,CV003_003,677932
29981,976,0,CV003_003,678908
29982,960,0,CV003_003,679868
29983,972,0,CV003_003,680840
29984,948,0,CV003_003,681788
29985,940,0,CV003_003,682728
29986,968,0,CV003_003,683696
29987,996,0,CV003_003,684692
29988,960,0,CV003_003,685652
29989,908,0,CV003_003,686560
29990,940,0,CV003_003,687500
29991,956,0,CV003_003,688456
29992,948,0,CV003_003,689404
29993,956,0,CV003_003,690360
29994,1000,0,CV003_003,691360
29995,876,0,CV003_003,692236
29996,1000,0,CV003_003,693236
29997,856,0,CV003_003,694092
29998,880,0,CV003_003,694972
29999,928,0,CV003_003,695900
30000,852,0,CV003_003,696752
30001,744,0,CV003_003,697496
30002,192,0,CV003_003,697688
30003,860,0,CV003_003,698548
30004,940,0,CV003_003,699488
30005,944,0,CV003_003,700432
30006,932,0,CV003_003,701364
30007,964,0,CV003_003,702328
30008,960,0,CV003_003,703288
30009,992,0,CV003_003,704280
30010,952,0,CV003_003,705232
30011,956,0,CV003_003,706188
30012,948,0,CV003_003,707136
30013,1000,1,CV003_003,708136
30014,892,0,CV003_003,709028
30015,944,0,CV003_003,709972
30016,948,0,CV003_003,710920
30017,936,0,CV003_003,711856
30018,940,0,CV003_003,712796
30019,932,0,CV003_003,713728
30020,976,1,CV003_003,714704
30021,884,0,CV003_003,715588
30022,924,0,CV003_003,716512
30023,928,0,CV003_003,717440
30024,924,0,CV003_003,718364
30025,928,0,CV003_003,719292
30026,928,0,CV003_003,720220
30027,912,0,CV003_003,721132
30028,928,0,CV003_003,722060
30029,952,0,CV003_003,723012
30030,928,0,CV003_003,723940
30031,1904,0,CV003_003,725844
30032,880,0,CV003_003,726724
30033,976,0,CV003_003,727700
30034,864,0,CV003_003,728564
30035,904,0,CV003_003,729468
30036,932,0,CV003_003,730400
30037,924,0,CV003_003,731324
30038,900,0,CV003_003,732224
30039,908,0,CV003_003,733132
30040,904,0,CV003_003,734036
30041,900,0,CV003_003,734936
30042,884,0,CV003_003,735820
30043,896,0,CV003_003,736716
30044,896,0,CV003_003,737612
30045,900,0,CV003_003,738512
30046,892,0,CV003_003,739404
30047,892,0,CV003_003,740296
30048,884,0,CV003_003,741180
30049,952,1,CV003_003,742132
30050,860,0,CV003_003,742992
30051,900,0,CV003_003,743892
30052,904,0,CV003_003,744796
30053,908,0,CV003_003,745704
30054,884,0,CV003_003,746588
30055,908,0,CV003_003,747496
30056,904,0,CV003_003,748400
30057,876,0,CV003_003,749276
30058,860,0,CV003_003,750136
30059,884,0,CV003_003,751020
30060,904,0,CV003_003,751924
30061,892,0,CV003_003,752816
30062,920,0,CV003_003,753736
30063,984,0,CV003_003,754720
30064,896,0,CV003_003,755616
30065,940,0,CV003_003,756556
30066,928,0,CV003_003,757484
30067,980,0,CV003_003,758464
30068,900,0,CV003_003,759364
30069,668,0,CV003_003,760032
30070,296,0,CV003_003,760328
30071,992,0,CV003_003,761320
30072,712,0,CV003_003,762032
30073,184,0,CV003_003,762216
30074,928,0,CV003_003,763144
30075,956,0,CV003_003,764100
30076,1000,0,CV003_003,765100
30077,888,0,CV003_003,765988
30078,924,0,CV003_003,766912
30079,948,0,CV003_003,767860
30080,948,0,CV003_003,768808
30081,940,0,CV003_003,769748
30082,888,0,CV003_003,770636
30083,944,0,CV003_003,771580
30084,920,0,CV003_003,772500
30085,916,0,CV003_003,773416
30086,884,0,CV003_003,774300
30087,868,0,CV003_003,775168
30088,900,0,CV003_003,776068
30089,912,0,CV003_003,776980
30090,916,0,CV003_003,777896
30091,928,0,CV003_003,778824
30092,912,0,CV003_003,779736
30093,976,0,CV003_003,780712
30094,876,0,CV003_003,781588
30095,972,0,CV003_003,782560
30096,884,0,CV003_003,783444
30097,912,0,CV003_003,784356
30098,916,0,CV003_003,785272
30099,904,0,CV003_003,786176
30100,932,0,CV003_003,787108
30101,924,0,CV003_003,788032
30102,904,0,CV003_003,788936
30103,928,0,CV003_003,789864
30104,928,0,CV003_003,790792
30105,920,0,CV003_003,791712
30106,904,0,CV003_003,792616
30107,916,0,CV003_003,793532
30108,924,0,CV003_003,794456
30109,916,0,CV003_003,795372
30110,916,0,CV003_003,796288
30111,908,0,CV003_003,797196
30112,904,0,CV003_003,798100
30113,900,0,CV003_003,799000
30114,892,0,CV003_003,799892
30115,900,0,CV003_003,800792
30116,952,1,CV003_003,801744
30117,848,0,CV003_003,802592
30118,900,0,CV003_003,803492
30119,908,0,CV003_003,804400
30120,920,0,CV003_003,805320
30121,908,0,CV003_003,806228
30122,896,0,CV003_003,807124
30123,888,0,CV003_003,808012
30124,900,0,CV003_003,808912
30125,904,0,CV003_003,809816
30126,916,0,CV003_003,810732
30127,892,0,CV003_003,811624
30128,888,0,CV003_003,812512
30129,896,0,CV003_003,813408
30130,904,0,CV003_003,814312
30131,900,0,CV003_003,815212
30132,876,0,CV003_003,816088
30133,892,0,CV003_003,816980
30134,900,0,CV003_003,817880
30135,912,0,CV003_003,818792
30136,912,0,CV003_003,819704
30137,912,0,CV003_003,820616
30138,908,0,CV003_003,821524
30139,920,0,CV003_003,822444
30140,936,0,CV003_003,823380
30141,896,0,CV003_003,824276
30142,928,0,CV003_003,825204
30143,908,0,CV003_003,826112
30144,920,0,CV003_003,827032
30145,896,0,CV003_003,827928
30146,884,0,CV003_003,828812
30147,944,1,CV003_003,829756
30148,856,0,CV003_003,830612
30149,908,0,CV003_003,831520
30150,892,0,CV003_003,832412
30151,904,0,CV003_003,833316
30152,892,0,CV003_003,834208
30153,904,0,CV003_003,835112
30154,884,0,CV003_003,835996
30155,884,0,CV003_003,836880
30156,896,0,CV003_003,837776
30157,892,0,CV003_003,838668
30158,904,0,CV003_003,839572
30159,884,0,CV003_003,840456
30160,896,0,CV003_003,841352
30161,892,0,CV003_003,842244
30162,908,0,CV003_003,843152
30163,876,0,CV003_003,844028
30164,880,0,CV003_003,844908
30165,884,0,CV003_003,845792
30166,876,0,CV003_003,846668
30167,872,0,CV003_003,847540
30168,868,0,CV003_003,848408
30169,888,0,CV003_003,849296
30170,880,0,CV003_003,850176
30171,892,0,CV003_003,851068
30172,868,0,CV003_003,851936
30173,892,0,CV003_003,852828
30174,940,1,CV003_003,853768
30175,832,0,CV003_003,854600
30176,892,0,CV003_003,855492
30177,892,0,CV003_003,856384
30178,900,0,CV003_003,857284
30179,892,0,CV003_003,858176
30180,892,0,CV003_003,859068
30181,888,0,CV003_003,859956
30182,892,0,CV003_003,860848
30183,892,0,CV003_003,861740
30184,876,0,CV003_003,862616
30185,896,0,CV003_003,863512
30186,900,0,CV003_003,864412
30187,912,0,CV003_003,865324
30188,884,0,CV003_003,866208
30189,896,0,CV003_003,867104
30190,888,0,CV003_003,867992
30191,908,0,CV003_003,868900
30192,884,0,CV003_003,869784
30193,880,0,CV003_003,870664
30194,908,0,CV003_003,871572
30195,888,0,CV003_003,872460
30196,900,0,CV003_003,873360
30197,872,0,CV003_003,874232
30198,892,0,CV003_003,875124
30199,900,0,CV003_003,876024
30200,896,0,CV003_003,876920
30201,880,0,CV003_003,877800
30202,888,0,CV003_003,878688
30203,904,0,CV003_003,879592
30204,896,0,CV003_003,880488
30205,904,0,CV003_003,881392
30206,884,0,CV003_003,882276
30207,872,0,CV003_003,883148
30208,856,0,CV003_003,884004
30209,860,0,CV003_003,884864
30210,888,0,CV003_003,885752
30211,912,0,CV003_003,886664
30212,900,0,CV003_003,887564
30213,908,0,CV003_003,888472
30214,916,0,CV003_003,889388
30215,920,0,CV003_003,890308
30216,944,1,CV003_003,891252
30217,908,0,CV003_003,892160
30218,928,0,CV003_003,893088
30219,932,0,CV003_003,894020
30220,920,0,CV003_003,894940
30221,904,0,CV003_003,895844
30222,904,0,CV003_003,896748
30223,912,0,CV003_003,897660
30224,896,0,CV003_003,898556
30225,908,0,CV003_003,899464
30226,904,0,CV003_003,900368
30227,912,0,CV003_003,901280
30228,892,0,CV003_003,902172
30229,916,0,CV003_003,903088
30230,912,0,CV003_003,904000
30231,912,0,CV003_003,904912
30232,920,0,CV003_003,905832
30233,952,0,CV003_003,906784
30234,500,0,CV003_003,907284
30235,348,0,CV003_003,907632
30236,892,0,CV003_003,908524
30237,984,0,CV003_003,909508
30238,980,0,CV003_003,910488
30239,984,0,CV003_003,911472
30240,956,0,CV003_003,912428
30241,956,0,CV003_003,913384
30242,940,0,CV003_003,914324
30243,932,0,CV003_003,915256
30244,936,0,CV003_003,916192
30245,912,0,CV003_003,917104
30246,932,0,CV003_003,918036
30247,944,0,CV003_003,918980
30248,932,0,CV003_003,919912
30249,916,0,CV003_003,920828
30250,972,1,CV003_003,921800
30251,892,0,CV003_003,922692
30252,952,0,CV003_003,923644
30253,944,0,CV003_003,924588
30254,980,0,CV003_003,925568
30255,968,0,CV003_003,926536
30256,960,0,CV003_003,927496
30257,960,0,CV003_003,928456
30258,956,0,CV003_003,929412
30259,940,0,CV003_003,930352
30260,952,0,CV003_003,931304
30261,688,0,CV003_003,931992
30262,316,0,CV003_003,932308
30263,476,0,CV003_003,932784
30264,388,0,CV003_003,933172
30265,936,0,CV003_003,934108
30266,948,0,CV003_003,935056
30267,932,0,CV003_003,935988
30268,1820,0,CV003_003,937808
30269,872,0,CV003_003,938680
30270,256,0,CV003_003,938936
30271,628,0,CV003_003,939564
30272,892,0,CV003_003,940456
30273,916,0,CV003_003,941372
30274,932,0,CV003_003,942304
30275,924,0,CV003_003,943228
30276,936,0,CV003_003,944164
30277,728,0,CV003_003,944892
30278,348,0,CV003_003,945240
30279,796,0,CV003_003,946036
30280,920,0,CV003_003,946956
30281,944,0,CV003_003,947900
30282,932,0,CV003_003,948832
30283,928,0,CV003_003,949760
30284,932,0,CV003_003,950692
30285,504,0,CV003_003,951196
30286,176,0,CV003_003,951372
30287,248,0,CV003_003,951620
30288,444,0,CV003_003,952064
30289,472,0,CV003_003,952536
30290,932,0,CV003_003,953468
30291,924,0,CV003_003,954392
30292,408,0,CV003_003,954800
30293,512,0,CV003_003,955312
30294,944,0,CV003_003,956256
30295,948,0,CV003_003,957204
30296,356,0,CV003_003,957560
30297,580,0,CV003_003,958140
30298,908,0,CV003_003,959048
30299,848,0,CV003_003,959896
30300,176,0,CV003_003,960072
30301,144,0,CV003_003,960216
30302,436,0,CV003_003,960652
30303,204,0,CV003_003,960856
30304,956,0,CV003_003,961812
30305,900,0,CV003_003,962712
30306,1300,0,CV003_003,964012
30307,196,0,CV003_003,964208
30308,408,0,CV003_003,964616
30309,124,0,CV003_003,964740
30310,412,0,CV003_003,965152
30311,244,0,CV003_003,965396
30312,380,0,CV003_003,965776
30313,544,0,CV003_003,966320
30314,540,0,CV003_003,966860
30315,428,0,CV003_003,967288
30316,456,0,CV003_003,967744
30317,164,0,CV003_003,967908
30318,568,0,CV003_003,968476
30319,296,0,CV003_003,968772
30320,340,0,CV003_003,969112
30321,940,0,CV003_003,970052
30322,944,0,CV003_003,970996
30323,264,0,CV003_003,971260
30324,640,0,CV003_003,971900
30325,796,0,CV003_003,972696
30326,988,0,CV003_003,973684
30327,856,0,CV003_003,974540
30328,264,0,CV003_003,974804
30329,576,0,CV003_003,975380
30330,888,0,CV003_003,976268
30331,844,0,CV003_003,977112
30332,808,0,CV003_003,977920
30333,900,0,CV003_003,978820
30334,796,0,CV003_003,979616
30335,872,0,CV003_003,980488
30336,884,0,CV003_003,981372
30337,896,0,CV003_003,982268
30338,928,0,CV003_003,983196
30339,900,0,CV003_003,984096
30340,916,0,CV003_003,985012
30341,912,0,CV003_003,985924
30342,924,0,CV003_003,986848
30343,968,0,CV003_003,987816
30344,836,0,CV003_003,988652
30345,900,0,CV003_003,989552
30346,192,0,CV003_003,989744
30347,328,0,CV003_003,990072
30348,388,0,CV003_003,990460
30349,624,0,CV003_003,991084
30350,288,0,CV003_003,991372
30351,228,0,CV003_003,991600
30352,724,0,CV003_003,992324
30353,284,0,CV003_003,992608
30354,516,0,CV003_003,993124
30355,64,0,CV003_003,993188
30356,768,0,CV003_003,993956
30357,244,0,CV003_003,994200
30358,320,0,CV003_003,994520
30359,308,0,CV003_003,994828
30360,156,0,CV003_003,994984
30361,376,0,CV003_003,995360
30362,140,0,CV003_003,995500
30363,192,0,CV003_003,995692
30364,252,0,CV003_003,995944
30365,644,0,CV003_003,996588
30366,396,0,CV003_003,996984
30367,328,0,CV003_003,997312
30368,336,0,CV003_003,997648
30369,72,0,CV003_003,997720
30370,308,0,CV003_003,998028
30371,252,0,CV003_003,998280
30372,176,0,CV003_003,998456
30373,568,0,CV003_003,999024
30374,328,0,CV003_003,999352
30375,124,0,CV003_003,999476
30376,192,0,CV003_003,999668
30377,240,0,CV003_003,999908
30378,476,0,CV003_003,1000384
30379,656,0,CV003_003,1001040
30380,244,0,CV003_003,1001284
30381,428,0,CV003_003,1001712
30382,468,0,CV003_003,1002180
30383,480,0,CV003_003,1002660
30384,436,0,CV003_003,1003096
30385,288,0,CV003_003,1003384
30386,368,0,CV003_003,1003752
30387,124,0,CV003_003,1003876
30388,1024,0,CV003_003,1004900
30389,756,0,CV003_003,1005656
30390,1024,0,CV003_003,1006680
30391,688,0,CV003_003,1007368
30392,332,0,CV003_003,1007700
30393,796,0,CV003_003,1008496
30394,860,0,CV003_003,1009356
30395,892,0,CV003_003,1010248
30396,908,0,CV003_003,1011156
30397,944,0,CV003_003,1012100
30398,336,0,CV003_003,1012436
30399,228,0,CV003_003,1012664
30400,344,0,CV003_003,1013008
30401,860,0,CV003_003,1013868
30402,896,0,CV003_003,1014764
30403,936,0,CV003_003,1015700
30404,732,0,CV003_003,1016432
30405,100,0,CV003_003,1016532
30406,352,0,CV003_003,1016884
30407,472,0,CV003_003,1017356
30408,300,0,CV003_003,1017656
30409,636,0,CV003_003,1018292
30410,2724,0,CV003_003,1021016
30411,748,0,CV003_003,1021764
30412,1104,0,CV003_003,1022868
30413,888,0,CV003_003,1023756
30414,844,0,CV003_003,1024600
30415,156,0,CV003_003,1024756
30416,524,0,CV003_003,1025280
30417,208,0,CV003_003,1025488
30418,660,0,CV003_003,1026148
30419,228,0,CV003_003,1026376
30420,936,0,CV003_003,1027312
30421,668,0,CV003_003,1027980
30422,360,0,CV003_003,1028340
30423,104,0,CV003_003,1028444
30424,320,0,CV003_003,1028764
30425,264,0,CV003_003,1029028
30426,352,0,CV003_003,1029380
30427,140,0,CV003_003,1029520
30428,316,0,CV003_003,1029836
30429,1416,0,CV003_003,1031252
30430,372,0,CV003_003,1031624
30431,500,0,CV003_003,1032124
30432,464,0,CV003_003,1032588
30433,228,0,CV003_003,1032816
30434,824,0,CV003_003,1033640
30435,284,0,CV003_003,1033924
30436,472,0,CV003_003,1034396
30437,332,0,CV003_003,1034728
30438,536,0,CV003_003,1035264
30439,368,0,CV003_003,1035632
30440,484,0,CV003_003,1036116
30441,1112,0,CV003_003,1037228
30442,112,0,CV003_003,1037340
30443,284,0,CV003_003,1037624
30444,260,0,CV003_003,1037884
30445,396,0,CV003_003,1038280
30446,484,0,CV003_003,1038764
30447,712,0,CV003_003,1039476
30448,252,0,CV003_003,1039728
30449,440,0,CV003_003,1040168
30450,472,0,CV003_003,1040640
30451,300,0,CV003_003,1040940
30452,188,0,CV003_003,1041128
30453,312,0,CV003_003,1041440
30454,256,0,CV003_003,1041696
30455,132,0,CV003_003,1041828
30456,316,0,CV003_003,1042144
30457,164,0,CV003_003,1042308
30458,576,0,CV003_003,1042884
30459,388,0,CV003_003,1043272
30460,896,0,CV003_003,1044168
30461,764,0,CV003_003,1044932
30462,1076,0,CV003_003,1046008
30463,80,0,CV003_003,1046088
30464,264,0,CV003_003,1046352
30465,384,0,CV003_003,1046736
30466,124,0,CV003_003,1046860
30467,216,0,CV003_003,1047076
30468,360,0,CV003_003,1047436
30469,340,0,CV003_003,1047776
30470,476,0,CV003_003,1048252
30471,124,0,CV003_003,1048376
30472,172,0,CV003_003,1048548
30473,220,0,CV003_003,1048768
30474,332,0,CV003_003,1049100
30475,308,0,CV003_003,1049408
30476,540,0,CV003_003,1049948
30477,164,0,CV003_003,1050112
30478,392,0,CV003_003,1050504
30479,448,0,CV003_003,1050952
30480,488,0,CV003_003,1051440
30481,220,0,CV003_003,1051660
30482,764,0,CV003_003,1052424
30483,188,0,CV003_003,1052612
30484,684,0,CV003_003,1053296
30485,480,0,CV003_003,1053776
30486,436,0,CV003_003,1054212
30487,348,0,CV003_003,1054560
30488,592,0,CV003_003,1055152
30489,716,0,CV003_003,1055868
30490,216,0,CV003_003,1056084
30491,136,0,CV003_003,1056220
30492,428,0,CV003_003,1056648
30493,256,0,CV003_003,1056904
30494,164,0,CV003_003,1057068
30495,508,0,CV003_003,1057576
30496,144,0,CV003_003,1057720
30497,352,0,CV003_003,1058072
30498,236,0,CV003_003,1058308
30499,112,0,CV003_003,1058420
30500,252,0,CV003_003,1058672
30501,472,0,CV003_003,1059144
30502,80,0,CV003_003,1059224
30503,228,0,CV003_003,1059452
30504,356,0,CV003_003,1059808
30505,112,0,CV003_003,1059920
30506,792,0,CV003_003,1060712
30507,216,0,CV003_003,1060928
30508,316,0,CV003_003,1061244
30509,220,0,CV003_003,1061464
30510,204,0,CV003_003,1061668
30511,448,0,CV003_003,1062116
30512,40,0,CV003_003,1062156
30513,376,0,CV003_003,1062532
30514,360,0,CV003_003,1062892
30515,324,0,CV003_003,1063216
30516,284,0,CV003_003,1063500
30517,288,0,CV003_003,1063788
30518,328,0,CV003_003,1064116
30519,72,0,CV003_003,1064188
30520,188,0,CV003_003,1064376
30521,260,0,CV003_003,1064636
30522,480,0,CV003_003,1065116
30523,72,0,CV003_003,1065188
30524,352,0,CV003_003,1065540
30525,248,0,CV003_003,1065788
30526,84,0,CV003_003,1065872
30527,456,0,CV003_003,1066328
30528,172,0,CV003_003,1066500
30529,524,0,CV003_003,1067024
30530,148,0,CV003_003,1067172
30531,256,0,CV003_003,1067428
30532,268,0,CV003_003,1067696
30533,188,0,CV003_003,1067884
30534,400,0,CV003_003,1068284
30535,68,0,CV003_003,1068352
30536,4552,0,CV003_003,1072904
30537,260,0,CV003_003,1073164
30538,224,0,CV003_003,1073388
30539,432,0,CV003_003,1073820
30540,604,0,CV003_003,1074424
30541,404,0,CV003_003,1074828
30542,892,0,CV003_003,1075720
30543,2040,0,CV003_003,1077760
30544,68,0,CV003_003,1077828
30545,1608,0,CV003_003,1079436
30546,948,0,CV003_003,1080384
30547,1280,0,CV003_003,1081664
30548,1556,0,CV003_003,1083220
30549,92,0,CV003_003,1083312
30550,600,0,CV003_003,1083912
30551,172,0,CV003_003,1084084
30552,924,0,CV003_003,1085008
30553,1036,0,CV003_003,1086044
30554,264,0,CV003_003,1086308
30555,2196,0,CV003_003,1088504
30556,204,0,CV003_003,1088708
30557,796,0,CV003_003,1089504
30558,808,0,CV003_003,1090312
30559,120,0,CV003_003,1090432
30560,436,0,CV003_003,1090868
30561,224,0,CV003_003,1091092
30562,88,0,CV003_003,1091180
30563,212,0,CV003_003,1091392
30564,264,0,CV003_003,1091656
30565,424,0,CV003_003,1092080
30566,196,0,CV003_003,1092276
30567,240,0,CV003_003,1092516
30568,140,0,CV003_003,1092656
30569,420,0,CV003_003,1093076
30570,56,0,CV003_003,1093132
30571,392,0,CV003_003,1093524
30572,592,0,CV003_003,1094116
30573,312,0,CV003_003,1094428
30574,260,0,CV003_003,1094688
30575,316,0,CV003_003,1095004
30576,132,0,CV003_003,1095136
30577,816,0,CV003_003,1095952
30578,544,0,CV003_003,1096496
30579,312,0,CV003_003,1096808
30580,900,0,CV003_003,1097708
30581,1780,0,CV003_003,1099488
30582,576,0,CV003_003,1100064
30583,44,0,CV003_003,1100108
30584,376,0,CV003_003,1100484
30585,2584,0,CV003_003,1103068
30586,500,0,CV003_003,1103568
30587,236,0,CV003_003,1103804
30588,720,0,CV003_003,1104524
30589,232,0,CV003_003,1104756
30590,360,0,CV003_003,1105116
30591,776,0,CV003_003,1105892
30592,2200,0,CV003_003,1108092
30593,380,0,CV003_003,1108472
30594,1824,0,CV003_003,1110296
30595,344,0,CV003_003,1110640
30596,156,0,CV003_003,1110796
30597,684,0,CV003_003,1111480
30598,1296,0,CV003_003,1112776
30599,1984,0,CV003_003,1114760
30600,704,0,CV003_003,1115464
30601,236,0,CV003_003,1115700
30602,928,0,CV003_003,1116628
30603,916,0,CV003_003,1117544
30604,984,0,CV003_003,1118528
30605,996,0,CV003_003,1119524
30606,952,0,CV003_003,1120476
30607,940,0,CV003_003,1121416
30608,936,0,CV003_003,1122352
30609,908,0,CV003_003,1123260
30610,880,0,CV003_003,1124140
30611,908,0,CV003_003,1125048
30612,920,0,CV003_003,1125968
30613,936,0,CV003_003,1126904
30614,992,1,CV003_003,1127896
30615,916,0,CV003_003,1128812
30616,956,0,CV003_003,1129768
30617,964,0,CV003_003,1130732
30618,948,0,CV003_003,1131680
30619,956,0,CV003_003,1132636
30620,952,0,CV003_003,1133588
30621,944,0,CV003_003,1134532
30622,932,0,CV003_003,1135464
30623,964,0,CV003_003,1136428
30624,952,0,CV003_003,1137380
30625,948,0,CV003_003,1138328
30626,936,0,CV003_003,1139264
30627,960,0,CV003_003,1140224
30628,960,0,CV003_003,1141184
30629,956,0,CV003_003,1142140
30630,936,0,CV003_003,1143076
30631,952,0,CV003_003,1144028
30632,960,0,CV003_003,1144988
30633,948,0,CV003_003,1145936
30634,960,0,CV003_003,1146896
30635,948,0,CV003_003,1147844
30636,956,0,CV003_003,1148800
30637,944,0,CV003_003,1149744
30638,940,0,CV003_003,1150684
30639,952,0,CV003_003,1151636
30640,932,0,CV003_003,1152568
30641,944,0,CV003_003,1153512
30642,936,0,CV003_003,1154448
30643,928,0,CV003_003,1155376
30644,936,0,CV003_003,1156312
30645,948,0,CV003_003,1157260
30646,944,0,CV003_003,1158204
30647,948,0,CV003_003,1159152
30648,940,0,CV003_003,1160092
30649,932,0,CV003_003,1161024
30650,916,0,CV003_003,1161940
30651,944,0,CV003_003,1162884
30652,940,0,CV003_003,1163824
30653,924,0,CV003_003,1164748
30654,916,0,CV003_003,1165664
30655,928,0,CV003_003,1166592
30656,936,0,CV003_003,1167528
30657,924,0,CV003_003,1168452
30658,920,0,CV003_003,1169372
30659,916,0,CV003_003,1170288
30660,920,0,CV003_003,1171208
30661,920,0,CV003_003,1172128
30662,892,0,CV003_003,1173020
30663,908,0,CV003_003,1173928
30664,916,0,CV003_003,1174844
30665,916,0,CV003_003,1175760
30666,920,0,CV003_003,1176680
30667,924,0,CV003_003,1177604
30668,904,0,CV003_003,1178508
30669,900,0,CV003_003,1179408
30670,904,0,CV003_003,1180312
30671,904,0,CV003_003,1181216
30672,904,0,CV003_003,1182120
30673,884,0,CV003_003,1183004
30674,892,0,CV003_003,1183896
30675,892,0,CV003_003,1184788
30676,876,0,CV003_003,1185664
30677,892,0,CV003_003,1186556
30678,892,0,CV003_003,1187448
30679,872,0,CV003_003,1188320
30680,884,0,CV003_003,1189204
30681,884,0,CV003_003,1190088
30682,888,0,CV003_003,1190976
30683,896,0,CV003_003,1191872
30684,896,0,CV003_003,1192768
30685,880,0,CV003_003,1193648
30686,892,0,CV003_003,1194540
30687,892,0,CV003_003,1195432
30688,884,0,CV003_003,1196316
30689,864,0,CV003_003,1197180
30690,864,0,CV003_003,1198044
30691,840,0,CV003_003,1198884
30692,848,0,CV003_003,1199732
30693,864,0,CV003_003,1200596
30694,868,0,CV003_003,1201464
30695,888,0,CV003_003,1202352
30696,892,0,CV003_003,1203244
30697,880,0,CV003_003,1204124
30698,876,0,CV003_003,1205000
30699,904,0,CV003_003,1205904
30700,896,0,CV003_003,1206800
30701,908,0,CV003_003,1207708
30702,892,0,CV003_003,1208600
30703,900,0,CV003_003,1209500
30704,900,0,CV003_003,1210400
30705,912,0,CV003_003,1211312
30706,892,0,CV003_003,1212204
30707,896,0,CV003_003,1213100
30708,900,0,CV003_003,1214000
30709,896,0,CV003_003,1214896
30710,872,0,CV003_003,1215768
30711,880,0,CV003_003,1216648
30712,872,0,CV003_003,1217520
30713,872,0,CV003_003,1218392
30714,864,0,CV003_003,1219256
30715,876,0,CV003_003,1220132
30716,892,0,CV003_003,1221024
30717,900,0,CV003_003,1221924
30718,888,0,CV003_003,1222812
30719,892,0,CV003_003,1223704
30720,892,0,CV003_003,1224596
30721,900,0,CV003_003,1225496
30722,908,0,CV003_003,1226404
30723,896,0,CV003_003,1227300
30724,888,0,CV003_003,1228188
30725,892,0,CV003_003,1229080
30726,896,0,CV003_003,1229976
30727,884,0,CV003_003,1230860
30728,864,0,CV003_003,1231724
30729,860,0,CV003_003,1232584
30730,856,0,CV003_003,1233440
30731,848,0,CV003_003,1234288
30732,856,0,CV003_003,1235144
30733,856,0,CV003_003,1236000
30734,856,0,CV003_003,1236856
30735,852,0,CV003_003,1237708
30736,864,0,CV003_003,1238572
30737,864,0,CV003_003,1239436
30738,872,0,CV003_003,1240308
30739,868,0,CV003_003,1241176
30740,876,0,CV003_003,1242052
30741,864,0,CV003_003,1242916
30742,856,0,CV003_003,1243772
30743,852,0,CV003_003,1244624
30744,852,0,CV003_003,1245476
30745,856,0,CV003_003,1246332
30746,836,0,CV003_003,1247168
30747,840,0,CV003_003,1248008
30748,844,0,CV003_003,1248852
30749,840,0,CV003_003,1249692
30750,840,0,CV003_003,1250532
30751,832,0,CV003_003,1251364
30752,844,0,CV003_003,1252208
30753,836,0,CV003_003,1253044
30754,820,0,CV003_003,1253864
30755,808,0,CV003_003,1254672
30756,812,0,CV003_003,1255484
30757,820,0,CV003_003,1256304
30758,832,0,CV003_003,1257136
30759,828,0,CV003_003,1257964
30760,852,0,CV003_003,1258816
30761,832,0,CV003_003,1259648
30762,848,0,CV003_003,1260496
30763,848,0,CV003_003,1261344
30764,856,0,CV003_003,1262200
30765,848,0,CV003_003,1263048
30766,852,0,CV003_003,1263900
30767,856,0,CV003_003,1264756
30768,876,0,CV003_003,1265632
30769,852,0,CV003_003,1266484
30770,836,0,CV003_003,1267320
30771,848,0,CV003_003,1268168
30772,852,0,CV003_003,1269020
30773,848,0,CV003_003,1269868
30774,848,0,CV003_003,1270716
30775,856,0,CV003_003,1271572
30776,860,0,CV003_003,1272432
30777,848,0,CV003_003,1273280
30778,852,0,CV003_003,1274132
30779,844,0,CV003_003,1274976
30780,856,0,CV003_003,1275832
30781,840,0,CV003_003,1276672
30782,852,0,CV003_003,1277524
30783,872,0,CV003_003,1278396
30784,856,0,CV003_003,1279252
30785,852,0,CV003_003,1280104
30786,848,0,CV003_003,1280952
30787,852,0,CV003_003,1281804
30788,840,0,CV003_003,1282644
30789,832,0,CV003_003,1283476
30790,832,0,CV003_003,1284308
30791,848,0,CV003_003,1285156
30792,856,0,CV003_003,1286012
30793,860,0,CV003_003,1286872
30794,836,0,CV003_003,1287708
30795,848,0,CV003_003,1288556
30796,848,0,CV003_003,1289404
30797,864,0,CV003_003,1290268
30798,852,0,CV003_003,1291120
30799,872,0,CV003_003,1291992
30800,868,0,CV003_003,1292860
30801,884,0,CV003_003,1293744
30802,868,0,CV003_003,1294612
30803,872,0,CV003_003,1295484
30804,876,0,CV003_003,1296360
30805,860,0,CV003_003,1297220
30806,868,0,CV003_003,1298088
30807,860,0,CV003_003,1298948
30808,860,0,CV003_003,1299808
30809,856,0,CV003_003,1300664
30810,600,0,CV003_003,1301264
30811,244,0,CV003_003,1301508
30812,856,0,CV003_003,1302364
30813,868,0,CV003_003,1303232
30814,852,0,CV003_003,1304084
30815,856,0,CV003_003,1304940
30816,836,0,CV003_003,1305776
30817,836,0,CV003_003,1306612
30818,840,0,CV003_003,1307452
30819,832,0,CV003_003,1308284
30820,828,0,CV003_003,1309112
30821,836,0,CV003_003,1309948
30822,832,0,CV003_003,1310780
30823,836,0,CV003_003,1311616
30824,832,0,CV003_003,1312448
30825,836,0,CV003_003,1313284
30826,408,0,CV003_003,1313692
30827,168,0,CV003_003,1313860
30828,380,0,CV003_003,1314240
30829,188,0,CV003_003,1314428
30830,332,0,CV003_003,1314760
30831,156,0,CV003_003,1314916
30832,256,0,CV003_003,1315172
30833,304,0,CV003_003,1315476
30834,312,0,CV003_003,1315788
30835,80,0,CV003_003,1315868
30836,232,0,CV003_003,1316100
30837,268,0,CV003_003,1316368
30838,292,0,CV003_003,1316660
30839,372,0,CV003_003,1317032
30840,524,0,CV003_003,1317556
30841,872,0,CV003_003,1318428
30842,120,0,CV003_003,1318548
30843,264,0,CV003_003,1318812
30844,512,0,CV003_003,1319324
30845,420,0,CV003_003,1319744
30846,456,0,CV003_003,1320200
30847,2060,0,CV003_003,1322260
30848,500,0,CV003_003,1322760
30849,212,0,CV003_003,1322972
30850,192,0,CV003_003,1323164
30851,152,0,CV003_003,1323316
30852,232,0,CV003_003,1323548
30853,256,0,CV003_003,1323804
30854,396,0,CV003_003,1324200
30855,180,0,CV003_003,1324380
30856,128,0,CV003_003,1324508
30857,416,0,CV003_003,1324924
30858,404,0,CV003_003,1325328
30859,280,0,CV003_003,1325608
30860,156,0,CV003_003,1325764
30861,248,0,CV003_003,1326012
30862,384,0,CV003_003,1326396
30863,216,0,CV003_003,1326612
30864,288,0,CV003_003,1326900
30865,120,0,CV003_003,1327020
30866,272,0,CV003_003,1327292
30867,300,0,CV003_003,1327592
30868,392,0,CV003_003,1327984
30869,124,0,CV003_003,1328108
30870,484,0,CV003_003,1328592
30871,248,0,CV003_003,1328840
30872,232,0,CV003_003,1329072
30873,636,0,CV003_003,1329708
30874,884,0,CV003_003,1330592
30875,736,0,CV003_003,1331328
30876,312,0,CV003_003,1331640
30877,352,0,CV003_003,1331992
30878,280,0,CV003_003,1332272
30879,196,0,CV003_003,1332468
30880,248,0,CV003_003,1332716
30881,492,0,CV003_003,1333208
30882,76,0,CV003_003,1333284
30883,276,0,CV003_003,1333560
30884,360,0,CV003_003,1333920
30885,284,0,CV003_003,1334204
30886,392,0,CV003_003,1334596
30887,324,0,CV003_003,1334920
30888,140,0,CV003_003,1335060
30889,324,0,CV003_003,1335384
30890,180,0,CV003_003,1335564
30891,180,0,CV003_003,1335744
30892,340,0,CV003_003,1336084
30893,152,0,CV003_003,1336236
30894,232,0,CV003_003,1336468
30895,380,0,CV003_003,1336848
30896,156,0,CV003_003,1337004
30897,148,0,CV003_003,1337152
30898,320,0,CV003_003,1337472
30899,300,0,CV003_003,1337772
30900,228,0,CV003_003,1338000
30901,168,0,CV003_003,1338168
30902,276,0,CV003_003,1338444
30903,336,0,CV003_003,1338780
30904,484,0,CV003_003,1339264
30905,344,0,CV003_003,1339608
30906,168,0,CV003_003,1339776
30907,256,0,CV003_003,1340032
30908,312,0,CV003_003,1340344
30909,244,0,CV003_003,1340588
30910,220,0,CV003_003,1340808
30911,180,0,CV003_003,1340988
30912,276,0,CV003_003,1341264
30913,172,0,CV003_003,1341436
30914,1060,0,CV003_003,1342496
30915,916,0,CV003_003,1343412
30916,924,0,CV003_003,1344336
30917,628,0,CV003_004,628
30918,300,0,CV003_004,928
30919,180,0,CV003_004,1108
30920,204,0,CV003_004,1312
30921,448,0,CV003_004,1760
30922,916,0,CV003_004,2676
30923,920,0,CV003_004,3596
30924,904,0,CV003_004,4500
30925,716,0,CV003_004,5216
30926,220,0,CV003_004,5436
30927,668,0,CV003_004,6104
30928,356,0,CV003_004,6460
30929,44,0,CV003_004,6504
30930,804,0,CV003_004,7308
30931,480,0,CV003_004,7788
30932,432,0,CV003_004,8220
30933,340,0,CV003_004,8560
30934,200,0,CV003_004,8760
30935,372,0,CV003_004,9132
30936,900,0,CV003_004,10032
30937,888,0,CV003_004,10920
30938,520,0,CV003_004,11440
30939,388,0,CV003_004,11828
30940,732,0,CV003_004,12560
30941,176,0,CV003_004,12736
30942,892,0,CV003_004,13628
30943,876,0,CV003_004,14504
30944,580,0,CV003_004,15084
30945,284,0,CV003_004,15368
30946,864,0,CV003_004,16232
30947,204,0,CV003_004,16436
30948,304,0,CV003_004,16740
30949,328,0,CV003_004,17068
30950,72,0,CV003_004,17140
30951,388,0,CV003_004,17528
30952,204,0,CV003_004,17732
30953,376,0,CV003_004,18108
30954,900,0,CV003_004,19008
30955,288,0,CV003_004,19296
30956,668,0,CV003_004,19964
30957,344,0,CV003_004,20308
30958,620,0,CV003_004,20928
30959,244,0,CV003_004,21172
30960,748,0,CV003_004,21920
30961,200,0,CV003_004,22120
30962,1676,0,CV003_004,23796
30963,684,0,CV003_004,24480
30964,268,0,CV003_004,24748
30965,412,0,CV003_004,25160
30966,532,0,CV003_004,25692
30967,516,0,CV003_004,26208
30968,440,0,CV003_004,26648
30969,968,0,CV003_004,27616
30970,952,0,CV003_004,28568
30971,396,0,CV003_004,28964
30972,652,0,CV003_004,29616
30973,248,0,CV003_004,29864
30974,592,0,CV003_004,30456
30975,424,0,CV003_004,30880
30976,324,0,CV003_004,31204
30977,264,0,CV003_004,31468
30978,448,0,CV003_004,31916
30979,296,0,CV003_004,32212
30980,148,0,CV003_004,32360
30981,592,0,CV003_004,32952
30982,368,0,CV003_004,33320
30983,396,0,CV003_004,33716
30984,48,0,CV003_004,33764
30985,532,0,CV003_004,34296
30986,948,0,CV003_004,35244
30987,960,0,CV003_004,36204
30988,976,0,CV003_004,37180
30989,456,0,CV003_004,37636
30990,492,0,CV003_004,38128
30991,528,0,CV003_004,38656
30992,176,0,CV003_004,38832
30993,464,0,CV003_004,39296
30994,312,0,CV003_004,39608
30995,120,0,CV003_004,39728
30996,640,0,CV003_004,40368
30997,320,0,CV003_004,40688
30998,1828,0,CV003_004,42516
30999,328,0,CV003_004,42844
31000,284,0,CV003_004,43128
31001,32,0,CV003_004,43160
31002,4100,0,CV003_004,47260
31003,920,0,CV003_004,48180
31004,924,0,CV003_004,49104
31005,912,0,CV003_004,50016
31006,900,0,CV003_004,50916
31007,908,0,CV003_004,51824
31008,928,0,CV003_004,52752
31009,932,0,CV003_004,53684
31010,928,0,CV003_004,54612
31011,904,0,CV003_004,55516
31012,1220,0,CV003_004,56736
31013,88,0,CV003_004,56824
31014,492,0,CV003_004,57316
31015,332,0,CV003_004,57648
31016,248,0,CV003_004,57896
31017,136,0,CV003_004,58032
31018,424,0,CV003_004,58456
31019,300,0,CV003_004,58756
31020,380,0,CV003_004,59136
31021,268,0,CV003_004,59404
31022,316,0,CV003_004,59720
31023,184,0,CV003_004,59904
31024,232,0,CV003_004,60136
31025,224,0,CV003_004,60360
31026,312,0,CV003_004,60672
31027,144,0,CV003_004,60816
31028,668,0,CV003_004,61484
31029,68,0,CV003_004,61552
31030,244,0,CV003_004,61796
31031,452,0,CV003_004,62248
31032,192,0,CV003_004,62440
31033,112,0,CV003_004,62552
31034,240,0,CV003_004,62792
31035,432,0,CV003_004,63224
31036,188,0,CV003_004,63412
31037,276,0,CV003_004,63688
31038,772,0,CV003_004,64460
31039,212,0,CV003_004,64672
31040,48,0,CV003_004,64720
31041,668,0,CV003_004,65388
31042,116,0,CV003_004,65504
31043,260,0,CV003_004,65764
31044,320,0,CV003_004,66084
31045,424,0,CV003_004,66508
31046,368,0,CV003_004,66876
31047,1276,0,CV003_004,68152
31048,424,0,CV003_004,68576
31049,136,0,CV003_004,68712
31050,376,0,CV003_004,69088
31051,152,0,CV003_004,69240
31052,276,0,CV003_004,69516
31053,492,0,CV003_004,70008
31054,312,0,CV003_004,70320
31055,212,0,CV003_004,70532
31056,384,0,CV003_004,70916
31057,228,0,CV003_004,71144
31058,220,0,CV003_004,71364
31059,280,0,CV003_004,71644
31060,168,0,CV003_004,71812
31061,572,0,CV003_004,72384
31062,104,0,CV003_004,72488
31063,808,0,CV003_004,73296
31064,188,0,CV003_004,73484
31065,520,0,CV003_004,74004
31066,276,0,CV003_004,74280
31067,384,0,CV003_004,74664
31068,312,0,CV003_004,74976
31069,520,0,CV003_004,75496
31070,348,0,CV003_004,75844
31071,100,0,CV003_004,75944
31072,500,0,CV003_004,76444
31073,288,0,CV003_004,76732
31074,680,0,CV003_004,77412
31075,392,0,CV003_004,77804
31076,528,0,CV003_004,78332
31077,484,0,CV003_004,78816
31078,48,0,CV003_004,78864
31079,380,0,CV003_004,79244
31080,296,0,CV003_004,79540
31081,204,0,CV003_004,79744
31082,168,0,CV003_004,79912
31083,368,0,CV003_004,80280
31084,164,0,CV003_004,80444
31085,272,0,CV003_004,80716
31086,388,0,CV003_004,81104
31087,184,0,CV003_004,81288
31088,240,0,CV003_004,81528
31089,448,0,CV003_004,81976
31090,212,0,CV003_004,82188
31091,708,0,CV003_004,82896
31092,360,0,CV003_004,83256
31093,476,0,CV003_004,83732
31094,896,0,CV003_004,84628
31095,776,0,CV003_004,85404
31096,488,0,CV003_004,85892
31097,504,0,CV003_004,86396
31098,592,0,CV003_004,86988
31099,512,0,CV003_004,87500
31100,80,0,CV003_004,87580
31101,944,0,CV003_004,88524
31102,512,0,CV003_004,89036
31103,232,0,CV003_004,89268
31104,100,0,CV003_004,89368
31105,1016,0,CV003_004,90384
31106,140,0,CV003_004,90524
31107,388,0,CV003_004,90912
31108,412,0,CV003_004,91324
31109,692,0,CV003_004,92016
31110,244,0,CV003_004,92260
31111,648,0,CV003_004,92908
31112,288,0,CV003_004,93196
31113,928,0,CV003_004,94124
31114,200,0,CV003_004,94324
31115,740,0,CV003_004,95064
31116,900,0,CV003_004,95964
31117,872,0,CV003_004,96836
31118,888,0,CV003_004,97724
31119,912,0,CV003_004,98636
31120,920,0,CV003_004,99556
31121,956,0,CV003_004,100512
31122,872,0,CV003_004,101384
31123,644,0,CV003_004,102028
31124,1204,0,CV003_004,103232
31125,912,0,CV003_004,104144
31126,920,0,CV003_004,105064
31127,928,0,CV003_004,105992
31128,908,0,CV003_004,106900
31129,944,0,CV003_004,107844
31130,924,0,CV003_004,108768
31131,936,0,CV003_004,109704
31132,936,0,CV003_004,110640
31133,916,0,CV003_004,111556
31134,932,0,CV003_004,112488
31135,928,0,CV003_004,113416
31136,924,0,CV003_004,114340
31137,900,0,CV003_004,115240
31138,876,0,CV003_004,116116
31139,972,0,CV003_004,117088
31140,912,0,CV003_004,118000
31141,908,0,CV003_004,118908
31142,912,0,CV003_004,119820
31143,916,0,CV003_004,120736
31144,908,0,CV003_004,121644
31145,900,0,CV003_004,122544
31146,888,0,CV003_004,123432
31147,900,0,CV003_004,124332
31148,896,0,CV003_004,125228
31149,904,0,CV003_004,126132
31150,912,0,CV003_004,127044
31151,896,0,CV003_004,127940
31152,584,0,CV003_004,128524
31153,316,0,CV003_004,128840
31154,216,0,CV003_004,129056
31155,680,0,CV003_004,129736
31156,460,0,CV003_004,130196
31157,28,0,CV003_004,130224
31158,400,0,CV003_004,130624
31159,772,0,CV003_004,131396
31160,136,0,CV003_004,131532
31161,748,0,CV003_004,132280
31162,164,0,CV003_004,132444
31163,796,0,CV003_004,133240
31164,592,0,CV003_004,133832
31165,412,0,CV003_004,134244
31166,908,0,CV003_004,135152
31167,920,0,CV003_004,136072
31168,896,0,CV003_004,136968
31169,904,0,CV003_004,137872
31170,908,0,CV003_004,138780
31171,904,0,CV003_004,139684
31172,388,0,CV003_004,140072
31173,112,0,CV003_004,140184
31174,376,0,CV003_004,140560
31175,868,0,CV003_004,141428
31176,924,0,CV003_004,142352
31177,896,0,CV003_004,143248
31178,892,0,CV003_004,144140
31179,892,0,CV003_004,145032
31180,272,0,CV003_004,145304
31181,628,0,CV003_004,145932
31182,892,0,CV003_004,146824
31183,896,0,CV003_004,147720
31184,888,0,CV003_004,148608
31185,1096,0,CV003_004,149704
31186,740,0,CV003_004,150444
31187,408,0,CV003_004,150852
31188,260,0,CV003_004,151112
31189,164,0,CV003_004,151276
31190,888,0,CV003_004,152164
31191,900,0,CV003_004,153064
31192,876,0,CV003_004,153940
31193,900,0,CV003_004,154840
31194,908,0,CV003_004,155748
31195,892,0,CV003_004,156640
31196,888,0,CV003_004,157528
31197,880,0,CV003_004,158408
31198,896,0,CV003_004,159304
31199,420,0,CV003_004,159724
31200,472,0,CV003_004,160196
31201,904,0,CV003_004,161100
31202,892,0,CV003_004,161992
31203,880,0,CV003_004,162872
31204,1032,0,CV003_004,163904
31205,228,0,CV003_004,164132
31206,540,0,CV003_004,164672
31207,908,0,CV003_004,165580
31208,684,0,CV003_004,166264
31209,196,0,CV003_004,166460
31210,896,0,CV003_004,167356
31211,960,0,CV003_004,168316
31212,904,0,CV003_004,169220
31213,564,0,CV003_004,169784
31214,104,0,CV003_004,169888
31215,1080,0,CV003_004,170968
31216,608,0,CV003_004,171576
31217,268,0,CV003_004,171844
31218,28,0,CV003_004,171872
31219,296,0,CV003_004,172168
31220,232,0,CV003_004,172400
31221,420,0,CV003_004,172820
31222,232,0,CV003_004,173052
31223,624,0,CV003_004,173676
31224,760,0,CV003_004,174436
31225,144,0,CV003_004,174580
31226,956,0,CV003_004,175536
31227,860,0,CV003_004,176396
31228,916,0,CV003_004,177312
31229,352,0,CV003_004,177664
31230,548,0,CV003_004,178212
31231,904,0,CV003_004,179116
31232,896,0,CV003_004,180012
31233,644,0,CV003_004,180656
31234,300,0,CV003_004,180956
31235,844,0,CV003_004,181800
31236,700,0,CV003_004,182500
31237,200,0,CV003_004,182700
31238,308,0,CV003_004,183008
31239,152,0,CV003_004,183160
31240,140,0,CV003_004,183300
31241,1128,0,CV003_004,184428
31242,980,0,CV003_004,185408
31243,912,0,CV003_004,186320
31244,704,0,CV003_004,187024
31245,240,0,CV003_004,187264
31246,312,0,CV003_004,187576
31247,540,0,CV003_004,188116
31248,896,0,CV003_004,189012
31249,904,0,CV003_004,189916
31250,904,0,CV003_004,190820
31251,364,0,CV003_004,191184
31252,24,0,CV003_004,191208
31253,328,0,CV003_004,191536
31254,228,0,CV003_004,191764
31255,316,0,CV003_004,192080
31256,148,0,CV003_004,192228
31257,404,0,CV003_004,192632
31258,916,0,CV003_004,193548
31259,892,0,CV003_004,194440
31260,444,0,CV003_004,194884
31261,200,0,CV003_004,195084
31262,244,0,CV003_004,195328
31263,912,0,CV003_004,196240
31264,916,0,CV003_004,197156
31265,904,0,CV003_004,198060
31266,920,0,CV003_004,198980
31267,920,0,CV003_004,199900
31268,916,0,CV003_004,200816
31269,920,0,CV003_004,201736
31270,368,0,CV003_004,202104
31271,540,0,CV003_004,202644
31272,232,0,CV003_004,202876
31273,380,0,CV003_004,203256
31274,320,0,CV003_004,203576
31275,976,0,CV003_004,204552
31276,880,0,CV003_004,205432
31277,1108,0,CV003_004,206540
31278,76,0,CV003_004,206616
31279,396,0,CV003_004,207012
31280,300,0,CV003_004,207312
31281,880,0,CV003_004,208192
31282,924,0,CV003_004,209116
31283,924,0,CV003_004,210040
31284,892,0,CV003_004,210932
31285,872,0,CV003_004,211804
31286,892,0,CV003_004,212696
31287,912,0,CV003_004,213608
31288,924,0,CV003_004,214532
31289,940,0,CV003_004,215472
31290,948,0,CV003_004,216420
31291,1000,0,CV003_004,217420
31292,920,0,CV003_004,218340
31293,948,0,CV003_004,219288
31294,940,0,CV003_004,220228
31295,364,0,CV003_004,220592
31296,596,0,CV003_004,221188
31297,948,0,CV003_004,222136
31298,924,0,CV003_004,223060
31299,644,0,CV003_004,223704
31300,284,0,CV003_004,223988
31301,928,0,CV003_004,224916
31302,936,0,CV003_004,225852
31303,944,0,CV003_004,226796
31304,384,0,CV003_004,227180
31305,48,0,CV003_004,227228
31306,508,0,CV003_004,227736
31307,920,0,CV003_004,228656
31308,936,0,CV003_004,229592
31309,944,0,CV003_004,230536
31310,948,0,CV003_004,231484
31311,940,0,CV003_004,232424
31312,940,0,CV003_004,233364
31313,940,0,CV003_004,234304
31314,920,0,CV003_004,235224
31315,384,0,CV003_004,235608
31316,48,0,CV003_004,235656
31317,420,0,CV003_004,236076
31318,84,0,CV003_004,236160
31319,936,0,CV003_004,237096
31320,940,0,CV003_004,238036
31321,940,0,CV003_004,238976
31322,956,0,CV003_004,239932
31323,928,0,CV003_004,240860
31324,684,0,CV003_004,241544
31325,244,0,CV003_004,241788
31326,36,0,CV003_004,241824
31327,260,0,CV003_004,242084
31328,404,0,CV003_004,242488
31329,248,0,CV003_004,242736
31330,548,0,CV003_004,243284
31331,328,0,CV003_004,243612
31332,676,0,CV003_004,244288
31333,1264,0,CV003_004,245552
31334,932,0,CV003_004,246484
31335,776,0,CV003_004,247260
31336,148,0,CV003_004,247408
31337,284,0,CV003_004,247692
31338,156,0,CV003_004,247848
31339,496,0,CV003_004,248344
31340,340,0,CV003_004,248684
31341,316,0,CV003_004,249000
31342,236,0,CV003_004,249236
31343,980,0,CV003_004,250216
31344,928,0,CV003_004,251144
31345,232,0,CV003_004,251376
31346,104,0,CV003_004,251480
31347,516,0,CV003_004,251996
31348,624,0,CV003_004,252620
31349,308,0,CV003_004,252928
31350,76,0,CV003_004,253004
31351,408,0,CV003_004,253412
31352,176,0,CV003_004,253588
31353,408,0,CV003_004,253996
31354,292,0,CV003_004,254288
31355,612,0,CV003_004,254900
31356,944,0,CV003_004,255844
31357,704,0,CV003_004,256548
31358,164,0,CV003_004,256712
31359,296,0,CV003_004,257008
31360,180,0,CV003_004,257188
31361,300,0,CV003_004,257488
31362,232,0,CV003_004,257720
31363,440,0,CV003_004,258160
31364,500,0,CV003_004,258660
31365,944,0,CV003_004,259604
31366,952,0,CV003_004,260556
31367,936,0,CV003_004,261492
31368,228,0,CV003_004,261720
31369,716,0,CV003_004,262436
31370,492,0,CV003_004,262928
31371,452,0,CV003_004,263380
31372,344,0,CV003_004,263724
31373,604,0,CV003_004,264328
31374,240,0,CV003_004,264568
31375,684,0,CV003_004,265252
31376,544,0,CV003_004,265796
31377,188,0,CV003_004,265984
31378,208,0,CV003_004,266192
31379,368,0,CV003_004,266560
31380,104,0,CV003_004,266664
31381,268,0,CV003_004,266932
31382,200,0,CV003_004,267132
31383,924,0,CV003_004,268056
31384,348,0,CV003_004,268404
31385,352,0,CV003_004,268756
31386,212,0,CV003_004,268968
31387,612,0,CV003_004,269580
31388,36,0,CV003_004,269616
31389,316,0,CV003_004,269932
31390,160,0,CV003_004,270092
31391,316,0,CV003_004,270408
31392,272,0,CV003_004,270680
31393,252,0,CV003_004,270932
31394,220,0,CV003_004,271152
31395,560,0,CV003_004,271712
31396,2776,0,CV003_004,274488
31397,908,0,CV003_004,275396
31398,908,0,CV003_004,276304
31399,760,0,CV003_004,277064
31400,528,0,CV003_004,277592
31401,472,0,CV003_004,278064
31402,248,0,CV003_004,278312
31403,408,0,CV003_004,278720
31404,264,0,CV003_004,278984
31405,936,0,CV003_004,279920
31406,928,0,CV003_004,280848
31407,940,0,CV003_004,281788
31408,932,0,CV003_004,282720
31409,924,0,CV003_004,283644
31410,424,0,CV003_004,284068
31411,1448,0,CV003_004,285516
31412,3664,0,CV003_004,289180
31413,908,0,CV003_004,290088
31414,316,0,CV003_004,290404
31415,616,0,CV003_004,291020
31416,932,0,CV003_004,291952
31417,916,0,CV003_004,292868
31418,912,0,CV003_004,293780
31419,896,0,CV003_004,294676
31420,296,0,CV003_004,294972
31421,612,0,CV003_004,295584
31422,908,0,CV003_004,296492
31423,912,0,CV003_004,297404
31424,920,0,CV003_004,298324
31425,612,0,CV003_004,298936
31426,288,0,CV003_004,299224
31427,912,0,CV003_004,300136
31428,916,0,CV003_004,301052
31429,928,0,CV003_004,301980
31430,924,0,CV003_004,302904
31431,916,0,CV003_004,303820
31432,968,0,CV003_004,304788
31433,880,0,CV003_004,305668
31434,956,0,CV003_004,306624
31435,1764,0,CV003_004,308388
31436,256,0,CV003_004,308644
31437,644,0,CV003_004,309288
31438,876,0,CV003_004,310164
31439,856,0,CV003_004,311020
31440,872,0,CV003_004,311892
31441,880,0,CV003_004,312772
31442,880,0,CV003_004,313652
31443,948,1,CV003_004,314600
31444,860,0,CV003_004,315460
31445,924,0,CV003_004,316384
31446,916,0,CV003_004,317300
31447,928,0,CV003_004,318228
31448,924,0,CV003_004,319152
31449,924,0,CV003_004,320076
31450,932,0,CV003_004,321008
31451,928,0,CV003_004,321936
31452,908,0,CV003_004,322844
31453,928,0,CV003_004,323772
31454,928,0,CV003_004,324700
31455,928,0,CV003_004,325628
31456,508,0,CV003_004,326136
31457,400,0,CV003_004,326536
31458,72,0,CV003_004,326608
31459,588,0,CV003_004,327196
31460,260,0,CV003_004,327456
31461,920,0,CV003_004,328376
31462,932,0,CV003_004,329308
31463,660,0,CV003_004,329968
31464,256,0,CV003_004,330224
31465,760,0,CV003_004,330984
31466,160,0,CV003_004,331144
31467,924,0,CV003_004,332068
31468,928,0,CV003_004,332996
31469,920,0,CV003_004,333916
31470,348,0,CV003_004,334264
31471,16,0,CV003_004,334280
31472,260,0,CV003_004,334540
31473,288,0,CV003_004,334828
31474,928,0,CV003_004,335756
31475,928,0,CV003_004,336684
31476,976,1,CV003_004,337660
31477,880,0,CV003_004,338540
31478,916,0,CV003_004,339456
31479,924,0,CV003_004,340380
31480,364,0,CV003_004,340744
31481,568,0,CV003_004,341312
31482,928,0,CV003_004,342240
31483,920,0,CV003_004,343160
31484,912,0,CV003_004,344072
31485,932,0,CV003_004,345004
31486,900,0,CV003_004,345904
31487,908,0,CV003_004,346812
31488,912,0,CV003_004,347724
31489,416,0,CV003_004,348140
31490,484,0,CV003_004,348624
31491,912,0,CV003_004,349536
31492,924,0,CV003_004,350460
31493,912,0,CV003_004,351372
31494,320,0,CV003_004,351692
31495,576,0,CV003_004,352268
31496,912,0,CV003_004,353180
31497,912,0,CV003_004,354092
31498,908,0,CV003_004,355000
31499,284,0,CV003_004,355284
31500,312,0,CV003_004,355596
31501,348,0,CV003_004,355944
31502,392,0,CV003_004,356336
31503,84,0,CV003_004,356420
31504,384,0,CV003_004,356804
31505,912,0,CV003_004,357716
31506,908,0,CV003_004,358624
31507,872,0,CV003_004,359496
31508,932,0,CV003_004,360428
31509,904,0,CV003_004,361332
31510,896,0,CV003_004,362228
31511,908,0,CV003_004,363136
31512,888,0,CV003_004,364024
31513,908,0,CV003_004,364932
31514,912,0,CV003_004,365844
31515,900,0,CV003_004,366744
31516,892,0,CV003_004,367636
31517,900,0,CV003_004,368536
31518,896,0,CV003_004,369432
31519,896,0,CV003_004,370328
31520,900,0,CV003_004,371228
31521,880,0,CV003_004,372108
31522,888,0,CV003_004,372996
31523,896,0,CV003_004,373892
31524,896,0,CV003_004,374788
31525,888,0,CV003_004,375676
31526,880,0,CV003_004,376556
31527,896,0,CV003_004,377452
31528,892,0,CV003_004,378344
31529,892,0,CV003_004,379236
31530,888,0,CV003_004,380124
31531,900,0,CV003_004,381024
31532,896,0,CV003_004,381920
31533,888,0,CV003_004,382808
31534,892,0,CV003_004,383700
31535,1784,0,CV003_004,385484
31536,896,0,CV003_004,386380
31537,904,0,CV003_004,387284
31538,880,0,CV003_004,388164
31539,324,0,CV003_004,388488
31540,144,0,CV003_004,388632
31541,428,0,CV003_004,389060
31542,912,0,CV003_004,389972
31543,904,0,CV003_004,390876
31544,884,0,CV003_004,391760
31545,896,0,CV003_004,392656
31546,904,0,CV003_004,393560
31547,892,0,CV003_004,394452
31548,892,0,CV003_004,395344
31549,896,0,CV003_004,396240
31550,896,0,CV003_004,397136
31551,888,0,CV003_004,398024
31552,888,0,CV003_004,398912
31553,956,0,CV003_004,399868
31554,640,0,CV003_004,400508
31555,208,0,CV003_004,400716
31556,956,0,CV003_004,401672
31557,868,0,CV003_004,402540
31558,908,0,CV003_004,403448
31559,912,0,CV003_004,404360
31560,912,0,CV003_004,405272
31561,952,1,CV003_004,406224
31562,860,0,CV003_004,407084
31563,916,0,CV003_004,408000
31564,916,0,CV003_004,408916
31565,928,0,CV003_004,409844
31566,284,0,CV003_004,410128
31567,148,0,CV003_004,410276
31568,644,0,CV003_004,410920
31569,240,0,CV003_004,411160
31570,456,0,CV003_004,411616
31571,120,0,CV003_004,411736
31572,372,0,CV003_004,412108
31573,240,0,CV003_004,412348
31574,192,0,CV003_004,412540
31575,240,0,CV003_004,412780
31576,580,0,CV003_004,413360
31577,160,0,CV003_004,413520
31578,1300,0,CV003_004,414820
31579,532,0,CV003_004,415352
31580,128,0,CV003_004,415480
31581,616,0,CV003_004,416096
31582,192,0,CV003_004,416288
31583,240,0,CV003_004,416528
31584,516,0,CV003_004,417044
31585,480,0,CV003_004,417524
31586,152,0,CV003_004,417676
31587,300,0,CV003_004,417976
31588,384,0,CV003_004,418360
31589,44,0,CV003_004,418404
31590,440,0,CV003_004,418844
31591,424,0,CV003_004,419268
31592,476,0,CV003_004,419744
31593,504,0,CV003_004,420248
31594,332,0,CV003_004,420580
31595,52,0,CV003_004,420632
31596,464,0,CV003_004,421096
31597,856,0,CV003_004,421952
31598,896,0,CV003_004,422848
31599,904,0,CV003_004,423752
31600,192,0,CV003_004,423944
31601,276,0,CV003_004,424220
31602,560,0,CV003_004,424780
31603,376,0,CV003_004,425156
31604,628,0,CV003_004,425784
31605,688,0,CV003_004,426472
31606,848,0,CV003_004,427320
31607,912,0,CV003_004,428232
31608,908,0,CV003_004,429140
31609,840,0,CV003_004,429980
31610,120,0,CV003_004,430100
31611,1132,0,CV003_004,431232
31612,28,0,CV003_004,431260
31613,664,0,CV003_004,431924
31614,1792,0,CV003_004,433716
31615,444,0,CV003_004,434160
31616,540,0,CV003_004,434700
31617,888,0,CV003_004,435588
31618,944,0,CV003_004,436532
31619,956,0,CV003_004,437488
31620,940,0,CV003_004,438428
31621,940,0,CV003_004,439368
31622,936,0,CV003_004,440304
31623,292,0,CV003_004,440596
31624,116,0,CV003_004,440712
31625,236,0,CV003_004,440948
31626,1224,0,CV003_004,442172
31627,308,0,CV003_004,442480
31628,304,0,CV003_004,442784
31629,360,0,CV003_004,443144
31630,240,0,CV003_004,443384
31631,376,0,CV003_004,443760
31632,272,0,CV003_004,444032
31633,964,0,CV003_004,444996
31634,388,0,CV003_004,445384
31635,212,0,CV003_004,445596
31636,276,0,CV003_004,445872
31637,516,0,CV003_004,446388
31638,236,0,CV003_004,446624
31639,100,0,CV003_004,446724
31640,212,0,CV003_004,446936
31641,772,0,CV003_004,447708
31642,976,0,CV003_004,448684
31643,884,0,CV003_004,449568
31644,980,0,CV003_004,450548
31645,884,0,CV003_004,451432
31646,936,0,CV003_004,452368
31647,916,0,CV003_004,453284
31648,988,0,CV003_004,454272
31649,872,0,CV003_004,455144
31650,864,0,CV003_004,456008
31651,256,0,CV003_004,456264
31652,760,0,CV003_004,457024
31653,848,0,CV003_004,457872
31654,200,0,CV003_004,458072
31655,668,0,CV003_004,458740
31656,368,0,CV003_004,459108
31657,184,0,CV003_004,459292
31658,304,0,CV003_004,459596
31659,868,0,CV003_004,460464
31660,876,0,CV003_004,461340
31661,884,0,CV003_004,462224
31662,56,0,CV003_004,462280
31663,776,0,CV003_004,463056
31664,668,0,CV003_004,463724
31665,56,0,CV003_004,463780
31666,316,0,CV003_004,464096
31667,816,0,CV003_004,464912
31668,960,0,CV003_004,465872
31669,444,0,CV003_004,466316
31670,208,0,CV003_004,466524
31671,372,0,CV003_004,466896
31672,720,0,CV003_004,467616
31673,1112,0,CV003_004,468728
31674,768,0,CV003_004,469496
31675,920,0,CV003_004,470416
31676,904,0,CV003_004,471320
31677,904,0,CV003_004,472224
31678,844,0,CV003_004,473068
31679,456,0,CV003_004,473524
31680,200,0,CV003_004,473724
31681,240,0,CV003_004,473964
31682,244,0,CV003_004,474208
31683,632,0,CV003_004,474840
31684,548,0,CV003_004,475388
31685,52,0,CV003_004,475440
31686,280,0,CV003_004,475720
31687,320,0,CV003_004,476040
31688,560,0,CV003_004,476600
31689,96,0,CV003_004,476696
31690,788,0,CV003_004,477484
31691,904,0,CV003_004,478388
31692,128,0,CV003_004,478516
31693,748,0,CV003_004,479264
31694,888,0,CV003_004,480152
31695,456,0,CV003_004,480608
31696,428,0,CV003_004,481036
31697,892,0,CV003_004,481928
31698,804,0,CV003_004,482732
31699,260,0,CV003_004,482992
31700,276,0,CV003_004,483268
31701,1580,0,CV003_004,484848
31702,592,0,CV003_004,485440
31703,864,0,CV003_004,486304
31704,640,0,CV003_004,486944
31705,228,0,CV003_004,487172
31706,744,0,CV003_004,487916
31707,980,0,CV003_004,488896
31708,872,0,CV003_004,489768
31709,696,0,CV003_004,490464
31710,1040,0,CV003_004,491504
31711,856,0,CV003_004,492360
31712,864,0,CV003_004,493224
31713,852,0,CV003_004,494076
31714,860,0,CV003_004,494936
31715,848,0,CV003_004,495784
31716,908,1,CV003_004,496692
31717,808,0,CV003_004,497500
31718,860,0,CV003_004,498360
31719,856,0,CV003_004,499216
31720,848,0,CV003_004,500064
31721,900,1,CV003_004,500964
31722,800,0,CV003_004,501764
31723,856,0,CV003_004,502620
31724,844,0,CV003_004,503464
31725,852,0,CV003_004,504316
31726,840,0,CV003_004,505156
31727,848,0,CV003_004,506004
31728,852,0,CV003_004,506856
31729,852,0,CV003_004,507708
31730,848,0,CV003_004,508556
31731,836,0,CV003_004,509392
31732,852,0,CV003_004,510244
31733,840,0,CV003_004,511084
31734,844,0,CV003_004,511928
31735,852,0,CV003_004,512780
31736,836,0,CV003_004,513616
31737,860,0,CV003_004,514476
31738,848,0,CV003_004,515324
31739,744,0,CV003_004,516068
31740,96,0,CV003_004,516164
31741,492,0,CV003_004,516656
31742,344,0,CV003_004,517000
31743,840,0,CV003_004,517840
31744,884,0,CV003_004,518724
31745,792,0,CV003_004,519516
31746,752,0,CV003_004,520268
31747,48,0,CV003_004,520316
31748,884,0,CV003_004,521200
31749,828,0,CV003_004,522028
31750,396,0,CV003_004,522424
31751,496,0,CV003_004,522920
31752,788,0,CV003_004,523708
31753,408,0,CV003_004,524116
31754,300,0,CV003_004,524416
31755,140,0,CV003_004,524556
31756,884,0,CV003_004,525440
31757,788,0,CV003_004,526228
31758,572,0,CV003_004,526800
31759,320,0,CV003_004,527120
31760,792,0,CV003_004,527912
31761,532,0,CV003_004,528444
31762,316,0,CV003_004,528760
31763,876,0,CV003_004,529636
31764,848,0,CV003_004,530484
31765,796,0,CV003_004,531280
31766,856,0,CV003_004,532136
31767,288,0,CV003_004,532424
31768,208,0,CV003_004,532632
31769,344,0,CV003_004,532976
31770,840,0,CV003_004,533816
31771,904,0,CV003_004,534720
31772,808,0,CV003_004,535528
31773,848,0,CV003_004,536376
31774,844,0,CV003_004,537220
31775,852,0,CV003_004,538072
31776,304,0,CV003_004,538376
31777,552,0,CV003_004,538928
31778,860,0,CV003_004,539788
31779,608,0,CV003_004,540396
31780,252,0,CV003_004,540648
31781,292,0,CV003_004,540940
31782,564,0,CV003_004,541504
31783,580,0,CV003_004,542084
31784,256,0,CV003_004,542340
31785,568,0,CV003_004,542908
31786,304,0,CV003_004,543212
31787,860,0,CV003_004,544072
31788,876,0,CV003_004,544948
31789,880,0,CV003_004,545828
31790,872,0,CV003_004,546700
31791,632,0,CV003_004,547332
31792,228,0,CV003_004,547560
31793,872,0,CV003_004,548432
31794,864,0,CV003_004,549296
31795,864,0,CV003_004,550160
31796,916,0,CV003_004,551076
31797,804,0,CV003_004,551880
31798,400,0,CV003_004,552280
31799,140,0,CV003_004,552420
31800,320,0,CV003_004,552740
31801,856,0,CV003_004,553596
31802,844,0,CV003_004,554440
31803,840,0,CV003_004,555280
31804,820,0,CV003_004,556100
31805,844,0,CV003_004,556944
31806,860,0,CV003_004,557804
31807,912,1,CV003_004,558716
31808,820,0,CV003_004,559536
31809,884,0,CV003_004,560420
31810,884,0,CV003_004,561304
31811,892,0,CV003_004,562196
31812,896,0,CV003_004,563092
31813,896,0,CV003_004,563988
31814,884,0,CV003_004,564872
31815,904,0,CV003_004,565776
31816,1384,0,CV003_004,567160
31817,424,0,CV003_004,567584
31818,444,0,CV003_004,568028
31819,492,0,CV003_004,568520
31820,156,0,CV003_004,568676
31821,732,0,CV003_004,569408
31822,232,0,CV003_004,569640
31823,632,0,CV003_004,570272
31824,244,0,CV003_004,570516
31825,648,0,CV003_004,571164
31826,904,0,CV003_004,572068
31827,488,0,CV003_004,572556
31828,208,0,CV003_004,572764
31829,208,0,CV003_004,572972
31830,800,0,CV003_004,573772
31831,804,0,CV003_004,574576
31832,120,0,CV003_004,574696
31833,276,0,CV003_004,574972
31834,160,0,CV003_004,575132
31835,516,0,CV003_004,575648
31836,940,0,CV003_004,576588
31837,920,0,CV003_004,577508
31838,584,0,CV003_004,578092
31839,292,0,CV003_004,578384
31840,604,0,CV003_004,578988
31841,240,0,CV003_004,579228
31842,1080,0,CV003_004,580308
31843,36,0,CV003_004,580344
31844,852,0,CV003_004,581196
31845,172,0,CV003_004,581368
31846,604,0,CV003_004,581972
31847,128,0,CV003_004,582100
31848,496,0,CV003_004,582596
31849,224,0,CV003_004,582820
31850,840,0,CV003_004,583660
31851,228,0,CV003_004,583888
31852,400,0,CV003_004,584288
31853,316,0,CV003_004,584604
31854,888,0,CV003_004,585492
31855,188,0,CV003_004,585680
31856,664,0,CV003_004,586344
31857,684,0,CV003_004,587028
31858,256,0,CV003_004,587284
31859,872,0,CV003_004,588156
31860,120,0,CV003_004,588276
31861,340,0,CV003_004,588616
31862,652,0,CV003_004,589268
31863,704,0,CV003_004,589972
31864,52,0,CV003_004,590024
31865,692,0,CV003_004,590716
31866,172,0,CV003_004,590888
31867,480,0,CV003_004,591368
31868,416,0,CV003_004,591784
31869,664,0,CV003_004,592448
31870,212,0,CV003_004,592660
31871,68,0,CV003_004,592728
31872,684,0,CV003_004,593412
31873,188,0,CV003_004,593600
31874,364,0,CV003_004,593964
31875,264,0,CV003_004,594228
31876,280,0,CV003_004,594508
31877,880,0,CV003_004,595388
31878,184,0,CV003_004,595572
31879,772,0,CV003_004,596344
31880,908,0,CV003_004,597252
31881,924,0,CV003_004,598176
31882,904,0,CV003_004,599080
31883,924,0,CV003_004,600004
31884,916,0,CV003_004,600920
31885,904,0,CV003_004,601824
31886,920,0,CV003_004,602744
31887,920,0,CV003_004,603664
31888,928,0,CV003_004,604592
31889,968,0,CV003_004,605560
31890,924,0,CV003_004,606484
31891,864,0,CV003_004,607348
31892,908,0,CV003_004,608256
31893,920,0,CV003_004,609176
31894,912,0,CV003_004,610088
31895,904,0,CV003_004,610992
31896,908,0,CV003_004,611900
31897,896,0,CV003_004,612796
31898,956,1,CV003_004,613752
31899,860,0,CV003_004,614612
31900,900,0,CV003_004,615512
31901,904,0,CV003_004,616416
31902,912,0,CV003_004,617328
31903,912,0,CV003_004,618240
31904,896,0,CV003_004,619136
31905,888,0,CV003_004,620024
31906,904,0,CV003_004,620928
31907,896,0,CV003_004,621824
31908,952,0,CV003_004,622776
31909,852,0,CV003_004,623628
31910,880,0,CV003_004,624508
31911,936,0,CV003_004,625444
31912,840,0,CV003_004,626284
31913,888,0,CV003_004,627172
31914,880,0,CV003_004,628052
31915,880,0,CV003_004,628932
31916,884,0,CV003_004,629816
31917,940,1,CV003_004,630756
31918,844,0,CV003_004,631600
31919,892,0,CV003_004,632492
31920,916,0,CV003_004,633408
31921,844,0,CV003_004,634252
31922,880,0,CV003_004,635132
31923,880,0,CV003_004,636012
31924,936,1,CV003_004,636948
31925,832,0,CV003_004,637780
31926,884,0,CV003_004,638664
31927,880,0,CV003_004,639544
31928,876,0,CV003_004,640420
31929,880,0,CV003_004,641300
31930,872,0,CV003_004,642172
31931,868,0,CV003_004,643040
31932,292,0,CV003_004,643332
31933,596,0,CV003_004,643928
31934,896,0,CV003_004,644824
31935,876,0,CV003_004,645700
31936,872,0,CV003_004,646572
31937,864,0,CV003_004,647436
31938,528,0,CV003_004,647964
31939,352,0,CV003_004,648316
31940,260,0,CV003_004,648576
31941,612,0,CV003_004,649188
31942,528,0,CV003_004,649716
31943,92,0,CV003_004,649808
31944,324,0,CV003_004,650132
31945,868,0,CV003_004,651000
31946,128,0,CV003_004,651128
31947,688,0,CV003_004,651816
31948,536,0,CV003_004,652352
31949,792,0,CV003_004,653144
31950,180,0,CV003_004,653324
31951,384,0,CV003_004,653708
31952,100,0,CV003_004,653808
31953,1560,0,CV003_004,655368
31954,856,0,CV003_004,656224
31955,800,0,CV003_004,657024
31956,876,0,CV003_004,657900
31957,924,0,CV003_004,658824
31958,956,0,CV003_004,659780
31959,852,0,CV003_004,660632
31960,900,0,CV003_004,661532
31961,896,0,CV003_004,662428
31962,944,1,CV003_004,663372
31963,828,0,CV003_004,664200
31964,884,0,CV003_004,665084
31965,884,0,CV003_004,665968
31966,876,0,CV003_004,666844
31967,848,0,CV003_004,667692
31968,832,0,CV003_004,668524
31969,836,0,CV003_004,669360
31970,872,0,CV003_004,670232
31971,880,0,CV003_004,671112
31972,880,0,CV003_004,671992
31973,900,0,CV003_004,672892
31974,912,0,CV003_004,673804
31975,904,0,CV003_004,674708
31976,932,0,CV003_004,675640
31977,912,0,CV003_004,676552
31978,908,0,CV003_004,677460
31979,920,0,CV003_004,678380
31980,952,0,CV003_004,679332
31981,844,0,CV003_004,680176
31982,964,0,CV003_004,681140
31983,844,0,CV003_004,681984
31984,912,0,CV003_004,682896
31985,944,0,CV003_004,683840
31986,864,0,CV003_004,684704
31987,924,0,CV003_004,685628
31988,904,0,CV003_004,686532
31989,908,0,CV003_004,687440
31990,916,0,CV003_004,688356
31991,956,1,CV003_004,689312
31992,856,0,CV003_004,690168
31993,904,0,CV003_004,691072
31994,912,0,CV003_004,691984
31995,908,0,CV003_004,692892
31996,936,0,CV003_004,693828
31997,852,0,CV003_004,694680
31998,908,0,CV003_004,695588
31999,892,0,CV003_004,696480
32000,900,0,CV003_004,697380
32001,896,0,CV003_004,698276
32002,908,0,CV003_004,699184
32003,956,1,CV003_004,700140
32004,848,0,CV003_004,700988
32005,908,0,CV003_004,701896
32006,916,0,CV003_004,702812
32007,900,0,CV003_004,703712
32008,892,0,CV003_004,704604
32009,896,0,CV003_004,705500
32010,912,0,CV003_004,706412
32011,912,0,CV003_004,707324
32012,948,1,CV003_004,708272
32013,856,0,CV003_004,709128
32014,896,0,CV003_004,710024
32015,916,0,CV003_004,710940
32016,908,0,CV003_004,711848
32017,972,1,CV003_004,712820
32018,860,0,CV003_004,713680
32019,928,0,CV003_004,714608
32020,916,0,CV003_004,715524
32021,904,0,CV003_004,716428
32022,908,0,CV003_004,717336
32023,908,0,CV003_004,718244
32024,920,0,CV003_004,719164
32025,896,0,CV003_004,720060
32026,908,0,CV003_004,720968
32027,920,0,CV003_004,721888
32028,916,0,CV003_004,722804
32029,900,0,CV003_004,723704
32030,896,0,CV003_004,724600
32031,884,0,CV003_004,725484
32032,900,0,CV003_004,726384
32033,900,0,CV003_004,727284
32034,908,0,CV003_004,728192
32035,908,0,CV003_004,729100
32036,892,0,CV003_004,729992
32037,900,0,CV003_004,730892
32038,952,1,CV003_004,731844
32039,852,0,CV003_004,732696
32040,888,0,CV003_004,733584
32041,896,0,CV003_004,734480
32042,904,0,CV003_004,735384
32043,900,0,CV003_004,736284
32044,912,0,CV003_004,737196
32045,912,0,CV003_004,738108
32046,908,0,CV003_004,739016
32047,904,0,CV003_004,739920
32048,916,0,CV003_004,740836
32049,916,0,CV003_004,741752
32050,972,1,CV003_004,742724
32051,856,0,CV003_004,743580
32052,908,0,CV003_004,744488
32053,904,0,CV003_004,745392
32054,908,0,CV003_004,746300
32055,912,0,CV003_004,747212
32056,908,0,CV003_004,748120
32057,904,0,CV003_004,749024
32058,888,0,CV003_004,749912
32059,920,0,CV003_004,750832
32060,912,0,CV003_004,751744
32061,924,0,CV003_004,752668
32062,892,0,CV003_004,753560
32063,916,0,CV003_004,754476
32064,908,0,CV003_004,755384
32065,960,1,CV003_004,756344
32066,860,0,CV003_004,757204
32067,892,0,CV003_004,758096
32068,912,0,CV003_004,759008
32069,908,0,CV003_004,759916
32070,912,0,CV003_004,760828
32071,892,0,CV003_004,761720
32072,888,0,CV003_004,762608
32073,896,0,CV003_004,763504
32074,896,0,CV003_004,764400
32075,892,0,CV003_004,765292
32076,900,0,CV003_004,766192
32077,908,0,CV003_004,767100
32078,884,0,CV003_004,767984
32079,904,0,CV003_004,768888
32080,944,1,CV003_004,769832
32081,856,0,CV003_004,770688
32082,892,0,CV003_004,771580
32083,884,0,CV003_004,772464
32084,888,0,CV003_004,773352
32085,888,0,CV003_004,774240
32086,900,0,CV003_004,775140
32087,888,0,CV003_004,776028
32088,892,0,CV003_004,776920
32089,936,0,CV003_004,777856
32090,840,0,CV003_004,778696
32091,940,0,CV003_004,779636
32092,836,0,CV003_004,780472
32093,880,0,CV003_004,781352
32094,900,0,CV003_004,782252
32095,892,0,CV003_004,783144
32096,888,0,CV003_004,784032
32097,904,0,CV003_004,784936
32098,892,0,CV003_004,785828
32099,880,0,CV003_004,786708
32100,892,0,CV003_004,787600
32101,892,0,CV003_004,788492
32102,944,0,CV003_004,789436
32103,848,0,CV003_004,790284
32104,888,0,CV003_004,791172
32105,936,0,CV003_004,792108
32106,844,0,CV003_004,792952
32107,920,0,CV003_004,793872
32108,824,0,CV003_004,794696
32109,888,0,CV003_004,795584
32110,868,0,CV003_004,796452
32111,872,0,CV003_004,797324
32112,868,0,CV003_004,798192
32113,868,0,CV003_004,799060
32114,860,0,CV003_004,799920
32115,928,1,CV003_004,800848
32116,820,0,CV003_004,801668
32117,864,0,CV003_004,802532
32118,860,0,CV003_004,803392
32119,876,0,CV003_004,804268
32120,876,0,CV003_004,805144
32121,868,0,CV003_004,806012
32122,880,0,CV003_004,806892
32123,856,0,CV003_004,807748
32124,864,0,CV003_004,808612
32125,876,0,CV003_004,809488
32126,872,0,CV003_004,810360
32127,868,0,CV003_004,811228
32128,860,0,CV003_004,812088
32129,888,0,CV003_004,812976
32130,880,0,CV003_004,813856
32131,880,0,CV003_004,814736
32132,872,0,CV003_004,815608
32133,880,0,CV003_004,816488
32134,868,0,CV003_004,817356
32135,872,0,CV003_004,818228
32136,880,0,CV003_004,819108
32137,864,0,CV003_004,819972
32138,864,0,CV003_004,820836
32139,860,0,CV003_004,821696
32140,864,0,CV003_004,822560
32141,852,0,CV003_004,823412
32142,860,0,CV003_004,824272
32143,872,0,CV003_004,825144
32144,908,1,CV003_004,826052
32145,828,0,CV003_004,826880
32146,872,0,CV003_004,827752
32147,872,0,CV003_004,828624
32148,916,1,CV003_004,829540
32149,816,0,CV003_004,830356
32150,868,0,CV003_004,831224
32151,872,0,CV003_004,832096
32152,880,0,CV003_004,832976
32153,892,0,CV003_004,833868
32154,884,0,CV003_004,834752
32155,536,0,CV003_004,835288
32156,320,0,CV003_004,835608
32157,844,0,CV003_004,836452
32158,864,0,CV003_004,837316
32159,276,0,CV003_004,837592
32160,588,0,CV003_004,838180
32161,904,0,CV003_004,839084
32162,808,0,CV003_004,839892
32163,852,0,CV003_004,840744
32164,860,0,CV003_004,841604
32165,912,1,CV003_004,842516
32166,812,0,CV003_004,843328
32167,860,0,CV003_004,844188
32168,872,0,CV003_004,845060
32169,868,0,CV003_004,845928
32170,876,0,CV003_004,846804
32171,888,0,CV003_004,847692
32172,728,0,CV003_004,848420
32173,732,0,CV003_004,849152
32174,136,0,CV003_004,849288
32175,160,0,CV003_004,849448
32176,768,0,CV003_004,850216
32177,196,0,CV003_004,850412
32178,264,0,CV003_004,850676
32179,508,0,CV003_004,851184
32180,860,0,CV003_004,852044
32181,200,0,CV003_004,852244
32182,160,0,CV003_004,852404
32183,212,0,CV003_004,852616
32184,1148,0,CV003_004,853764
32185,736,0,CV003_004,854500
32186,124,0,CV003_004,854624
32187,476,0,CV003_004,855100
32188,408,0,CV003_004,855508
32189,288,0,CV003_004,855796
32190,608,0,CV003_004,856404
32191,320,0,CV003_004,856724
32192,580,0,CV003_004,857304
32193,888,0,CV003_004,858192
32194,912,0,CV003_004,859104
32195,232,0,CV003_004,859336
32196,684,0,CV003_004,860020
32197,216,0,CV003_004,860236
32198,296,0,CV003_004,860532
32199,332,0,CV003_004,860864
32200,1000,0,CV003_004,861864
32201,1136,0,CV003_004,863000
32202,188,0,CV003_004,863188
32203,508,0,CV003_004,863696
32204,216,0,CV003_004,863912
32205,348,0,CV003_004,864260
32206,328,0,CV003_004,864588
32207,908,0,CV003_004,865496
32208,916,0,CV003_004,866412
32209,916,0,CV003_004,867328
32210,248,0,CV003_004,867576
32211,548,0,CV003_004,868124
32212,120,0,CV003_004,868244
32213,588,0,CV003_004,868832
32214,320,0,CV003_004,869152
32215,196,0,CV003_004,869348
32216,348,0,CV003_004,869696
32217,88,0,CV003_004,869784
32218,416,0,CV003_004,870200
32219,752,0,CV003_004,870952
32220,808,0,CV003_004,871760
32221,1012,0,CV003_004,872772
32222,908,0,CV003_004,873680
32223,848,0,CV003_004,874528
32224,568,0,CV003_004,875096
32225,160,0,CV003_004,875256
32226,200,0,CV003_004,875456
32227,436,0,CV003_004,875892
32228,116,0,CV003_004,876008
32229,368,0,CV003_004,876376
32230,280,0,CV003_004,876656
32231,104,0,CV003_004,876760
32232,276,0,CV003_004,877036
32233,180,0,CV003_004,877216
32234,876,0,CV003_004,878092
32235,872,0,CV003_004,878964
32236,888,0,CV003_004,879852
32237,884,0,CV003_004,880736
32238,876,0,CV003_004,881612
32239,396,0,CV003_004,882008
32240,480,0,CV003_004,882488
32241,488,0,CV003_004,882976
32242,388,0,CV003_004,883364
32243,880,0,CV003_004,884244
32244,892,0,CV003_004,885136
32245,896,0,CV003_004,886032
32246,892,0,CV003_004,886924
32247,892,0,CV003_004,887816
32248,324,0,CV003_004,888140
32249,536,0,CV003_004,888676
32250,620,0,CV003_004,889296
32251,48,0,CV003_004,889344
32252,1016,0,CV003_004,890360
32253,904,0,CV003_004,891264
32254,868,0,CV003_004,892132
32255,432,0,CV003_004,892564
32256,304,0,CV003_004,892868
32257,208,0,CV003_004,893076
32258,860,0,CV003_004,893936
32259,548,0,CV003_004,894484
32260,212,0,CV003_004,894696
32261,108,0,CV003_004,894804
32262,904,0,CV003_004,895708
32263,904,0,CV003_004,896612
32264,916,0,CV003_004,897528
32265,944,0,CV003_004,898472
32266,724,0,CV003_004,899196
32267,112,0,CV003_004,899308
32268,884,0,CV003_004,900192
32269,888,0,CV003_004,901080
32270,884,0,CV003_004,901964
32271,1748,0,CV003_004,903712
32272,876,0,CV003_004,904588
32273,884,0,CV003_004,905472
32274,876,0,CV003_004,906348
32275,868,0,CV003_004,907216
32276,864,0,CV003_004,908080
32277,872,0,CV003_004,908952
32278,876,0,CV003_004,909828
32279,880,0,CV003_004,910708
32280,884,0,CV003_004,911592
32281,864,0,CV003_004,912456
32282,876,0,CV003_004,913332
32283,872,0,CV003_004,914204
32284,880,0,CV003_004,915084
32285,880,0,CV003_004,915964
32286,868,0,CV003_004,916832
32287,868,0,CV003_004,917700
32288,844,0,CV003_004,918544
32289,860,0,CV003_004,919404
32290,852,0,CV003_004,920256
32291,864,0,CV003_004,921120
32292,848,0,CV003_004,921968
32293,856,0,CV003_004,922824
32294,848,0,CV003_004,923672
32295,852,0,CV003_004,924524
32296,864,0,CV003_004,925388
32297,840,0,CV003_004,926228
32298,856,0,CV003_004,927084
32299,852,0,CV003_004,927936
32300,856,0,CV003_004,928792
32301,868,0,CV003_004,929660
32302,904,0,CV003_004,930564
32303,632,0,CV003_004,931196
32304,220,0,CV003_004,931416
32305,812,0,CV003_004,932228
32306,872,0,CV003_004,933100
32307,856,0,CV003_004,933956
32308,852,0,CV003_004,934808
32309,864,0,CV003_004,935672
32310,848,0,CV003_004,936520
32311,856,0,CV003_004,937376
32312,848,0,CV003_004,938224
32313,840,0,CV003_004,939064
32314,856,0,CV003_004,939920
32315,848,0,CV003_004,940768
32316,848,0,CV003_004,941616
32317,836,0,CV003_004,942452
32318,856,0,CV003_004,943308
32319,848,0,CV003_004,944156
32320,852,0,CV003_004,945008
32321,848,0,CV003_004,945856
32322,844,0,CV003_004,946700
32323,856,0,CV003_004,947556
32324,300,0,CV003_004,947856
32325,752,0,CV003_004,948608
32326,660,0,CV003_004,949268
32327,852,0,CV003_004,950120
32328,844,0,CV003_004,950964
32329,864,0,CV003_004,951828
32330,856,0,CV003_004,952684
32331,864,0,CV003_004,953548
32332,852,0,CV003_004,954400
32333,848,0,CV003_004,955248
32334,860,0,CV003_004,956108
32335,852,0,CV003_004,956960
32336,836,0,CV003_004,957796
32337,824,0,CV003_004,958620
32338,816,0,CV003_004,959436
32339,880,1,CV003_004,960316
32340,780,0,CV003_004,961096
32341,852,0,CV003_004,961948
32342,844,0,CV003_004,962792
32343,868,0,CV003_004,963660
32344,872,0,CV003_004,964532
32345,872,0,CV003_004,965404
32346,860,0,CV003_004,966264
32347,864,0,CV003_004,967128
32348,868,0,CV003_004,967996
32349,868,0,CV003_004,968864
32350,856,0,CV003_004,969720
32351,860,0,CV003_004,970580
32352,876,0,CV003_004,971456
32353,876,0,CV003_004,972332
32354,864,0,CV003_004,973196
32355,864,0,CV003_004,974060
32356,860,0,CV003_004,974920
32357,868,0,CV003_004,975788
32358,876,0,CV003_004,976664
32359,868,0,CV003_004,977532
32360,864,0,CV003_004,978396
32361,868,0,CV003_004,979264
32362,864,0,CV003_004,980128
32363,868,0,CV003_004,980996
32364,872,0,CV003_004,981868
32365,864,0,CV003_004,982732
32366,872,0,CV003_004,983604
32367,860,0,CV003_004,984464
32368,860,0,CV003_004,985324
32369,848,0,CV003_004,986172
32370,836,0,CV003_004,987008
32371,844,0,CV003_004,987852
32372,852,0,CV003_004,988704
32373,860,0,CV003_004,989564
32374,848,0,CV003_004,990412
32375,836,0,CV003_004,991248
32376,844,0,CV003_004,992092
32377,892,1,CV003_004,992984
32378,788,0,CV003_004,993772
32379,828,0,CV003_004,994600
32380,848,0,CV003_004,995448
32381,836,0,CV003_004,996284
32382,844,0,CV003_004,997128
32383,840,0,CV003_004,997968
32384,844,0,CV003_004,998812
32385,840,0,CV003_004,999652
32386,844,0,CV003_004,1000496
32387,860,0,CV003_004,1001356
32388,840,0,CV003_004,1002196
32389,832,0,CV003_004,1003028
32390,836,0,CV003_004,1003864
32391,840,0,CV003_004,1004704
32392,856,0,CV003_004,1005560
32393,840,0,CV003_004,1006400
32394,832,0,CV003_004,1007232
32395,844,0,CV003_004,1008076
32396,892,1,CV003_004,1008968
32397,796,0,CV003_004,1009764
32398,832,0,CV003_004,1010596
32399,840,0,CV003_004,1011436
32400,840,0,CV003_004,1012276
32401,856,0,CV003_004,1013132
32402,844,0,CV003_004,1013976
32403,840,0,CV003_004,1014816
32404,864,0,CV003_004,1015680
32405,840,0,CV003_004,1016520
32406,844,0,CV003_004,1017364
32407,828,0,CV003_004,1018192
32408,840,0,CV003_004,1019032
32409,840,0,CV003_004,1019872
32410,836,0,CV003_004,1020708
32411,848,0,CV003_004,1021556
32412,836,0,CV003_004,1022392
32413,844,0,CV003_004,1023236
32414,840,0,CV003_004,1024076
32415,900,1,CV003_004,1024976
32416,792,0,CV003_004,1025768
32417,820,0,CV003_004,1026588
32418,832,0,CV003_004,1027420
32419,888,0,CV003_004,1028308
32420,888,0,CV003_004,1029196
32421,892,0,CV003_004,1030088
32422,896,0,CV003_004,1030984
32423,896,0,CV003_004,1031880
32424,892,0,CV003_004,1032772
32425,876,0,CV003_004,1033648
32426,440,0,CV003_004,1034088
32427,144,0,CV003_004,1034232
32428,260,0,CV003_004,1034492
32429,864,0,CV003_004,1035356
32430,836,0,CV003_004,1036192
32431,848,0,CV003_004,1037040
32432,848,0,CV003_004,1037888
32433,840,0,CV003_004,1038728
32434,836,0,CV003_004,1039564
32435,840,0,CV003_004,1040404
32436,836,0,CV003_004,1041240
32437,824,0,CV003_004,1042064
32438,824,0,CV003_004,1042888
32439,832,0,CV003_004,1043720
32440,840,0,CV003_004,1044560
32441,856,0,CV003_004,1045416
32442,868,0,CV003_004,1046284
32443,864,0,CV003_004,1047148
32444,884,0,CV003_004,1048032
32445,948,1,CV003_004,1048980
32446,856,0,CV003_004,1049836
32447,912,0,CV003_004,1050748
32448,904,0,CV003_004,1051652
32449,900,0,CV003_004,1052552
32450,904,0,CV003_004,1053456
32451,908,0,CV003_004,1054364
32452,912,0,CV003_004,1055276
32453,908,0,CV003_004,1056184
32454,904,0,CV003_004,1057088
32455,896,0,CV003_004,1057984
32456,884,0,CV003_004,1058868
32457,880,0,CV003_004,1059748
32458,896,0,CV003_004,1060644
32459,888,0,CV003_004,1061532
32460,900,0,CV003_004,1062432
32461,896,0,CV003_004,1063328
32462,904,0,CV003_004,1064232
32463,908,0,CV003_004,1065140
32464,908,0,CV003_004,1066048
32465,956,1,CV003_004,1067004
32466,860,0,CV003_004,1067864
32467,908,0,CV003_004,1068772
32468,900,0,CV003_004,1069672
32469,884,0,CV003_004,1070556
32470,224,0,CV003_004,1070780
32471,96,0,CV003_004,1070876
32472,572,0,CV003_004,1071448
32473,908,0,CV003_004,1072356
32474,872,0,CV003_004,1073228
32475,856,0,CV003_004,1074084
32476,836,0,CV003_004,1074920
32477,840,0,CV003_004,1075760
32478,868,0,CV003_004,1076628
32479,872,0,CV003_004,1077500
32480,888,0,CV003_004,1078388
32481,888,0,CV003_004,1079276
32482,892,0,CV003_004,1080168
32483,900,0,CV003_004,1081068
32484,944,1,CV003_004,1082012
32485,840,0,CV003_004,1082852
32486,880,0,CV003_004,1083732
32487,892,0,CV003_004,1084624
32488,892,0,CV003_004,1085516
32489,892,0,CV003_004,1086408
32490,892,0,CV003_004,1087300
32491,892,0,CV003_004,1088192
32492,900,0,CV003_004,1089092
32493,956,1,CV003_004,1090048
32494,856,0,CV003_004,1090904
32495,904,0,CV003_004,1091808
32496,912,0,CV003_004,1092720
32497,900,0,CV003_004,1093620
32498,916,0,CV003_004,1094536
32499,916,0,CV003_004,1095452
32500,916,0,CV003_004,1096368
32501,916,0,CV003_004,1097284
32502,908,0,CV003_004,1098192
32503,920,0,CV003_004,1099112
32504,920,0,CV003_004,1100032
32505,980,0,CV003_004,1101012
32506,864,0,CV003_004,1101876
32507,928,0,CV003_004,1102804
32508,700,0,CV003_004,1103504
32509,260,0,CV003_004,1103764
32510,936,0,CV003_004,1104700
32511,888,0,CV003_004,1105588
32512,932,0,CV003_004,1106520
32513,928,0,CV003_004,1107448
32514,928,0,CV003_004,1108376
32515,916,0,CV003_004,1109292
32516,944,0,CV003_004,1110236
32517,936,0,CV003_004,1111172
32518,924,0,CV003_004,1112096
32519,920,0,CV003_004,1113016
32520,908,0,CV003_004,1113924
32521,912,0,CV003_004,1114836
32522,908,0,CV003_004,1115744
32523,884,0,CV003_004,1116628
32524,892,0,CV003_004,1117520
32525,908,0,CV003_004,1118428
32526,908,0,CV003_004,1119336
32527,916,0,CV003_004,1120252
32528,916,0,CV003_004,1121168
32529,904,0,CV003_004,1122072
32530,952,1,CV003_004,1123024
32531,840,0,CV003_004,1123864
32532,896,0,CV003_004,1124760
32533,900,0,CV003_004,1125660
32534,892,0,CV003_004,1126552
32535,716,0,CV003_004,1127268
32536,356,0,CV003_004,1127624
32537,272,0,CV003_004,1127896
32538,180,0,CV003_004,1128076
32539,248,0,CV003_004,1128324
32540,896,0,CV003_004,1129220
32541,892,0,CV003_004,1130112
32542,900,0,CV003_004,1131012
32543,916,0,CV003_004,1131928
32544,900,0,CV003_004,1132828
32545,900,0,CV003_004,1133728
32546,900,0,CV003_004,1134628
32547,908,0,CV003_004,1135536
32548,912,0,CV003_004,1136448
32549,920,0,CV003_004,1137368
32550,916,0,CV003_004,1138284
32551,916,0,CV003_004,1139200
32552,912,0,CV003_004,1140112
32553,920,0,CV003_004,1141032
32554,928,0,CV003_004,1141960
32555,932,0,CV003_004,1142892
32556,924,0,CV003_004,1143816
32557,924,0,CV003_004,1144740
32558,912,0,CV003_004,1145652
32559,916,0,CV003_004,1146568
32560,984,1,CV003_004,1147552
32561,868,0,CV003_004,1148420
32562,908,0,CV003_004,1149328
32563,908,0,CV003_004,1150236
32564,908,0,CV003_004,1151144
32565,900,0,CV003_004,1152044
32566,880,0,CV003_004,1152924
32567,892,0,CV003_004,1153816
32568,860,0,CV003_004,1154676
32569,852,0,CV003_004,1155528
32570,840,0,CV003_004,1156368
32571,852,0,CV003_004,1157220
32572,872,0,CV003_004,1158092
32573,864,0,CV003_004,1158956
32574,872,0,CV003_004,1159828
32575,872,0,CV003_004,1160700
32576,872,0,CV003_004,1161572
32577,852,0,CV003_004,1162424
32578,896,0,CV003_004,1163320
32579,772,0,CV003_004,1164092
32580,832,0,CV003_004,1164924
32581,900,0,CV003_004,1165824
32582,856,0,CV003_004,1166680
32583,816,0,CV003_004,1167496
32584,888,0,CV003_004,1168384
32585,888,0,CV003_004,1169272
32586,892,0,CV003_004,1170164
32587,900,0,CV003_004,1171064
32588,896,0,CV003_004,1171960
32589,896,0,CV003_004,1172856
32590,900,0,CV003_004,1173756
32591,900,0,CV003_004,1174656
32592,900,0,CV003_004,1175556
32593,240,0,CV003_004,1175796
32594,672,0,CV003_004,1176468
32595,904,0,CV003_004,1177372
32596,912,0,CV003_004,1178284
32597,916,0,CV003_004,1179200
32598,908,0,CV003_004,1180108
32599,908,0,CV003_004,1181016
32600,924,0,CV003_004,1181940
32601,912,0,CV003_004,1182852
32602,908,0,CV003_004,1183760
32603,904,0,CV003_004,1184664
32604,912,0,CV003_004,1185576
32605,912,0,CV003_004,1186488
32606,904,0,CV003_004,1187392
32607,968,0,CV003_004,1188360
32608,856,0,CV003_004,1189216
32609,900,0,CV003_004,1190116
32610,956,0,CV003_004,1191072
32611,852,0,CV003_004,1191924
32612,900,0,CV003_004,1192824
32613,884,0,CV003_004,1193708
32614,888,0,CV003_004,1194596
32615,900,0,CV003_004,1195496
32616,908,0,CV003_004,1196404
32617,904,0,CV003_004,1197308
32618,896,0,CV003_004,1198204
32619,896,0,CV003_004,1199100
32620,956,0,CV003_004,1200056
32621,840,0,CV003_004,1200896
32622,936,0,CV003_004,1201832
32623,848,0,CV003_004,1202680
32624,892,0,CV003_004,1203572
32625,896,0,CV003_004,1204468
32626,896,0,CV003_004,1205364
32627,956,0,CV003_004,1206320
32628,844,0,CV003_004,1207164
32629,940,0,CV003_004,1208104
32630,840,0,CV003_004,1208944
32631,900,0,CV003_004,1209844
32632,900,0,CV003_004,1210744
32633,896,0,CV003_004,1211640
32634,892,0,CV003_004,1212532
32635,872,0,CV003_004,1213404
32636,888,0,CV003_004,1214292
32637,888,0,CV003_004,1215180
32638,884,0,CV003_004,1216064
32639,884,0,CV003_004,1216948
32640,888,0,CV003_004,1217836
32641,884,0,CV003_004,1218720
32642,888,0,CV003_004,1219608
32643,888,0,CV003_004,1220496
32644,884,0,CV003_004,1221380
32645,888,0,CV003_004,1222268
32646,900,0,CV003_004,1223168
32647,892,0,CV003_004,1224060
32648,884,0,CV003_004,1224944
32649,868,0,CV003_004,1225812
32650,864,0,CV003_004,1226676
32651,948,0,CV003_004,1227624
32652,944,0,CV003_004,1228568
32653,944,0,CV003_004,1229512
32654,944,0,CV003_004,1230456
32655,928,0,CV003_004,1231384
32656,932,0,CV003_004,1232316
32657,924,0,CV003_004,1233240
32658,916,0,CV003_004,1234156
32659,924,0,CV003_004,1235080
32660,916,0,CV003_004,1235996
32661,932,0,CV003_004,1236928
32662,916,0,CV003_004,1237844
32663,940,0,CV003_004,1238784
32664,848,0,CV003_004,1239632
32665,896,0,CV003_004,1240528
32666,892,0,CV003_004,1241420
32667,900,0,CV003_004,1242320
32668,944,1,CV003_004,1243264
32669,848,0,CV003_004,1244112
32670,892,0,CV003_004,1245004
32671,896,0,CV003_004,1245900
32672,904,0,CV003_004,1246804
32673,912,0,CV003_004,1247716
32674,948,0,CV003_004,1248664
32675,852,0,CV003_004,1249516
32676,956,0,CV003_004,1250472
32677,216,0,CV003_004,1250688
32678,428,0,CV003_004,1251116
32679,196,0,CV003_004,1251312
32680,988,0,CV003_004,1252300
32681,152,0,CV003_004,1252452
32682,384,0,CV003_004,1252836
32683,304,0,CV003_004,1253140
32684,148,0,CV003_004,1253288
32685,384,0,CV003_004,1253672
32686,308,0,CV003_004,1253980
32687,364,0,CV003_004,1254344
32688,1276,0,CV003_004,1255620
32689,128,0,CV003_004,1255748
32690,1768,0,CV003_004,1257516
32691,876,0,CV003_004,1258392
32692,876,0,CV003_004,1259268
32693,880,0,CV003_004,1260148
32694,932,0,CV003_004,1261080
32695,832,0,CV003_004,1261912
32696,876,0,CV003_004,1262788
32697,924,0,CV003_004,1263712
32698,820,0,CV003_004,1264532
32699,868,0,CV003_004,1265400
32700,852,0,CV003_004,1266252
32701,868,0,CV003_004,1267120
32702,868,0,CV003_004,1267988
32703,860,0,CV003_004,1268848
32704,856,0,CV003_004,1269704
32705,840,0,CV003_004,1270544
32706,828,0,CV003_004,1271372
32707,408,0,CV003_004,1271780
32708,420,0,CV003_004,1272200
32709,888,0,CV003_004,1273088
32710,776,0,CV003_004,1273864
32711,824,0,CV003_004,1274688
32712,840,0,CV003_004,1275528
32713,836,0,CV003_004,1276364
32714,836,0,CV003_004,1277200
32715,824,0,CV003_004,1278024
32716,832,0,CV003_004,1278856
32717,832,0,CV003_004,1279688
32718,828,0,CV003_004,1280516
32719,824,0,CV003_004,1281340
32720,836,0,CV003_004,1282176
32721,692,0,CV003_004,1282868
32722,132,0,CV003_004,1283000
32723,832,0,CV003_004,1283832
32724,844,0,CV003_004,1284676
32725,832,0,CV003_004,1285508
32726,832,0,CV003_004,1286340
32727,836,0,CV003_004,1287176
32728,832,0,CV003_004,1288008
32729,832,0,CV003_004,1288840
32730,832,0,CV003_004,1289672
32731,836,0,CV003_004,1290508
32732,832,0,CV003_004,1291340
32733,828,0,CV003_004,1292168
32734,836,0,CV003_004,1293004
32735,824,0,CV003_004,1293828
32736,816,0,CV003_004,1294644
32737,808,0,CV003_004,1295452
32738,812,0,CV003_004,1296264
32739,812,0,CV003_004,1297076
32740,808,0,CV003_004,1297884
32741,824,0,CV003_004,1298708
32742,820,0,CV003_004,1299528
32743,820,0,CV003_004,1300348
32744,672,0,CV003_004,1301020
32745,140,0,CV003_004,1301160
32746,836,0,CV003_004,1301996
32747,492,0,CV003_004,1302488
32748,336,0,CV003_004,1302824
32749,828,0,CV003_004,1303652
32750,836,0,CV003_004,1304488
32751,824,0,CV003_004,1305312
32752,180,0,CV003_004,1305492
32753,644,0,CV003_004,1306136
32754,228,0,CV003_004,1306364
32755,592,0,CV003_004,1306956
32756,812,0,CV003_004,1307768
32757,808,0,CV003_004,1308576
32758,808,0,CV003_004,1309384
32759,812,0,CV003_004,1310196
32760,816,0,CV003_004,1311012
32761,800,0,CV003_004,1311812
32762,816,0,CV003_004,1312628
32763,824,0,CV003_004,1313452
32764,820,0,CV003_004,1314272
32765,868,0,CV003_004,1315140
32766,780,0,CV003_004,1315920
32767,820,0,CV003_004,1316740
32768,1064,0,CV003_004,1317804
32769,212,0,CV003_004,1318016
32770,356,0,CV003_004,1318372
32771,816,0,CV003_004,1319188
32772,816,0,CV003_004,1320004
32773,820,0,CV003_004,1320824
32774,820,0,CV003_004,1321644
32775,816,0,CV003_004,1322460
32776,816,0,CV003_004,1323276
32777,864,1,CV003_004,1324140
32778,772,0,CV003_004,1324912
32779,820,0,CV003_004,1325732
32780,828,0,CV003_004,1326560
32781,824,0,CV003_004,1327384
32782,824,0,CV003_004,1328208
32783,820,0,CV003_004,1329028
32784,812,0,CV003_004,1329840
32785,820,0,CV003_004,1330660
32786,828,0,CV003_004,1331488
32787,828,0,CV003_004,1332316
32788,816,0,CV003_004,1333132
32789,820,0,CV003_004,1333952
32790,816,0,CV003_004,1334768
32791,808,0,CV003_004,1335576
32792,800,0,CV003_004,1336376
32793,808,0,CV003_004,1337184
32794,808,0,CV003_004,1337992
32795,804,0,CV003_004,1338796
32796,800,0,CV003_004,1339596
32797,808,0,CV003_004,1340404
32798,796,0,CV003_004,1341200
32799,792,0,CV003_004,1341992
32800,784,0,CV003_004,1342776
32801,788,0,CV003_004,1343564
32802,792,0,CV003_004,1344356
32803,808,0,CV003_004,1345164
32804,812,0,CV003_004,1345976
32805,860,1,CV003_004,1346836
32806,764,0,CV003_004,1347600
32807,820,0,CV003_004,1348420
32808,820,0,CV003_004,1349240
32809,816,0,CV003_004,1350056
32810,824,0,CV003_004,1350880
32811,820,0,CV003_004,1351700
32812,824,0,CV003_004,1352524
32813,824,0,CV003_004,1353348
32814,824,0,CV003_004,1354172
32815,820,0,CV003_004,1354992
32816,832,0,CV003_004,1355824
32817,880,0,CV003_004,1356704
32818,820,0,CV003_004,1357524
32819,784,0,CV003_004,1358308
32820,836,0,CV003_004,1359144
32821,824,0,CV003_004,1359968
32822,832,0,CV003_004,1360800
32823,832,0,CV003_004,1361632
32824,828,0,CV003_004,1362460
32825,824,0,CV003_004,1363284
32826,820,0,CV003_004,1364104
32827,824,0,CV003_004,1364928
32828,824,0,CV003_004,1365752
32829,832,0,CV003_004,1366584
32830,828,0,CV003_004,1367412
32831,824,0,CV003_004,1368236
32832,832,0,CV003_004,1369068
32833,828,0,CV003_004,1369896
32834,820,0,CV003_004,1370716
32835,824,0,CV003_004,1371540
32836,828,0,CV003_004,1372368
32837,820,0,CV003_004,1373188
32838,824,0,CV003_004,1374012
32839,868,0,CV003_004,1374880
32840,824,0,CV003_004,1375704
32841,472,0,CV003_004,1376176
32842,336,0,CV003_004,1376512
32843,192,0,CV003_004,1376704
32844,524,0,CV003_004,1377228
32845,360,0,CV003_004,1377588
32846,272,0,CV003_004,1377860
32847,88,0,CV003_004,1377948
32848,816,0,CV003_004,1378764
32849,192,0,CV003_004,1378956
32850,836,0,CV003_004,1379792
32851,264,0,CV003_004,1380056
32852,180,0,CV003_004,1380236
32853,388,0,CV003_004,1380624
32854,880,0,CV003_004,1381504
32855,880,0,CV003_004,1382384
32856,236,0,CV003_004,1382620
32857,632,0,CV003_004,1383252
32858,1236,0,CV003_004,1384488
32859,416,0,CV003_004,1384904
32860,600,0,CV003_004,1385504
32861,292,0,CV003_004,1385796
32862,496,0,CV003_004,1386292
32863,288,0,CV003_004,1386580
32864,292,0,CV003_004,1386872
32865,592,0,CV003_004,1387464
32866,764,0,CV003_004,1388228
32867,824,0,CV003_004,1389052
32868,696,0,CV003_004,1389748
32869,144,0,CV003_004,1389892
32870,840,0,CV003_004,1390732
32871,852,0,CV003_004,1391584
32872,248,0,CV003_004,1391832
32873,264,0,CV003_004,1392096
32874,340,0,CV003_004,1392436
32875,200,0,CV003_004,1392636
32876,216,0,CV003_004,1392852
32877,220,0,CV003_004,1393072
32878,236,0,CV003_004,1393308
32879,276,0,CV003_004,1393584
32880,616,0,CV003_004,1394200
32881,880,0,CV003_004,1395080
32882,236,0,CV003_004,1395316
32883,644,0,CV003_004,1395960
32884,904,0,CV003_004,1396864
32885,344,0,CV003_004,1397208
32886,68,0,CV003_004,1397276
32887,460,0,CV003_004,1397736
32888,56,0,CV003_004,1397792
32889,276,0,CV003_004,1398068
32890,644,0,CV003_004,1398712
32891,44,0,CV003_004,1398756
32892,1632,0,CV003_004,1400388
32893,796,0,CV003_004,1401184
32894,592,0,CV003_004,1401776
32895,256,0,CV003_004,1402032
32896,240,0,CV003_004,1402272
32897,656,0,CV003_004,1402928
32898,824,0,CV003_004,1403752
32899,820,0,CV003_004,1404572
32900,108,0,CV003_004,1404680
32901,676,0,CV003_004,1405356
32902,976,0,CV003_004,1406332
32903,952,0,CV003_004,1407284
32904,952,0,CV003_004,1408236
32905,964,0,CV003_004,1409200
32906,1772,0,CV003_004,1410972
32907,964,0,CV003_004,1411936
32908,836,0,CV003_004,1412772
32909,716,0,CV003_004,1413488
32910,336,0,CV003_004,1413824
32911,356,0,CV003_004,1414180
32912,360,0,CV003_004,1414540
32913,868,0,CV003_004,1415408
32914,888,0,CV003_004,1416296
32915,52,0,CV003_004,1416348
32916,336,0,CV003_004,1416684
32917,160,0,CV003_004,1416844
32918,320,0,CV003_004,1417164
32919,312,0,CV003_004,1417476
32920,228,0,CV003_004,1417704
32921,328,0,CV003_004,1418032
32922,596,0,CV003_004,1418628
32923,204,0,CV003_004,1418832
32924,584,0,CV003_004,1419416
32925,496,0,CV003_004,1419912
32926,244,0,CV003_004,1420156
32927,328,0,CV003_004,1420484
32928,96,0,CV003_004,1420580
32929,248,0,CV003_004,1420828
32930,380,0,CV003_004,1421208
32931,276,0,CV003_004,1421484
32932,76,0,CV003_004,1421560
32933,268,0,CV003_004,1421828
32934,396,0,CV003_004,1422224
32935,180,0,CV003_004,1422404
32936,164,0,CV003_004,1422568
32937,252,0,CV003_004,1422820
32938,268,0,CV003_004,1423088
32939,736,0,CV003_004,1423824
32940,332,0,CV003_004,1424156
32941,536,0,CV003_004,1424692
32942,264,0,CV003_004,1424956
32943,248,0,CV003_004,1425204
32944,196,0,CV003_004,1425400
32945,140,0,CV003_004,1425540
32946,396,0,CV003_004,1425936
32947,888,0,CV003_004,1426824
32948,884,0,CV003_004,1427708
32949,888,0,CV003_004,1428596
32950,880,0,CV003_004,1429476
32951,408,0,CV003_004,1429884
32952,476,0,CV003_004,1430360
32953,900,0,CV003_004,1431260
32954,896,0,CV003_004,1432156
32955,496,0,CV003_004,1432652
32956,156,0,CV003_004,1432808
32957,236,0,CV003_004,1433044
32958,524,0,CV003_004,1433568
32959,364,0,CV003_004,1433932
32960,340,0,CV003_004,1434272
32961,376,0,CV003_004,1434648
32962,180,0,CV003_004,1434828
32963,600,0,CV003_004,1435428
32964,20,0,CV003_004,1435448
32965,228,0,CV003_004,1435676
32966,592,0,CV003_004,1436268
32967,336,0,CV003_004,1436604
32968,136,0,CV003_004,1436740
32969,884,0,CV003_004,1437624
32970,148,0,CV003_004,1437772
32971,628,0,CV003_004,1438400
32972,428,0,CV003_004,1438828
32973,240,0,CV003_004,1439068
32974,204,0,CV003_004,1439272
32975,776,0,CV003_004,1440048
32976,1020,0,CV003_004,1441068
32977,264,0,CV003_004,1441332
32978,636,0,CV003_004,1441968
32979,244,0,CV003_004,1442212
32980,392,0,CV003_004,1442604
32981,100,0,CV003_004,1442704
32982,152,0,CV003_004,1442856
32983,876,0,CV003_004,1443732
32984,884,0,CV003_004,1444616
32985,900,0,CV003_004,1445516
32986,896,0,CV003_004,1446412
32987,556,0,CV003_004,1446968
32988,120,0,CV003_004,1447088
32989,268,0,CV003_004,1447356
32990,296,0,CV003_004,1447652
32991,632,0,CV003_004,1448284
32992,84,0,CV003_004,1448368
32993,328,0,CV003_004,1448696
32994,304,0,CV003_004,1449000
32995,516,0,CV003_004,1449516
32996,248,0,CV003_004,1449764
32997,192,0,CV003_004,1449956
32998,172,0,CV003_004,1450128
32999,708,0,CV003_004,1450836
33000,880,0,CV003_004,1451716
33001,876,0,CV003_004,1452592
33002,520,0,CV003_004,1453112
33003,208,0,CV003_004,1453320
33004,900,0,CV003_004,1454220
33005,168,0,CV003_004,1454388
33006,836,0,CV003_004,1455224
33007,884,0,CV003_004,1456108
33008,396,0,CV003_004,1456504
33009,212,0,CV003_004,1456716
33010,68,0,CV003_004,1456784
33011,208,0,CV003_004,1456992
33012,900,0,CV003_004,1457892
33013,952,0,CV003_004,1458844
33014,860,0,CV003_004,1459704
33015,488,0,CV003_004,1460192
33016,112,0,CV003_004,1460304
33017,260,0,CV003_004,1460564
33018,228,0,CV003_004,1460792
33019,336,0,CV003_004,1461128
33020,436,0,CV003_004,1461564
33021,268,0,CV003_004,1461832
33022,576,0,CV003_004,1462408
33023,160,0,CV003_004,1462568
33024,144,0,CV003_004,1462712
33025,260,0,CV003_004,1462972
33026,332,0,CV003_004,1463304
33027,896,0,CV003_004,1464200
33028,892,0,CV003_004,1465092
33029,228,0,CV003_004,1465320
33030,664,0,CV003_004,1465984
33031,888,0,CV003_004,1466872
33032,548,0,CV003_004,1467420
33033,324,0,CV003_004,1467744
33034,440,0,CV003_004,1468184
33035,440,0,CV003_004,1468624
33036,44,0,CV003_004,1468668
33037,216,0,CV003_004,1468884
33038,484,0,CV003_004,1469368
33039,44,0,CV003_004,1469412
33040,356,0,CV003_004,1469768
33041,288,0,CV003_004,1470056
33042,324,0,CV003_004,1470380
33043,876,0,CV003_004,1471256
33044,492,0,CV003_004,1471748
33045,432,0,CV003_004,1472180
33046,836,0,CV003_004,1473016
33047,532,0,CV003_004,1473548
33048,320,0,CV003_004,1473868
33049,712,0,CV003_004,1474580
33050,216,0,CV003_004,1474796
33051,48,0,CV003_004,1474844
33052,464,0,CV003_004,1475308
33053,228,0,CV003_004,1475536
33054,124,0,CV003_004,1475660
33055,324,0,CV003_004,1475984
33056,584,0,CV003_004,1476568
33057,400,0,CV003_004,1476968
33058,380,0,CV003_004,1477348
33059,508,0,CV003_004,1477856
33060,332,0,CV003_004,1478188
33061,392,0,CV003_004,1478580
33062,148,0,CV003_004,1478728
33063,296,0,CV003_004,1479024
33064,64,0,CV003_004,1479088
33065,700,0,CV003_004,1479788
33066,72,0,CV003_004,1479860
33067,328,0,CV003_004,1480188
33068,280,0,CV003_004,1480468
33069,336,0,CV003_004,1480804
33070,56,0,CV003_004,1480860
33071,688,0,CV003_004,1481548
33072,888,0,CV003_004,1482436
33073,544,0,CV003_004,1482980
33074,236,0,CV003_004,1483216
33075,840,0,CV003_004,1484056
33076,844,0,CV003_004,1484900
33077,456,0,CV003_004,1485356
33078,404,0,CV003_004,1485760
33079,48,0,CV003_004,1485808
33080,252,0,CV003_004,1486060
33081,588,0,CV003_004,1486648
33082,324,0,CV003_004,1486972
33083,168,0,CV003_004,1487140
33084,336,0,CV003_004,1487476
33085,864,0,CV003_004,1488340
33086,284,0,CV003_004,1488624
33087,304,0,CV003_004,1488928
33088,88,0,CV003_004,1489016
33089,1088,0,CV003_004,1490104
33090,888,0,CV003_004,1490992
33091,524,0,CV003_004,1491516
33092,376,0,CV003_004,1491892
33093,888,0,CV003_004,1492780
33094,880,0,CV003_004,1493660
33095,892,0,CV003_004,1494552
33096,356,0,CV003_004,1494908
33097,380,0,CV003_004,1495288
33098,428,0,CV003_004,1495716
33099,384,0,CV003_004,1496100
33100,268,0,CV003_004,1496368
33101,456,0,CV003_004,1496824
33102,432,0,CV003_004,1497256
33103,316,0,CV003_004,1497572
33104,620,0,CV003_004,1498192
33105,840,0,CV003_004,1499032
33106,884,0,CV003_004,1499916
33107,868,0,CV003_004,1500784
33108,860,0,CV003_004,1501644
33109,864,0,CV003_004,1502508
33110,332,0,CV003_004,1502840
33111,84,0,CV003_004,1502924
33112,436,0,CV003_004,1503360
33113,172,0,CV003_004,1503532
33114,680,0,CV003_004,1504212
33115,844,0,CV003_004,1505056
33116,848,0,CV003_004,1505904
33117,840,0,CV003_004,1506744
33118,836,0,CV003_004,1507580
33119,836,0,CV003_004,1508416
33120,844,0,CV003_004,1509260
33121,852,0,CV003_004,1510112
33122,832,0,CV003_004,1510944
33123,856,0,CV003_004,1511800
33124,864,0,CV003_004,1512664
33125,856,0,CV003_004,1513520
33126,848,0,CV003_004,1514368
33127,860,0,CV003_004,1515228
33128,864,0,CV003_004,1516092
33129,860,0,CV003_004,1516952
33130,848,0,CV003_004,1517800
33131,848,0,CV003_004,1518648
33132,848,0,CV003_004,1519496
33133,844,0,CV003_004,1520340
33134,892,1,CV003_004,1521232
33135,780,0,CV003_004,1522012
33136,828,0,CV003_004,1522840
33137,816,0,CV003_004,1523656
33138,804,0,CV003_004,1524460
33139,820,0,CV003_004,1525280
33140,816,0,CV003_004,1526096
33141,824,0,CV003_004,1526920
33142,840,0,CV003_004,1527760
33143,856,0,CV003_004,1528616
33144,840,0,CV003_004,1529456
33145,844,0,CV003_004,1530300
33146,852,0,CV003_004,1531152
33147,852,0,CV003_004,1532004
33148,852,0,CV003_004,1532856
33149,836,0,CV003_004,1533692
33150,828,0,CV003_004,1534520
33151,836,0,CV003_004,1535356
33152,840,0,CV003_004,1536196
33153,828,0,CV003_004,1537024
33154,832,0,CV003_004,1537856
33155,832,0,CV003_004,1538688
33156,832,0,CV003_004,1539520
33157,824,0,CV003_004,1540344
33158,884,1,CV003_004,1541228
33159,788,0,CV003_004,1542016
33160,836,0,CV003_004,1542852
33161,824,0,CV003_004,1543676
33162,844,0,CV003_004,1544520
33163,844,0,CV003_004,1545364
33164,872,0,CV003_004,1546236
33165,140,0,CV003_004,1546376
33166,756,0,CV003_004,1547132
33167,700,0,CV003_004,1547832
33168,332,0,CV003_004,1548164
33169,276,0,CV003_004,1548440
33170,232,0,CV003_004,1548672
33171,184,0,CV003_004,1548856
33172,428,0,CV003_004,1549284
33173,212,0,CV003_004,1549496
33174,784,0,CV003_004,1550280
33175,536,0,CV003_004,1550816
33176,636,0,CV003_004,1551452
33177,236,0,CV003_004,1551688
33178,280,0,CV003_004,1551968
33179,232,0,CV003_004,1552200
33180,84,0,CV003_004,1552284
33181,628,0,CV003_004,1552912
33182,184,0,CV003_004,1553096
33183,136,0,CV003_004,1553232
33184,368,0,CV003_004,1553600
33185,344,0,CV003_004,1553944
33186,328,0,CV003_004,1554272
33187,800,0,CV003_004,1555072
33188,180,0,CV003_004,1555252
33189,428,0,CV003_004,1555680
33190,44,0,CV003_004,1555724
33191,316,0,CV003_004,1556040
33192,252,0,CV003_004,1556292
33193,384,0,CV003_004,1556676
33194,176,0,CV003_004,1556852
33195,812,0,CV003_004,1557664
33196,816,0,CV003_004,1558480
33197,808,0,CV003_004,1559288
33198,820,0,CV003_004,1560108
33199,852,0,CV003_004,1560960
33200,820,0,CV003_004,1561780
33201,856,0,CV003_004,1562636
33202,836,0,CV003_004,1563472
33203,860,0,CV003_004,1564332
33204,836,0,CV003_004,1565168
33205,872,0,CV003_004,1566040
33206,840,0,CV003_004,1566880
33207,872,0,CV003_004,1567752
33208,848,0,CV003_004,1568600
33209,848,0,CV003_004,1569448
33210,844,0,CV003_004,1570292
33211,840,0,CV003_004,1571132
33212,836,0,CV003_004,1571968
33213,832,0,CV003_004,1572800
33214,848,0,CV003_004,1573648
33215,844,0,CV003_004,1574492
33216,852,0,CV003_004,1575344
33217,896,1,CV003_004,1576240
33218,784,0,CV003_004,1577024
33219,844,0,CV003_004,1577868
33220,840,0,CV003_004,1578708
33221,848,0,CV003_004,1579556
33222,896,0,CV003_004,1580452
33223,784,0,CV003_004,1581236
33224,172,0,CV003_004,1581408
33225,228,0,CV003_004,1581636
33226,220,0,CV003_004,1581856
33227,200,0,CV003_004,1582056
33228,908,0,CV003_004,1582964
33229,992,0,CV003_004,1583956
33230,956,0,CV003_004,1584912
33231,904,0,CV003_004,1585816
33232,960,0,CV003_004,1586776
33233,1020,0,CV003_004,1587796
33234,964,0,CV003_004,1588760
33235,904,0,CV003_004,1589664
33236,936,0,CV003_004,1590600
33237,952,0,CV003_004,1591552
33238,908,0,CV003_004,1592460
33239,868,0,CV003_004,1593328
33240,940,0,CV003_004,1594268
33241,900,0,CV003_004,1595168
33242,876,0,CV003_004,1596044
33243,860,0,CV003_004,1596904
33244,876,0,CV003_004,1597780
33245,860,0,CV003_004,1598640
33246,844,0,CV003_004,1599484
33247,824,0,CV003_004,1600308
33248,864,0,CV003_004,1601172
33249,848,0,CV003_004,1602020
33250,832,0,CV003_004,1602852
33251,824,0,CV003_004,1603676
33252,880,0,CV003_004,1604556
33253,848,0,CV003_004,1605404
33254,832,0,CV003_004,1606236
33255,828,0,CV003_004,1607064
33256,868,0,CV003_004,1607932
33257,844,0,CV003_004,1608776
33258,820,0,CV003_004,1609596
33259,192,0,CV003_004,1609788
33260,636,0,CV003_004,1610424
33261,860,0,CV003_004,1611284
33262,844,0,CV003_004,1612128
33263,824,0,CV003_004,1612952
33264,824,0,CV003_004,1613776
33265,844,0,CV003_004,1614620
33266,840,0,CV003_004,1615460
33267,832,0,CV003_004,1616292
33268,832,0,CV003_004,1617124
33269,836,0,CV003_004,1617960
33270,816,0,CV003_004,1618776
33271,816,0,CV003_004,1619592
33272,864,0,CV003_004,1620456
33273,496,0,CV003_004,1620952
33274,1196,0,CV003_004,1622148
33275,828,0,CV003_004,1622976
33276,832,0,CV003_004,1623808
33277,884,0,CV003_004,1624692
33278,852,0,CV003_004,1625544
33279,844,0,CV003_004,1626388
33280,840,0,CV003_004,1627228
33281,884,0,CV003_004,1628112
33282,468,0,CV003_004,1628580
33283,380,0,CV003_004,1628960
33284,168,0,CV003_004,1629128
33285,676,0,CV003_004,1629804
33286,820,0,CV003_004,1630624
33287,852,0,CV003_004,1631476
33288,832,0,CV003_004,1632308
33289,820,0,CV003_004,1633128
33290,808,0,CV003_004,1633936
33291,804,0,CV003_004,1634740
33292,696,0,CV003_004,1635436
33293,120,0,CV003_004,1635556
33294,800,0,CV003_004,1636356
33295,792,0,CV003_004,1637148
33296,792,0,CV003_004,1637940
33297,808,0,CV003_004,1638748
33298,488,0,CV003_004,1639236
33299,312,0,CV003_004,1639548
33300,792,0,CV003_004,1640340
33301,792,0,CV003_004,1641132
33302,804,0,CV003_004,1641936
33303,788,0,CV003_004,1642724
33304,792,0,CV003_004,1643516
33305,784,0,CV003_004,1644300
33306,788,0,CV003_004,1645088
33307,784,0,CV003_004,1645872
33308,780,0,CV003_004,1646652
33309,780,0,CV003_004,1647432
33310,1584,0,CV003_004,1649016
33311,784,0,CV003_004,1649800
33312,780,0,CV003_004,1650580
33313,332,0,CV003_004,1650912
33314,472,0,CV003_004,1651384
33315,796,0,CV003_004,1652180
33316,796,0,CV003_004,1652976
33317,788,0,CV003_004,1653764
33318,784,0,CV003_004,1654548
33319,772,0,CV003_004,1655320
33320,768,0,CV003_004,1656088
33321,772,0,CV003_004,1656860
33322,788,0,CV003_004,1657648
33323,792,0,CV003_004,1658440
33324,792,0,CV003_004,1659232
33325,808,0,CV003_004,1660040
33326,816,0,CV003_004,1660856
33327,820,0,CV003_004,1661676
33328,820,0,CV003_004,1662496
33329,812,0,CV003_004,1663308
33330,824,0,CV003_004,1664132
33331,820,0,CV003_004,1664952
33332,820,0,CV003_004,1665772
33333,816,0,CV003_004,1666588
33334,1632,0,CV003_004,1668220
33335,824,0,CV003_004,1669044
33336,816,0,CV003_004,1669860
33337,832,0,CV003_004,1670692
33338,816,0,CV003_004,1671508
33339,824,0,CV003_004,1672332
33340,820,0,CV003_004,1673152
33341,820,0,CV003_004,1673972
33342,820,0,CV003_004,1674792
33343,828,0,CV003_004,1675620
33344,832,0,CV003_004,1676452
33345,872,1,CV003_004,1677324
33346,768,0,CV003_004,1678092
33347,812,0,CV003_004,1678904
33348,816,0,CV003_004,1679720
33349,808,0,CV003_004,1680528
33350,804,0,CV003_004,1681332
33351,812,0,CV003_004,1682144
33352,820,0,CV003_004,1682964
33353,804,0,CV003_004,1683768
33354,804,0,CV003_004,1684572
33355,812,0,CV003_004,1685384
33356,832,0,CV003_004,1686216
33357,808,0,CV003_004,1687024
33358,804,0,CV003_004,1687828
33359,828,0,CV003_004,1688656
33360,828,0,CV003_004,1689484
33361,776,0,CV003_004,1690260
33362,860,0,CV003_004,1691120
33363,824,0,CV003_004,1691944
33364,508,0,CV003_004,1692452
33365,312,0,CV003_004,1692764
33366,824,0,CV003_004,1693588
33367,824,0,CV003_004,1694412
33368,824,0,CV003_004,1695236
33369,712,0,CV003_004,1695948
33370,120,0,CV003_004,1696068
33371,832,0,CV003_004,1696900
33372,828,0,CV003_004,1697728
33373,816,0,CV003_004,1698544
33374,824,0,CV003_004,1699368
33375,828,0,CV003_004,1700196
33376,488,0,CV003_004,1700684
33377,148,0,CV003_004,1700832
33378,236,0,CV003_004,1701068
33379,792,0,CV003_004,1701860
33380,844,0,CV003_004,1702704
33381,876,0,CV003_004,1703580
33382,848,0,CV003_004,1704428
33383,864,0,CV003_004,1705292
33384,836,0,CV003_004,1706128
33385,824,0,CV003_004,1706952
33386,868,0,CV003_004,1707820
33387,848,0,CV003_004,1708668
33388,844,0,CV003_004,1709512
33389,844,0,CV003_004,1710356
33390,820,0,CV003_004,1711176
33391,832,0,CV003_004,1712008
33392,876,0,CV003_004,1712884
33393,848,0,CV003_004,1713732
33394,852,0,CV003_004,1714584
33395,828,0,CV003_004,1715412
33396,836,0,CV003_004,1716248
33397,852,0,CV003_004,1717100
33398,828,0,CV003_004,1717928
33399,752,0,CV003_004,1718680
33400,900,0,CV003_004,1719580
33401,360,0,CV003_004,1719940
33402,532,0,CV003_004,1720472
33403,776,0,CV003_004,1721248
33404,828,0,CV003_004,1722076
33405,820,0,CV003_004,1722896
33406,852,0,CV003_004,1723748
33407,836,0,CV003_004,1724584
33408,856,0,CV003_004,1725440
33409,804,0,CV003_004,1726244
33410,656,0,CV003_004,1726900
33411,200,0,CV003_004,1727100
33412,852,0,CV003_004,1727952
33413,848,0,CV003_004,1728800
33414,840,0,CV003_004,1729640
33415,852,0,CV003_004,1730492
33416,840,0,CV003_004,1731332
33417,852,0,CV003_004,1732184
33418,832,0,CV003_004,1733016
33419,848,0,CV003_004,1733864
33420,844,0,CV003_004,1734708
33421,836,0,CV003_004,1735544
33422,848,0,CV003_004,1736392
33423,832,0,CV003_004,1737224
33424,852,0,CV003_004,1738076
33425,836,0,CV003_004,1738912
33426,840,0,CV003_004,1739752
33427,844,0,CV003_004,1740596
33428,848,0,CV003_004,1741444
33429,868,0,CV003_004,1742312
33430,856,0,CV003_004,1743168
33431,856,0,CV003_004,1744024
33432,864,0,CV003_004,1744888
33433,848,0,CV003_004,1745736
33434,844,0,CV003_004,1746580
33435,836,0,CV003_004,1747416
33436,840,0,CV003_004,1748256
33437,828,0,CV003_004,1749084
33438,820,0,CV003_004,1749904
33439,824,0,CV003_004,1750728
33440,844,0,CV003_004,1751572
33441,832,0,CV003_004,1752404
33442,1660,0,CV003_004,1754064
33443,832,0,CV003_004,1754896
33444,328,0,CV003_004,1755224
33445,428,0,CV003_004,1755652
33446,884,0,CV003_004,1756536
33447,820,0,CV003_004,1757356
33448,816,0,CV003_004,1758172
33449,800,0,CV003_004,1758972
33450,812,0,CV003_004,1759784
33451,800,0,CV003_004,1760584
33452,808,0,CV003_004,1761392
33453,792,0,CV003_004,1762184
33454,808,0,CV003_004,1762992
33455,804,0,CV003_004,1763796
33456,800,0,CV003_004,1764596
33457,792,0,CV003_004,1765388
33458,796,0,CV003_004,1766184
33459,792,0,CV003_004,1766976
33460,792,0,CV003_004,1767768
33461,784,0,CV003_004,1768552
33462,792,0,CV003_004,1769344
33463,796,0,CV003_004,1770140
33464,800,0,CV003_004,1770940
33465,784,0,CV003_004,1771724
33466,796,0,CV003_004,1772520
33467,1632,0,CV003_004,1774152
33468,552,0,CV003_004,1774704
33469,956,0,CV003_004,1775660
33470,400,0,CV003_004,1776060
33471,416,0,CV003_004,1776476
33472,1056,0,CV003_004,1777532
33473,244,0,CV003_004,1777776
33474,420,0,CV003_004,1778196
33475,600,0,CV003_004,1778796
33476,132,0,CV003_004,1778928
33477,532,0,CV003_004,1779460
33478,460,0,CV003_004,1779920
33479,2544,0,CV003_004,1782464
33480,292,0,CV003_004,1782756
33481,108,0,CV003_004,1782864
33482,1156,0,CV003_004,1784020
33483,1692,0,CV003_004,1785712
33484,632,0,CV003_004,1786344
33485,140,0,CV003_004,1786484
33486,288,0,CV003_004,1786772
33487,160,0,CV003_004,1786932
33488,788,0,CV003_004,1787720
33489,612,0,CV003_004,1788332
33490,148,0,CV003_004,1788480
33491,1048,0,CV003_004,1789528
33492,68,0,CV003_004,1789596
33493,348,0,CV003_004,1789944
33494,112,0,CV003_004,1790056
33495,568,0,CV003_004,1790624
33496,580,0,CV003_004,1791204
33497,212,0,CV003_004,1791416
33498,344,0,CV003_004,1791760
33499,80,0,CV003_004,1791840
33500,308,0,CV003_004,1792148
33501,564,0,CV003_004,1792712
33502,136,0,CV003_004,1792848
33503,1400,0,CV003_004,1794248
33504,132,0,CV003_004,1794380
33505,180,0,CV003_004,1794560
33506,568,0,CV003_004,1795128
33507,772,0,CV003_004,1795900
33508,516,0,CV003_004,1796416
33509,828,0,CV003_004,1797244
33510,112,0,CV003_004,1797356
33511,252,0,CV003_004,1797608
33512,376,0,CV003_004,1797984
33513,868,0,CV003_004,1798852
33514,764,0,CV003_004,1799616
33515,1084,0,CV003_004,1800700
33516,52,0,CV003_004,1800752
33517,480,0,CV003_004,1801232
33518,800,0,CV003_004,1802032
33519,784,0,CV003_004,1802816
33520,724,0,CV003_004,1803540
33521,388,0,CV003_004,1803928
33522,436,0,CV003_004,1804364
33523,776,0,CV003_004,1805140
33524,144,0,CV003_004,1805284
33525,180,0,CV003_004,1805464
33526,432,0,CV003_004,1805896
33527,820,0,CV003_004,1806716
33528,536,0,CV003_004,1807252
33529,400,0,CV003_004,1807652
33530,204,0,CV003_004,1807856
33531,184,0,CV003_004,1808040
33532,772,0,CV003_004,1808812
33533,204,0,CV003_004,1809016
33534,316,0,CV003_004,1809332
33535,176,0,CV003_004,1809508
33536,292,0,CV003_004,1809800
33537,772,0,CV003_004,1810572
33538,712,0,CV003_004,1811284
33539,592,0,CV003_004,1811876
33540,40,0,CV003_004,1811916
33541,356,0,CV003_004,1812272
33542,580,0,CV003_004,1812852
33543,168,0,CV003_004,1813020
33544,348,0,CV003_004,1813368
33545,176,0,CV003_004,1813544
33546,80,0,CV003_004,1813624
33547,792,0,CV003_004,1814416
33548,572,0,CV003_004,1814988
33549,192,0,CV003_004,1815180
33550,656,0,CV003_004,1815836
33551,36,0,CV003_004,1815872
33552,296,0,CV003_004,1816168
33553,496,0,CV003_004,1816664
33554,652,0,CV003_004,1817316
33555,240,0,CV003_004,1817556
33556,728,0,CV003_004,1818284
33557,792,0,CV003_004,1819076
33558,500,0,CV003_004,1819576
33559,148,0,CV003_004,1819724
33560,244,0,CV003_004,1819968
33561,124,0,CV003_004,1820092
33562,464,0,CV003_004,1820556
33563,480,0,CV003_004,1821036
33564,236,0,CV003_004,1821272
33565,128,0,CV003_004,1821400
33566,772,0,CV003_004,1822172
33567,492,0,CV003_004,1822664
33568,240,0,CV003_004,1822904
33569,204,0,CV003_004,1823108
33570,228,0,CV003_004,1823336
33571,256,0,CV003_004,1823592
33572,392,0,CV003_004,1823984
33573,140,0,CV003_004,1824124
33574,268,0,CV003_004,1824392
33575,352,0,CV003_004,1824744
33576,164,0,CV003_004,1824908
33577,344,0,CV003_004,1825252
33578,776,0,CV003_004,1826028
33579,756,0,CV003_004,1826784
33580,568,0,CV003_004,1827352
33581,232,0,CV003_004,1827584
33582,356,0,CV003_004,1827940
33583,424,0,CV003_004,1828364
33584,240,0,CV003_004,1828604
33585,344,0,CV003_004,1828948
33586,240,0,CV003_004,1829188
33587,276,0,CV003_004,1829464
33588,560,0,CV003_004,1830024
33589,784,0,CV003_004,1830808
33590,356,0,CV003_004,1831164
33591,136,0,CV003_004,1831300
33592,396,0,CV003_004,1831696
33593,668,0,CV003_004,1832364
33594,856,0,CV003_004,1833220
33595,748,0,CV003_004,1833968
33596,108,0,CV003_004,1834076
33597,612,0,CV003_004,1834688
33598,148,0,CV003_004,1834836
33599,356,0,CV003_004,1835192
33600,192,0,CV003_004,1835384
33601,184,0,CV003_004,1835568
33602,356,0,CV003_004,1835924
33603,72,0,CV003_004,1835996
33604,440,0,CV003_004,1836436
33605,44,0,CV003_004,1836480
33606,812,0,CV003_004,1837292
33607,824,0,CV003_004,1838116
33608,804,0,CV003_004,1838920
33609,788,0,CV003_004,1839708
33610,776,0,CV003_004,1840484
33611,768,0,CV003_004,1841252
33612,708,0,CV003_004,1841960
33613,764,0,CV003_004,1842724
33614,780,0,CV003_004,1843504
33615,816,0,CV003_004,1844320
33616,836,0,CV003_004,1845156
33617,836,0,CV003_004,1845992
33618,816,0,CV003_004,1846808
33619,808,0,CV003_004,1847616
33620,844,0,CV003_004,1848460
33621,848,0,CV003_004,1849308
33622,820,0,CV003_004,1850128
33623,812,0,CV003_004,1850940
33624,840,0,CV003_004,1851780
33625,868,0,CV003_004,1852648
33626,864,0,CV003_004,1853512
33627,840,0,CV003_004,1854352
33628,824,0,CV003_004,1855176
33629,1756,0,CV003_004,1856932
33630,776,0,CV003_004,1857708
33631,872,0,CV003_004,1858580
33632,832,0,CV003_004,1859412
33633,860,0,CV003_004,1860272
33634,840,0,CV003_004,1861112
33635,824,0,CV003_004,1861936
33636,912,0,CV003_004,1862848
33637,820,0,CV003_004,1863668
33638,892,0,CV003_004,1864560
33639,828,0,CV003_004,1865388
33640,820,0,CV003_004,1866208
33641,848,0,CV003_004,1867056
33642,836,0,CV003_004,1867892
33643,816,0,CV003_004,1868708
33644,848,0,CV003_004,1869556
33645,844,0,CV003_004,1870400
33646,836,0,CV003_004,1871236
33647,820,0,CV003_004,1872056
33648,856,0,CV003_004,1872912
33649,844,0,CV003_004,1873756
33650,840,0,CV003_004,1874596
33651,864,0,CV003_004,1875460
33652,840,0,CV003_004,1876300
33653,844,0,CV003_004,1877144
33654,900,1,CV003_004,1878044
33655,796,0,CV003_004,1878840
33656,848,0,CV003_004,1879688
33657,860,0,CV003_004,1880548
33658,876,0,CV003_004,1881424
33659,816,0,CV003_004,1882240
33660,816,0,CV003_004,1883056
33661,172,0,CV003_004,1883228
33662,804,0,CV003_004,1884032
33663,244,0,CV003_004,1884276
33664,356,0,CV003_004,1884632
33665,188,0,CV003_004,1884820
33666,728,0,CV003_004,1885548
33667,272,0,CV003_004,1885820
33668,532,0,CV003_004,1886352
33669,852,0,CV003_004,1887204
33670,864,0,CV003_004,1888068
33671,844,0,CV003_004,1888912
33672,144,0,CV003_004,1889056
33673,692,0,CV003_004,1889748
33674,648,0,CV003_004,1890396
33675,652,0,CV003_004,1891048
33676,288,0,CV003_004,1891336
33677,152,0,CV003_004,1891488
33678,608,0,CV003_004,1892096
33679,136,0,CV003_004,1892232
33680,1236,0,CV003_004,1893468
33681,588,0,CV003_004,1894056
33682,792,0,CV003_004,1894848
33683,844,0,CV003_004,1895692
33684,420,0,CV003_004,1896112
33685,408,0,CV003_004,1896520
33686,924,0,CV003_004,1897444
33687,804,0,CV003_004,1898248
33688,820,0,CV003_004,1899068
33689,588,0,CV003_004,1899656
33690,232,0,CV003_004,1899888
33691,552,0,CV003_004,1900440
33692,316,0,CV003_004,1900756
33693,840,0,CV003_004,1901596
33694,488,0,CV003_004,1902084
33695,252,0,CV003_004,1902336
33696,236,0,CV003_004,1902572
33697,288,0,CV003_004,1902860
33698,260,0,CV003_004,1903120
33699,124,0,CV003_004,1903244
33700,460,0,CV003_004,1903704
33701,564,0,CV003_004,1904268
33702,280,0,CV003_004,1904548
33703,456,0,CV003_004,1905004
33704,508,0,CV003_004,1905512
33705,156,0,CV003_004,1905668
33706,940,0,CV003_004,1906608
33707,68,0,CV003_004,1906676
33708,380,0,CV003_004,1907056
33709,1464,0,CV003_004,1908520
33710,104,0,CV003_004,1908624
33711,232,0,CV003_004,1908856
33712,316,0,CV003_004,1909172
33713,848,0,CV003_004,1910020
33714,1724,0,CV003_004,1911744
33715,892,0,CV003_004,1912636
33716,1628,0,CV003_004,1914264
33717,892,0,CV003_004,1915156
33718,808,0,CV003_004,1915964
33719,276,0,CV003_004,1916240
33720,972,0,CV003_004,1917212
33721,264,0,CV003_004,1917476
33722,212,0,CV003_004,1917688
33723,288,0,CV003_004,1917976
33724,520,0,CV003_004,1918496
33725,48,0,CV003_004,1918544
33726,804,0,CV003_004,1919348
33727,888,0,CV003_004,1920236
33728,804,0,CV003_004,1921040
33729,840,0,CV003_004,1921880
33730,840,0,CV003_004,1922720
33731,832,0,CV003_004,1923552
33732,884,1,CV003_004,1924436
33733,780,0,CV003_004,1925216
33734,832,0,CV003_004,1926048
33735,824,0,CV003_004,1926872
33736,824,0,CV003_004,1927696
33737,816,0,CV003_004,1928512
33738,824,0,CV003_004,1929336
33739,888,0,CV003_004,1930224
33740,944,0,CV003_004,1931168
33741,36,0,CV003_004,1931204
33742,660,0,CV003_004,1931864
33743,444,0,CV003_004,1932308
33744,364,0,CV003_004,1932672
33745,52,0,CV003_004,1932724
33746,764,0,CV003_004,1933488
33747,304,0,CV003_004,1933792
33748,356,0,CV003_004,1934148
33749,600,0,CV003_004,1934748
33750,332,0,CV003_004,1935080
33751,484,0,CV003_004,1935564
33752,1112,0,CV003_004,1936676
33753,328,0,CV003_004,1937004
33754,468,0,CV003_004,1937472
33755,844,0,CV003_004,1938316
33756,756,0,CV003_004,1939072
33757,856,0,CV003_004,1939928
33758,744,0,CV003_004,1940672
33759,804,0,CV003_004,1941476
33760,800,0,CV003_004,1942276
33761,848,1,CV003_004,1943124
33762,756,0,CV003_004,1943880
33763,800,0,CV003_004,1944680
33764,796,0,CV003_004,1945476
33765,788,0,CV003_004,1946264
33766,792,0,CV003_004,1947056
33767,788,0,CV003_004,1947844
33768,788,0,CV003_004,1948632
33769,796,0,CV003_004,1949428
33770,824,0,CV003_004,1950252
33771,836,0,CV003_004,1951088
33772,828,0,CV003_004,1951916
33773,840,0,CV003_004,1952756
33774,852,0,CV003_004,1953608
33775,852,0,CV003_004,1954460
33776,856,0,CV003_004,1955316
33777,840,0,CV003_004,1956156
33778,860,0,CV003_004,1957016
33779,856,0,CV003_004,1957872
33780,852,0,CV003_004,1958724
33781,836,0,CV003_004,1959560
33782,880,1,CV003_004,1960440
33783,792,0,CV003_004,1961232
33784,836,0,CV003_004,1962068
33785,836,0,CV003_004,1962904
33786,832,0,CV003_004,1963736
33787,820,0,CV003_004,1964556
33788,824,0,CV003_004,1965380
33789,852,0,CV003_004,1966232
33790,848,0,CV003_004,1967080
33791,856,0,CV003_004,1967936
33792,844,0,CV003_004,1968780
33793,848,0,CV003_004,1969628
33794,824,0,CV003_004,1970452
33795,840,0,CV003_004,1971292
33796,832,0,CV003_004,1972124
33797,836,0,CV003_004,1972960
33798,824,0,CV003_004,1973784
33799,812,0,CV003_004,1974596
33800,820,0,CV003_004,1975416
33801,824,0,CV003_004,1976240
33802,820,0,CV003_004,1977060
33803,820,0,CV003_004,1977880
33804,816,0,CV003_004,1978696
33805,828,0,CV003_004,1979524
33806,836,0,CV003_004,1980360
33807,844,0,CV003_004,1981204
33808,848,0,CV003_004,1982052
33809,832,0,CV003_004,1982884
33810,828,0,CV003_004,1983712
33811,836,0,CV003_004,1984548
33812,840,0,CV003_004,1985388
33813,844,0,CV003_004,1986232
33814,840,0,CV003_004,1987072
33815,844,0,CV003_004,1987916
33816,840,0,CV003_004,1988756
33817,852,0,CV003_004,1989608
33818,856,0,CV003_004,1990464
33819,856,0,CV003_004,1991320
33820,848,0,CV003_004,1992168
33821,840,0,CV003_004,1993008
33822,844,0,CV003_004,1993852
33823,840,0,CV003_004,1994692
33824,832,0,CV003_004,1995524
33825,832,0,CV003_004,1996356
33826,832,0,CV003_004,1997188
33827,836,0,CV003_004,1998024
33828,848,0,CV003_004,1998872
33829,844,0,CV003_004,1999716
33830,836,0,CV003_004,2000552
33831,832,0,CV003_004,2001384
33832,844,0,CV003_004,2002228
33833,852,0,CV003_004,2003080
33834,856,0,CV003_004,2003936
33835,856,0,CV003_004,2004792
33836,844,0,CV003_004,2005636
33837,844,0,CV003_004,2006480
33838,836,0,CV003_004,2007316
33839,856,0,CV003_004,2008172
33840,860,0,CV003_004,2009032
33841,864,0,CV003_004,2009896
33842,860,0,CV003_004,2010756
33843,856,0,CV003_004,2011612
33844,836,0,CV003_004,2012448
33845,848,0,CV003_004,2013296
33846,860,0,CV003_004,2014156
33847,872,0,CV003_004,2015028
33848,872,0,CV003_004,2015900
33849,852,0,CV003_004,2016752
33850,848,0,CV003_004,2017600
33851,856,0,CV003_004,2018456
33852,856,0,CV003_004,2019312
33853,852,0,CV003_004,2020164
33854,848,0,CV003_004,2021012
33855,852,0,CV003_004,2021864
33856,832,0,CV003_004,2022696
33857,820,0,CV003_004,2023516
33858,808,0,CV003_004,2024324
33859,832,0,CV003_004,2025156
33860,820,0,CV003_004,2025976
33861,848,0,CV003_004,2026824
33862,832,0,CV003_004,2027656
33863,832,0,CV003_004,2028488
33864,872,0,CV003_004,2029360
33865,860,0,CV003_004,2030220
33866,844,0,CV003_004,2031064
33867,876,0,CV003_004,2031940
33868,928,0,CV003_004,2032868
33869,928,0,CV003_004,2033796
33870,896,0,CV003_004,2034692
33871,904,0,CV003_004,2035596
33872,936,0,CV003_004,2036532
33873,912,0,CV003_004,2037444
33874,884,0,CV003_004,2038328
33875,904,0,CV003_004,2039232
33876,892,0,CV003_004,2040124
33877,900,0,CV003_004,2041024
33878,876,0,CV003_004,2041900
33879,896,0,CV003_004,2042796
33880,944,0,CV003_004,2043740
33881,928,0,CV003_004,2044668
33882,928,0,CV003_004,2045596
33883,908,0,CV003_004,2046504
33884,912,0,CV003_004,2047416
33885,920,0,CV003_004,2048336
33886,920,0,CV003_004,2049256
33887,908,0,CV003_004,2050164
33888,892,0,CV003_004,2051056
33889,880,0,CV003_004,2051936
33890,888,0,CV003_004,2052824
33891,888,0,CV003_004,2053712
33892,880,0,CV003_004,2054592
33893,904,1,CV003_004,2055496
33894,808,0,CV003_004,2056304
33895,888,0,CV003_004,2057192
33896,884,0,CV003_004,2058076
33897,864,0,CV003_004,2058940
33898,900,0,CV003_004,2059840
33899,896,0,CV003_004,2060736
33900,900,0,CV003_004,2061636
33901,916,0,CV003_004,2062552
33902,920,0,CV003_004,2063472
33903,896,0,CV003_004,2064368
33904,888,0,CV003_004,2065256
33905,904,0,CV003_004,2066160
33906,896,0,CV003_004,2067056
33907,880,0,CV003_004,2067936
33908,880,0,CV003_004,2068816
33909,868,0,CV003_004,2069684
33910,876,0,CV003_004,2070560
33911,932,1,CV003_004,2071492
33912,840,0,CV003_004,2072332
33913,920,0,CV003_004,2073252
33914,916,0,CV003_004,2074168
33915,896,0,CV003_004,2075064
33916,880,0,CV003_004,2075944
33917,888,0,CV003_004,2076832
33918,884,0,CV003_004,2077716
33919,876,0,CV003_004,2078592
33920,588,0,CV0044_001,588
33921,896,0,CV0044_001,1484
33922,816,0,CV0044_001,2300
33923,764,0,CV0044_001,3064
33924,764,0,CV0044_001,3828
33925,720,0,CV0044_001,4548
33926,808,0,CV0044_001,5356
33927,760,0,CV0044_001,6116
33928,768,0,CV0044_001,6884
33929,704,0,CV0044_001,7588
33930,808,0,CV0044_001,8396
33931,748,0,CV0044_001,9144
33932,752,0,CV0044_001,9896
33933,692,0,CV0044_001,10588
33934,796,0,CV0044_001,11384
33935,744,0,CV0044_001,12128
33936,736,0,CV0044_001,12864
33937,736,0,CV0044_001,13600
33938,740,0,CV0044_001,14340
33939,688,0,CV0044_001,15028
33940,784,0,CV0044_001,15812
33941,728,0,CV0044_001,16540
33942,740,0,CV0044_001,17280
33943,732,0,CV0044_001,18012
33944,728,0,CV0044_001,18740
33945,732,0,CV0044_001,19472
33946,732,0,CV0044_001,20204
33947,736,0,CV0044_001,20940
33948,1452,0,CV0044_001,22392
33949,728,0,CV0044_001,23120
33950,676,0,CV0044_001,23796
33951,596,0,CV0044_001,24392
33952,132,0,CV0044_001,24524
33953,772,0,CV0044_001,25296
33954,724,0,CV0044_001,26020
33955,728,0,CV0044_001,26748
33956,728,0,CV0044_001,27476
33957,732,0,CV0044_001,28208
33958,724,0,CV0044_001,28932
33959,472,0,CV0044_001,29404
33960,204,0,CV0044_001,29608
33961,776,0,CV0044_001,30384
33962,416,0,CV0044_001,30800
33963,204,0,CV0044_001,31004
33964,168,0,CV0044_001,31172
33965,676,0,CV0044_001,31848
33966,756,0,CV0044_001,32604
33967,756,0,CV0044_001,33360
33968,760,0,CV0044_001,34120
33969,776,0,CV0044_001,34896
33970,908,1,CV0044_001,35804
33971,644,0,CV0044_001,36448
33972,788,0,CV0044_001,37236
33973,780,0,CV0044_001,38016
33974,788,0,CV0044_001,38804
33975,792,0,CV0044_001,39596
33976,780,0,CV0044_001,40376
33977,780,0,CV0044_001,41156
33978,780,0,CV0044_001,41936
33979,772,0,CV0044_001,42708
33980,768,0,CV0044_001,43476
33981,764,0,CV0044_001,44240
33982,760,0,CV0044_001,45000
33983,764,0,CV0044_001,45764
33984,764,0,CV0044_001,46528
33985,768,0,CV0044_001,47296
33986,772,0,CV0044_001,48068
33987,764,0,CV0044_001,48832
33988,764,0,CV0044_001,49596
33989,744,0,CV0044_001,50340
33990,452,0,CV0044_001,50792
33991,1052,0,CV0044_001,51844
33992,164,0,CV0044_001,52008
33993,592,0,CV0044_001,52600
33994,736,0,CV0044_001,53336
33995,772,0,CV0044_001,54108
33996,764,0,CV0044_001,54872
33997,760,0,CV0044_001,55632
33998,768,0,CV0044_001,56400
33999,768,0,CV0044_001,57168
34000,772,0,CV0044_001,57940
34001,1528,0,CV0044_001,59468
34002,776,0,CV0044_001,60244
34003,1552,0,CV0044_001,61796
34004,776,0,CV0044_001,62572
34005,776,0,CV0044_001,63348
34006,772,0,CV0044_001,64120
34007,692,0,CV0044_001,64812
34008,76,0,CV0044_001,64888
34009,1604,0,CV0044_001,66492
34010,684,0,CV0044_001,67176
34011,756,0,CV0044_001,67932
34012,1524,0,CV0044_001,69456
34013,772,0,CV0044_001,70228
34014,696,0,CV0044_001,70924
34015,832,0,CV0044_001,71756
34016,760,0,CV0044_001,72516
34017,708,0,CV0044_001,73224
34018,812,0,CV0044_001,74036
34019,776,0,CV0044_001,74812
34020,772,0,CV0044_001,75584
34021,772,0,CV0044_001,76356
34022,772,0,CV0044_001,77128
34023,772,0,CV0044_001,77900
34024,720,0,CV0044_001,78620
34025,836,0,CV0044_001,79456
34026,780,0,CV0044_001,80236
34027,780,0,CV0044_001,81016
34028,788,0,CV0044_001,81804
34029,776,0,CV0044_001,82580
34030,784,0,CV0044_001,83364
34031,780,0,CV0044_001,84144
34032,668,0,CV0044_001,84812
34033,820,0,CV0044_001,85632
34034,836,0,CV0044_001,86468
34035,768,0,CV0044_001,87236
34036,768,0,CV0044_001,88004
34037,760,0,CV0044_001,88764
34038,760,0,CV0044_001,89524
34039,760,0,CV0044_001,90284
34040,756,0,CV0044_001,91040
34041,752,0,CV0044_001,91792
34042,760,0,CV0044_001,92552
34043,756,0,CV0044_001,93308
34044,160,0,CV0044_001,93468
34045,596,0,CV0044_001,94064
34046,748,0,CV0044_001,94812
34047,760,0,CV0044_001,95572
34048,752,0,CV0044_001,96324
34049,752,0,CV0044_001,97076
34050,748,0,CV0044_001,97824
34051,752,0,CV0044_001,98576
34052,752,0,CV0044_001,99328
34053,760,0,CV0044_001,100088
34054,764,0,CV0044_001,100852
34055,752,0,CV0044_001,101604
34056,756,0,CV0044_001,102360
34057,748,0,CV0044_001,103108
34058,756,0,CV0044_001,103864
34059,756,0,CV0044_001,104620
34060,752,0,CV0044_001,105372
34061,752,0,CV0044_001,106124
34062,752,0,CV0044_001,106876
34063,764,0,CV0044_001,107640
34064,752,0,CV0044_001,108392
34065,748,0,CV0044_001,109140
34066,708,0,CV0044_001,109848
34067,812,0,CV0044_001,110660
34068,772,0,CV0044_001,111432
34069,764,0,CV0044_001,112196
34070,764,0,CV0044_001,112960
34071,1532,0,CV0044_001,114492
34072,756,0,CV0044_001,115248
34073,760,0,CV0044_001,116008
34074,756,0,CV0044_001,116764
34075,756,0,CV0044_001,117520
34076,752,0,CV0044_001,118272
34077,752,0,CV0044_001,119024
34078,1508,0,CV0044_001,120532
34079,764,0,CV0044_001,121296
34080,756,0,CV0044_001,122052
34081,764,0,CV0044_001,122816
34082,760,0,CV0044_001,123576
34083,756,0,CV0044_001,124332
34084,772,0,CV0044_001,125104
34085,708,0,CV0044_001,125812
34086,48,0,CV0044_001,125860
34087,760,0,CV0044_001,126620
34088,756,0,CV0044_001,127376
34089,760,0,CV0044_001,128136
34090,764,0,CV0044_001,128900
34091,764,0,CV0044_001,129664
34092,768,0,CV0044_001,130432
34093,756,0,CV0044_001,131188
34094,760,0,CV0044_001,131948
34095,704,0,CV0044_001,132652
34096,800,0,CV0044_001,133452
34097,752,0,CV0044_001,134204
34098,752,0,CV0044_001,134956
34099,704,0,CV0044_001,135660
34100,796,0,CV0044_001,136456
34101,744,0,CV0044_001,137200
34102,736,0,CV0044_001,137936
34103,1480,0,CV0044_001,139416
34104,740,0,CV0044_001,140156
34105,740,0,CV0044_001,140896
34106,740,0,CV0044_001,141636
34107,740,0,CV0044_001,142376
34108,740,0,CV0044_001,143116
34109,740,0,CV0044_001,143856
34110,748,0,CV0044_001,144604
34111,748,0,CV0044_001,145352
34112,748,0,CV0044_001,146100
34113,748,0,CV0044_001,146848
34114,744,0,CV0044_001,147592
34115,740,0,CV0044_001,148332
34116,736,0,CV0044_001,149068
34117,764,0,CV0044_001,149832
34118,756,0,CV0044_001,150588
34119,748,0,CV0044_001,151336
34120,756,0,CV0044_001,152092
34121,752,0,CV0044_001,152844
34122,760,0,CV0044_001,153604
34123,764,0,CV0044_001,154368
34124,764,0,CV0044_001,155132
34125,760,0,CV0044_001,155892
34126,760,0,CV0044_001,156652
34127,756,0,CV0044_001,157408
34128,756,0,CV0044_001,158164
34129,760,0,CV0044_001,158924
34130,756,0,CV0044_001,159680
34131,760,0,CV0044_001,160440
34132,752,0,CV0044_001,161192
34133,752,0,CV0044_001,161944
34134,752,0,CV0044_001,162696
34135,756,0,CV0044_001,163452
34136,752,0,CV0044_001,164204
34137,752,0,CV0044_001,164956
34138,708,0,CV0044_001,165664
34139,796,0,CV0044_001,166460
34140,744,0,CV0044_001,167204
34141,468,0,CV0044_001,167672
34142,280,0,CV0044_001,167952
34143,1496,0,CV0044_001,169448
34144,756,0,CV0044_001,170204
34145,748,0,CV0044_001,170952
34146,1496,0,CV0044_001,172448
34147,752,0,CV0044_001,173200
34148,752,0,CV0044_001,173952
34149,1508,0,CV0044_001,175460
34150,756,0,CV0044_001,176216
34151,756,0,CV0044_001,176972
34152,708,0,CV0044_001,177680
34153,808,0,CV0044_001,178488
34154,760,0,CV0044_001,179248
34155,784,0,CV0044_001,180032
34156,1556,0,CV0044_001,181588
34157,772,0,CV0044_001,182360
34158,776,0,CV0044_001,183136
34159,776,0,CV0044_001,183912
34160,768,0,CV0044_001,184680
34161,768,0,CV0044_001,185448
34162,764,0,CV0044_001,186212
34163,768,0,CV0044_001,186980
34164,708,0,CV0044_001,187688
34165,816,0,CV0044_001,188504
34166,760,0,CV0044_001,189264
34167,756,0,CV0044_001,190020
34168,760,0,CV0044_001,190780
34169,756,0,CV0044_001,191536
34170,764,0,CV0044_001,192300
34171,768,0,CV0044_001,193068
34172,764,0,CV0044_001,193832
34173,764,0,CV0044_001,194596
34174,768,0,CV0044_001,195364
34175,768,0,CV0044_001,196132
34176,764,0,CV0044_001,196896
34177,760,0,CV0044_001,197656
34178,760,0,CV0044_001,198416
34179,760,0,CV0044_001,199176
34180,760,0,CV0044_001,199936
34181,756,0,CV0044_001,200692
34182,760,0,CV0044_001,201452
34183,760,0,CV0044_001,202212
34184,764,0,CV0044_001,202976
34185,1572,0,CV0044_001,204548
34186,792,0,CV0044_001,205340
34187,784,0,CV0044_001,206124
34188,784,0,CV0044_001,206908
34189,780,0,CV0044_001,207688
34190,780,0,CV0044_001,208468
34191,768,0,CV0044_001,209236
34192,768,0,CV0044_001,210004
34193,644,0,CV0044_001,210648
34194,116,0,CV0044_001,210764
34195,768,0,CV0044_001,211532
34196,756,0,CV0044_001,212288
34197,768,0,CV0044_001,213056
34198,1512,0,CV0044_001,214568
34199,748,0,CV0044_001,215316
34200,736,0,CV0044_001,216052
34201,92,0,CV0044_001,216144
34202,656,0,CV0044_001,216800
34203,744,0,CV0044_001,217544
34204,164,0,CV0044_001,217708
34205,140,0,CV0044_001,217848
34206,432,0,CV0044_001,218280
34207,732,0,CV0044_001,219012
34208,688,0,CV0044_001,219700
34209,2272,0,CV0044_001,221972
34210,736,0,CV0044_001,222708
34211,752,0,CV0044_001,223460
34212,736,0,CV0044_001,224196
34213,740,0,CV0044_001,224936
34214,752,0,CV0044_001,225688
34215,736,0,CV0044_001,226424
34216,280,0,CV0044_001,226704
34217,460,0,CV0044_001,227164
34218,736,0,CV0044_001,227900
34219,748,0,CV0044_001,228648
34220,748,0,CV0044_001,229396
34221,740,0,CV0044_001,230136
34222,748,0,CV0044_001,230884
34223,744,0,CV0044_001,231628
34224,748,0,CV0044_001,232376
34225,748,0,CV0044_001,233124
34226,744,0,CV0044_001,233868
34227,744,0,CV0044_001,234612
34228,740,0,CV0044_001,235352
34229,744,0,CV0044_001,236096
34230,1480,0,CV0044_001,237576
34231,740,0,CV0044_001,238316
34232,740,0,CV0044_001,239056
34233,744,0,CV0044_001,239800
34234,748,0,CV0044_001,240548
34235,752,0,CV0044_001,241300
34236,752,0,CV0044_001,242052
34237,1516,0,CV0044_001,243568
34238,748,0,CV0044_001,244316
34239,748,0,CV0044_001,245064
34240,748,0,CV0044_001,245812
34241,748,0,CV0044_001,246560
34242,744,0,CV0044_001,247304
34243,744,0,CV0044_001,248048
34244,1488,0,CV0044_001,249536
34245,748,0,CV0044_001,250284
34246,740,0,CV0044_001,251024
34247,688,0,CV0044_001,251712
34248,784,0,CV0044_001,252496
34249,740,0,CV0044_001,253236
34250,736,0,CV0044_001,253972
34251,740,0,CV0044_001,254712
34252,740,0,CV0044_001,255452
34253,740,0,CV0044_001,256192
34254,524,0,CV0044_001,256716
34255,220,0,CV0044_001,256936
34256,744,0,CV0044_001,257680
34257,740,0,CV0044_001,258420
34258,740,0,CV0044_001,259160
34259,748,0,CV0044_001,259908
34260,748,0,CV0044_001,260656
34261,744,0,CV0044_001,261400
34262,740,0,CV0044_001,262140
34263,748,0,CV0044_001,262888
34264,744,0,CV0044_001,263632
34265,748,0,CV0044_001,264380
34266,748,0,CV0044_001,265128
34267,752,0,CV0044_001,265880
34268,752,0,CV0044_001,266632
34269,744,0,CV0044_001,267376
34270,748,0,CV0044_001,268124
34271,744,0,CV0044_001,268868
34272,740,0,CV0044_001,269608
34273,736,0,CV0044_001,270344
34274,692,0,CV0044_001,271036
34275,788,0,CV0044_001,271824
34276,740,0,CV0044_001,272564
34277,752,0,CV0044_001,273316
34278,740,0,CV0044_001,274056
34279,1496,0,CV0044_001,275552
34280,756,0,CV0044_001,276308
34281,756,0,CV0044_001,277064
34282,1512,0,CV0044_001,278576
34283,752,0,CV0044_001,279328
34284,760,0,CV0044_001,280088
34285,756,0,CV0044_001,280844
34286,1000,0,CV0048_004,1000
34287,1032,0,CV0048_004,2032
34288,972,0,CV0048_004,3004
34289,1096,0,CV0048_004,4100
34290,1004,0,CV0048_004,5104
34291,1100,0,CV0048_004,6204
34292,1080,0,CV0048_004,7284
34293,1040,0,CV0048_004,8324
34294,1152,0,CV0048_004,9476
34295,1044,0,CV0048_004,10520
34296,1124,0,CV0048_004,11644
34297,996,0,CV0048_004,12640
34298,1088,0,CV0048_004,13728
34299,1076,0,CV0048_004,14804
34300,1076,0,CV0048_004,15880
34301,1016,0,CV0048_004,16896
34302,1112,0,CV0048_004,18008
34303,1024,0,CV0048_004,19032
34304,1120,0,CV0048_004,20152
34305,1096,0,CV0048_004,21248
34306,1072,0,CV0048_004,22320
34307,1036,0,CV0048_004,23356
34308,1108,0,CV0048_004,24464
34309,1048,0,CV0048_004,25512
34310,1072,0,CV0048_004,26584
34311,1156,1,CV0048_004,27740
34312,1016,0,CV0048_004,28756
34313,1060,0,CV0048_004,29816
34314,1044,0,CV0048_004,30860
34315,1028,0,CV0048_004,31888
34316,1116,0,CV0048_004,33004
34317,1000,0,CV0048_004,34004
34318,1072,0,CV0048_004,35076
34319,996,0,CV0048_004,36072
34320,1068,0,CV0048_004,37140
34321,980,0,CV0048_004,38120
34322,972,0,CV0048_004,39092
34323,1076,0,CV0048_004,40168
34324,1036,0,CV0048_004,41204
34325,1028,0,CV0048_004,42232
34326,944,0,CV0048_004,43176
34327,1012,0,CV0048_004,44188
34328,908,0,CV0048_004,45096
34329,1044,0,CV0048_004,46140
34330,980,0,CV0048_004,47120
34331,1064,0,CV0048_004,48184
34332,1032,0,CV0048_004,49216
34333,960,0,CV0048_004,50176
34334,1084,0,CV0048_004,51260
34335,920,0,CV0048_004,52180
34336,1016,0,CV0048_004,53196
34337,1044,0,CV0048_004,54240
34338,1036,0,CV0048_004,55276
34339,1068,0,CV0048_004,56344
34340,1040,0,CV0048_004,57384
34341,1064,0,CV0048_004,58448
34342,1016,0,CV0048_004,59464
34343,1032,0,CV0048_004,60496
34344,1076,0,CV0048_004,61572
34345,1004,0,CV0048_004,62576
34346,1028,0,CV0048_004,63604
34347,1100,0,CV0048_004,64704
34348,1024,0,CV0048_004,65728
34349,1052,0,CV0048_004,66780
34350,956,0,CV0048_004,67736
34351,1052,0,CV0048_004,68788
34352,1000,0,CV0048_004,69788
34353,1052,0,CV0048_004,70840
34354,1036,0,CV0048_004,71876
34355,1044,0,CV0048_004,72920
34356,1096,1,CV0048_004,74016
34357,1012,0,CV0048_004,75028
34358,1072,0,CV0048_004,76100
34359,1060,0,CV0048_004,77160
34360,1032,0,CV0048_004,78192
34361,1032,0,CV0048_004,79224
34362,1048,0,CV0048_004,80272
34363,1000,0,CV0048_004,81272
34364,1024,0,CV0048_004,82296
34365,920,0,CV0048_004,83216
34366,1064,0,CV0048_004,84280
34367,936,0,CV0048_004,85216
34368,1064,0,CV0048_004,86280
34369,956,0,CV0048_004,87236
34370,1052,0,CV0048_004,88288
34371,1008,0,CV0048_004,89296
34372,1096,0,CV0048_004,90392
34373,1000,0,CV0048_004,91392
34374,1016,0,CV0048_004,92408
34375,1056,0,CV0048_004,93464
34376,1028,0,CV0048_004,94492
34377,1020,0,CV0048_004,95512
34378,984,0,CV0048_004,96496
34379,1196,0,CV0048_004,97692
34380,1224,0,CV0048_004,98916
34381,1100,0,CV0048_004,100016
34382,1144,0,CV0048_004,101160
34383,1084,0,CV0048_004,102244
34384,1080,0,CV0048_004,103324
34385,1164,0,CV0048_004,104488
34386,1060,0,CV0048_004,105548
34387,1060,0,CV0048_004,106608
34388,1084,0,CV0048_004,107692
34389,1168,0,CV0048_004,108860
34390,1112,0,CV0048_004,109972
34391,1084,0,CV0048_004,111056
34392,1068,0,CV0048_004,112124
34393,1056,0,CV0048_004,113180
34394,1028,0,CV0048_004,114208
34395,1068,0,CV0048_004,115276
34396,1092,0,CV0048_004,116368
34397,1052,0,CV0048_004,117420
34398,1076,0,CV0048_004,118496
34399,1032,0,CV0048_004,119528
34400,1064,0,CV0048_004,120592
34401,1036,0,CV0048_004,121628
34402,1008,0,CV0048_004,122636
34403,1080,0,CV0048_004,123716
34404,1012,0,CV0048_004,124728
34405,1064,0,CV0048_004,125792
34406,1036,0,CV0048_004,126828
34407,1000,0,CV0048_004,127828
34408,992,0,CV0048_004,128820
34409,980,0,CV0048_004,129800
34410,992,0,CV0048_004,130792
34411,988,0,CV0048_004,131780
34412,984,0,CV0048_004,132764
34413,1004,0,CV0048_004,133768
34414,964,0,CV0048_004,134732
34415,988,0,CV0048_004,135720
34416,912,0,CV0048_004,136632
34417,1016,0,CV0048_004,137648
34418,912,0,CV0048_004,138560
34419,1024,0,CV0048_004,139584
34420,944,0,CV0048_004,140528
34421,900,0,CV0048_004,141428
34422,1016,0,CV0048_004,142444
34423,984,0,CV0048_004,143428
34424,984,0,CV0048_004,144412
34425,1036,0,CV0048_004,145448
34426,996,0,CV0048_004,146444
34427,976,0,CV0048_004,147420
34428,1000,0,CV0048_004,148420
34429,1004,0,CV0048_004,149424
34430,988,0,CV0048_004,150412
34431,1084,0,CV0048_004,151496
34432,1008,0,CV0048_004,152504
34433,1076,0,CV0048_004,153580
34434,992,0,CV0048_004,154572
34435,1116,0,CV0048_004,155688
34436,1020,0,CV0048_004,156708
34437,1076,0,CV0048_004,157784
34438,1060,0,CV0048_004,158844
34439,1052,0,CV0048_004,159896
34440,988,0,CV0048_004,160884
34441,1084,0,CV0048_004,161968
34442,988,0,CV0048_004,162956
34443,940,0,CV0048_004,163896
34444,948,0,CV0048_004,164844
34445,968,0,CV0048_004,165812
34446,892,0,CV0048_004,166704
34447,976,0,CV0048_004,167680
34448,952,0,CV0048_004,168632
34449,964,0,CV0048_004,169596
34450,968,0,CV0048_004,170564
34451,1028,0,CV0048_004,171592
34452,984,0,CV0048_004,172576
34453,996,0,CV0048_004,173572
34454,980,0,CV0048_004,174552
34455,1020,0,CV0048_004,175572
34456,984,0,CV0048_004,176556
34457,1060,0,CV0048_004,177616
34458,928,0,CV0048_004,178544
34459,1068,0,CV0048_004,179612
34460,980,0,CV0048_004,180592
34461,1072,0,CV0048_004,181664
34462,1044,0,CV0048_004,182708
34463,928,0,CV0048_004,183636
34464,972,0,CV0048_004,184608
34465,1108,0,CV0048_004,185716
34466,992,0,CV0048_004,186708
34467,1060,0,CV0048_004,187768
34468,1184,0,CV0048_004,188952
34469,1016,0,CV0048_004,189968
34470,1080,0,CV0048_004,191048
34471,1048,0,CV0048_004,192096
34472,1088,0,CV0048_004,193184
34473,1132,0,CV0048_004,194316
34474,1000,0,CV0048_004,195316
34475,1140,0,CV0048_004,196456
34476,992,0,CV0048_004,197448
34477,1104,0,CV0048_004,198552
34478,1016,0,CV0048_004,199568
34479,1056,0,CV0048_004,200624
34480,948,0,CV0048_004,201572
34481,1032,0,CV0048_004,202604
34482,1056,0,CV0048_004,203660
34483,940,0,CV0048_004,204600
34484,1080,0,CV0048_004,205680
34485,940,0,CV0048_004,206620
34486,1076,0,CV0048_004,207696
34487,936,0,CV0048_004,208632
34488,1072,0,CV0048_004,209704
34489,964,0,CV0048_004,210668
34490,1028,0,CV0048_004,211696
34491,932,0,CV0048_004,212628
34492,1140,0,CV0048_004,213768
34493,1012,0,CV0048_004,214780
34494,956,0,CV0048_004,215736
34495,1068,0,CV0048_004,216804
34496,940,0,CV0048_004,217744
34497,1088,0,CV0048_004,218832
34498,948,0,CV0048_004,219780
34499,1016,0,CV0048_004,220796
34500,1040,0,CV0048_004,221836
34501,932,0,CV0048_004,222768
34502,1056,0,CV0048_004,223824
34503,940,0,CV0048_004,224764
34504,1040,0,CV0048_004,225804
34505,972,0,CV0048_004,226776
34506,1012,0,CV0048_004,227788
34507,980,0,CV0048_004,228768
34508,1008,0,CV0048_004,229776
34509,1004,0,CV0048_004,230780
34510,1048,0,CV0048_004,231828
34511,980,0,CV0048_004,232808
34512,1064,0,CV0048_004,233872
34513,984,0,CV0048_004,234856
34514,956,0,CV0048_004,235812
34515,1048,0,CV0048_004,236860
34516,904,0,CV0048_004,237764
34517,1048,0,CV0048_004,238812
34518,932,0,CV0048_004,239744
34519,1060,0,CV0048_004,240804
34520,1012,0,CV0048_004,241816
34521,960,0,CV0048_004,242776
34522,1052,0,CV0048_004,243828
34523,936,0,CV0048_004,244764
34524,1044,0,CV0048_004,245808
34525,988,0,CV0048_004,246796
34526,996,0,CV0048_004,247792
34527,980,0,CV0048_004,248772
34528,1008,0,CV0048_004,249780
34529,1000,0,CV0048_004,250780
34530,1036,0,CV0048_004,251816
34531,1000,0,CV0048_004,252816
34532,940,0,CV0048_004,253756
34533,1036,0,CV0048_004,254792
34534,904,0,CV0048_004,255696
34535,1048,0,CV0048_004,256744
34536,964,0,CV0048_004,257708
34537,924,0,CV0048_004,258632
34538,944,0,CV0048_004,259576
34539,984,0,CV0048_004,260560
34540,1000,0,CV0048_004,261560
34541,996,0,CV0048_004,262556
34542,1000,0,CV0048_004,263556
34543,996,0,CV0048_004,264552
34544,1012,0,CV0048_004,265564
34545,912,0,CV0048_004,266476
34546,996,0,CV0048_004,267472
34547,984,0,CV0048_004,268456
34548,1052,1,CV0048_004,269508
34549,940,0,CV0048_004,270448
34550,1012,0,CV0048_004,271460
34551,984,0,CV0048_004,272444
34552,976,0,CV0048_004,273420
34553,952,0,CV0048_004,274372
34554,1064,0,CV0048_004,275436
34555,984,0,CV0048_004,276420
34556,1020,0,CV0048_004,277440
34557,976,0,CV0048_004,278416
34558,1084,0,CV0048_004,279500
34559,984,0,CV0048_004,280484
34560,1100,0,CV0048_004,281584
34561,1000,0,CV0048_004,282584
34562,1000,0,CV0048_004,283584
34563,916,0,CV0048_004,284500
34564,1016,0,CV0048_004,285516
34565,960,0,CV0048_004,286476
34566,1012,0,CV0048_004,287488
34567,1084,0,CV0048_004,288572
34568,1020,0,CV0048_004,289592
34569,1020,0,CV0048_004,290612
34570,960,0,CV0048_004,291572
34571,1068,0,CV0048_004,292640
34572,976,0,CV0048_004,293616
34573,1020,0,CV0048_004,294636
34574,972,0,CV0048_004,295608
34575,992,0,CV0048_004,296600
34576,896,0,CV0048_004,297496
34577,984,0,CV0048_004,298480
34578,1008,0,CV0048_004,299488
34579,984,0,CV0048_004,300472
34580,980,0,CV0048_004,301452
34581,1000,0,CV0048_004,302452
34582,984,0,CV0048_004,303436
34583,992,0,CV0048_004,304428
34584,916,0,CV0048_004,305344
34585,1032,0,CV0048_004,306376
34586,980,0,CV0048_004,307356
34587,980,0,CV0048_004,308336
34588,1012,0,CV0048_004,309348
34589,1016,0,CV0048_004,310364
34590,1012,0,CV0048_004,311376
34591,1080,0,CV0048_004,312456
34592,996,0,CV0048_004,313452
34593,1072,0,CV0048_004,314524
34594,1024,0,CV0048_004,315548
34595,984,0,CV0048_004,316532
34596,924,0,CV0048_004,317456
34597,996,0,CV0048_004,318452
34598,996,0,CV0048_004,319448
34599,1044,0,CV0048_004,320492
34600,1016,0,CV0048_004,321508
34601,988,0,CV0048_004,322496
34602,1028,0,CV0048_004,323524
34603,996,0,CV0048_004,324520
34604,1012,0,CV0048_004,325532
34605,968,0,CV0048_004,326500
34606,1100,0,CV0048_004,327600
34607,1008,0,CV0048_004,328608
34608,1004,0,CV0048_004,329612
34609,1060,0,CV0048_004,330672
34610,1024,0,CV0048_004,331696
34611,1132,0,CV0048_004,332828
34612,984,0,CV0048_004,333812
34613,1048,0,CV0048_004,334860
34614,1064,0,CV0048_004,335924
34615,992,0,CV0048_004,336916
34616,1060,0,CV0048_004,337976
34617,944,0,CV0048_004,338920
34618,992,0,CV0048_004,339912
34619,1080,0,CV0048_004,340992
34620,988,0,CV0048_004,341980
34621,1020,0,CV0048_004,343000
34622,1012,0,CV0048_004,344012
34623,1016,0,CV0048_004,345028
34624,964,0,CV0048_004,345992
34625,1048,0,CV0048_004,347040
34626,980,0,CV0048_004,348020
34627,984,0,CV0048_004,349004
34628,1012,0,CV0048_004,350016
34629,988,0,CV0048_004,351004
34630,1000,0,CV0048_004,352004
34631,972,0,CV0048_004,352976
34632,976,0,CV0048_004,353952
34633,956,0,CV0048_004,354908
34634,964,0,CV0048_004,355872
34635,1040,0,CV0048_004,356912
34636,1008,0,CV0048_004,357920
34637,936,0,CV0048_004,358856
34638,1056,0,CV0048_004,359912
34639,908,0,CV0048_004,360820
34640,1060,0,CV0048_004,361880
34641,992,0,CV0048_004,362872
34642,996,0,CV0048_004,363868
34643,996,0,CV0048_004,364864
34644,996,0,CV0048_004,365860
34645,1016,0,CV0048_004,366876
34646,1012,0,CV0048_004,367888
34647,984,0,CV0048_004,368872
34648,1000,0,CV0048_004,369872
34649,1000,0,CV0048_004,370872
34650,988,0,CV0048_004,371860
34651,944,0,CV0048_004,372804
34652,1056,0,CV0048_004,373860
34653,948,0,CV0048_004,374808
34654,1036,0,CV0048_004,375844
34655,1020,0,CV0048_004,376864
34656,988,0,CV0048_004,377852
34657,936,0,CV0048_004,378788
34658,1036,0,CV0048_004,379824
34659,1004,0,CV0048_004,380828
34660,1008,0,CV0048_004,381836
34661,992,0,CV0048_004,382828
34662,1032,0,CV0048_004,383860
34663,976,0,CV0048_004,384836
34664,992,0,CV0048_004,385828
34665,1032,0,CV0048_004,386860
34666,952,0,CV0048_004,387812
34667,1020,0,CV0048_004,388832
34668,956,0,CV0048_004,389788
34669,1044,0,CV0048_004,390832
34670,984,0,CV0048_004,391816
34671,1004,0,CV0048_004,392820
34672,1112,0,CV0048_004,393932
34673,968,0,CV0048_004,394900
34674,1140,0,CV0048_004,396040
34675,964,0,CV0048_004,397004
34676,1100,0,CV0048_004,398104
34677,1048,0,CV0048_004,399152
34678,1044,0,CV0048_004,400196
34679,1024,0,CV0048_004,401220
34680,1100,0,CV0048_004,402320
34681,1044,0,CV0048_004,403364
34682,1040,0,CV0048_004,404404
34683,1004,0,CV0048_004,405408
34684,1108,0,CV0048_004,406516
34685,1012,0,CV0048_004,407528
34686,1032,0,CV0048_004,408560
34687,1124,0,CV0048_004,409684
34688,1032,0,CV0048_004,410716
34689,1016,0,CV0048_004,411732
34690,1044,0,CV0048_004,412776
34691,1068,0,CV0048_004,413844
34692,1132,0,CV0048_004,414976
34693,1052,0,CV0048_004,416028
34694,1004,0,CV0048_004,417032
34695,1068,0,CV0048_004,418100
34696,1024,0,CV0048_004,419124
34697,1116,0,CV0048_004,420240
34698,1052,0,CV0048_004,421292
34699,1064,0,CV0048_004,422356
34700,1112,0,CV0048_004,423468
34701,1024,0,CV0048_004,424492
34702,1040,0,CV0048_004,425532
34703,1136,0,CV0048_004,426668
34704,1168,0,CV0048_004,427836
34705,1156,0,CV0048_004,428992
34706,1132,0,CV0048_004,430124
34707,1096,0,CV0048_004,431220
34708,1216,0,CV0048_004,432436
34709,1068,0,CV0048_004,433504
34710,1196,0,CV0048_004,434700
34711,1036,0,CV0048_004,435736
34712,1200,0,CV0048_004,436936
34713,1044,0,CV0048_004,437980
34714,1188,0,CV0048_004,439168
34715,1048,0,CV0048_004,440216
34716,1200,0,CV0048_004,441416
34717,1112,0,CV0048_004,442528
34718,1128,0,CV0048_004,443656
34719,1044,0,CV0048_004,444700
34720,1180,0,CV0048_004,445880
34721,1044,0,CV0048_004,446924
34722,1168,0,CV0048_004,448092
34723,1040,0,CV0048_004,449132
34724,1152,0,CV0048_004,450284
34725,1104,0,CV0048_004,451388
34726,1076,0,CV0048_004,452464
34727,1088,0,CV0048_004,453552
34728,1040,0,CV0048_004,454592
34729,1076,0,CV0048_004,455668
34730,1052,0,CV0048_004,456720
34731,1080,0,CV0048_004,457800
34732,976,0,CV0048_004,458776
34733,1104,0,CV0048_004,459880
34734,1028,0,CV0048_004,460908
34735,1044,0,CV0048_004,461952
34736,1044,0,CV0048_004,462996
34737,952,0,CV0048_004,463948
34738,1096,0,CV0048_004,465044
34739,988,0,CV0048_004,466032
34740,1096,0,CV0048_004,467128
34741,1008,0,CV0048_004,468136
34742,1032,0,CV0048_004,469168
34743,1096,0,CV0048_004,470264
34744,1012,0,CV0048_004,471276
34745,1016,0,CV0048_004,472292
34746,940,0,CV0048_004,473232
34747,1072,0,CV0048_004,474304
34748,1024,0,CV0048_004,475328
34749,1052,0,CV0048_004,476380
34750,1032,0,CV0048_004,477412
34751,1020,0,CV0048_004,478432
34752,1028,0,CV0048_004,479460
34753,1028,0,CV0048_004,480488
34754,1020,0,CV0048_004,481508
34755,1004,0,CV0048_004,482512
34756,1060,0,CV0048_004,483572
34757,1044,0,CV0048_004,484616
34758,1052,0,CV0048_004,485668
34759,1016,0,CV0048_004,486684
34760,1016,0,CV0048_004,487700
34761,1008,0,CV0048_004,488708
34762,996,0,CV0048_004,489704
34763,992,0,CV0048_004,490696
34764,980,0,CV0048_004,491676
34765,996,0,CV0048_004,492672
34766,1016,0,CV0048_004,493688
34767,1004,0,CV0048_004,494692
34768,1020,0,CV0048_004,495712
34769,1004,0,CV0048_004,496716
34770,1072,0,CV0048_004,497788
34771,964,0,CV0048_004,498752
34772,1048,0,CV0048_004,499800
34773,964,0,CV0048_004,500764
34774,924,0,CV0048_004,501688
34775,1080,0,CV0048_004,502768
34776,1036,0,CV0048_004,503804
34777,1044,0,CV0048_004,504848
34778,1028,0,CV0048_004,505876
34779,1056,0,CV0048_004,506932
34780,956,0,CV0048_004,507888
34781,1072,0,CV0048_004,508960
34782,996,0,CV0048_004,509956
34783,1056,0,CV0048_004,511012
34784,1016,0,CV0048_004,512028
34785,1064,0,CV0048_004,513092
34786,1024,0,CV0048_004,514116
34787,1024,0,CV0048_004,515140
34788,1120,0,CV0048_004,516260
34789,1032,0,CV0048_004,517292
34790,1108,0,CV0048_004,518400
34791,1076,0,CV0048_004,519476
34792,1064,0,CV0048_004,520540
34793,1036,0,CV0048_004,521576
34794,1152,0,CV0048_004,522728
34795,1056,0,CV0048_004,523784
34796,1160,0,CV0048_004,524944
34797,1036,0,CV0048_004,525980
34798,1132,0,CV0048_004,527112
34799,1064,0,CV0048_004,528176
34800,1020,0,CV0048_004,529196
34801,1132,0,CV0048_004,530328
34802,1080,0,CV0048_004,531408
34803,1080,0,CV0048_004,532488
34804,1040,0,CV0048_004,533528
34805,1008,0,CV0048_004,534536
34806,1100,0,CV0048_004,535636
34807,996,0,CV0048_004,536632
34808,1088,0,CV0048_004,537720
34809,1036,0,CV0048_004,538756
34810,972,0,CV0048_004,539728
34811,1084,0,CV0048_004,540812
34812,956,0,CV0048_004,541768
34813,1080,0,CV0048_004,542848
34814,948,0,CV0048_004,543796
34815,1056,0,CV0048_004,544852
34816,984,0,CV0048_004,545836
34817,1020,0,CV0048_004,546856
34818,940,0,CV0048_004,547796
34819,1004,0,CV0048_004,548800
34820,1000,0,CV0048_004,549800
34821,992,0,CV0048_004,550792
34822,980,0,CV0048_004,551772
34823,1036,0,CV0048_004,552808
34824,960,0,CV0048_004,553768
34825,980,0,CV0048_004,554748
34826,980,0,CV0048_004,555728
34827,1020,0,CV0048_004,556748
34828,1012,0,CV0048_004,557760
34829,972,0,CV0048_004,558732
34830,1112,0,CV0048_004,559844
34831,980,0,CV0048_004,560824
34832,1100,0,CV0048_004,561924
34833,1012,0,CV0048_004,562936
34834,1036,0,CV0048_004,563972
34835,944,0,CV0048_004,564916
34836,1064,0,CV0048_004,565980
34837,912,0,CV0048_004,566892
34838,1036,0,CV0048_004,567928
34839,1008,0,CV0048_004,568936
34840,984,0,CV0048_004,569920
34841,1012,0,CV0048_004,570932
34842,920,0,CV0048_004,571852
34843,1040,0,CV0048_004,572892
34844,964,0,CV0048_004,573856
34845,924,0,CV0048_004,574780
34846,964,0,CV0048_004,575744
34847,980,0,CV0048_004,576724
34848,1012,0,CV0048_004,577736
34849,992,0,CV0048_004,578728
34850,988,0,CV0048_004,579716
34851,1032,0,CV0048_004,580748
34852,1000,0,CV0048_004,581748
34853,984,0,CV0048_004,582732
34854,1000,0,CV0048_004,583732
34855,1000,0,CV0048_004,584732
34856,1008,0,CV0048_004,585740
34857,1008,0,CV0048_004,586748
34858,1004,0,CV0048_004,587752
34859,1016,0,CV0048_004,588768
34860,964,0,CV0048_004,589732
34861,1096,0,CV0048_004,590828
34862,968,0,CV0048_004,591796
34863,1048,0,CV0048_004,592844
34864,1008,0,CV0048_004,593852
34865,1080,0,CV0048_004,594932
34866,1016,0,CV0048_004,595948
34867,1048,0,CV0048_004,596996
34868,1036,0,CV0048_004,598032
34869,1056,0,CV0048_004,599088
34870,1056,0,CV0048_004,600144
34871,1040,0,CV0048_004,601184
34872,1088,0,CV0048_004,602272
34873,1096,0,CV0048_004,603368
34874,1072,0,CV0048_004,604440
34875,1032,0,CV0048_004,605472
34876,1128,0,CV0048_004,606600
34877,1044,0,CV0048_004,607644
34878,1144,0,CV0048_004,608788
34879,1040,0,CV0048_004,609828
34880,1128,0,CV0048_004,610956
34881,1016,0,CV0048_004,611972
34882,1144,0,CV0048_004,613116
34883,1040,0,CV0048_004,614156
34884,1060,0,CV0048_004,615216
34885,1096,0,CV0048_004,616312
34886,1056,0,CV0048_004,617368
34887,1084,0,CV0048_004,618452
34888,996,0,CV0048_004,619448
34889,1064,0,CV0048_004,620512
34890,1100,0,CV0048_004,621612
34891,1080,0,CV0048_004,622692
34892,1056,0,CV0048_004,623748
34893,1104,0,CV0048_004,624852
34894,1080,0,CV0048_004,625932
34895,1020,0,CV0048_004,626952
34896,1144,0,CV0048_004,628096
34897,1028,0,CV0048_004,629124
34898,1136,0,CV0048_004,630260
34899,1072,0,CV0048_004,631332
34900,1116,0,CV0048_004,632448
34901,1072,0,CV0048_004,633520
34902,1092,0,CV0048_004,634612
34903,1048,0,CV0048_004,635660
34904,1088,0,CV0048_004,636748
34905,1040,0,CV0048_004,637788
34906,1132,0,CV0048_004,638920
34907,1068,0,CV0048_004,639988
34908,1076,0,CV0048_004,641064
34909,1060,0,CV0048_004,642124
34910,1040,0,CV0048_004,643164
34911,1048,0,CV0048_004,644212
34912,1000,0,CV0048_004,645212
34913,1140,0,CV0048_004,646352
34914,1044,0,CV0048_004,647396
34915,1112,0,CV0048_004,648508
34916,1036,0,CV0048_004,649544
34917,1140,0,CV0048_004,650684
34918,1112,0,CV0048_004,651796
34919,1100,0,CV0048_004,652896
34920,1024,0,CV0048_004,653920
34921,1172,0,CV0048_004,655092
34922,1076,0,CV0048_004,656168
34923,1056,0,CV0048_004,657224
34924,1072,0,CV0048_004,658296
34925,1072,0,CV0048_004,659368
34926,1100,0,CV0048_004,660468
34927,1096,0,CV0048_004,661564
34928,1096,0,CV0048_004,662660
34929,1092,0,CV0048_004,663752
34930,1116,0,CV0048_004,664868
34931,1024,0,CV0048_004,665892
34932,1092,0,CV0048_004,666984
34933,1004,0,CV0048_004,667988
34934,1104,0,CV0048_004,669092
34935,1044,0,CV0048_004,670136
34936,1064,0,CV0048_004,671200
34937,1036,0,CV0048_004,672236
34938,1060,0,CV0048_004,673296
34939,1056,0,CV0048_004,674352
34940,1064,0,CV0048_004,675416
34941,1072,0,CV0048_004,676488
34942,1084,0,CV0048_004,677572
34943,1060,0,CV0048_004,678632
34944,1040,0,CV0048_004,679672
34945,1056,0,CV0048_004,680728
34946,1032,0,CV0048_004,681760
34947,1072,0,CV0048_004,682832
34948,1068,0,CV0048_004,683900
34949,1076,0,CV0048_004,684976
34950,1044,0,CV0048_004,686020
34951,1092,0,CV0048_004,687112
34952,1056,0,CV0048_004,688168
34953,1028,0,CV0048_004,689196
34954,1088,0,CV0048_004,690284
34955,1036,0,CV0048_004,691320
34956,1028,0,CV0048_004,692348
34957,1100,0,CV0048_004,693448
34958,1144,0,CV0048_004,694592
34959,1052,0,CV0048_004,695644
34960,1080,0,CV0048_004,696724
34961,1088,0,CV0048_004,697812
34962,1036,0,CV0048_004,698848
34963,992,0,CV0048_004,699840
34964,1092,0,CV0048_004,700932
34965,1068,0,CV0048_004,702000
34966,1052,0,CV0048_004,703052
34967,1008,0,CV0048_004,704060
34968,1092,0,CV0048_004,705152
34969,1048,0,CV0048_004,706200
34970,1116,0,CV0048_004,707316
34971,1060,0,CV0048_004,708376
34972,996,0,CV0048_004,709372
34973,1108,0,CV0048_004,710480
34974,996,0,CV0048_004,711476
34975,1072,0,CV0048_004,712548
34976,1072,0,CV0048_004,713620
34977,1036,0,CV0048_004,714656
34978,1056,0,CV0048_004,715712
34979,1096,0,CV0048_004,716808
34980,1048,0,CV0048_004,717856
34981,1008,0,CV0048_004,718864
34982,1104,0,CV0048_004,719968
34983,1056,0,CV0048_004,721024
34984,1056,0,CV0048_004,722080
34985,1036,0,CV0048_004,723116
34986,1020,0,CV0048_004,724136
34987,1056,0,CV0048_004,725192
34988,980,0,CV0048_004,726172
34989,1116,0,CV0048_004,727288
34990,1024,0,CV0048_004,728312
34991,1076,0,CV0048_004,729388
34992,1084,0,CV0048_004,730472
34993,1076,0,CV0048_004,731548
34994,1060,0,CV0048_004,732608
34995,1068,0,CV0048_004,733676
34996,1064,0,CV0048_004,734740
34997,1048,0,CV0048_004,735788
34998,1028,0,CV0048_004,736816
34999,1016,0,CV0048_004,737832
35000,980,0,CV0048_004,738812
35001,1108,0,CV0048_004,739920
35002,1032,0,CV0048_004,740952
35003,1056,0,CV0048_004,742008
35004,1060,0,CV0048_004,743068
35005,1020,0,CV0048_004,744088
35006,1072,0,CV0048_004,745160
35007,1040,0,CV0048_004,746200
35008,1000,0,CV0048_004,747200
35009,932,0,CV0048_004,748132
35010,1060,0,CV0048_004,749192
35011,1036,0,CV0048_004,750228
35012,1036,0,CV0048_004,751264
35013,1072,0,CV0048_004,752336
35014,992,0,CV0048_004,753328
35015,1108,0,CV0048_004,754436
35016,1016,0,CV0048_004,755452
35017,1100,0,CV0048_004,756552
35018,1064,0,CV0048_004,757616
35019,1060,0,CV0048_004,758676
35020,1064,0,CV0048_004,759740
35021,988,0,CV0048_004,760728
35022,1136,0,CV0048_004,761864
35023,1032,0,CV0048_004,762896
35024,1044,0,CV0048_004,763940
35025,1032,0,CV0048_004,764972
35026,1104,0,CV0048_004,766076
35027,1012,0,CV0048_004,767088
35028,1108,0,CV0048_004,768196
35029,1012,0,CV0048_004,769208
35030,1132,0,CV0048_004,770340
35031,980,0,CV0048_004,771320
35032,1120,0,CV0048_004,772440
35033,1004,0,CV0048_004,773444
35034,1116,0,CV0048_004,774560
35035,1012,0,CV0048_004,775572
35036,1096,0,CV0048_004,776668
35037,1084,0,CV0048_004,777752
35038,1088,0,CV0048_004,778840
35039,1080,0,CV0048_004,779920
35040,1060,0,CV0048_004,780980
35041,1084,0,CV0048_004,782064
35042,1008,0,CV0048_004,783072
35043,1148,0,CV0048_004,784220
35044,1076,0,CV0048_004,785296
35045,1068,0,CV0048_004,786364
35046,1088,0,CV0048_004,787452
35047,1096,0,CV0048_004,788548
35048,996,0,CV0048_004,789544
35049,1132,0,CV0048_004,790676
35050,1056,0,CV0048_004,791732
35051,1008,0,CV0048_004,792740
35052,1096,0,CV0048_004,793836
35053,1092,0,CV0048_004,794928
35054,1080,0,CV0048_004,796008
35055,1040,0,CV0048_004,797048
35056,1092,0,CV0048_004,798140
35057,1112,0,CV0048_004,799252
35058,1108,0,CV0048_004,800360
35059,1032,0,CV0048_004,801392
35060,1168,0,CV0048_004,802560
35061,1088,0,CV0048_004,803648
35062,1076,0,CV0048_004,804724
35063,1128,0,CV0048_004,805852
35064,1072,0,CV0048_004,806924
35065,1072,0,CV0048_004,807996
35066,1016,0,CV0048_004,809012
35067,1128,0,CV0048_004,810140
35068,1076,0,CV0048_004,811216
35069,1092,0,CV0048_004,812308
35070,1044,0,CV0048_004,813352
35071,1072,0,CV0048_004,814424
35072,1052,0,CV0048_004,815476
35073,1084,0,CV0048_004,816560
35074,1012,0,CV0048_004,817572
35075,1116,0,CV0048_004,818688
35076,1008,0,CV0048_004,819696
35077,1056,0,CV0048_004,820752
35078,1120,0,CV0048_004,821872
35079,1024,0,CV0048_004,822896
35080,1008,0,CV0048_004,823904
35081,1020,0,CV0048_004,824924
35082,1120,0,CV0048_004,826044
35083,1084,0,CV0048_004,827128
35084,1128,0,CV0048_004,828256
35085,1088,0,CV0048_004,829344
35086,996,0,CV0048_004,830340
35087,1040,0,CV0048_004,831380
35088,1080,0,CV0048_004,832460
35089,1112,0,CV0048_004,833572
35090,1120,0,CV0048_004,834692
35091,1088,0,CV0048_004,835780
35092,1072,0,CV0048_004,836852
35093,1100,0,CV0048_004,837952
35094,1152,0,CV0048_004,839104
35095,1172,0,CV0048_004,840276
35096,1112,0,CV0048_004,841388
35097,1096,0,CV0048_004,842484
35098,1040,0,CV0048_004,843524
35099,1148,0,CV0048_004,844672
35100,1084,0,CV0048_004,845756
35101,1100,0,CV0048_004,846856
35102,1028,0,CV0048_004,847884
35103,1160,0,CV0048_004,849044
35104,1100,0,CV0048_004,850144
35105,1116,0,CV0048_004,851260
35106,1000,0,CV0048_004,852260
35107,1180,0,CV0048_004,853440
35108,1152,0,CV0048_004,854592
35109,1076,0,CV0048_004,855668
35110,1108,0,CV0048_004,856776
35111,1100,0,CV0048_004,857876
35112,1148,0,CV0048_004,859024
35113,1044,0,CV0048_004,860068
35114,1156,0,CV0048_004,861224
35115,1084,0,CV0048_004,862308
35116,1036,0,CV0048_004,863344
35117,1208,0,CV0048_004,864552
35118,1124,0,CV0048_004,865676
35119,1056,0,CV0048_004,866732
35120,1136,0,CV0048_004,867868
35121,1100,0,CV0048_004,868968
35122,1088,0,CV0048_004,870056
35123,1068,0,CV0048_004,871124
35124,1072,0,CV0048_004,872196
35125,1084,0,CV0048_004,873280
35126,1040,0,CV0048_004,874320
35127,1144,0,CV0048_004,875464
35128,1116,0,CV0048_004,876580
35129,1036,0,CV0048_004,877616
35130,1168,0,CV0048_004,878784
35131,1020,0,CV0048_004,879804
35132,1168,0,CV0048_004,880972
35133,1008,0,CV0048_004,881980
35134,1140,0,CV0048_004,883120
35135,1056,0,CV0048_004,884176
35136,1100,0,CV0048_004,885276
35137,1048,0,CV0048_004,886324
35138,1040,0,CV0048_004,887364
35139,1120,0,CV0048_004,888484
35140,1080,0,CV0048_004,889564
35141,1044,0,CV0048_004,890608
35142,1044,0,CV0048_004,891652
35143,1016,0,CV0048_004,892668
35144,1040,0,CV0048_004,893708
35145,1036,0,CV0048_004,894744
35146,1048,0,CV0048_004,895792
35147,1012,0,CV0048_004,896804
35148,1096,0,CV0048_004,897900
35149,1004,0,CV0048_004,898904
35150,1016,0,CV0048_004,899920
35151,1032,0,CV0048_004,900952
35152,1036,0,CV0048_004,901988
35153,1032,0,CV0048_004,903020
35154,1028,0,CV0048_004,904048
35155,1032,0,CV0048_004,905080
35156,1000,0,CV0048_004,906080
35157,1008,0,CV0048_004,907088
35158,1008,0,CV0048_004,908096
35159,1020,0,CV0048_004,909116
35160,1020,0,CV0048_004,910136
35161,1000,0,CV0048_004,911136
35162,964,0,CV0048_004,912100
35163,1076,0,CV0048_004,913176
35164,980,0,CV0048_004,914156
35165,1080,0,CV0048_004,915236
35166,1028,0,CV0048_004,916264
35167,1076,0,CV0048_004,917340
35168,1048,0,CV0048_004,918388
35169,1024,0,CV0048_004,919412
35170,996,0,CV0048_004,920408
35171,1080,0,CV0048_004,921488
35172,1032,0,CV0048_004,922520
35173,1004,0,CV0048_004,923524
35174,1024,0,CV0048_004,924548
35175,1024,0,CV0048_004,925572
35176,984,0,CV0048_004,926556
35177,1028,0,CV0048_004,927584
35178,1012,0,CV0048_004,928596
35179,1052,0,CV0048_004,929648
35180,1028,0,CV0048_004,930676
35181,1060,0,CV0048_004,931736
35182,1012,0,CV0048_004,932748
35183,1020,0,CV0048_004,933768
35184,1012,0,CV0048_004,934780
35185,1000,0,CV0048_004,935780
35186,1004,0,CV0048_004,936784
35187,996,0,CV0048_004,937780
35188,976,0,CV0048_004,938756
35189,1008,0,CV0048_004,939764
35190,1056,0,CV0048_004,940820
35191,1004,0,CV0048_004,941824
35192,1084,0,CV0048_004,942908
35193,1048,0,CV0048_004,943956
35194,1000,0,CV0048_004,944956
35195,992,0,CV0048_004,945948
35196,1056,0,CV0048_004,947004
35197,1076,0,CV0048_004,948080
35198,1048,0,CV0048_004,949128
35199,1108,0,CV0048_004,950236
35200,1064,0,CV0048_004,951300
35201,1092,0,CV0048_004,952392
35202,1060,0,CV0048_004,953452
35203,1072,0,CV0048_004,954524
35204,1036,0,CV0048_004,955560
35205,980,0,CV0048_004,956540
35206,1056,0,CV0048_004,957596
35207,1028,0,CV0048_004,958624
35208,996,0,CV0048_004,959620
35209,1044,0,CV0048_004,960664
35210,1028,0,CV0048_004,961692
35211,1056,0,CV0048_004,962748
35212,972,0,CV0048_004,963720
35213,1112,0,CV0048_004,964832
35214,1008,0,CV0048_004,965840
35215,1000,0,CV0048_004,966840
35216,992,0,CV0048_004,967832
35217,1012,0,CV0048_004,968844
35218,1008,0,CV0048_004,969852
35219,1020,0,CV0048_004,970872
35220,1008,0,CV0048_004,971880
35221,1040,0,CV0048_004,972920
35222,1012,0,CV0048_004,973932
35223,1040,0,CV0048_004,974972
35224,952,0,CV0048_004,975924
35225,1084,0,CV0048_004,977008
35226,968,0,CV0048_004,977976
35227,1088,0,CV0048_004,979064
35228,1016,0,CV0048_004,980080
35229,1064,0,CV0048_004,981144
35230,1060,0,CV0048_004,982204
35231,1084,0,CV0048_004,983288
35232,1108,0,CV0048_004,984396
35233,1068,0,CV0048_004,985464
35234,1120,0,CV0048_004,986584
35235,1052,0,CV0048_004,987636
35236,1092,0,CV0048_004,988728
35237,1040,0,CV0048_004,989768
35238,1020,0,CV0048_004,990788
35239,1080,0,CV0048_004,991868
35240,1076,0,CV0048_004,992944
35241,1032,0,CV0048_004,993976
35242,992,0,CV0048_004,994968
35243,1100,0,CV0048_004,996068
35244,1108,0,CV0048_004,997176
35245,1092,0,CV0048_004,998268
35246,1128,0,CV0048_004,999396
35247,1148,0,CV0048_004,1000544
35248,1116,0,CV0048_004,1001660
35249,1080,0,CV0048_004,1002740
35250,1128,0,CV0048_004,1003868
35251,1084,0,CV0048_004,1004952
35252,1132,0,CV0048_004,1006084
35253,1096,0,CV0048_004,1007180
35254,1116,0,CV0048_004,1008296
35255,1040,0,CV0048_004,1009336
35256,1176,0,CV0048_004,1010512
35257,1088,0,CV0048_004,1011600
35258,1024,0,CV0048_004,1012624
35259,1056,0,CV0048_004,1013680
35260,1076,0,CV0048_004,1014756
35261,1028,0,CV0048_004,1015784
35262,1108,0,CV0048_004,1016892
35263,976,0,CV0048_004,1017868
35264,1108,0,CV0048_004,1018976
35265,1020,0,CV0048_004,1019996
35266,1004,0,CV0048_004,1021000
35267,1088,0,CV0048_004,1022088
35268,1056,0,CV0048_004,1023144
35269,1028,0,CV0048_004,1024172
35270,1044,0,CV0048_004,1025216
35271,1068,0,CV0048_004,1026284
35272,1040,0,CV0048_004,1027324
35273,1044,0,CV0048_004,1028368
35274,1052,0,CV0048_004,1029420
35275,1044,0,CV0048_004,1030464
35276,1032,0,CV0048_004,1031496
35277,1084,0,CV0048_004,1032580
35278,1040,0,CV0048_004,1033620
35279,1040,0,CV0048_004,1034660
35280,1024,0,CV0048_004,1035684
35281,1028,0,CV0048_004,1036712
35282,1020,0,CV0048_004,1037732
35283,1040,0,CV0048_004,1038772
35284,1008,0,CV0048_004,1039780
35285,1060,0,CV0048_004,1040840
35286,952,0,CV0048_004,1041792
35287,1096,0,CV0048_004,1042888
35288,1016,0,CV0048_004,1043904
35289,1044,0,CV0048_004,1044948
35290,1044,0,CV0048_004,1045992
35291,1056,0,CV0048_004,1047048
35292,968,0,CV0048_004,1048016
35293,1076,0,CV0048_004,1049092
35294,996,0,CV0048_004,1050088
35295,1036,0,CV0048_004,1051124
35296,1004,0,CV0048_004,1052128
35297,1040,0,CV0048_004,1053168
35298,1016,0,CV0048_004,1054184
35299,1040,0,CV0048_004,1055224
35300,1008,0,CV0048_004,1056232
35301,1036,0,CV0048_004,1057268
35302,956,0,CV0048_004,1058224
35303,1100,0,CV0048_004,1059324
35304,1056,0,CV0048_004,1060380
35305,1100,0,CV0048_004,1061480
35306,1036,0,CV0048_004,1062516
35307,1124,0,CV0048_004,1063640
35308,1060,0,CV0048_004,1064700
35309,1060,0,CV0048_004,1065760
35310,1068,0,CV0048_004,1066828
35311,1040,0,CV0048_004,1067868
35312,1056,0,CV0048_004,1068924
35313,1040,0,CV0048_004,1069964
35314,1044,0,CV0048_004,1071008
35315,1012,0,CV0048_004,1072020
35316,1064,0,CV0048_004,1073084
35317,1024,0,CV0048_004,1074108
35318,1052,0,CV0048_004,1075160
35319,948,0,CV0048_004,1076108
35320,1092,0,CV0048_004,1077200
35321,1028,0,CV0048_004,1078228
35322,1044,0,CV0048_004,1079272
35323,980,0,CV0048_004,1080252
35324,1096,0,CV0048_004,1081348
35325,1020,0,CV0048_004,1082368
35326,1076,0,CV0048_004,1083444
35327,1076,0,CV0048_004,1084520
35328,1056,0,CV0048_004,1085576
35329,1036,0,CV0048_004,1086612
35330,1044,0,CV0048_004,1087656
35331,1060,0,CV0048_004,1088716
35332,1104,0,CV0048_004,1089820
35333,1112,0,CV0048_004,1090932
35334,1036,0,CV0048_004,1091968
35335,1120,0,CV0048_004,1093088
35336,1052,0,CV0048_004,1094140
35337,1056,0,CV0048_004,1095196
35338,1024,0,CV0048_004,1096220
35339,1036,0,CV0048_004,1097256
35340,1028,0,CV0048_004,1098284
35341,1068,0,CV0048_004,1099352
35342,1032,0,CV0048_004,1100384
35343,1012,0,CV0048_004,1101396
35344,1144,0,CV0048_004,1102540
35345,1036,0,CV0048_004,1103576
35346,1080,0,CV0048_004,1104656
35347,1044,0,CV0048_004,1105700
35348,1036,0,CV0048_004,1106736
35349,1016,0,CV0048_004,1107752
35350,1064,0,CV0048_004,1108816
35351,1028,0,CV0048_004,1109844
35352,1076,0,CV0048_004,1110920
35353,996,0,CV0048_004,1111916
35354,1136,0,CV0048_004,1113052
35355,1024,0,CV0048_004,1114076
35356,1112,0,CV0048_004,1115188
35357,1040,0,CV0048_004,1116228
35358,1032,0,CV0048_004,1117260
35359,996,0,CV0048_004,1118256
35360,1004,0,CV0048_004,1119260
35361,1088,0,CV0048_004,1120348
35362,1064,0,CV0048_004,1121412
35363,1068,0,CV0048_004,1122480
35364,1088,0,CV0048_004,1123568
35365,1108,0,CV0048_004,1124676
35366,1092,0,CV0048_004,1125768
35367,1104,0,CV0048_004,1126872
35368,1068,0,CV0048_004,1127940
35369,1056,0,CV0048_004,1128996
35370,1140,0,CV0048_004,1130136
35371,1100,0,CV0048_004,1131236
35372,1104,0,CV0048_004,1132340
35373,1056,0,CV0048_004,1133396
35374,1164,0,CV0048_004,1134560
35375,1100,0,CV0048_004,1135660
35376,1120,0,CV0048_004,1136780
35377,1064,0,CV0048_004,1137844
35378,1152,0,CV0048_004,1138996
35379,1108,0,CV0048_004,1140104
35380,1068,0,CV0048_004,1141172
35381,1076,0,CV0048_004,1142248
35382,1096,0,CV0048_004,1143344
35383,1052,0,CV0048_004,1144396
35384,1024,0,CV0048_004,1145420
35385,1124,0,CV0048_004,1146544
35386,1096,0,CV0048_004,1147640
35387,1128,0,CV0048_004,1148768
35388,1072,0,CV0048_004,1149840
35389,1120,0,CV0048_004,1150960
35390,1024,0,CV0048_004,1151984
35391,1000,0,CV0048_004,1152984
35392,1072,0,CV0048_004,1154056
35393,1132,0,CV0048_004,1155188
35394,1064,0,CV0048_004,1156252
35395,1024,0,CV0048_004,1157276
35396,1020,0,CV0048_004,1158296
35397,1060,0,CV0048_004,1159356
35398,1080,0,CV0048_004,1160436
35399,1076,0,CV0048_004,1161512
35400,1056,0,CV0048_004,1162568
35401,1076,0,CV0048_004,1163644
35402,1100,0,CV0048_004,1164744
35403,1040,0,CV0048_004,1165784
35404,1048,0,CV0048_004,1166832
35405,1124,0,CV0048_004,1167956
35406,1100,0,CV0048_004,1169056
35407,1000,0,CV0048_004,1170056
35408,1124,0,CV0048_004,1171180
35409,1060,0,CV0048_004,1172240
35410,1092,0,CV0048_004,1173332
35411,1052,0,CV0048_004,1174384
35412,1084,0,CV0048_004,1175468
35413,1080,0,CV0048_004,1176548
35414,1084,0,CV0048_004,1177632
35415,1076,0,CV0048_004,1178708
35416,1024,0,CV0048_004,1179732
35417,1140,0,CV0048_004,1180872
35418,1028,0,CV0048_004,1181900
35419,1148,0,CV0048_004,1183048
35420,1032,0,CV0048_004,1184080
35421,1160,0,CV0048_004,1185240
35422,1040,0,CV0048_004,1186280
35423,1076,0,CV0048_004,1187356
35424,1036,0,CV0048_004,1188392
35425,1060,0,CV0048_004,1189452
35426,1040,0,CV0048_004,1190492
35427,1088,0,CV0048_004,1191580
35428,1028,0,CV0048_004,1192608
35429,1028,0,CV0048_004,1193636
35430,1052,0,CV0048_004,1194688
35431,1036,0,CV0048_004,1195724
35432,1036,0,CV0048_004,1196760
35433,1020,0,CV0048_004,1197780
35434,1080,0,CV0048_004,1198860
35435,1012,0,CV0048_004,1199872
35436,1068,0,CV0048_004,1200940
35437,996,0,CV0048_004,1201936
35438,1128,0,CV0048_004,1203064
35439,1004,0,CV0048_004,1204068
35440,1148,0,CV0048_004,1205216
35441,1052,0,CV0048_004,1206268
35442,1052,0,CV0048_004,1207320
35443,1016,0,CV0048_004,1208336
35444,1032,0,CV0048_004,1209368
35445,1024,0,CV0048_004,1210392
35446,1040,0,CV0048_004,1211432
35447,1032,0,CV0048_004,1212464
35448,1068,0,CV0048_004,1213532
35449,1028,0,CV0048_004,1214560
35450,1028,0,CV0048_004,1215588
35451,1036,0,CV0048_004,1216624
35452,1040,0,CV0048_004,1217664
35453,1028,0,CV0048_004,1218692
35454,1036,0,CV0048_004,1219728
35455,992,0,CV0048_004,1220720
35456,1076,0,CV0048_004,1221796
35457,1008,0,CV0048_004,1222804
35458,1024,0,CV0048_004,1223828
35459,984,0,CV0048_004,1224812
35460,1088,0,CV0048_004,1225900
35461,1044,0,CV0048_004,1226944
35462,1052,0,CV0048_004,1227996
35463,1064,0,CV0048_004,1229060
35464,1020,0,CV0048_004,1230080
35465,1048,0,CV0048_004,1231128
35466,1048,0,CV0048_004,1232176
35467,1064,0,CV0048_004,1233240
35468,1052,0,CV0048_004,1234292
35469,1060,0,CV0048_004,1235352
35470,1024,0,CV0048_004,1236376
35471,1052,0,CV0048_004,1237428
35472,1008,0,CV0048_004,1238436
35473,1040,0,CV0048_004,1239476
35474,1008,0,CV0048_004,1240484
35475,984,0,CV0048_004,1241468
35476,1080,0,CV0048_004,1242548
35477,1056,0,CV0048_004,1243604
35478,1028,0,CV0048_004,1244632
35479,1036,0,CV0048_004,1245668
35480,1028,0,CV0048_004,1246696
35481,1048,0,CV0048_004,1247744
35482,1020,0,CV0048_004,1248764
35483,1020,0,CV0048_004,1249784
35484,1024,0,CV0048_004,1250808
35485,1016,0,CV0048_004,1251824
35486,1020,0,CV0048_004,1252844
35487,1032,0,CV0048_004,1253876
35488,1020,0,CV0048_004,1254896
35489,1028,0,CV0048_004,1255924
35490,1044,0,CV0048_004,1256968
35491,1016,0,CV0048_004,1257984
35492,996,0,CV0048_004,1258980
35493,1100,0,CV0048_004,1260080
35494,1076,0,CV0048_004,1261156
35495,984,0,CV0048_004,1262140
35496,1108,0,CV0048_004,1263248
35497,1008,0,CV0048_004,1264256
35498,1044,0,CV0048_004,1265300
35499,996,0,CV0048_004,1266296
35500,1012,0,CV0048_004,1267308
35501,1004,0,CV0048_004,1268312
35502,1028,0,CV0048_004,1269340
35503,936,0,CV0048_004,1270276
35504,1060,0,CV0048_004,1271336
35505,1004,0,CV0048_004,1272340
35506,1016,0,CV0048_004,1273356
35507,984,0,CV0048_004,1274340
35508,1008,0,CV0048_004,1275348
35509,1000,0,CV0048_004,1276348
35510,1048,0,CV0048_004,1277396
35511,1008,0,CV0048_004,1278404
35512,1028,0,CV0048_004,1279432
35513,1012,0,CV0048_004,1280444
35514,1052,0,CV0048_004,1281496
35515,1028,0,CV0048_004,1282524
35516,1044,0,CV0048_004,1283568
35517,1012,0,CV0048_004,1284580
35518,1040,0,CV0048_004,1285620
35519,972,0,CV0048_004,1286592
35520,1092,0,CV0048_004,1287684
35521,1020,0,CV0048_004,1288704
35522,1040,0,CV0048_004,1289744
35523,1008,0,CV0048_004,1290752
35524,1072,0,CV0048_004,1291824
35525,1048,0,CV0048_004,1292872
35526,1104,0,CV0048_004,1293976
35527,1052,0,CV0048_004,1295028
35528,1076,0,CV0048_004,1296104
35529,1060,0,CV0048_004,1297164
35530,1104,0,CV0048_004,1298268
35531,1092,0,CV0048_004,1299360
35532,1144,0,CV0048_004,1300504
35533,1108,0,CV0048_004,1301612
35534,1084,0,CV0048_004,1302696
35535,1080,0,CV0048_004,1303776
35536,1112,0,CV0048_004,1304888
35537,1144,0,CV0048_004,1306032
35538,1108,0,CV0048_004,1307140
35539,1104,0,CV0048_004,1308244
35540,1096,0,CV0048_004,1309340
35541,1092,0,CV0048_004,1310432
35542,1116,0,CV0048_004,1311548
35543,1120,0,CV0048_004,1312668
35544,1104,0,CV0048_004,1313772
35545,1128,0,CV0048_004,1314900
35546,1092,0,CV0048_004,1315992
35547,1124,0,CV0048_004,1317116
35548,1036,0,CV0048_004,1318152
35549,1172,0,CV0048_004,1319324
35550,1088,0,CV0048_004,1320412
35551,1104,0,CV0048_004,1321516
35552,1088,0,CV0048_004,1322604
35553,1120,0,CV0048_004,1323724
35554,1084,0,CV0048_004,1324808
35555,1132,0,CV0048_004,1325940
35556,1056,0,CV0048_004,1326996
35557,964,0,CV0048_004,1327960
35558,1132,0,CV0048_004,1329092
35559,1200,0,CV0048_004,1330292
35560,1164,0,CV0048_004,1331456
35561,1124,0,CV0048_004,1332580
35562,1140,0,CV0048_004,1333720
35563,1136,0,CV0048_004,1334856
35564,1124,0,CV0048_004,1335980
35565,1012,0,CV0048_004,1336992
35566,1152,0,CV0048_004,1338144
35567,1060,0,CV0048_004,1339204
35568,948,0,CV0048_004,1340152
35569,1040,0,CV0048_004,1341192
35570,1020,0,CV0048_004,1342212
35571,976,0,CV0048_004,1343188
35572,1068,0,CV0048_004,1344256
35573,1016,0,CV0048_004,1345272
35574,956,0,CV0048_004,1346228
35575,1024,0,CV0048_004,1347252
35576,976,0,CV0048_004,1348228
35577,1044,0,CV0048_004,1349272
35578,1012,0,CV0048_004,1350284
35579,972,0,CV0048_004,1351256
35580,1004,0,CV0048_004,1352260
35581,1032,0,CV0048_004,1353292
35582,1080,0,CV0048_004,1354372
35583,1040,0,CV0048_004,1355412
35584,1052,0,CV0048_004,1356464
35585,1124,0,CV0048_004,1357588
35586,1104,0,CV0048_004,1358692
35587,1084,0,CV0048_004,1359776
35588,1064,0,CV0048_004,1360840
35589,1072,0,CV0048_004,1361912
35590,1036,0,CV0048_004,1362948
35591,1036,0,CV0048_004,1363984
35592,1068,0,CV0048_004,1365052
35593,1084,0,CV0048_004,1366136
35594,1084,0,CV0048_004,1367220
35595,1084,0,CV0048_004,1368304
35596,1052,0,CV0048_004,1369356
35597,1068,0,CV0048_004,1370424
35598,988,0,CV0048_004,1371412
35599,1128,0,CV0048_004,1372540
35600,1028,0,CV0048_004,1373568
35601,1168,0,CV0048_004,1374736
35602,1092,0,CV0048_004,1375828
35603,1120,0,CV0048_004,1376948
35604,1008,0,CV0048_004,1377956
35605,1084,0,CV0048_004,1379040
35606,1116,0,CV0048_004,1380156
35607,1108,0,CV0048_004,1381264
35608,1084,0,CV0048_004,1382348
35609,1064,0,CV0048_004,1383412
35610,1068,0,CV0048_004,1384480
35611,1084,0,CV0048_004,1385564
35612,1104,0,CV0048_004,1386668
35613,1080,0,CV0048_004,1387748
35614,1112,0,CV0048_004,1388860
35615,1008,0,CV0048_004,1389868
35616,1136,0,CV0048_004,1391004
35617,1020,0,CV0048_004,1392024
35618,1100,0,CV0048_004,1393124
35619,1044,0,CV0048_004,1394168
35620,1136,0,CV0048_004,1395304
35621,988,0,CV0048_004,1396292
35622,1088,0,CV0048_004,1397380
35623,1100,0,CV0048_004,1398480
35624,1100,0,CV0048_004,1399580
35625,1080,0,CV0048_004,1400660
35626,1116,0,CV0048_004,1401776
35627,1120,0,CV0048_004,1402896
35628,1064,0,CV0048_004,1403960
35629,1168,0,CV0048_004,1405128
35630,1028,0,CV0048_004,1406156
35631,1144,0,CV0048_004,1407300
35632,1080,0,CV0048_004,1408380
35633,1084,0,CV0048_004,1409464
35634,1040,0,CV0048_004,1410504
35635,1092,0,CV0048_004,1411596
35636,1116,0,CV0048_004,1412712
35637,1064,0,CV0048_004,1413776
35638,1196,0,CV0048_004,1414972
35639,1088,0,CV0048_004,1416060
35640,1116,0,CV0048_004,1417176
35641,1104,0,CV0048_004,1418280
35642,1108,0,CV0048_004,1419388
35643,1080,0,CV0048_004,1420468
35644,1100,0,CV0048_004,1421568
35645,1084,0,CV0048_004,1422652
35646,1108,0,CV0048_004,1423760
35647,1096,0,CV0048_004,1424856
35648,1068,0,CV0048_004,1425924
35649,1164,0,CV0048_004,1427088
35650,1092,0,CV0048_004,1428180
35651,1108,0,CV0048_004,1429288
35652,1064,0,CV0048_004,1430352
35653,1104,0,CV0048_004,1431456
35654,1008,0,CV0048_004,1432464
35655,1100,0,CV0048_004,1433564
35656,1096,0,CV0048_004,1434660
35657,1084,0,CV0048_004,1435744
35658,1068,0,CV0048_004,1436812
35659,1072,0,CV0048_004,1437884
35660,1092,0,CV0048_004,1438976
35661,1016,0,CV0048_004,1439992
35662,1060,0,CV0048_004,1441052
35663,1020,0,CV0048_004,1442072
35664,1076,0,CV0048_004,1443148
35665,1056,0,CV0048_004,1444204
35666,1056,0,CV0048_004,1445260
35667,1024,0,CV0048_004,1446284
35668,1068,0,CV0048_004,1447352
35669,1052,0,CV0048_004,1448404
35670,1096,0,CV0048_004,1449500
35671,1064,0,CV0048_004,1450564
35672,1048,0,CV0048_004,1451612
35673,1084,0,CV0048_004,1452696
35674,1056,0,CV0048_004,1453752
35675,1096,0,CV0048_004,1454848
35676,1020,0,CV0048_004,1455868
35677,1152,0,CV0048_004,1457020
35678,1016,0,CV0048_004,1458036
35679,1144,0,CV0048_004,1459180
35680,1060,0,CV0048_004,1460240
35681,1088,0,CV0048_004,1461328
35682,1076,0,CV0048_004,1462404
35683,1100,0,CV0048_004,1463504
35684,1072,0,CV0048_004,1464576
35685,1076,0,CV0048_004,1465652
35686,1064,0,CV0048_004,1466716
35687,1096,0,CV0048_004,1467812
35688,1092,0,CV0048_004,1468904
35689,1076,0,CV0048_004,1469980
35690,1080,0,CV0048_004,1471060
35691,1104,0,CV0048_004,1472164
35692,1072,0,CV0048_004,1473236
35693,1056,0,CV0048_004,1474292
35694,1096,0,CV0048_004,1475388
35695,1048,0,CV0048_004,1476436
35696,1036,0,CV0048_004,1477472
35697,1056,0,CV0048_004,1478528
35698,1028,0,CV0048_004,1479556
35699,1076,0,CV0048_004,1480632
35700,1028,0,CV0048_004,1481660
35701,1052,0,CV0048_004,1482712
35702,1008,0,CV0048_004,1483720
35703,1128,0,CV0048_004,1484848
35704,1072,0,CV0048_004,1485920
35705,1096,0,CV0048_004,1487016
35706,1048,0,CV0048_004,1488064
35707,1044,0,CV0048_004,1489108
35708,1108,0,CV0048_004,1490216
35709,1096,0,CV0048_004,1491312
35710,1064,0,CV0048_004,1492376
35711,1088,0,CV0048_004,1493464
35712,1056,0,CV0048_004,1494520
35713,1108,0,CV0048_004,1495628
35714,984,0,CV0048_004,1496612
35715,1072,0,CV0048_004,1497684
35716,1068,0,CV0048_004,1498752
35717,1084,0,CV0048_004,1499836
35718,1076,0,CV0048_004,1500912
35719,1088,0,CV0048_004,1502000
35720,1108,0,CV0048_004,1503108
35721,1168,0,CV0048_004,1504276
35722,1112,0,CV0048_004,1505388
35723,1100,0,CV0048_004,1506488
35724,1092,0,CV0048_004,1507580
35725,1096,0,CV0048_004,1508676
35726,1080,0,CV0048_004,1509756
35727,1096,0,CV0048_004,1510852
35728,1084,0,CV0048_004,1511936
35729,1112,0,CV0048_004,1513048
35730,1076,0,CV0048_004,1514124
35731,1100,0,CV0048_004,1515224
35732,1048,0,CV0048_004,1516272
35733,1064,0,CV0048_004,1517336
35734,1052,0,CV0048_004,1518388
35735,1020,0,CV0048_004,1519408
35736,1016,0,CV0048_004,1520424
35737,1176,0,CV0048_004,1521600
35738,1124,0,CV0048_004,1522724
35739,1084,0,CV0048_004,1523808
35740,1156,0,CV0048_004,1524964
35741,1112,0,CV0048_004,1526076
35742,1060,0,CV0048_004,1527136
35743,1148,0,CV0048_004,1528284
35744,1108,0,CV0048_004,1529392
35745,1128,0,CV0048_004,1530520
35746,1116,0,CV0048_004,1531636
35747,1036,0,CV0048_004,1532672
35748,1072,0,CV0048_004,1533744
35749,1136,0,CV0048_004,1534880
35750,1100,0,CV0048_004,1535980
35751,1096,0,CV0048_004,1537076
35752,1048,0,CV0048_004,1538124
35753,1096,0,CV0048_004,1539220
35754,1028,0,CV0048_004,1540248
35755,1108,0,CV0048_004,1541356
35756,1224,0,CV0048_004,1542580
35757,1180,0,CV0048_004,1543760
35758,1128,0,CV0048_004,1544888
35759,1204,0,CV0048_004,1546092
35760,1148,0,CV0048_004,1547240
35761,1144,0,CV0048_004,1548384
35762,1140,0,CV0048_004,1549524
35763,1164,0,CV0048_004,1550688
35764,1088,0,CV0048_004,1551776
35765,1196,0,CV0048_004,1552972
35766,1084,0,CV0048_004,1554056
35767,1168,0,CV0048_004,1555224
35768,1124,0,CV0048_004,1556348
35769,1100,0,CV0048_004,1557448
35770,1164,0,CV0048_004,1558612
35771,1108,0,CV0048_004,1559720
35772,1056,0,CV0048_004,1560776
35773,1044,0,CV0048_004,1561820
35774,1000,0,CV0048_004,1562820
35775,1088,0,CV0048_004,1563908
35776,1148,0,CV0048_004,1565056
35777,916,0,CV0056_001,916
35778,916,0,CV0056_001,1832
35779,916,0,CV0056_001,2748
35780,944,0,CV0056_001,3692
35781,788,0,CV0056_001,4480
35782,228,0,CV0056_001,4708
35783,648,0,CV0056_001,5356
35784,856,0,CV0056_001,6212
35785,836,0,CV0056_001,7048
35786,832,0,CV0056_001,7880
35787,792,0,CV0056_001,8672
35788,208,0,CV0056_001,8880
35789,584,0,CV0056_001,9464
35790,792,0,CV0056_001,10256
35791,792,0,CV0056_001,11048
35792,792,0,CV0056_001,11840
35793,844,0,CV0056_001,12684
35794,756,0,CV0056_001,13440
35795,844,0,CV0056_001,14284
35796,896,0,CV0056_001,15180
35797,916,0,CV0056_001,16096
35798,484,0,CV0056_001,16580
35799,408,0,CV0056_001,16988
35800,840,0,CV0056_001,17828
35801,576,0,CV0056_001,18404
35802,276,0,CV0056_001,18680
35803,716,0,CV0056_001,19396
35804,820,0,CV0056_001,20216
35805,720,0,CV0056_001,20936
35806,640,0,CV0056_001,21576
35807,152,0,CV0056_001,21728
35808,804,0,CV0056_001,22532
35809,824,0,CV0056_001,23356
35810,808,0,CV0056_001,24164
35811,784,0,CV0056_001,24948
35812,800,0,CV0056_001,25748
35813,508,0,CV0056_001,26256
35814,276,0,CV0056_001,26532
35815,556,0,CV0056_001,27088
35816,196,0,CV0056_001,27284
35817,224,0,CV0056_001,27508
35818,628,0,CV0056_001,28136
35819,444,0,CV0056_001,28580
35820,168,0,CV0056_001,28748
35821,904,0,CV0056_001,29652
35822,688,0,CV0056_001,30340
35823,732,0,CV0056_001,31072
35824,732,0,CV0056_001,31804
35825,732,0,CV0056_001,32536
35826,732,0,CV0056_001,33268
35827,728,0,CV0056_001,33996
35828,720,0,CV0056_001,34716
35829,720,0,CV0056_001,35436
35830,716,0,CV0056_001,36152
35831,712,0,CV0056_001,36864
35832,708,0,CV0056_001,37572
35833,696,0,CV0056_001,38268
35834,692,0,CV0056_001,38960
35835,696,0,CV0056_001,39656
35836,696,0,CV0056_001,40352
35837,724,0,CV0056_001,41076
35838,792,0,CV0056_001,41868
35839,840,0,CV0056_001,42708
35840,832,0,CV0056_001,43540
35841,860,0,CV0056_001,44400
35842,888,0,CV0056_001,45288
35843,896,0,CV0056_001,46184
35844,892,0,CV0056_001,47076
35845,864,0,CV0056_001,47940
35846,804,0,CV0056_001,48744
35847,788,0,CV0056_001,49532
35848,772,0,CV0056_001,50304
35849,748,0,CV0056_001,51052
35850,748,0,CV0056_001,51800
35851,792,0,CV0056_001,52592
35852,692,0,CV0056_001,53284
35853,736,0,CV0056_001,54020
35854,516,0,CV0056_001,54536
35855,12951,0,CV0056_001,67487
35856,1036,0,CV0056_001,68523
35857,456,0,CV0056_001,68979
35858,2492,0,CV0056_001,71471
35859,300,0,CV0056_001,71771
35860,1288,0,CV0056_001,73059
35861,1408,0,CV0056_001,74467
35862,1644,0,CV0056_001,76111
35863,484,0,CV0056_001,76595
35864,260,0,CV0056_001,76855
35865,456,0,CV0056_001,77311
35866,848,0,CV0056_001,78159
35867,780,0,CV0056_001,78939
35868,840,0,CV0056_001,79779
35869,840,0,CV0056_001,80619
35870,824,0,CV0056_001,81443
35871,832,0,CV0056_001,82275
35872,820,0,CV0056_001,83095
35873,824,0,CV0056_001,83919
35874,840,0,CV0056_001,84759
35875,856,0,CV0056_001,85615
35876,848,0,CV0056_001,86463
35877,840,0,CV0056_001,87303
35878,832,0,CV0056_001,88135
35879,828,0,CV0056_001,88963
35880,820,0,CV0056_001,89783
35881,824,0,CV0056_001,90607
35882,812,0,CV0056_001,91419
35883,1604,0,CV0056_001,93023
35884,836,0,CV0056_001,93859
35885,844,0,CV0056_001,94703
35886,864,0,CV0056_001,95567
35887,856,0,CV0056_001,96423
35888,840,0,CV0056_001,97263
35889,840,0,CV0056_001,98103
35890,860,0,CV0056_001,98963
35891,880,0,CV0056_001,99843
35892,884,0,CV0056_001,100727
35893,900,0,CV0056_001,101627
35894,880,0,CV0056_001,102507
35895,876,0,CV0056_001,103383
35896,1684,0,CV0056_001,105067
35897,860,0,CV0056_001,105927
35898,856,0,CV0056_001,106783
35899,844,0,CV0056_001,107627
35900,852,0,CV0056_001,108479
35901,860,0,CV0056_001,109339
35902,372,0,CV0056_001,109711
35903,272,0,CV0056_001,109983
35904,212,0,CV0056_001,110195
35905,888,0,CV0056_001,111083
35906,764,0,CV0056_001,111847
35907,804,0,CV0056_001,112651
35908,412,0,CV0056_001,113063
35909,384,0,CV0056_001,113447
35910,1568,0,CV0056_001,115015
35911,796,0,CV0056_001,115811
35912,396,0,CV0056_001,116207
35913,352,0,CV0056_001,116559
35914,24,0,CV0056_001,116583
35915,780,0,CV0056_001,117363
35916,760,0,CV0056_001,118123
35917,756,0,CV0056_001,118879
35918,752,0,CV0056_001,119631
35919,756,0,CV0056_001,120387
35920,592,0,CV0056_001,120979
35921,144,0,CV0056_001,121123
35922,760,0,CV0056_001,121883
35923,412,0,CV0056_001,122295
35924,328,0,CV0056_001,122623
35925,276,0,CV0056_001,122899
35926,200,0,CV0056_001,123099
35927,264,0,CV0056_001,123363
35928,512,0,CV0056_001,123875
35929,216,0,CV0056_001,124091
35930,308,0,CV0056_001,124399
35931,312,0,CV0056_001,124711
35932,92,0,CV0056_001,124803
35933,628,0,CV0056_001,125431
35934,92,0,CV0056_001,125523
35935,760,0,CV0056_001,126283
35936,596,0,CV0056_001,126879
35937,808,0,CV0056_001,127687
35938,636,0,CV0056_001,128323
35939,748,0,CV0056_001,129071
35940,440,0,CV0056_001,129511
35941,236,0,CV0056_001,129747
35942,412,0,CV0056_001,130159
35943,268,0,CV0056_001,130427
35944,624,0,CV0056_001,131051
35945,260,0,CV0056_001,131311
35946,416,0,CV0056_001,131727
35947,440,0,CV0056_001,132167
35948,240,0,CV0056_001,132407
35949,228,0,CV0056_001,132635
35950,68,0,CV0056_001,132703
35951,452,0,CV0056_001,133155
35952,56,0,CV0056_001,133211
35953,412,0,CV0056_001,133623
35954,800,0,CV0056_001,134423
35955,672,0,CV0056_001,135095
35956,668,0,CV0056_001,135763
35957,668,0,CV0056_001,136431
35958,936,0,CV0056_001,137367
35959,400,0,CV0056_001,137767
35960,292,0,CV0056_001,138059
35961,172,0,CV0056_001,138231
35962,204,0,CV0056_001,138435
35963,236,0,CV0056_001,138671
35964,352,0,CV0056_001,139023
35965,92,0,CV0056_001,139115
35966,696,0,CV0056_001,139811
35967,180,0,CV0056_001,139991
35968,720,0,CV0056_001,140711
35969,340,0,CV0056_001,141051
35970,240,0,CV0056_001,141291
35971,492,0,CV0056_001,141783
35972,240,0,CV0056_001,142023
35973,308,0,CV0056_001,142331
35974,232,0,CV0056_001,142563
35975,704,0,CV0056_001,143267
35976,476,0,CV0056_001,143743
35977,892,0,CV0056_001,144635
35978,308,0,CV0056_001,144943
35979,268,0,CV0056_001,145211
35980,184,0,CV0056_001,145395
35981,708,0,CV0056_001,146103
35982,704,0,CV0056_001,146807
35983,704,0,CV0056_001,147511
35984,708,0,CV0056_001,148219
35985,704,0,CV0056_001,148923
35986,712,0,CV0056_001,149635
35987,712,0,CV0056_001,150347
35988,720,0,CV0056_001,151067
35989,728,0,CV0056_001,151795
35990,728,0,CV0056_001,152523
35991,1436,0,CV0056_001,153959
35992,704,0,CV0056_001,154663
35993,704,0,CV0056_001,155367
35994,700,0,CV0056_001,156067
35995,708,0,CV0056_001,156775
35996,712,0,CV0056_001,157487
35997,1452,0,CV0056_001,158939
35998,224,0,CV0056_001,159163
35999,164,0,CV0056_001,159327
36000,284,0,CV0056_001,159611
36001,696,0,CV0056_001,160307
36002,396,0,CV0056_001,160703
36003,308,0,CV0056_001,161011
36004,708,0,CV0056_001,161719
36005,252,0,CV0056_001,161971
36006,1140,0,CV0056_001,163111
36007,688,0,CV0056_001,163799
36008,688,0,CV0056_001,164487
36009,700,0,CV0056_001,165187
36010,708,0,CV0056_001,165895
36011,732,0,CV0056_001,166627
36012,252,0,CV0056_001,166879
36013,56,0,CV0056_001,166935
36014,436,0,CV0056_001,167371
36015,728,0,CV0056_001,168099
36016,732,0,CV0056_001,168831
36017,728,0,CV0056_001,169559
36018,1436,0,CV0056_001,170995
36019,700,0,CV0056_001,171695
36020,696,0,CV0056_001,172391
36021,696,0,CV0056_001,173087
36022,696,0,CV0056_001,173783
36023,700,0,CV0056_001,174483
36024,708,0,CV0056_001,175191
36025,716,0,CV0056_001,175907
36026,716,0,CV0056_001,176623
36027,712,0,CV0056_001,177335
36028,712,0,CV0056_001,178047
36029,712,0,CV0056_001,178759
36030,728,0,CV0056_001,179487
36031,736,0,CV0056_001,180223
36032,744,0,CV0056_001,180967
36033,748,0,CV0056_001,181715
36034,744,0,CV0056_001,182459
36035,732,0,CV0056_001,183191
36036,720,0,CV0056_001,183911
36037,712,0,CV0056_001,184623
36038,716,0,CV0056_001,185339
36039,728,0,CV0056_001,186067
36040,756,0,CV0056_001,186823
36041,772,0,CV0056_001,187595
36042,780,0,CV0056_001,188375
36043,768,0,CV0056_001,189143
36044,752,0,CV0056_001,189895
36045,736,0,CV0056_001,190631
36046,732,0,CV0056_001,191363
36047,744,0,CV0056_001,192107
36048,768,0,CV0056_001,192875
36049,780,0,CV0056_001,193655
36050,776,0,CV0056_001,194431
36051,764,0,CV0056_001,195195
36052,748,0,CV0056_001,195943
36053,744,0,CV0056_001,196687
36054,736,0,CV0056_001,197423
36055,740,0,CV0056_001,198163
36056,740,0,CV0056_001,198903
36057,748,0,CV0056_001,199651
36058,744,0,CV0056_001,200395
36059,764,0,CV0056_001,201159
36060,804,0,CV0056_001,201963
36061,844,0,CV0056_001,202807
36062,836,0,CV0056_001,203643
36063,808,0,CV0056_001,204451
36064,804,0,CV0056_001,205255
36065,816,0,CV0056_001,206071
36066,804,0,CV0056_001,206875
36067,780,0,CV0056_001,207655
36068,768,0,CV0056_001,208423
36069,780,0,CV0056_001,209203
36070,808,0,CV0056_001,210011
36071,828,0,CV0056_001,210839
36072,812,0,CV0056_001,211651
36073,780,0,CV0056_001,212431
36074,772,0,CV0056_001,213203
36075,768,0,CV0056_001,213971
36076,780,0,CV0056_001,214751
36077,800,0,CV0056_001,215551
36078,820,0,CV0056_001,216371
36079,820,0,CV0056_001,217191
36080,848,0,CV0056_001,218039
36081,888,0,CV0056_001,218927
36082,876,0,CV0056_001,219803
36083,848,0,CV0056_001,220651
36084,812,0,CV0056_001,221463
36085,788,0,CV0056_001,222251
36086,776,0,CV0056_001,223027
36087,780,0,CV0056_001,223807
36088,788,0,CV0056_001,224595
36089,644,0,CV0056_001,225239
36090,200,0,CV0056_001,225439
36091,756,0,CV0056_001,226195
36092,348,0,CV0056_001,226543
36093,360,0,CV0056_001,226903
36094,384,0,CV0056_001,227287
36095,360,0,CV0056_001,227647
36096,724,0,CV0056_001,228371
36097,648,0,CV0056_001,229019
36098,316,0,CV0056_001,229335
36099,340,0,CV0056_001,229675
36100,580,0,CV0056_001,230255
36101,500,0,CV0056_001,230755
36102,176,0,CV0056_001,230931
36103,528,0,CV0056_001,231459
36104,772,0,CV0056_001,232231
36105,776,0,CV0056_001,233007
36106,252,0,CV0056_001,233259
36107,572,0,CV0056_001,233831
36108,716,0,CV0056_001,234547
36109,808,0,CV0056_001,235355
36110,692,0,CV0056_001,236047
36111,736,0,CV0056_001,236783
36112,744,0,CV0056_001,237527
36113,792,1,CV0056_001,238319
36114,672,0,CV0056_001,238991
36115,724,0,CV0056_001,239715
36116,724,0,CV0056_001,240439
36117,736,0,CV0056_001,241175
36118,748,0,CV0056_001,241923
36119,756,0,CV0056_001,242679
36120,756,0,CV0056_001,243435
36121,272,0,CV0056_001,243707
36122,476,0,CV0056_001,244183
36123,260,0,CV0056_001,244443
36124,468,0,CV0056_001,244911
36125,760,0,CV0056_001,245671
36126,736,0,CV0056_001,246407
36127,728,0,CV0056_001,247135
36128,728,0,CV0056_001,247863
36129,712,0,CV0056_001,248575
36130,704,0,CV0056_001,249279
36131,708,0,CV0056_001,249987
36132,696,0,CV0056_001,250683
36133,696,0,CV0056_001,251379
36134,704,0,CV0056_001,252083
36135,708,0,CV0056_001,252791
36136,704,0,CV0056_001,253495
36137,700,0,CV0056_001,254195
36138,704,0,CV0056_001,254899
36139,716,0,CV0056_001,255615
36140,744,0,CV0056_001,256359
36141,792,0,CV0056_001,257151
36142,828,0,CV0056_001,257979
36143,848,0,CV0056_001,258827
36144,824,0,CV0056_001,259651
36145,812,0,CV0056_001,260463
36146,796,0,CV0056_001,261259
36147,776,0,CV0056_001,262035
36148,764,0,CV0056_001,262799
36149,760,0,CV0056_001,263559
36150,768,0,CV0056_001,264327
36151,788,0,CV0056_001,265115
36152,804,0,CV0056_001,265919
36153,800,0,CV0056_001,266719
36154,796,0,CV0056_001,267515
36155,848,1,CV0056_001,268363
36156,748,0,CV0056_001,269111
36157,800,0,CV0056_001,269911
36158,796,0,CV0056_001,270707
36159,788,0,CV0056_001,271495
36160,792,0,CV0056_001,272287
36161,816,0,CV0056_001,273103
36162,832,0,CV0056_001,273935
36163,840,0,CV0056_001,274775
36164,832,0,CV0056_001,275607
36165,824,0,CV0056_001,276431
36166,812,0,CV0056_001,277243
36167,792,0,CV0056_001,278035
36168,784,0,CV0056_001,278819
36169,780,0,CV0056_001,279599
36170,804,0,CV0056_001,280403
36171,816,0,CV0056_001,281219
36172,828,0,CV0056_001,282047
36173,832,0,CV0056_001,282879
36174,868,0,CV0056_001,283747
36175,748,0,CV0056_001,284495
36176,784,0,CV0056_001,285279
36177,760,0,CV0056_001,286039
36178,752,0,CV0056_001,286791
36179,744,0,CV0056_001,287535
36180,752,0,CV0056_001,288287
36181,756,0,CV0056_001,289043
36182,760,0,CV0056_001,289803
36183,752,0,CV0056_001,290555
36184,748,0,CV0056_001,291303
36185,772,0,CV0056_001,292075
36186,784,0,CV0056_001,292859
36187,796,0,CV0056_001,293655
36188,796,0,CV0056_001,294451
36189,792,0,CV0056_001,295243
36190,780,0,CV0056_001,296023
36191,768,0,CV0056_001,296791
36192,760,0,CV0056_001,297551
36193,816,0,CV0056_001,298367
36194,712,0,CV0056_001,299079
36195,776,0,CV0056_001,299855
36196,852,0,CV0056_001,300707
36197,752,0,CV0056_001,301459
36198,792,0,CV0056_001,302251
36199,784,0,CV0056_001,303035
36200,796,0,CV0056_001,303831
36201,812,0,CV0056_001,304643
36202,812,0,CV0056_001,305455
36203,812,0,CV0056_001,306267
36204,816,0,CV0056_001,307083
36205,836,0,CV0056_001,307919
36206,840,0,CV0056_001,308759
36207,812,0,CV0056_001,309571
36208,840,0,CV0056_001,310411
36209,732,0,CV0056_001,311143
36210,784,0,CV0056_001,311927
36211,812,0,CV0056_001,312739
36212,844,0,CV0056_001,313583
36213,828,0,CV0056_001,314411
36214,804,0,CV0056_001,315215
36215,800,0,CV0056_001,316015
36216,804,0,CV0056_001,316819
36217,792,0,CV0056_001,317611
36218,780,0,CV0056_001,318391
36219,776,0,CV0056_001,319167
36220,788,0,CV0056_001,319955
36221,800,0,CV0056_001,320755
36222,800,0,CV0056_001,321555
36223,812,0,CV0056_001,322367
36224,828,0,CV0056_001,323195
36225,816,0,CV0056_001,324011
36226,820,0,CV0056_001,324831
36227,828,0,CV0056_001,325659
36228,848,0,CV0056_001,326507
36229,896,1,CV0056_001,327403
36230,776,0,CV0056_001,328179
36231,804,0,CV0056_001,328983
36232,816,0,CV0056_001,329799
36233,832,0,CV0056_001,330631
36234,840,0,CV0056_001,331471
36235,816,0,CV0056_001,332287
36236,808,0,CV0056_001,333095
36237,820,0,CV0056_001,333915
36238,844,0,CV0056_001,334759
36239,868,0,CV0056_001,335627
36240,868,0,CV0056_001,336495
36241,904,0,CV0056_001,337399
36242,760,0,CV0056_001,338159
36243,812,0,CV0056_001,338971
36244,804,0,CV0056_001,339775
36245,800,0,CV0056_001,340575
36246,852,0,CV0056_001,341427
36247,748,0,CV0056_001,342175
36248,836,0,CV0056_001,343011
36249,860,0,CV0056_001,343871
36250,848,0,CV0056_001,344719
36251,848,0,CV0056_001,345567
36252,880,0,CV0056_001,346447
36253,876,0,CV0056_001,347323
36254,868,0,CV0056_001,348191
36255,836,0,CV0056_001,349027
36256,808,0,CV0056_001,349835
36257,348,0,CV0056_001,350183
36258,432,0,CV0056_001,350615
36259,776,0,CV0056_001,351391
36260,2300,0,CV0056_001,353691
36261,752,0,CV0056_001,354443
36262,764,0,CV0056_001,355207
36263,776,0,CV0056_001,355983
36264,788,0,CV0056_001,356771
36265,804,0,CV0056_001,357575
36266,844,1,CV0056_001,358419
36267,736,0,CV0056_001,359155
36268,796,0,CV0056_001,359951
36269,812,0,CV0056_001,360763
36270,856,0,CV0056_001,361619
36271,880,0,CV0056_001,362499
36272,936,1,CV0056_001,363435
36273,812,0,CV0056_001,364247
36274,872,0,CV0056_001,365119
36275,872,0,CV0056_001,365991
36276,876,0,CV0056_001,366867
36277,868,0,CV0056_001,367735
36278,892,0,CV0056_001,368627
36279,904,0,CV0056_001,369531
36280,880,0,CV0056_001,370411
36281,896,0,CV0056_001,371307
36282,888,0,CV0056_001,372195
36283,872,0,CV0056_001,373067
36284,844,0,CV0056_001,373911
36285,848,0,CV0056_001,374759
36286,868,0,CV0056_001,375627
36287,884,0,CV0056_001,376511
36288,940,1,CV0056_001,377451
36289,820,0,CV0056_001,378271
36290,876,0,CV0056_001,379147
36291,872,0,CV0056_001,380019
36292,868,0,CV0056_001,380887
36293,880,0,CV0056_001,381767
36294,892,0,CV0056_001,382659
36295,884,0,CV0056_001,383543
36296,880,0,CV0056_001,384423
36297,888,0,CV0056_001,385311
36298,876,0,CV0056_001,386187
36299,872,0,CV0056_001,387059
36300,884,0,CV0056_001,387943
36301,880,0,CV0056_001,388823
36302,852,0,CV0056_001,389675
36303,860,0,CV0056_001,390535
36304,912,1,CV0056_001,391447
36305,820,0,CV0056_001,392267
36306,848,0,CV0056_001,393115
36307,840,0,CV0056_001,393955
36308,860,0,CV0056_001,394815
36309,872,0,CV0056_001,395687
36310,844,0,CV0056_001,396531
36311,820,0,CV0056_001,397351
36312,848,0,CV0056_001,398199
36313,872,0,CV0056_001,399071
36314,852,0,CV0056_001,399923
36315,844,0,CV0056_001,400767
36316,868,0,CV0056_001,401635
36317,880,0,CV0056_001,402515
36318,928,1,CV0056_001,403443
36319,812,0,CV0056_001,404255
36320,860,0,CV0056_001,405115
36321,872,0,CV0056_001,405987
36322,840,0,CV0056_001,406827
36323,836,0,CV0056_001,407663
36324,840,0,CV0056_001,408503
36325,840,0,CV0056_001,409343
36326,828,0,CV0056_001,410171
36327,816,0,CV0056_001,410987
36328,820,0,CV0056_001,411807
36329,836,0,CV0056_001,412643
36330,828,0,CV0056_001,413471
36331,836,0,CV0056_001,414307
36332,852,0,CV0056_001,415159
36333,864,0,CV0056_001,416023
36334,872,0,CV0056_001,416895
36335,872,0,CV0056_001,417767
36336,880,0,CV0056_001,418647
36337,852,0,CV0056_001,419499
36338,824,0,CV0056_001,420323
36339,828,0,CV0056_001,421151
36340,848,0,CV0056_001,421999
36341,852,0,CV0056_001,422851
36342,836,0,CV0056_001,423687
36343,848,0,CV0056_001,424535
36344,848,0,CV0056_001,425383
36345,852,0,CV0056_001,426235
36346,836,0,CV0056_001,427071
36347,848,0,CV0056_001,427919
36348,852,0,CV0056_001,428771
36349,832,0,CV0056_001,429603
36350,812,0,CV0056_001,430415
36351,824,0,CV0056_001,431239
36352,828,0,CV0056_001,432067
36353,888,0,CV0056_001,432955
36354,764,0,CV0056_001,433719
36355,844,0,CV0056_001,434563
36356,912,0,CV0056_001,435475
36357,784,0,CV0056_001,436259
36358,824,0,CV0056_001,437083
36359,840,0,CV0056_001,437923
36360,856,0,CV0056_001,438779
36361,864,0,CV0056_001,439643
36362,840,0,CV0056_001,440483
36363,832,0,CV0056_001,441315
36364,840,0,CV0056_001,442155
36365,856,0,CV0056_001,443011
36366,844,0,CV0056_001,443855
36367,824,0,CV0056_001,444679
36368,832,0,CV0056_001,445511
36369,852,0,CV0056_001,446363
36370,856,0,CV0056_001,447219
36371,856,0,CV0056_001,448075
36372,864,0,CV0056_001,448939
36373,868,0,CV0056_001,449807
36374,860,0,CV0056_001,450667
36375,840,0,CV0056_001,451507
36376,824,0,CV0056_001,452331
36377,828,0,CV0056_001,453159
36378,808,0,CV0056_001,453967
36379,796,0,CV0056_001,454763
36380,824,0,CV0056_001,455587
36381,800,0,CV0056_001,456387
36382,820,0,CV0056_001,457207
36383,836,0,CV0056_001,458043
36384,844,0,CV0056_001,458887
36385,820,0,CV0056_001,459707
36386,812,0,CV0056_001,460519
36387,812,0,CV0056_001,461331
36388,828,0,CV0056_001,462159
36389,816,0,CV0056_001,462975
36390,804,0,CV0056_001,463779
36391,824,0,CV0056_001,464603
36392,844,0,CV0056_001,465447
36393,840,0,CV0056_001,466287
36394,812,0,CV0056_001,467099
36395,820,0,CV0056_001,467919
36396,824,0,CV0056_001,468743
36397,832,0,CV0056_001,469575
36398,816,0,CV0056_001,470391
36399,836,0,CV0056_001,471227
36400,848,0,CV0056_001,472075
36401,868,0,CV0056_001,472943
36402,856,0,CV0056_001,473799
36403,844,0,CV0056_001,474643
36404,832,0,CV0056_001,475475
36405,828,0,CV0056_001,476303
36406,840,0,CV0056_001,477143
36407,828,0,CV0056_001,477971
36408,824,0,CV0056_001,478795
36409,840,0,CV0056_001,479635
36410,848,0,CV0056_001,480483
36411,836,0,CV0056_001,481319
36412,832,0,CV0056_001,482151
36413,840,0,CV0056_001,482991
36414,832,0,CV0056_001,483823
36415,832,0,CV0056_001,484655
36416,852,0,CV0056_001,485507
36417,864,0,CV0056_001,486371
36418,848,0,CV0056_001,487219
36419,832,0,CV0056_001,488051
36420,848,0,CV0056_001,488899
36421,860,0,CV0056_001,489759
36422,848,0,CV0056_001,490607
36423,876,0,CV0056_001,491483
36424,772,0,CV0056_001,492255
36425,856,0,CV0056_001,493111
36426,852,0,CV0056_001,493963
36427,812,0,CV0056_001,494775
36428,796,0,CV0056_001,495571
36429,800,0,CV0056_001,496371
36430,820,0,CV0056_001,497191
36431,820,0,CV0056_001,498011
36432,812,0,CV0056_001,498823
36433,804,0,CV0056_001,499627
36434,876,0,CV0056_001,500503
36435,792,0,CV0056_001,501295
36436,824,0,CV0056_001,502119
36437,832,0,CV0056_001,502951
36438,852,0,CV0056_001,503803
36439,848,0,CV0056_001,504651
36440,820,0,CV0056_001,505471
36441,800,0,CV0056_001,506271
36442,788,0,CV0056_001,507059
36443,796,0,CV0056_001,507855
36444,808,0,CV0056_001,508663
36445,824,0,CV0056_001,509487
36446,816,0,CV0056_001,510303
36447,800,0,CV0056_001,511103
36448,796,0,CV0056_001,511899
36449,816,0,CV0056_001,512715
36450,828,0,CV0056_001,513543
36451,828,0,CV0056_001,514371
36452,820,0,CV0056_001,515191
36453,820,0,CV0056_001,516011
36454,832,0,CV0056_001,516843
36455,856,0,CV0056_001,517699
36456,840,0,CV0056_001,518539
36457,824,0,CV0056_001,519363
36458,824,0,CV0056_001,520187
36459,844,0,CV0056_001,521031
36460,852,0,CV0056_001,521883
36461,852,0,CV0056_001,522735
36462,848,0,CV0056_001,523583
36463,832,0,CV0056_001,524415
36464,836,0,CV0056_001,525251
36465,812,0,CV0056_001,526063
36466,792,0,CV0056_001,526855
36467,772,0,CV0056_001,527627
36468,756,0,CV0056_001,528383
36469,740,0,CV0056_001,529123
36470,744,0,CV0056_001,529867
36471,752,0,CV0056_001,530619
36472,804,0,CV0056_001,531423
36473,864,0,CV0056_001,532287
36474,884,0,CV0056_001,533171
36475,924,0,CV0056_001,534095
36476,904,0,CV0056_001,534999
36477,864,0,CV0056_001,535863
36478,872,0,CV0056_001,536735
36479,872,0,CV0056_001,537607
36480,888,0,CV0056_001,538495
36481,888,0,CV0056_001,539383
36482,892,0,CV0056_001,540275
36483,932,0,CV0056_001,541207
36484,912,0,CV0056_001,542119
36485,888,0,CV0056_001,543007
36486,892,0,CV0056_001,543899
36487,900,0,CV0056_001,544799
36488,944,0,CV0056_001,545743
36489,892,0,CV0056_001,546635
36490,884,0,CV0056_001,547519
36491,904,0,CV0056_001,548423
36492,912,0,CV0056_001,549335
36493,920,0,CV0056_001,550255
36494,916,0,CV0056_001,551171
36495,920,0,CV0056_001,552091
36496,904,0,CV0056_001,552995
36497,852,0,CV0056_001,553847
36498,840,0,CV0056_001,554687
36499,856,0,CV0056_001,555543
36500,872,0,CV0056_001,556415
36501,900,0,CV0056_001,557315
36502,856,0,CV0056_001,558171
36503,872,0,CV0056_001,559043
36504,908,0,CV0056_001,559951
36505,924,0,CV0056_001,560875
36506,904,0,CV0056_001,561779
36507,892,0,CV0056_001,562671
36508,900,0,CV0056_001,563571
36509,960,0,CV0056_001,564531
36510,808,0,CV0056_001,565339
36511,848,0,CV0056_001,566187
36512,864,0,CV0056_001,567051
36513,844,0,CV0056_001,567895
36514,828,0,CV0056_001,568723
36515,848,0,CV0056_001,569571
36516,832,0,CV0056_001,570403
36517,820,0,CV0056_001,571223
36518,828,0,CV0056_001,572051
36519,848,0,CV0056_001,572899
36520,876,0,CV0056_001,573775
36521,848,0,CV0056_001,574623
36522,896,0,CV0056_001,575519
36523,808,0,CV0056_001,576327
36524,888,0,CV0056_001,577215
36525,920,0,CV0056_001,578135
36526,880,0,CV0056_001,579015
36527,872,0,CV0056_001,579887
36528,892,0,CV0056_001,580779
36529,900,0,CV0056_001,581679
36530,904,0,CV0056_001,582583
36531,956,0,CV0056_001,583539
36532,856,0,CV0056_001,584395
36533,892,0,CV0056_001,585287
36534,852,0,CV0056_001,586139
36535,828,0,CV0056_001,586967
36536,852,0,CV0056_001,587819
36537,872,0,CV0056_001,588691
36538,900,0,CV0056_001,589591
36539,860,0,CV0056_001,590451
36540,876,0,CV0056_001,591327
36541,896,0,CV0056_001,592223
36542,920,0,CV0056_001,593143
36543,796,0,CV0056_001,593939
36544,824,0,CV0056_001,594763
36545,800,0,CV0056_001,595563
36546,784,0,CV0056_001,596347
36547,772,0,CV0056_001,597119
36548,752,0,CV0056_001,597871
36549,748,0,CV0056_001,598619
36550,748,0,CV0056_001,599367
36551,752,0,CV0056_001,600119
36552,760,0,CV0056_001,600879
36553,756,0,CV0056_001,601635
36554,756,0,CV0056_001,602391
36555,744,0,CV0056_001,603135
36556,748,0,CV0056_001,603883
36557,764,0,CV0056_001,604647
36558,784,0,CV0056_001,605431
36559,812,0,CV0056_001,606243
36560,820,0,CV0056_001,607063
36561,820,0,CV0056_001,607883
36562,804,0,CV0056_001,608687
36563,1604,0,CV0056_001,610291
36564,816,0,CV0056_001,611107
36565,808,0,CV0056_001,611915
36566,820,0,CV0056_001,612735
36567,804,0,CV0056_001,613539
36568,796,0,CV0056_001,614335
36569,788,0,CV0056_001,615123
36570,800,0,CV0056_001,615923
36571,812,0,CV0056_001,616735
36572,812,0,CV0056_001,617547
36573,804,0,CV0056_001,618351
36574,804,0,CV0056_001,619155
36575,816,0,CV0056_001,619971
36576,824,0,CV0056_001,620795
36577,820,0,CV0056_001,621615
36578,816,0,CV0056_001,622431
36579,836,0,CV0056_001,623267
36580,856,0,CV0056_001,624123
36581,864,0,CV0056_001,624987
36582,872,0,CV0056_001,625859
36583,864,0,CV0056_001,626723
36584,852,0,CV0056_001,627575
36585,828,0,CV0056_001,628403
36586,796,0,CV0056_001,629199
36587,788,0,CV0056_001,629987
36588,792,0,CV0056_001,630779
36589,800,0,CV0056_001,631579
36590,812,0,CV0056_001,632391
36591,824,0,CV0056_001,633215
36592,820,0,CV0056_001,634035
36593,800,0,CV0056_001,634835
36594,768,0,CV0056_001,635603
36595,760,0,CV0056_001,636363
36596,760,0,CV0056_001,637123
36597,776,0,CV0056_001,637899
36598,820,0,CV0056_001,638719
36599,852,0,CV0056_001,639571
36600,872,0,CV0056_001,640443
36601,836,0,CV0056_001,641279
36602,816,0,CV0056_001,642095
36603,816,0,CV0056_001,642911
36604,824,0,CV0056_001,643735
36605,856,0,CV0056_001,644591
36606,860,0,CV0056_001,645451
36607,852,0,CV0056_001,646303
36608,860,0,CV0056_001,647163
36609,872,0,CV0056_001,648035
36610,860,0,CV0056_001,648895
36611,844,0,CV0056_001,649739
36612,844,0,CV0056_001,650583
36613,852,0,CV0056_001,651435
36614,832,0,CV0056_001,652267
36615,848,0,CV0056_001,653115
36616,860,0,CV0056_001,653975
36617,852,0,CV0056_001,654827
36618,836,0,CV0056_001,655663
36619,896,1,CV0056_001,656559
36620,808,0,CV0056_001,657367
36621,844,0,CV0056_001,658211
36622,832,0,CV0056_001,659043
36623,844,0,CV0056_001,659887
36624,860,0,CV0056_001,660747
36625,848,0,CV0056_001,661595
36626,828,0,CV0056_001,662423
36627,824,0,CV0056_001,663247
36628,832,0,CV0056_001,664079
36629,820,0,CV0056_001,664899
36630,808,0,CV0056_001,665707
36631,872,1,CV0056_001,666579
36632,772,0,CV0056_001,667351
36633,820,0,CV0056_001,668171
36634,812,0,CV0056_001,668983
36635,824,0,CV0056_001,669807
36636,828,0,CV0056_001,670635
36637,820,0,CV0056_001,671455
36638,820,0,CV0056_001,672275
36639,824,0,CV0056_001,673099
36640,820,0,CV0056_001,673919
36641,812,0,CV0056_001,674731
36642,816,0,CV0056_001,675547
36643,824,0,CV0056_001,676371
36644,808,0,CV0056_001,677179
36645,816,0,CV0056_001,677995
36646,820,0,CV0056_001,678815
36647,824,0,CV0056_001,679639
36648,812,0,CV0056_001,680451
36649,816,0,CV0056_001,681267
36650,828,0,CV0056_001,682095
36651,872,1,CV0056_001,682967
36652,760,0,CV0056_001,683727
36653,820,0,CV0056_001,684547
36654,828,0,CV0056_001,685375
36655,816,0,CV0056_001,686191
36656,816,0,CV0056_001,687007
36657,820,0,CV0056_001,687827
36658,836,0,CV0056_001,688663
36659,832,0,CV0056_001,689495
36660,840,0,CV0056_001,690335
36661,844,0,CV0056_001,691179
36662,852,0,CV0056_001,692031
36663,844,0,CV0056_001,692875
36664,836,0,CV0056_001,693711
36665,884,1,CV0056_001,694595
36666,780,0,CV0056_001,695375
36667,832,0,CV0056_001,696207
36668,824,0,CV0056_001,697031
36669,828,0,CV0056_001,697859
36670,844,0,CV0056_001,698703
36671,884,1,CV0056_001,699587
36672,772,0,CV0056_001,700359
36673,832,0,CV0056_001,701191
36674,844,0,CV0056_001,702035
36675,832,0,CV0056_001,702867
36676,832,0,CV0056_001,703699
36677,804,0,CV0056_001,704503
36678,832,0,CV0056_001,705335
36679,812,0,CV0056_001,706147
36680,824,0,CV0056_001,706971
36681,840,0,CV0056_001,707811
36682,832,0,CV0056_001,708643
36683,808,0,CV0056_001,709451
36684,816,0,CV0056_001,710267
36685,828,0,CV0056_001,711095
36686,836,0,CV0056_001,711931
36687,820,0,CV0056_001,712751
36688,824,0,CV0056_001,713575
36689,856,0,CV0056_001,714431
36690,860,0,CV0056_001,715291
36691,840,0,CV0056_001,716131
36692,816,0,CV0056_001,716947
36693,812,0,CV0056_001,717759
36694,812,0,CV0056_001,718571
36695,812,0,CV0056_001,719383
36696,796,0,CV0056_001,720179
36697,796,0,CV0056_001,720975
36698,820,0,CV0056_001,721795
36699,824,0,CV0056_001,722619
36700,816,0,CV0056_001,723435
36701,812,0,CV0056_001,724247
36702,824,0,CV0056_001,725071
36703,832,0,CV0056_001,725903
36704,812,0,CV0056_001,726715
36705,796,0,CV0056_001,727511
36706,796,0,CV0056_001,728307
36707,808,0,CV0056_001,729115
36708,820,0,CV0056_001,729935
36709,804,0,CV0056_001,730739
36710,816,0,CV0056_001,731555
36711,832,0,CV0056_001,732387
36712,840,0,CV0056_001,733227
36713,820,0,CV0056_001,734047
36714,820,0,CV0056_001,734867
36715,820,0,CV0056_001,735687
36716,820,0,CV0056_001,736507
36717,860,0,CV0056_001,737367
36718,744,0,CV0056_001,738111
36719,796,0,CV0056_001,738907
36720,836,0,CV0056_001,739743
36721,724,0,CV0056_001,740467
36722,776,0,CV0056_001,741243
36723,796,0,CV0056_001,742039
36724,824,0,CV0056_001,742863
36725,852,0,CV0056_001,743715
36726,896,0,CV0056_001,744611
36727,800,0,CV0056_001,745411
36728,828,0,CV0056_001,746239
36729,592,0,CV0056_001,746831
36730,220,0,CV0056_001,747051
36731,816,0,CV0056_001,747867
36732,792,0,CV0056_001,748659
36733,800,0,CV0056_001,749459
36734,812,0,CV0056_001,750271
36735,828,0,CV0056_001,751099
36736,1656,0,CV0056_001,752755
36737,860,0,CV0056_001,753615
36738,752,0,CV0056_001,754367
36739,812,0,CV0056_001,755179
36740,812,0,CV0056_001,755991
36741,800,0,CV0056_001,756791
36742,840,0,CV0056_001,757631
36743,752,0,CV0056_001,758383
36744,832,0,CV0056_001,759215
36745,876,0,CV0056_001,760091
36746,872,0,CV0056_001,760963
36747,864,0,CV0056_001,761827
36748,840,0,CV0056_001,762667
36749,848,0,CV0056_001,763515
36750,860,0,CV0056_001,764375
36751,932,0,CV0056_001,765307
36752,848,0,CV0056_001,766155
36753,880,0,CV0056_001,767035
36754,852,0,CV0056_001,767887
36755,832,0,CV0056_001,768719
36756,824,0,CV0056_001,769543
36757,848,0,CV0056_001,770391
36758,868,0,CV0056_001,771259
36759,904,0,CV0056_001,772163
36760,880,0,CV0056_001,773043
36761,844,0,CV0056_001,773887
36762,848,0,CV0056_001,774735
36763,872,0,CV0056_001,775607
36764,856,0,CV0056_001,776463
36765,828,0,CV0056_001,777291
36766,824,0,CV0056_001,778115
36767,836,0,CV0056_001,778951
36768,840,0,CV0056_001,779791
36769,856,0,CV0056_001,780647
36770,848,0,CV0056_001,781495
36771,824,0,CV0056_001,782319
36772,836,0,CV0056_001,783155
36773,852,0,CV0056_001,784007
36774,872,0,CV0056_001,784879
36775,872,0,CV0056_001,785751
36776,876,0,CV0056_001,786627
36777,892,0,CV0056_001,787519
36778,900,0,CV0056_001,788419
36779,872,0,CV0056_001,789291
36780,844,0,CV0056_001,790135
36781,844,0,CV0056_001,790979
36782,856,0,CV0056_001,791835
36783,924,0,CV0056_001,792759
36784,864,0,CV0056_001,793623
36785,792,0,CV0056_001,794415
36786,824,0,CV0056_001,795239
36787,828,0,CV0056_001,796067
36788,840,0,CV0056_001,796907
36789,848,0,CV0056_001,797755
36790,864,0,CV0056_001,798619
36791,872,0,CV0056_001,799491
36792,868,0,CV0056_001,800359
36793,876,0,CV0056_001,801235
36794,860,0,CV0056_001,802095
36795,844,0,CV0056_001,802939
36796,844,0,CV0056_001,803783
36797,848,0,CV0056_001,804631
36798,844,0,CV0056_001,805475
36799,820,0,CV0056_001,806295
36800,808,0,CV0056_001,807103
36801,824,0,CV0056_001,807927
36802,852,0,CV0056_001,808779
36803,868,0,CV0056_001,809647
36804,840,0,CV0056_001,810487
36805,824,0,CV0056_001,811311
36806,816,0,CV0056_001,812127
36807,816,0,CV0056_001,812943
36808,824,0,CV0056_001,813767
36809,852,0,CV0056_001,814619
36810,840,0,CV0056_001,815459
36811,828,0,CV0056_001,816287
36812,816,0,CV0056_001,817103
36813,808,0,CV0056_001,817911
36814,820,0,CV0056_001,818731
36815,828,0,CV0056_001,819559
36816,828,0,CV0056_001,820387
36817,836,0,CV0056_001,821223
36818,844,0,CV0056_001,822067
36819,832,0,CV0056_001,822899
36820,820,0,CV0056_001,823719
36821,828,0,CV0056_001,824547
36822,840,0,CV0056_001,825387
36823,860,0,CV0056_001,826247
36824,864,0,CV0056_001,827111
36825,832,0,CV0056_001,827943
36826,808,0,CV0056_001,828751
36827,816,0,CV0056_001,829567
36828,828,0,CV0056_001,830395
36829,840,0,CV0056_001,831235
36830,832,0,CV0056_001,832067
36831,820,0,CV0056_001,832887
36832,824,0,CV0056_001,833711
36833,848,0,CV0056_001,834559
36834,864,0,CV0056_001,835423
36835,856,0,CV0056_001,836279
36836,840,0,CV0056_001,837119
36837,844,0,CV0056_001,837963
36838,864,0,CV0056_001,838827
36839,880,0,CV0056_001,839707
36840,868,0,CV0056_001,840575
36841,888,0,CV0056_001,841463
36842,848,0,CV0056_001,842311
36843,824,0,CV0056_001,843135
36844,824,0,CV0056_001,843959
36845,836,0,CV0056_001,844795
36846,884,1,CV0056_001,845679
36847,772,0,CV0056_001,846451
36848,828,0,CV0056_001,847279
36849,840,0,CV0056_001,848119
36850,848,0,CV0056_001,848967
36851,856,0,CV0056_001,849823
36852,832,0,CV0056_001,850655
36853,812,0,CV0056_001,851467
36854,804,0,CV0056_001,852271
36855,824,0,CV0056_001,853095
36856,852,0,CV0056_001,853947
36857,868,0,CV0056_001,854815
36858,880,0,CV0056_001,855695
36859,864,0,CV0056_001,856559
36860,840,0,CV0056_001,857399
36861,836,0,CV0056_001,858235
36862,856,0,CV0056_001,859091
36863,848,0,CV0056_001,859939
36864,824,0,CV0056_001,860763
36865,816,0,CV0056_001,861579
36866,824,0,CV0056_001,862403
36867,836,0,CV0056_001,863239
36868,848,0,CV0056_001,864087
36869,836,0,CV0056_001,864923
36870,816,0,CV0056_001,865739
36871,816,0,CV0056_001,866555
36872,808,0,CV0056_001,867363
36873,796,0,CV0056_001,868159
36874,776,0,CV0056_001,868935
36875,776,0,CV0056_001,869711
36876,784,0,CV0056_001,870495
36877,808,0,CV0056_001,871303
36878,812,0,CV0056_001,872115
36879,796,0,CV0056_001,872911
36880,796,0,CV0056_001,873707
36881,828,0,CV0056_001,874535
36882,856,0,CV0056_001,875391
36883,872,0,CV0056_001,876263
36884,856,0,CV0056_001,877119
36885,836,0,CV0056_001,877955
36886,848,0,CV0056_001,878803
36887,852,0,CV0056_001,879655
36888,868,0,CV0056_001,880523
36889,840,0,CV0056_001,881363
36890,816,0,CV0056_001,882179
36891,816,0,CV0056_001,882995
36892,832,0,CV0056_001,883827
36893,836,0,CV0056_001,884663
36894,840,0,CV0056_001,885503
36895,832,0,CV0056_001,886335
36896,808,0,CV0056_001,887143
36897,796,0,CV0056_001,887939
36898,788,0,CV0056_001,888727
36899,816,0,CV0056_001,889543
36900,876,0,CV0056_001,890419
36901,768,0,CV0056_001,891187
36902,800,0,CV0056_001,891987
36903,784,0,CV0056_001,892771
36904,776,0,CV0056_001,893547
36905,768,0,CV0056_001,894315
36906,752,0,CV0056_001,895067
36907,748,0,CV0056_001,895815
36908,744,0,CV0056_001,896559
36909,728,0,CV0056_001,897287
36910,780,1,CV0056_001,898067
36911,684,0,CV0056_001,898751
36912,732,0,CV0056_001,899483
36913,736,0,CV0056_001,900219
36914,728,0,CV0056_001,900947
36915,724,0,CV0056_001,901671
36916,724,0,CV0056_001,902395
36917,732,0,CV0056_001,903127
36918,752,0,CV0056_001,903879
36919,784,0,CV0056_001,904663
36920,800,0,CV0056_001,905463
36921,816,0,CV0056_001,906279
36922,812,0,CV0056_001,907091
36923,796,0,CV0056_001,907887
36924,832,0,CV0056_001,908719
36925,736,0,CV0056_001,909455
36926,808,0,CV0056_001,910263
36927,820,0,CV0056_001,911083
36928,800,0,CV0056_001,911883
36929,832,0,CV0056_001,912715
36930,724,0,CV0056_001,913439
36931,776,0,CV0056_001,914215
36932,784,0,CV0056_001,914999
36933,800,0,CV0056_001,915799
36934,804,0,CV0056_001,916603
36935,792,0,CV0056_001,917395
36936,796,0,CV0056_001,918191
36937,824,0,CV0056_001,919015
36938,836,0,CV0056_001,919851
36939,876,1,CV0056_001,920727
36940,776,0,CV0056_001,921503
36941,848,0,CV0056_001,922351
36942,844,0,CV0056_001,923195
36943,824,0,CV0056_001,924019
36944,816,0,CV0056_001,924835
36945,856,0,CV0056_001,925691
36946,760,0,CV0056_001,926451
36947,788,0,CV0056_001,927239
36948,768,0,CV0056_001,928007
36949,768,0,CV0056_001,928775
36950,776,0,CV0056_001,929551
36951,780,0,CV0056_001,930331
36952,784,0,CV0056_001,931115
36953,812,0,CV0056_001,931927
36954,828,0,CV0056_001,932755
36955,840,0,CV0056_001,933595
36956,824,0,CV0056_001,934419
36957,808,0,CV0056_001,935227
36958,808,0,CV0056_001,936035
36959,812,0,CV0056_001,936847
36960,868,0,CV0056_001,937715
36961,800,0,CV0056_001,938515
36962,876,0,CV0056_001,939391
36963,920,0,CV0056_001,940311
36964,808,0,CV0056_001,941119
36965,844,0,CV0056_001,941963
36966,816,0,CV0056_001,942779
36967,816,0,CV0056_001,943595
36968,804,0,CV0056_001,944399
36969,816,0,CV0056_001,945215
36970,820,0,CV0056_001,946035
36971,812,0,CV0056_001,946847
36972,788,0,CV0056_001,947635
36973,796,0,CV0056_001,948431
36974,784,0,CV0056_001,949215
36975,792,0,CV0056_001,950007
36976,792,0,CV0056_001,950799
36977,784,0,CV0056_001,951583
36978,776,0,CV0056_001,952359
36979,772,0,CV0056_001,953131
36980,784,0,CV0056_001,953915
36981,796,0,CV0056_001,954711
36982,796,0,CV0056_001,955507
36983,796,0,CV0056_001,956303
36984,800,0,CV0056_001,957103
36985,844,0,CV0056_001,957947
36986,776,0,CV0056_001,958723
36987,708,0,CV0056_001,959431
36988,748,0,CV0056_001,960179
36989,744,0,CV0056_001,960923
36990,756,0,CV0056_001,961679
36991,784,0,CV0056_001,962463
36992,804,0,CV0056_001,963267
36993,820,0,CV0056_001,964087
36994,808,0,CV0056_001,964895
36995,848,1,CV0056_001,965743
36996,748,0,CV0056_001,966491
36997,800,0,CV0056_001,967291
36998,804,0,CV0056_001,968095
36999,844,0,CV0056_001,968939
37000,780,0,CV0056_001,969719
37001,728,0,CV0056_001,970447
37002,800,0,CV0056_001,971247
37003,816,0,CV0056_001,972063
37004,820,0,CV0056_001,972883
37005,820,0,CV0056_001,973703
37006,816,0,CV0056_001,974519
37007,812,0,CV0056_001,975331
37008,812,0,CV0056_001,976143
37009,792,0,CV0056_001,976935
37010,812,0,CV0056_001,977747
37011,816,0,CV0056_001,978563
37012,832,0,CV0056_001,979395
37013,840,0,CV0056_001,980235
37014,820,0,CV0056_001,981055
37015,844,0,CV0056_001,981899
37016,828,0,CV0056_001,982727
37017,836,0,CV0056_001,983563
37018,824,0,CV0056_001,984387
37019,804,0,CV0056_001,985191
37020,820,0,CV0056_001,986011
37021,812,0,CV0056_001,986823
37022,828,0,CV0056_001,987651
37023,820,0,CV0056_001,988471
37024,808,0,CV0056_001,989279
37025,816,0,CV0056_001,990095
37026,816,0,CV0056_001,990911
37027,832,0,CV0056_001,991743
37028,832,0,CV0056_001,992575
37029,816,0,CV0056_001,993391
37030,832,0,CV0056_001,994223
37031,832,0,CV0056_001,995055
37032,820,0,CV0056_001,995875
37033,828,0,CV0056_001,996703
37034,832,0,CV0056_001,997535
37035,836,0,CV0056_001,998371
37036,804,0,CV0056_001,999175
37037,812,0,CV0056_001,999987
37038,800,0,CV0056_001,1000787
37039,812,0,CV0056_001,1001599
37040,808,0,CV0056_001,1002407
37041,792,0,CV0056_001,1003199
37042,804,0,CV0056_001,1004003
37043,804,0,CV0056_001,1004807
37044,824,0,CV0056_001,1005631
37045,812,0,CV0056_001,1006443
37046,796,0,CV0056_001,1007239
37047,804,0,CV0056_001,1008043
37048,804,0,CV0056_001,1008847
37049,816,0,CV0056_001,1009663
37050,816,0,CV0056_001,1010479
37051,784,0,CV0056_001,1011263
37052,800,0,CV0056_001,1012063
37053,796,0,CV0056_001,1012859
37054,804,0,CV0056_001,1013663
37055,808,0,CV0056_001,1014471
37056,784,0,CV0056_001,1015255
37057,804,0,CV0056_001,1016059
37058,800,0,CV0056_001,1016859
37059,812,0,CV0056_001,1017671
37060,812,0,CV0056_001,1018483
37061,784,0,CV0056_001,1019267
37062,792,0,CV0056_001,1020059
37063,804,0,CV0056_001,1020863
37064,804,0,CV0056_001,1021667
37065,816,0,CV0056_001,1022483
37066,804,0,CV0056_001,1023287
37067,828,0,CV0056_001,1024115
37068,816,0,CV0056_001,1024931
37069,816,0,CV0056_001,1025747
37070,796,0,CV0056_001,1026543
37071,792,0,CV0056_001,1027335
37072,808,0,CV0056_001,1028143
37073,804,0,CV0056_001,1028947
37074,788,0,CV0056_001,1029735
37075,804,0,CV0056_001,1030539
37076,800,0,CV0056_001,1031339
37077,792,0,CV0056_001,1032131
37078,780,0,CV0056_001,1032911
37079,832,0,CV0056_001,1033743
37080,740,0,CV0056_001,1034483
37081,792,0,CV0056_001,1035275
37082,816,0,CV0056_001,1036091
37083,792,0,CV0056_001,1036883
37084,796,0,CV0056_001,1037679
37085,816,0,CV0056_001,1038495
37086,808,0,CV0056_001,1039303
37087,824,0,CV0056_001,1040127
37088,800,0,CV0056_001,1040927
37089,856,1,CV0056_001,1041783
37090,752,0,CV0056_001,1042535
37091,804,0,CV0056_001,1043339
37092,804,0,CV0056_001,1044143
37093,788,0,CV0056_001,1044931
37094,800,0,CV0056_001,1045731
37095,828,0,CV0056_001,1046559
37096,844,0,CV0056_001,1047403
37097,876,0,CV0056_001,1048279
37098,748,0,CV0056_001,1049027
37099,808,0,CV0056_001,1049835
37100,824,0,CV0056_001,1050659
37101,832,0,CV0056_001,1051491
37102,836,0,CV0056_001,1052327
37103,824,0,CV0056_001,1053151
37104,800,0,CV0056_001,1053951
37105,800,0,CV0056_001,1054751
37106,804,0,CV0056_001,1055555
37107,808,0,CV0056_001,1056363
37108,804,0,CV0056_001,1057167
37109,504,0,CV0056_001,1057671
37110,296,0,CV0056_001,1057967
37111,804,0,CV0056_001,1058771
37112,804,0,CV0056_001,1059575
37113,804,0,CV0056_001,1060379
37114,800,0,CV0056_001,1061179
37115,812,0,CV0056_001,1061991
37116,800,0,CV0056_001,1062791
37117,788,0,CV0056_001,1063579
37118,796,0,CV0056_001,1064375
37119,788,0,CV0056_001,1065163
37120,788,0,CV0056_001,1065951
37121,800,0,CV0056_001,1066751
37122,800,0,CV0056_001,1067551
37123,800,0,CV0056_001,1068351
37124,788,0,CV0056_001,1069139
37125,788,0,CV0056_001,1069927
37126,848,1,CV0056_001,1070775
37127,760,0,CV0056_001,1071535
37128,804,0,CV0056_001,1072339
37129,796,0,CV0056_001,1073135
37130,784,0,CV0056_001,1073919
37131,148,0,CV0056_001,1074067
37132,632,0,CV0056_001,1074699
37133,812,0,CV0056_001,1075511
37134,184,0,CV0056_001,1075695
37135,668,0,CV0056_001,1076363
37136,876,0,CV0056_001,1077239
37137,852,0,CV0056_001,1078091
37138,608,0,CV0056_001,1078699
37139,236,0,CV0056_001,1078935
37140,860,0,CV0056_001,1079795
37141,848,0,CV0056_001,1080643
37142,844,0,CV0056_001,1081487
37143,392,0,CV0056_001,1081879
37144,1304,0,CV0056_001,1083183
37145,856,0,CV0056_001,1084039
37146,840,0,CV0056_001,1084879
37147,812,0,CV0056_001,1085691
37148,804,0,CV0056_001,1086495
37149,824,0,CV0056_001,1087319
37150,848,0,CV0056_001,1088167
37151,840,0,CV0056_001,1089007
37152,832,0,CV0056_001,1089839
37153,816,0,CV0056_001,1090655
37154,824,0,CV0056_001,1091479
37155,832,0,CV0056_001,1092311
37156,824,0,CV0056_001,1093135
37157,824,0,CV0056_001,1093959
37158,860,1,CV0056_001,1094819
37159,776,0,CV0056_001,1095595
37160,828,0,CV0056_001,1096423
37161,844,0,CV0056_001,1097267
37162,840,0,CV0056_001,1098107
37163,832,0,CV0056_001,1098939
37164,828,0,CV0056_001,1099767
37165,824,0,CV0056_001,1100591
37166,848,0,CV0056_001,1101439
37167,844,0,CV0056_001,1102283
37168,876,0,CV0056_001,1103159
37169,760,0,CV0056_001,1103919
37170,864,0,CV0056_001,1104783
37171,780,0,CV0056_001,1105563
37172,836,0,CV0056_001,1106399
37173,832,0,CV0056_001,1107231
37174,840,0,CV0056_001,1108071
37175,828,0,CV0056_001,1108899
37176,892,1,CV0056_001,1109791
37177,752,0,CV0056_001,1110543
37178,808,0,CV0056_001,1111351
37179,832,0,CV0056_001,1112183
37180,836,0,CV0056_001,1113019
37181,864,0,CV0056_001,1113883
37182,832,0,CV0056_001,1114715
37183,836,0,CV0056_001,1115551
37184,832,0,CV0056_001,1116383
37185,832,0,CV0056_001,1117215
37186,844,0,CV0056_001,1118059
37187,824,0,CV0056_001,1118883
37188,820,0,CV0056_001,1119703
37189,820,0,CV0056_001,1120523
37190,836,0,CV0056_001,1121359
37191,840,0,CV0056_001,1122199
37192,824,0,CV0056_001,1123023
37193,804,0,CV0056_001,1123827
37194,792,0,CV0056_001,1124619
37195,800,0,CV0056_001,1125419
37196,832,0,CV0056_001,1126251
37197,848,0,CV0056_001,1127099
37198,872,0,CV0056_001,1127971
37199,868,0,CV0056_001,1128839
37200,860,0,CV0056_001,1129699
37201,844,0,CV0056_001,1130543
37202,840,0,CV0056_001,1131383
37203,808,0,CV0056_001,1132191
37204,796,0,CV0056_001,1132987
37205,808,0,CV0056_001,1133795
37206,808,0,CV0056_001,1134603
37207,828,0,CV0056_001,1135431
37208,836,0,CV0056_001,1136267
37209,856,0,CV0056_001,1137123
37210,852,0,CV0056_001,1137975
37211,836,0,CV0056_001,1138811
37212,816,0,CV0056_001,1139627
37213,800,0,CV0056_001,1140427
37214,808,0,CV0056_001,1141235
37215,812,0,CV0056_001,1142047
37216,792,0,CV0056_001,1142839
37217,808,0,CV0056_001,1143647
37218,820,0,CV0056_001,1144467
37219,808,0,CV0056_001,1145275
37220,800,0,CV0056_001,1146075
37221,812,0,CV0056_001,1146887
37222,840,0,CV0056_001,1147727
37223,856,0,CV0056_001,1148583
37224,860,0,CV0056_001,1149443
37225,868,0,CV0056_001,1150311
37226,856,0,CV0056_001,1151167
37227,856,0,CV0056_001,1152023
37228,832,0,CV0056_001,1152855
37229,848,0,CV0056_001,1153703
37230,864,0,CV0056_001,1154567
37231,872,0,CV0056_001,1155439
37232,852,0,CV0056_001,1156291
37233,828,0,CV0056_001,1157119
37234,832,0,CV0056_001,1157951
37235,836,0,CV0056_001,1158787
37236,852,0,CV0056_001,1159639
37237,844,0,CV0056_001,1160483
37238,840,0,CV0056_001,1161323
37239,828,0,CV0056_001,1162151
37240,836,0,CV0056_001,1162987
37241,868,0,CV0056_001,1163855
37242,872,0,CV0056_001,1164727
37243,852,0,CV0056_001,1165579
37244,832,0,CV0056_001,1166411
37245,832,0,CV0056_001,1167243
37246,844,0,CV0056_001,1168087
37247,848,0,CV0056_001,1168935
37248,896,1,CV0056_001,1169831
37249,796,0,CV0056_001,1170627
37250,864,0,CV0056_001,1171491
37251,868,0,CV0056_001,1172359
37252,844,0,CV0056_001,1173203
37253,836,0,CV0056_001,1174039
37254,836,0,CV0056_001,1174875
37255,856,0,CV0056_001,1175731
37256,852,0,CV0056_001,1176583
37257,852,0,CV0056_001,1177435
37258,860,0,CV0056_001,1178295
37259,852,0,CV0056_001,1179147
37260,852,0,CV0056_001,1179999
37261,828,0,CV0056_001,1180827
37262,824,0,CV0056_001,1181651
37263,832,0,CV0056_001,1182483
37264,856,0,CV0056_001,1183339
37265,860,0,CV0056_001,1184199
37266,844,0,CV0056_001,1185043
37267,832,0,CV0056_001,1185875
37268,816,0,CV0056_001,1186691
37269,832,0,CV0056_001,1187523
37270,840,0,CV0056_001,1188363
37271,840,0,CV0056_001,1189203
37272,836,0,CV0056_001,1190039
37273,804,0,CV0056_001,1190843
37274,824,0,CV0056_001,1191667
37275,824,0,CV0056_001,1192491
37276,824,0,CV0056_001,1193315
37277,832,0,CV0056_001,1194147
37278,804,0,CV0056_001,1194951
37279,808,0,CV0056_001,1195759
37280,832,0,CV0056_001,1196591
37281,844,0,CV0056_001,1197435
37282,848,0,CV0056_001,1198283
37283,840,0,CV0056_001,1199123
37284,840,0,CV0056_001,1199963
37285,880,1,CV0056_001,1200843
37286,784,0,CV0056_001,1201627
37287,820,0,CV0056_001,1202447
37288,808,0,CV0056_001,1203255
37289,816,0,CV0056_001,1204071
37290,812,0,CV0056_001,1204883
37291,820,0,CV0056_001,1205703
37292,804,0,CV0056_001,1206507
37293,800,0,CV0056_001,1207307
37294,820,0,CV0056_001,1208127
37295,808,0,CV0056_001,1208935
37296,800,0,CV0056_001,1209735
37297,808,0,CV0056_001,1210543
37298,828,0,CV0056_001,1211371
37299,840,0,CV0056_001,1212211
37300,808,0,CV0056_001,1213019
37301,804,0,CV0056_001,1213823
37302,808,0,CV0056_001,1214631
37303,816,0,CV0056_001,1215447
37304,840,0,CV0056_001,1216287
37305,832,0,CV0056_001,1217119
37306,832,0,CV0056_001,1217951
37307,904,1,CV0056_001,1218855
37308,808,0,CV0056_001,1219663
37309,856,0,CV0056_001,1220519
37310,836,0,CV0056_001,1221355
37311,812,0,CV0056_001,1222167
37312,820,0,CV0056_001,1222987
37313,832,0,CV0056_001,1223819
37314,856,0,CV0056_001,1224675
37315,864,0,CV0056_001,1225539
37316,848,0,CV0056_001,1226387
37317,816,0,CV0056_001,1227203
37318,788,0,CV0056_001,1227991
37319,784,0,CV0056_001,1228775
37320,804,0,CV0056_001,1229579
37321,828,0,CV0056_001,1230407
37322,864,0,CV0056_001,1231271
37323,880,0,CV0056_001,1232151
37324,872,0,CV0056_001,1233023
37325,868,0,CV0056_001,1233891
37326,856,0,CV0056_001,1234747
37327,820,0,CV0056_001,1235567
37328,804,0,CV0056_001,1236371
37329,808,0,CV0056_001,1237179
37330,824,0,CV0056_001,1238003
37331,848,0,CV0056_001,1238851
37332,860,0,CV0056_001,1239711
37333,848,0,CV0056_001,1240559
37334,832,0,CV0056_001,1241391
37335,808,0,CV0056_001,1242199
37336,796,0,CV0056_001,1242995
37337,808,0,CV0056_001,1243803
37338,828,0,CV0056_001,1244631
37339,856,0,CV0056_001,1245487
37340,848,0,CV0056_001,1246335
37341,832,0,CV0056_001,1247167
37342,840,0,CV0056_001,1248007
37343,868,0,CV0056_001,1248875
37344,752,0,CV0056_001,1249627
37345,808,0,CV0056_001,1250435
37346,824,0,CV0056_001,1251259
37347,840,0,CV0056_001,1252099
37348,864,0,CV0056_001,1252963
37349,904,0,CV0056_001,1253867
37350,768,0,CV0056_001,1254635
37351,804,0,CV0056_001,1255439
37352,800,0,CV0056_001,1256239
37353,812,0,CV0056_001,1257051
37354,832,0,CV0056_001,1257883
37355,836,0,CV0056_001,1258719
37356,832,0,CV0056_001,1259551
37357,828,0,CV0056_001,1260379
37358,800,0,CV0056_001,1261179
37359,788,0,CV0056_001,1261967
37360,788,0,CV0056_001,1262755
37361,780,0,CV0056_001,1263535
37362,776,0,CV0056_001,1264311
37363,764,0,CV0056_001,1265075
37364,812,0,CV0056_001,1265887
37365,732,0,CV0056_001,1266619
37366,832,0,CV0056_001,1267451
37367,864,0,CV0056_001,1268315
37368,872,0,CV0056_001,1269187
37369,860,0,CV0056_001,1270047
37370,840,0,CV0056_001,1270887
37371,796,0,CV0056_001,1271683
37372,780,0,CV0056_001,1272463
37373,784,0,CV0056_001,1273247
37374,784,0,CV0056_001,1274031
37375,852,1,CV0056_001,1274883
37376,756,0,CV0056_001,1275639
37377,788,0,CV0056_001,1276427
37378,792,0,CV0056_001,1277219
37379,800,0,CV0056_001,1278019
37380,864,0,CV0056_001,1278883
37381,760,0,CV0056_001,1279643
37382,800,0,CV0056_001,1280443
37383,772,0,CV0056_001,1281215
37384,764,0,CV0056_001,1281979
37385,768,0,CV0056_001,1282747
37386,784,0,CV0056_001,1283531
37387,768,0,CV0056_001,1284299
37388,784,0,CV0056_001,1285083
37389,788,0,CV0056_001,1285871
37390,796,0,CV0056_001,1286667
37391,792,0,CV0056_001,1287459
37392,796,0,CV0056_001,1288255
37393,788,0,CV0056_001,1289043
37394,772,0,CV0056_001,1289815
37395,812,0,CV0056_001,1290627
37396,800,0,CV0056_001,1291427
37397,796,0,CV0056_001,1292223
37398,808,0,CV0056_001,1293031
37399,848,0,CV0056_001,1293879
37400,768,0,CV0056_001,1294647
37401,860,0,CV0056_001,1295507
37402,748,0,CV0056_001,1296255
37403,800,0,CV0056_001,1297055
37404,844,0,CV0056_001,1297899
37405,748,0,CV0056_001,1298647
37406,784,0,CV0056_001,1299431
37407,772,0,CV0056_001,1300203
37408,788,0,CV0056_001,1300991
37409,784,0,CV0056_001,1301775
37410,796,0,CV0056_001,1302571
37411,776,0,CV0056_001,1303347
37412,768,0,CV0056_001,1304115
37413,776,0,CV0056_001,1304891
37414,780,0,CV0056_001,1305671
37415,784,0,CV0056_001,1306455
37416,772,0,CV0056_001,1307227
37417,776,0,CV0056_001,1308003
37418,796,0,CV0056_001,1308799
37419,792,0,CV0056_001,1309591
37420,792,0,CV0056_001,1310383
37421,784,0,CV0056_001,1311167
37422,796,0,CV0056_001,1311963
37423,812,0,CV0056_001,1312775
37424,796,0,CV0056_001,1313571
37425,776,0,CV0056_001,1314347
37426,780,0,CV0056_001,1315127
37427,780,0,CV0056_001,1315907
37428,848,1,CV0056_001,1316755
37429,728,0,CV0056_001,1317483
37430,780,0,CV0056_001,1318263
37431,788,0,CV0056_001,1319051
37432,800,0,CV0056_001,1319851
37433,812,0,CV0056_001,1320663
37434,812,0,CV0056_001,1321475
37435,820,0,CV0056_001,1322295
37436,800,0,CV0056_001,1323095
37437,776,0,CV0056_001,1323871
37438,780,0,CV0056_001,1324651
37439,776,0,CV0056_001,1325427
37440,796,0,CV0056_001,1326223
37441,800,0,CV0056_001,1327023
37442,796,0,CV0056_001,1327819
37443,824,0,CV0056_001,1328643
37444,820,0,CV0056_001,1329463
37445,820,0,CV0056_001,1330283
37446,812,0,CV0056_001,1331095
37447,796,0,CV0056_001,1331891
37448,804,0,CV0056_001,1332695
37449,664,0,CV0056_001,1333359
37450,212,0,CV0056_001,1333571
37451,228,0,CV0056_001,1333799
37452,592,0,CV0056_001,1334391
37453,748,0,CV0056_001,1335139
37454,776,0,CV0056_001,1335915
37455,752,0,CV0056_001,1336667
37456,744,0,CV0056_001,1337411
37457,756,0,CV0056_001,1338167
37458,756,0,CV0056_001,1338923
37459,768,0,CV0056_001,1339691
37460,764,0,CV0056_001,1340455
37461,772,0,CV0056_001,1341227
37462,760,0,CV0056_001,1341987
37463,760,0,CV0056_001,1342747
37464,752,0,CV0056_001,1343499
37465,748,0,CV0056_001,1344247
37466,744,0,CV0056_001,1344991
37467,740,0,CV0056_001,1345731
37468,740,0,CV0056_001,1346471
37469,732,0,CV0056_001,1347203
37470,720,0,CV0056_001,1347923
37471,724,0,CV0056_001,1348647
37472,732,0,CV0056_001,1349379
37473,760,0,CV0056_001,1350139
37474,804,0,CV0056_001,1350943
37475,836,0,CV0056_001,1351779
37476,904,0,CV0056_001,1352683
37477,784,0,CV0056_001,1353467
37478,804,0,CV0056_001,1354271
37479,788,0,CV0056_001,1355059
37480,780,0,CV0056_001,1355839
37481,788,0,CV0056_001,1356627
37482,796,0,CV0056_001,1357423
37483,796,0,CV0056_001,1358219
37484,804,0,CV0056_001,1359023
37485,796,0,CV0056_001,1359819
37486,812,0,CV0056_001,1360631
37487,800,0,CV0056_001,1361431
37488,780,0,CV0056_001,1362211
37489,784,0,CV0056_001,1362995
37490,792,0,CV0056_001,1363787
37491,804,0,CV0056_001,1364591
37492,824,0,CV0056_001,1365415
37493,820,0,CV0056_001,1366235
37494,812,0,CV0056_001,1367047
37495,804,0,CV0056_001,1367851
37496,840,0,CV0056_001,1368691
37497,828,0,CV0056_001,1369519
37498,804,0,CV0056_001,1370323
37499,800,0,CV0056_001,1371123
37500,800,0,CV0056_001,1371923
37501,816,0,CV0056_001,1372739
37502,824,0,CV0056_001,1373563
37503,836,0,CV0056_001,1374399
37504,840,0,CV0056_001,1375239
37505,832,0,CV0056_001,1376071
37506,836,0,CV0056_001,1376907
37507,804,0,CV0056_001,1377711
37508,816,0,CV0056_001,1378527
37509,824,0,CV0056_001,1379351
37510,824,0,CV0056_001,1380175
37511,828,0,CV0056_001,1381003
37512,796,0,CV0056_001,1381799
37513,792,0,CV0056_001,1382591
37514,804,0,CV0056_001,1383395
37515,808,0,CV0056_001,1384203
37516,832,0,CV0056_001,1385035
37517,808,0,CV0056_001,1385843
37518,796,0,CV0056_001,1386639
37519,796,0,CV0056_001,1387435
37520,800,0,CV0056_001,1388235
37521,808,0,CV0056_001,1389043
37522,808,0,CV0056_001,1389851
37523,800,0,CV0056_001,1390651
37524,776,0,CV0056_001,1391427
37525,776,0,CV0056_001,1392203
37526,784,0,CV0056_001,1392987
37527,792,0,CV0056_001,1393779
37528,808,0,CV0056_001,1394587
37529,804,0,CV0056_001,1395391
37530,788,0,CV0056_001,1396179
37531,792,0,CV0056_001,1396971
37532,800,0,CV0056_001,1397771
37533,820,0,CV0056_001,1398591
37534,812,0,CV0056_001,1399403
37535,796,0,CV0056_001,1400199
37536,796,0,CV0056_001,1400995
37537,796,0,CV0056_001,1401791
37538,804,0,CV0056_001,1402595
37539,832,0,CV0056_001,1403427
37540,824,0,CV0056_001,1404251
37541,860,0,CV0056_001,1405111
37542,736,0,CV0056_001,1405847
37543,764,0,CV0056_001,1406611
37544,760,0,CV0056_001,1407371
37545,764,0,CV0056_001,1408135
37546,824,0,CV0056_001,1408959
37547,732,0,CV0056_001,1409691
37548,800,0,CV0056_001,1410491
37549,820,0,CV0056_001,1411311
37550,840,0,CV0056_001,1412151
37551,716,0,CV0056_001,1412867
37552,776,0,CV0056_001,1413643
37553,772,0,CV0056_001,1414415
37554,784,0,CV0056_001,1415199
37555,804,0,CV0056_001,1416003
37556,808,0,CV0056_001,1416811
37557,808,0,CV0056_001,1417619
37558,808,0,CV0056_001,1418427
37559,800,0,CV0056_001,1419227
37560,804,0,CV0056_001,1420031
37561,796,0,CV0056_001,1420827
37562,808,0,CV0056_001,1421635
37563,824,0,CV0056_001,1422459
37564,844,0,CV0056_001,1423303
37565,852,0,CV0056_001,1424155
37566,840,0,CV0056_001,1424995
37567,812,0,CV0056_001,1425807
37568,808,0,CV0056_001,1426615
37569,816,0,CV0056_001,1427431
37570,836,0,CV0056_001,1428267
37571,852,0,CV0056_001,1429119
37572,852,0,CV0056_001,1429971
37573,868,0,CV0056_001,1430839
37574,904,0,CV0056_001,1431743
37575,908,0,CV0056_001,1432651
37576,884,0,CV0056_001,1433535
37577,864,0,CV0056_001,1434399
37578,844,0,CV0056_001,1435243
37579,820,0,CV0056_001,1436063
37580,808,0,CV0056_001,1436871
37581,816,0,CV0056_001,1437687
37582,828,0,CV0056_001,1438515
37583,836,0,CV0056_001,1439351
37584,832,0,CV0056_001,1440183
37585,828,0,CV0056_001,1441011
37586,844,0,CV0056_001,1441855
37587,872,0,CV0056_001,1442727
37588,880,0,CV0056_001,1443607
37589,864,0,CV0056_001,1444471
37590,860,0,CV0056_001,1445331
37591,860,0,CV0056_001,1446191
37592,860,0,CV0056_001,1447051
37593,832,0,CV0056_001,1447883
37594,820,0,CV0056_001,1448703
37595,792,0,CV0056_001,1449495
37596,780,0,CV0056_001,1450275
37597,784,0,CV0056_001,1451059
37598,800,0,CV0056_001,1451859
37599,808,0,CV0056_001,1452667
37600,840,0,CV0056_001,1453507
37601,832,0,CV0056_001,1454339
37602,816,0,CV0056_001,1455155
37603,728,0,CV0058_006,728
37604,1440,0,CV0058_006,2168
37605,716,0,CV0058_006,2884
37606,716,0,CV0058_006,3600
37607,704,0,CV0058_006,4304
37608,704,0,CV0058_006,5008
37609,712,0,CV0058_006,5720
37610,716,0,CV0058_006,6436
37611,708,0,CV0058_006,7144
37612,700,0,CV0058_006,7844
37613,704,0,CV0058_006,8548
37614,724,0,CV0058_006,9272
37615,704,0,CV0058_006,9976
37616,744,0,CV0058_006,10720
37617,1340,0,CV0058_006,12060
37618,696,0,CV0058_006,12756
37619,704,0,CV0058_006,13460
37620,728,0,CV0058_006,14188
37621,744,0,CV0058_006,14932
37622,1468,0,CV0058_006,16400
37623,736,0,CV0058_006,17136
37624,712,0,CV0058_006,17848
37625,704,0,CV0058_006,18552
37626,700,0,CV0058_006,19252
37627,704,0,CV0058_006,19956
37628,1396,0,CV0058_006,21352
37629,700,0,CV0058_006,22052
37630,700,0,CV0058_006,22752
37631,708,0,CV0058_006,23460
37632,704,0,CV0058_006,24164
37633,692,0,CV0058_006,24856
37634,700,0,CV0058_006,25556
37635,688,0,CV0058_006,26244
37636,684,0,CV0058_006,26928
37637,688,0,CV0058_006,27616
37638,692,0,CV0058_006,28308
37639,696,0,CV0058_006,29004
37640,744,1,CV0058_006,29748
37641,636,0,CV0058_006,30384
37642,680,0,CV0058_006,31064
37643,676,0,CV0058_006,31740
37644,664,0,CV0058_006,32404
37645,656,0,CV0058_006,33060
37646,656,0,CV0058_006,33716
37647,656,0,CV0058_006,34372
37648,656,0,CV0058_006,35028
37649,712,0,CV0058_006,35740
37650,600,0,CV0058_006,36340
37651,664,0,CV0058_006,37004
37652,1352,0,CV0058_006,38356
37653,684,0,CV0058_006,39040
37654,724,0,CV0058_006,39764
37655,612,0,CV0058_006,40376
37656,664,0,CV0058_006,41040
37657,716,0,CV0058_006,41756
37658,600,0,CV0058_006,42356
37659,648,0,CV0058_006,43004
37660,644,0,CV0058_006,43648
37661,648,0,CV0058_006,44296
37662,660,0,CV0058_006,44956
37663,652,0,CV0058_006,45608
37664,648,0,CV0058_006,46256
37665,652,0,CV0058_006,46908
37666,664,0,CV0058_006,47572
37667,676,0,CV0058_006,48248
37668,668,0,CV0058_006,48916
37669,668,0,CV0058_006,49584
37670,672,0,CV0058_006,50256
37671,672,0,CV0058_006,50928
37672,232,0,CV0058_006,51160
37673,436,0,CV0058_006,51596
37674,664,0,CV0058_006,52260
37675,652,0,CV0058_006,52912
37676,652,0,CV0058_006,53564
37677,644,0,CV0058_006,54208
37678,640,0,CV0058_006,54848
37679,632,0,CV0058_006,55480
37680,628,0,CV0058_006,56108
37681,628,0,CV0058_006,56736
37682,620,0,CV0058_006,57356
37683,632,0,CV0058_006,57988
37684,632,0,CV0058_006,58620
37685,632,0,CV0058_006,59252
37686,656,0,CV0058_006,59908
37687,672,0,CV0058_006,60580
37688,672,0,CV0058_006,61252
37689,672,0,CV0058_006,61924
37690,668,0,CV0058_006,62592
37691,672,0,CV0058_006,63264
37692,668,0,CV0058_006,63932
37693,664,0,CV0058_006,64596
37694,656,0,CV0058_006,65252
37695,680,0,CV0058_006,65932
37696,688,0,CV0058_006,66620
37697,1372,0,CV0058_006,67992
37698,752,0,CV0058_006,68744
37699,652,0,CV0058_006,69396
37700,712,0,CV0058_006,70108
37701,704,0,CV0058_006,70812
37702,704,0,CV0058_006,71516
37703,720,0,CV0058_006,72236
37704,712,0,CV0058_006,72948
37705,700,0,CV0058_006,73648
37706,696,0,CV0058_006,74344
37707,696,0,CV0058_006,75040
37708,1360,0,CV0058_006,76400
37709,664,0,CV0058_006,77064
37710,1312,0,CV0058_006,78376
37711,656,0,CV0058_006,79032
37712,1308,0,CV0058_006,80340
37713,640,0,CV0058_006,80980
37714,652,0,CV0058_006,81632
37715,652,0,CV0058_006,82284
37716,652,0,CV0058_006,82936
37717,664,0,CV0058_006,83600
37718,672,0,CV0058_006,84272
37719,660,0,CV0058_006,84932
37720,672,0,CV0058_006,85604
37721,672,0,CV0058_006,86276
37722,676,0,CV0058_006,86952
37723,676,0,CV0058_006,87628
37724,668,0,CV0058_006,88296
37725,680,0,CV0058_006,88976
37726,676,0,CV0058_006,89652
37727,668,0,CV0058_006,90320
37728,664,0,CV0058_006,90984
37729,664,0,CV0058_006,91648
37730,660,0,CV0058_006,92308
37731,656,0,CV0058_006,92964
37732,664,0,CV0058_006,93628
37733,668,0,CV0058_006,94296
37734,664,0,CV0058_006,94960
37735,660,0,CV0058_006,95620
37736,656,0,CV0058_006,96276
37737,648,0,CV0058_006,96924
37738,656,0,CV0058_006,97580
37739,1324,0,CV0058_006,98904
37740,660,0,CV0058_006,99564
37741,668,0,CV0058_006,100232
37742,680,0,CV0058_006,100912
37743,688,0,CV0058_006,101600
37744,688,0,CV0058_006,102288
37745,680,0,CV0058_006,102968
37746,680,0,CV0058_006,103648
37747,672,0,CV0058_006,104320
37748,668,0,CV0058_006,104988
37749,660,0,CV0058_006,105648
37750,656,0,CV0058_006,106304
37751,660,0,CV0058_006,106964
37752,664,0,CV0058_006,107628
37753,672,0,CV0058_006,108300
37754,660,0,CV0058_006,108960
37755,664,0,CV0058_006,109624
37756,672,0,CV0058_006,110296
37757,668,0,CV0058_006,110964
37758,668,0,CV0058_006,111632
37759,664,0,CV0058_006,112296
37760,672,0,CV0058_006,112968
37761,676,0,CV0058_006,113644
37762,680,0,CV0058_006,114324
37763,684,0,CV0058_006,115008
37764,676,0,CV0058_006,115684
37765,668,0,CV0058_006,116352
37766,660,0,CV0058_006,117012
37767,668,0,CV0058_006,117680
37768,660,0,CV0058_006,118340
37769,664,0,CV0058_006,119004
37770,664,0,CV0058_006,119668
37771,656,0,CV0058_006,120324
37772,652,0,CV0058_006,120976
37773,656,0,CV0058_006,121632
37774,668,0,CV0058_006,122300
37775,668,0,CV0058_006,122968
37776,1144,0,CV0058_006,124112
37777,260,0,CV0058_006,124372
37778,700,0,CV0058_006,125072
37779,712,0,CV0058_006,125784
37780,700,0,CV0058_006,126484
37781,704,0,CV0058_006,127188
37782,708,0,CV0058_006,127896
37783,708,0,CV0058_006,128604
37784,340,0,CV0058_006,128944
37785,352,0,CV0058_006,129296
37786,400,0,CV0058_006,129696
37787,288,0,CV0058_006,129984
37788,308,0,CV0058_006,130292
37789,356,0,CV0058_006,130648
37790,664,0,CV0058_006,131312
37791,672,0,CV0058_006,131984
37792,676,0,CV0058_006,132660
37793,688,0,CV0058_006,133348
37794,700,0,CV0058_006,134048
37795,760,1,CV0058_006,134808
37796,652,0,CV0058_006,135460
37797,704,0,CV0058_006,136164
37798,696,0,CV0058_006,136860
37799,112,0,CV0058_006,136972
37800,564,0,CV0058_006,137536
37801,676,0,CV0058_006,138212
37802,672,0,CV0058_006,138884
37803,660,0,CV0058_006,139544
37804,656,0,CV0058_006,140200
37805,652,0,CV0058_006,140852
37806,652,0,CV0058_006,141504
37807,656,0,CV0058_006,142160
37808,652,0,CV0058_006,142812
37809,652,0,CV0058_006,143464
37810,652,0,CV0058_006,144116
37811,660,0,CV0058_006,144776
37812,660,0,CV0058_006,145436
37813,656,0,CV0058_006,146092
37814,712,0,CV0058_006,146804
37815,600,0,CV0058_006,147404
37816,660,0,CV0058_006,148064
37817,1388,0,CV0058_006,149452
37818,624,0,CV0058_006,150076
37819,724,0,CV0058_006,150800
37820,632,0,CV0058_006,151432
37821,696,0,CV0058_006,152128
37822,712,0,CV0058_006,152840
37823,716,0,CV0058_006,153556
37824,708,0,CV0058_006,154264
37825,700,0,CV0058_006,154964
37826,696,0,CV0058_006,155660
37827,692,0,CV0058_006,156352
37828,700,0,CV0058_006,157052
37829,748,0,CV0058_006,157800
37830,624,0,CV0058_006,158424
37831,1364,0,CV0058_006,159788
37832,704,0,CV0058_006,160492
37833,712,0,CV0058_006,161204
37834,712,0,CV0058_006,161916
37835,708,0,CV0058_006,162624
37836,700,0,CV0058_006,163324
37837,700,0,CV0058_006,164024
37838,696,0,CV0058_006,164720
37839,704,0,CV0058_006,165424
37840,692,0,CV0058_006,166116
37841,680,0,CV0058_006,166796
37842,684,0,CV0058_006,167480
37843,684,0,CV0058_006,168164
37844,676,0,CV0058_006,168840
37845,672,0,CV0058_006,169512
37846,676,0,CV0058_006,170188
37847,664,0,CV0058_006,170852
37848,668,0,CV0058_006,171520
37849,668,0,CV0058_006,172188
37850,660,0,CV0058_006,172848
37851,664,0,CV0058_006,173512
37852,664,0,CV0058_006,174176
37853,676,0,CV0058_006,174852
37854,680,0,CV0058_006,175532
37855,696,0,CV0058_006,176228
37856,696,0,CV0058_006,176924
37857,692,0,CV0058_006,177616
37858,684,0,CV0058_006,178300
37859,684,0,CV0058_006,178984
37860,684,0,CV0058_006,179668
37861,684,0,CV0058_006,180352
37862,680,0,CV0058_006,181032
37863,684,0,CV0058_006,181716
37864,668,0,CV0058_006,182384
37865,672,0,CV0058_006,183056
37866,1356,0,CV0058_006,184412
37867,680,0,CV0058_006,185092
37868,724,0,CV0058_006,185816
37869,612,0,CV0058_006,186428
37870,664,0,CV0058_006,187092
37871,720,0,CV0058_006,187812
37872,612,0,CV0058_006,188424
37873,668,0,CV0058_006,189092
37874,1328,0,CV0058_006,190420
37875,672,0,CV0058_006,191092
37876,724,0,CV0058_006,191816
37877,608,0,CV0058_006,192424
37878,672,0,CV0058_006,193096
37879,728,0,CV0058_006,193824
37880,612,0,CV0058_006,194436
37881,668,0,CV0058_006,195104
37882,1320,0,CV0058_006,196424
37883,664,0,CV0058_006,197088
37884,660,0,CV0058_006,197748
37885,672,0,CV0058_006,198420
37886,664,0,CV0058_006,199084
37887,1332,0,CV0058_006,200416
37888,664,0,CV0058_006,201080
37889,660,0,CV0058_006,201740
37890,672,0,CV0058_006,202412
37891,668,0,CV0058_006,203080
37892,1356,0,CV0058_006,204436
37893,672,0,CV0058_006,205108
37894,724,0,CV0058_006,205832
37895,620,0,CV0058_006,206452
37896,668,0,CV0058_006,207120
37897,676,0,CV0058_006,207796
37898,684,0,CV0058_006,208480
37899,676,0,CV0058_006,209156
37900,672,0,CV0058_006,209828
37901,676,0,CV0058_006,210504
37902,676,0,CV0058_006,211180
37903,684,0,CV0058_006,211864
37904,688,0,CV0058_006,212552
37905,704,0,CV0058_006,213256
37906,692,0,CV0058_006,213948
37907,684,0,CV0058_006,214632
37908,692,0,CV0058_006,215324
37909,692,0,CV0058_006,216016
37910,680,0,CV0058_006,216696
37911,680,0,CV0058_006,217376
37912,676,0,CV0058_006,218052
37913,676,0,CV0058_006,218728
37914,676,0,CV0058_006,219404
37915,676,0,CV0058_006,220080
37916,668,0,CV0058_006,220748
37917,684,0,CV0058_006,221432
37918,684,0,CV0058_006,222116
37919,692,0,CV0058_006,222808
37920,688,0,CV0058_006,223496
37921,700,0,CV0058_006,224196
37922,696,0,CV0058_006,224892
37923,688,0,CV0058_006,225580
37924,692,0,CV0058_006,226272
37925,680,0,CV0058_006,226952
37926,676,0,CV0058_006,227628
37927,680,0,CV0058_006,228308
37928,680,0,CV0058_006,228988
37929,676,0,CV0058_006,229664
37930,680,0,CV0058_006,230344
37931,688,0,CV0058_006,231032
37932,688,0,CV0058_006,231720
37933,688,0,CV0058_006,232408
37934,688,0,CV0058_006,233096
37935,740,1,CV0058_006,233836
37936,628,0,CV0058_006,234464
37937,680,0,CV0058_006,235144
37938,684,0,CV0058_006,235828
37939,680,0,CV0058_006,236508
37940,684,0,CV0058_006,237192
37941,684,0,CV0058_006,237876
37942,680,0,CV0058_006,238556
37943,668,0,CV0058_006,239224
37944,672,0,CV0058_006,239896
37945,672,0,CV0058_006,240568
37946,660,0,CV0058_006,241228
37947,664,0,CV0058_006,241892
37948,656,0,CV0058_006,242548
37949,652,0,CV0058_006,243200
37950,656,0,CV0058_006,243856
37951,660,0,CV0058_006,244516
37952,660,0,CV0058_006,245176
37953,660,0,CV0058_006,245836
37954,668,0,CV0058_006,246504
37955,672,0,CV0058_006,247176
37956,672,0,CV0058_006,247848
37957,668,0,CV0058_006,248516
37958,680,0,CV0058_006,249196
37959,676,0,CV0058_006,249872
37960,672,0,CV0058_006,250544
37961,672,0,CV0058_006,251216
37962,668,0,CV0058_006,251884
37963,672,0,CV0058_006,252556
37964,672,0,CV0058_006,253228
37965,676,0,CV0058_006,253904
37966,688,0,CV0058_006,254592
37967,696,0,CV0058_006,255288
37968,696,0,CV0058_006,255984
37969,688,0,CV0058_006,256672
37970,692,0,CV0058_006,257364
37971,688,0,CV0058_006,258052
37972,688,0,CV0058_006,258740
37973,684,0,CV0058_006,259424
37974,692,0,CV0058_006,260116
37975,740,1,CV0058_006,260856
37976,616,0,CV0058_006,261472
37977,680,0,CV0058_006,262152
37978,676,0,CV0058_006,262828
37979,664,0,CV0058_006,263492
37980,672,0,CV0058_006,264164
37981,680,0,CV0058_006,264844
37982,676,0,CV0058_006,265520
37983,676,0,CV0058_006,266196
37984,692,0,CV0058_006,266888
37985,688,0,CV0058_006,267576
37986,684,0,CV0058_006,268260
37987,692,0,CV0058_006,268952
37988,692,0,CV0058_006,269644
37989,688,0,CV0058_006,270332
37990,676,0,CV0058_006,271008
37991,676,0,CV0058_006,271684
37992,668,0,CV0058_006,272352
37993,668,0,CV0058_006,273020
37994,660,0,CV0058_006,273680
37995,668,0,CV0058_006,274348
37996,660,0,CV0058_006,275008
37997,668,0,CV0058_006,275676
37998,672,0,CV0058_006,276348
37999,684,0,CV0058_006,277032
38000,672,0,CV0058_006,277704
38001,1352,0,CV0058_006,279056
38002,676,0,CV0058_006,279732
38003,680,0,CV0058_006,280412
38004,680,0,CV0058_006,281092
38005,676,0,CV0058_006,281768
38006,676,0,CV0058_006,282444
38007,676,0,CV0058_006,283120
38008,1372,0,CV0058_006,284492
38009,676,0,CV0058_006,285168
38010,672,0,CV0058_006,285840
38011,676,0,CV0058_006,286516
38012,664,0,CV0058_006,287180
38013,664,0,CV0058_006,287844
38014,672,0,CV0058_006,288516
38015,672,0,CV0058_006,289188
38016,672,0,CV0058_006,289860
38017,680,0,CV0058_006,290540
38018,680,0,CV0058_006,291220
38019,684,0,CV0058_006,291904
38020,672,0,CV0058_006,292576
38021,676,0,CV0058_006,293252
38022,676,0,CV0058_006,293928
38023,680,0,CV0058_006,294608
38024,672,0,CV0058_006,295280
38025,668,0,CV0058_006,295948
38026,672,0,CV0058_006,296620
38027,672,0,CV0058_006,297292
38028,684,0,CV0058_006,297976
38029,676,0,CV0058_006,298652
38030,680,0,CV0058_006,299332
38031,680,0,CV0058_006,300012
38032,680,0,CV0058_006,300692
38033,680,0,CV0058_006,301372
38034,672,0,CV0058_006,302044
38035,672,0,CV0058_006,302716
38036,676,0,CV0058_006,303392
38037,676,0,CV0058_006,304068
38038,664,0,CV0058_006,304732
38039,660,0,CV0058_006,305392
38040,672,0,CV0058_006,306064
38041,672,0,CV0058_006,306736
38042,672,0,CV0058_006,307408
38043,672,0,CV0058_006,308080
38044,676,0,CV0058_006,308756
38045,680,0,CV0058_006,309436
38046,676,0,CV0058_006,310112
38047,676,0,CV0058_006,310788
38048,672,0,CV0058_006,311460
38049,664,0,CV0058_006,312124
38050,660,0,CV0058_006,312784
38051,672,0,CV0058_006,313456
38052,676,0,CV0058_006,314132
38053,736,0,CV0058_006,314868
38054,624,0,CV0058_006,315492
38055,668,0,CV0058_006,316160
38056,716,0,CV0058_006,316876
38057,608,0,CV0058_006,317484
38058,656,0,CV0058_006,318140
38059,656,0,CV0058_006,318796
38060,664,0,CV0058_006,319460
38061,672,0,CV0058_006,320132
38062,668,0,CV0058_006,320800
38063,672,0,CV0058_006,321472
38064,680,0,CV0058_006,322152
38065,728,0,CV0058_006,322880
38066,612,0,CV0058_006,323492
38067,668,0,CV0058_006,324160
38068,728,0,CV0058_006,324888
38069,620,0,CV0058_006,325508
38070,688,0,CV0058_006,326196
38071,704,0,CV0058_006,326900
38072,692,0,CV0058_006,327592
38073,688,0,CV0058_006,328280
38074,700,0,CV0058_006,328980
38075,712,0,CV0058_006,329692
38076,700,0,CV0058_006,330392
38077,696,0,CV0058_006,331088
38078,696,0,CV0058_006,331784
38079,676,0,CV0058_006,332460
38080,688,0,CV0058_006,333148
38081,728,1,CV0058_006,333876
38082,608,0,CV0058_006,334484
38083,660,0,CV0058_006,335144
38084,660,0,CV0058_006,335804
38085,684,0,CV0058_006,336488
38086,692,0,CV0058_006,337180
38087,712,0,CV0058_006,337892
38088,716,0,CV0058_006,338608
38089,708,0,CV0058_006,339316
38090,708,0,CV0058_006,340024
38091,708,0,CV0058_006,340732
38092,700,0,CV0058_006,341432
38093,688,0,CV0058_006,342120
38094,684,0,CV0058_006,342804
38095,692,0,CV0058_006,343496
38096,692,0,CV0058_006,344188
38097,700,0,CV0058_006,344888
38098,700,0,CV0058_006,345588
38099,692,0,CV0058_006,346280
38100,708,0,CV0058_006,346988
38101,708,0,CV0058_006,347696
38102,708,0,CV0058_006,348404
38103,708,0,CV0058_006,349112
38104,704,0,CV0058_006,349816
38105,708,0,CV0058_006,350524
38106,692,0,CV0058_006,351216
38107,692,0,CV0058_006,351908
38108,692,0,CV0058_006,352600
38109,692,0,CV0058_006,353292
38110,672,0,CV0058_006,353964
38111,664,0,CV0058_006,354628
38112,660,0,CV0058_006,355288
38113,664,0,CV0058_006,355952
38114,660,0,CV0058_006,356612
38115,660,0,CV0058_006,357272
38116,660,0,CV0058_006,357932
38117,656,0,CV0058_006,358588
38118,648,0,CV0058_006,359236
38119,636,0,CV0058_006,359872
38120,636,0,CV0058_006,360508
38121,652,0,CV0058_006,361160
38122,656,0,CV0058_006,361816
38123,664,0,CV0058_006,362480
38124,668,0,CV0058_006,363148
38125,668,0,CV0058_006,363816
38126,668,0,CV0058_006,364484
38127,680,0,CV0058_006,365164
38128,708,0,CV0058_006,365872
38129,724,0,CV0058_006,366596
38130,732,0,CV0058_006,367328
38131,736,0,CV0058_006,368064
38132,744,0,CV0058_006,368808
38133,732,0,CV0058_006,369540
38134,728,0,CV0058_006,370268
38135,724,0,CV0058_006,370992
38136,708,0,CV0058_006,371700
38137,696,0,CV0058_006,372396
38138,692,0,CV0058_006,373088
38139,692,0,CV0058_006,373780
38140,704,0,CV0058_006,374484
38141,704,0,CV0058_006,375188
38142,684,0,CV0058_006,375872
38143,684,0,CV0058_006,376556
38144,680,0,CV0058_006,377236
38145,684,0,CV0058_006,377920
38146,692,0,CV0058_006,378612
38147,688,0,CV0058_006,379300
38148,684,0,CV0058_006,379984
38149,692,0,CV0058_006,380676
38150,700,0,CV0058_006,381376
38151,704,0,CV0058_006,382080
38152,696,0,CV0058_006,382776
38153,688,0,CV0058_006,383464
38154,692,0,CV0058_006,384156
38155,676,0,CV0058_006,384832
38156,680,0,CV0058_006,385512
38157,672,0,CV0058_006,386184
38158,732,1,CV0058_006,386916
38159,624,0,CV0058_006,387540
38160,676,0,CV0058_006,388216
38161,676,0,CV0058_006,388892
38162,680,0,CV0058_006,389572
38163,672,0,CV0058_006,390244
38164,676,0,CV0058_006,390920
38165,668,0,CV0058_006,391588
38166,664,0,CV0058_006,392252
38167,668,0,CV0058_006,392920
38168,668,0,CV0058_006,393588
38169,664,0,CV0058_006,394252
38170,664,0,CV0058_006,394916
38171,660,0,CV0058_006,395576
38172,656,0,CV0058_006,396232
38173,656,0,CV0058_006,396888
38174,660,0,CV0058_006,397548
38175,656,0,CV0058_006,398204
38176,640,0,CV0058_006,398844
38177,652,0,CV0058_006,399496
38178,648,0,CV0058_006,400144
38179,644,0,CV0058_006,400788
38180,640,0,CV0058_006,401428
38181,648,0,CV0058_006,402076
38182,656,0,CV0058_006,402732
38183,652,0,CV0058_006,403384
38184,656,0,CV0058_006,404040
38185,656,0,CV0058_006,404696
38186,656,0,CV0058_006,405352
38187,652,0,CV0058_006,406004
38188,652,0,CV0058_006,406656
38189,648,0,CV0058_006,407304
38190,660,0,CV0058_006,407964
38191,656,0,CV0058_006,408620
38192,652,0,CV0058_006,409272
38193,664,0,CV0058_006,409936
38194,660,0,CV0058_006,410596
38195,664,0,CV0058_006,411260
38196,664,0,CV0058_006,411924
38197,668,0,CV0058_006,412592
38198,668,0,CV0058_006,413260
38199,664,0,CV0058_006,413924
38200,660,0,CV0058_006,414584
38201,660,0,CV0058_006,415244
38202,660,0,CV0058_006,415904
38203,660,0,CV0058_006,416564
38204,660,0,CV0058_006,417224
38205,704,1,CV0058_006,417928
38206,604,0,CV0058_006,418532
38207,656,0,CV0058_006,419188
38208,660,0,CV0058_006,419848
38209,664,0,CV0058_006,420512
38210,660,0,CV0058_006,421172
38211,664,0,CV0058_006,421836
38212,648,0,CV0058_006,422484
38213,648,0,CV0058_006,423132
38214,656,0,CV0058_006,423788
38215,656,0,CV0058_006,424444
38216,660,0,CV0058_006,425104
38217,656,0,CV0058_006,425760
38218,652,0,CV0058_006,426412
38219,656,0,CV0058_006,427068
38220,652,0,CV0058_006,427720
38221,652,0,CV0058_006,428372
38222,668,0,CV0058_006,429040
38223,676,0,CV0058_006,429716
38224,668,0,CV0058_006,430384
38225,672,0,CV0058_006,431056
38226,672,0,CV0058_006,431728
38227,676,0,CV0058_006,432404
38228,684,0,CV0058_006,433088
38229,676,0,CV0058_006,433764
38230,668,0,CV0058_006,434432
38231,672,0,CV0058_006,435104
38232,664,0,CV0058_006,435768
38233,672,0,CV0058_006,436440
38234,680,0,CV0058_006,437120
38235,676,0,CV0058_006,437796
38236,668,0,CV0058_006,438464
38237,672,0,CV0058_006,439136
38238,676,0,CV0058_006,439812
38239,680,0,CV0058_006,440492
38240,672,0,CV0058_006,441164
38241,672,0,CV0058_006,441836
38242,680,0,CV0058_006,442516
38243,688,0,CV0058_006,443204
38244,740,1,CV0058_006,443944
38245,616,0,CV0058_006,444560
38246,680,0,CV0058_006,445240
38247,684,0,CV0058_006,445924
38248,676,0,CV0058_006,446600
38249,672,0,CV0058_006,447272
38250,676,0,CV0058_006,447948
38251,676,0,CV0058_006,448624
38252,672,0,CV0058_006,449296
38253,672,0,CV0058_006,449968
38254,680,0,CV0058_006,450648
38255,672,0,CV0058_006,451320
38256,688,0,CV0058_006,452008
38257,696,0,CV0058_006,452704
38258,684,0,CV0058_006,453388
38259,680,0,CV0058_006,454068
38260,684,0,CV0058_006,454752
38261,672,0,CV0058_006,455424
38262,672,0,CV0058_006,456096
38263,668,0,CV0058_006,456764
38264,664,0,CV0058_006,457428
38265,660,0,CV0058_006,458088
38266,664,0,CV0058_006,458752
38267,660,0,CV0058_006,459412
38268,668,0,CV0058_006,460080
38269,676,0,CV0058_006,460756
38270,676,0,CV0058_006,461432
38271,676,0,CV0058_006,462108
38272,676,0,CV0058_006,462784
38273,696,0,CV0058_006,463480
38274,692,0,CV0058_006,464172
38275,688,0,CV0058_006,464860
38276,668,0,CV0058_006,465528
38277,668,0,CV0058_006,466196
38278,664,0,CV0058_006,466860
38279,672,0,CV0058_006,467532
38280,668,0,CV0058_006,468200
38281,656,0,CV0058_006,468856
38282,656,0,CV0058_006,469512
38283,664,0,CV0058_006,470176
38284,664,0,CV0058_006,470840
38285,660,0,CV0058_006,471500
38286,664,0,CV0058_006,472164
38287,676,0,CV0058_006,472840
38288,668,0,CV0058_006,473508
38289,672,0,CV0058_006,474180
38290,660,0,CV0058_006,474840
38291,668,0,CV0058_006,475508
38292,660,0,CV0058_006,476168
38293,660,0,CV0058_006,476828
38294,652,0,CV0058_006,477480
38295,660,0,CV0058_006,478140
38296,656,0,CV0058_006,478796
38297,656,0,CV0058_006,479452
38298,656,0,CV0058_006,480108
38299,664,0,CV0058_006,480772
38300,664,0,CV0058_006,481436
38301,668,0,CV0058_006,482104
38302,660,0,CV0058_006,482764
38303,656,0,CV0058_006,483420
38304,664,0,CV0058_006,484084
38305,664,0,CV0058_006,484748
38306,652,0,CV0058_006,485400
38307,664,0,CV0058_006,486064
38308,664,0,CV0058_006,486728
38309,660,0,CV0058_006,487388
38310,660,0,CV0058_006,488048
38311,672,0,CV0058_006,488720
38312,672,0,CV0058_006,489392
38313,672,0,CV0058_006,490064
38314,664,0,CV0058_006,490728
38315,656,0,CV0058_006,491384
38316,672,0,CV0058_006,492056
38317,668,0,CV0058_006,492724
38318,660,0,CV0058_006,493384
38319,664,0,CV0058_006,494048
38320,664,0,CV0058_006,494712
38321,660,0,CV0058_006,495372
38322,652,0,CV0058_006,496024
38323,660,0,CV0058_006,496684
38324,672,0,CV0058_006,497356
38325,684,0,CV0058_006,498040
38326,660,0,CV0058_006,498700
38327,664,0,CV0058_006,499364
38328,672,0,CV0058_006,500036
38329,664,0,CV0058_006,500700
38330,676,0,CV0058_006,501376
38331,676,0,CV0058_006,502052
38332,672,0,CV0058_006,502724
38333,668,0,CV0058_006,503392
38334,676,0,CV0058_006,504068
38335,676,0,CV0058_006,504744
38336,684,0,CV0058_006,505428
38337,676,0,CV0058_006,506104
38338,680,0,CV0058_006,506784
38339,680,0,CV0058_006,507464
38340,684,0,CV0058_006,508148
38341,688,0,CV0058_006,508836
38342,696,0,CV0058_006,509532
38343,692,0,CV0058_006,510224
38344,752,1,CV0058_006,510976
38345,648,0,CV0058_006,511624
38346,688,0,CV0058_006,512312
38347,680,0,CV0058_006,512992
38348,680,0,CV0058_006,513672
38349,688,0,CV0058_006,514360
38350,696,0,CV0058_006,515056
38351,688,0,CV0058_006,515744
38352,676,0,CV0058_006,516420
38353,696,0,CV0058_006,517116
38354,712,0,CV0058_006,517828
38355,696,0,CV0058_006,518524
38356,696,0,CV0058_006,519220
38357,680,0,CV0058_006,519900
38358,676,0,CV0058_006,520576
38359,664,0,CV0058_006,521240
38360,728,1,CV0058_006,521968
38361,616,0,CV0058_006,522584
38362,684,0,CV0058_006,523268
38363,692,0,CV0058_006,523960
38364,688,0,CV0058_006,524648
38365,684,0,CV0058_006,525332
38366,680,0,CV0058_006,526012
38367,700,0,CV0058_006,526712
38368,696,0,CV0058_006,527408
38369,704,0,CV0058_006,528112
38370,712,0,CV0058_006,528824
38371,696,0,CV0058_006,529520
38372,692,0,CV0058_006,530212
38373,692,0,CV0058_006,530904
38374,688,0,CV0058_006,531592
38375,684,0,CV0058_006,532276
38376,684,0,CV0058_006,532960
38377,676,0,CV0058_006,533636
38378,672,0,CV0058_006,534308
38379,684,0,CV0058_006,534992
38380,680,0,CV0058_006,535672
38381,684,0,CV0058_006,536356
38382,688,0,CV0058_006,537044
38383,680,0,CV0058_006,537724
38384,668,0,CV0058_006,538392
38385,668,0,CV0058_006,539060
38386,684,0,CV0058_006,539744
38387,692,0,CV0058_006,540436
38388,688,0,CV0058_006,541124
38389,696,0,CV0058_006,541820
38390,704,0,CV0058_006,542524
38391,708,0,CV0058_006,543232
38392,696,0,CV0058_006,543928
38393,696,0,CV0058_006,544624
38394,704,0,CV0058_006,545328
38395,696,0,CV0058_006,546024
38396,688,0,CV0058_006,546712
38397,680,0,CV0058_006,547392
38398,684,0,CV0058_006,548076
38399,684,0,CV0058_006,548760
38400,680,0,CV0058_006,549440
38401,692,0,CV0058_006,550132
38402,684,0,CV0058_006,550816
38403,680,0,CV0058_006,551496
38404,684,0,CV0058_006,552180
38405,692,0,CV0058_006,552872
38406,684,0,CV0058_006,553556
38407,684,0,CV0058_006,554240
38408,676,0,CV0058_006,554916
38409,676,0,CV0058_006,555592
38410,680,0,CV0058_006,556272
38411,740,1,CV0058_006,557012
38412,640,0,CV0058_006,557652
38413,684,0,CV0058_006,558336
38414,684,0,CV0058_006,559020
38415,696,0,CV0058_006,559716
38416,692,0,CV0058_006,560408
38417,684,0,CV0058_006,561092
38418,688,0,CV0058_006,561780
38419,684,0,CV0058_006,562464
38420,680,0,CV0058_006,563144
38421,684,0,CV0058_006,563828
38422,672,0,CV0058_006,564500
38423,672,0,CV0058_006,565172
38424,676,0,CV0058_006,565848
38425,676,0,CV0058_006,566524
38426,668,0,CV0058_006,567192
38427,668,0,CV0058_006,567860
38428,680,0,CV0058_006,568540
38429,672,0,CV0058_006,569212
38430,672,0,CV0058_006,569884
38431,668,0,CV0058_006,570552
38432,676,0,CV0058_006,571228
38433,676,0,CV0058_006,571904
38434,668,0,CV0058_006,572572
38435,660,0,CV0058_006,573232
38436,660,0,CV0058_006,573892
38437,660,0,CV0058_006,574552
38438,668,0,CV0058_006,575220
38439,664,0,CV0058_006,575884
38440,664,0,CV0058_006,576548
38441,668,0,CV0058_006,577216
38442,672,0,CV0058_006,577888
38443,672,0,CV0058_006,578560
38444,660,0,CV0058_006,579220
38445,668,0,CV0058_006,579888
38446,664,0,CV0058_006,580552
38447,664,0,CV0058_006,581216
38448,660,0,CV0058_006,581876
38449,656,0,CV0058_006,582532
38450,660,0,CV0058_006,583192
38451,660,0,CV0058_006,583852
38452,660,0,CV0058_006,584512
38453,660,0,CV0058_006,585172
38454,660,0,CV0058_006,585832
38455,660,0,CV0058_006,586492
38456,660,0,CV0058_006,587152
38457,656,0,CV0058_006,587808
38458,656,0,CV0058_006,588464
38459,656,0,CV0058_006,589120
38460,660,0,CV0058_006,589780
38461,656,0,CV0058_006,590436
38462,664,0,CV0058_006,591100
38463,656,0,CV0058_006,591756
38464,664,0,CV0058_006,592420
38465,664,0,CV0058_006,593084
38466,672,0,CV0058_006,593756
38467,664,0,CV0058_006,594420
38468,664,0,CV0058_006,595084
38469,668,0,CV0058_006,595752
38470,668,0,CV0058_006,596420
38471,664,0,CV0058_006,597084
38472,664,0,CV0058_006,597748
38473,664,0,CV0058_006,598412
38474,664,0,CV0058_006,599076
38475,668,0,CV0058_006,599744
38476,660,0,CV0058_006,600404
38477,672,0,CV0058_006,601076
38478,668,0,CV0058_006,601744
38479,672,0,CV0058_006,602416
38480,660,0,CV0058_006,603076
38481,664,0,CV0058_006,603740
38482,664,0,CV0058_006,604404
38483,668,0,CV0058_006,605072
38484,672,0,CV0058_006,605744
38485,664,0,CV0058_006,606408
38486,668,0,CV0058_006,607076
38487,680,0,CV0058_006,607756
38488,680,0,CV0058_006,608436
38489,676,0,CV0058_006,609112
38490,688,0,CV0058_006,609800
38491,692,0,CV0058_006,610492
38492,680,0,CV0058_006,611172
38493,680,0,CV0058_006,611852
38494,692,0,CV0058_006,612544
38495,676,0,CV0058_006,613220
38496,676,0,CV0058_006,613896
38497,676,0,CV0058_006,614572
38498,668,0,CV0058_006,615240
38499,672,0,CV0058_006,615912
38500,676,0,CV0058_006,616588
38501,676,0,CV0058_006,617264
38502,672,0,CV0058_006,617936
38503,676,0,CV0058_006,618612
38504,680,0,CV0058_006,619292
38505,736,1,CV0058_006,620028
38506,620,0,CV0058_006,620648
38507,668,0,CV0058_006,621316
38508,672,0,CV0058_006,621988
38509,672,0,CV0058_006,622660
38510,672,0,CV0058_006,623332
38511,672,0,CV0058_006,624004
38512,668,0,CV0058_006,624672
38513,668,0,CV0058_006,625340
38514,676,0,CV0058_006,626016
38515,676,0,CV0058_006,626692
38516,684,0,CV0058_006,627376
38517,676,0,CV0058_006,628052
38518,680,0,CV0058_006,628732
38519,684,0,CV0058_006,629416
38520,676,0,CV0058_006,630092
38521,672,0,CV0058_006,630764
38522,664,0,CV0058_006,631428
38523,668,0,CV0058_006,632096
38524,672,0,CV0058_006,632768
38525,676,0,CV0058_006,633444
38526,680,0,CV0058_006,634124
38527,676,0,CV0058_006,634800
38528,684,0,CV0058_006,635484
38529,700,0,CV0058_006,636184
38530,700,0,CV0058_006,636884
38531,708,0,CV0058_006,637592
38532,696,0,CV0058_006,638288
38533,684,0,CV0058_006,638972
38534,692,0,CV0058_006,639664
38535,688,0,CV0058_006,640352
38536,688,0,CV0058_006,641040
38537,692,0,CV0058_006,641732
38538,684,0,CV0058_006,642416
38539,680,0,CV0058_006,643096
38540,692,0,CV0058_006,643788
38541,696,0,CV0058_006,644484
38542,700,0,CV0058_006,645184
38543,696,0,CV0058_006,645880
38544,692,0,CV0058_006,646572
38545,692,0,CV0058_006,647264
38546,688,0,CV0058_006,647952
38547,684,0,CV0058_006,648636
38548,676,0,CV0058_006,649312
38549,732,1,CV0058_006,650044
38550,628,0,CV0058_006,650672
38551,684,0,CV0058_006,651356
38552,680,0,CV0058_006,652036
38553,680,0,CV0058_006,652716
38554,676,0,CV0058_006,653392
38555,672,0,CV0058_006,654064
38556,680,0,CV0058_006,654744
38557,692,0,CV0058_006,655436
38558,692,0,CV0058_006,656128
38559,696,0,CV0058_006,656824
38560,696,0,CV0058_006,657520
38561,688,0,CV0058_006,658208
38562,672,0,CV0058_006,658880
38563,668,0,CV0058_006,659548
38564,668,0,CV0058_006,660216
38565,664,0,CV0058_006,660880
38566,664,0,CV0058_006,661544
38567,660,0,CV0058_006,662204
38568,656,0,CV0058_006,662860
38569,660,0,CV0058_006,663520
38570,672,0,CV0058_006,664192
38571,672,0,CV0058_006,664864
38572,668,0,CV0058_006,665532
38573,676,0,CV0058_006,666208
38574,676,0,CV0058_006,666884
38575,680,0,CV0058_006,667564
38576,700,0,CV0058_006,668264
38577,692,0,CV0058_006,668956
38578,688,0,CV0058_006,669644
38579,688,0,CV0058_006,670332
38580,736,1,CV0058_006,671068
38581,628,0,CV0058_006,671696
38582,696,0,CV0058_006,672392
38583,688,0,CV0058_006,673080
38584,692,0,CV0058_006,673772
38585,676,0,CV0058_006,674448
38586,688,0,CV0058_006,675136
38587,700,0,CV0058_006,675836
38588,696,0,CV0058_006,676532
38589,692,0,CV0058_006,677224
38590,680,0,CV0058_006,677904
38591,684,0,CV0058_006,678588
38592,712,0,CV0058_006,679300
38593,764,1,CV0058_006,680064
38594,652,0,CV0058_006,680716
38595,696,0,CV0058_006,681412
38596,680,0,CV0058_006,682092
38597,684,0,CV0058_006,682776
38598,692,0,CV0058_006,683468
38599,700,0,CV0058_006,684168
38600,688,0,CV0058_006,684856
38601,684,0,CV0058_006,685540
38602,684,0,CV0058_006,686224
38603,708,0,CV0058_006,686932
38604,716,0,CV0058_006,687648
38605,724,0,CV0058_006,688372
38606,704,0,CV0058_006,689076
38607,692,0,CV0058_006,689768
38608,688,0,CV0058_006,690456
38609,696,0,CV0058_006,691152
38610,712,0,CV0058_006,691864
38611,700,0,CV0058_006,692564
38612,688,0,CV0058_006,693252
38613,680,0,CV0058_006,693932
38614,672,0,CV0058_006,694604
38615,664,0,CV0058_006,695268
38616,664,0,CV0058_006,695932
38617,668,0,CV0058_006,696600
38618,668,0,CV0058_006,697268
38619,660,0,CV0058_006,697928
38620,656,0,CV0058_006,698584
38621,672,0,CV0058_006,699256
38622,680,0,CV0058_006,699936
38623,680,0,CV0058_006,700616
38624,668,0,CV0058_006,701284
38625,680,0,CV0058_006,701964
38626,732,0,CV0058_006,702696
38627,732,0,CV0058_006,703428
38628,732,0,CV0058_006,704160
38629,712,0,CV0058_006,704872
38630,696,0,CV0058_006,705568
38631,684,0,CV0058_006,706252
38632,680,0,CV0058_006,706932
38633,668,0,CV0058_006,707600
38634,680,0,CV0058_006,708280
38635,676,0,CV0058_006,708956
38636,680,0,CV0058_006,709636
38637,692,0,CV0058_006,710328
38638,680,0,CV0058_006,711008
38639,696,0,CV0058_006,711704
38640,704,0,CV0058_006,712408
38641,708,0,CV0058_006,713116
38642,704,0,CV0058_006,713820
38643,696,0,CV0058_006,714516
38644,688,0,CV0058_006,715204
38645,696,0,CV0058_006,715900
38646,696,0,CV0058_006,716596
38647,704,0,CV0058_006,717300
38648,1404,0,CV0058_006,718704
38649,704,0,CV0058_006,719408
38650,720,0,CV0058_006,720128
38651,712,0,CV0058_006,720840
38652,704,0,CV0058_006,721544
38653,696,0,CV0058_006,722240
38654,688,0,CV0058_006,722928
38655,708,0,CV0058_006,723636
38656,704,0,CV0058_006,724340
38657,708,0,CV0058_006,725048
38658,708,0,CV0058_006,725756
38659,704,0,CV0058_006,726460
38660,696,0,CV0058_006,727156
38661,720,0,CV0058_006,727876
38662,712,0,CV0058_006,728588
38663,716,0,CV0058_006,729304
38664,720,0,CV0058_006,730024
38665,708,0,CV0058_006,730732
38666,716,0,CV0058_006,731448
38667,724,0,CV0058_006,732172
38668,716,0,CV0058_006,732888
38669,712,0,CV0058_006,733600
38670,708,0,CV0058_006,734308
38671,700,0,CV0058_006,735008
38672,716,0,CV0058_006,735724
38673,712,0,CV0058_006,736436
38674,720,0,CV0058_006,737156
38675,724,0,CV0058_006,737880
38676,704,0,CV0058_006,738584
38677,704,0,CV0058_006,739288
38678,712,0,CV0058_006,740000
38679,712,0,CV0058_006,740712
38680,712,0,CV0058_006,741424
38681,720,0,CV0058_006,742144
38682,712,0,CV0058_006,742856
38683,740,0,CV0058_006,743596
38684,740,0,CV0058_006,744336
38685,740,0,CV0058_006,745076
38686,728,0,CV0058_006,745804
38687,716,0,CV0058_006,746520
38688,720,0,CV0058_006,747240
38689,732,0,CV0058_006,747972
38690,720,0,CV0058_006,748692
38691,712,0,CV0058_006,749404
38692,704,0,CV0058_006,750108
38693,696,0,CV0058_006,750804
38694,700,0,CV0058_006,751504
38695,704,0,CV0058_006,752208
38696,700,0,CV0058_006,752908
38697,700,0,CV0058_006,753608
38698,692,0,CV0058_006,754300
38699,696,0,CV0058_006,754996
38700,712,0,CV0058_006,755708
38701,708,0,CV0058_006,756416
38702,704,0,CV0058_006,757120
38703,708,0,CV0058_006,757828
38704,692,0,CV0058_006,758520
38705,720,0,CV0058_006,759240
38706,724,0,CV0058_006,759964
38707,712,0,CV0058_006,760676
38708,700,0,CV0058_006,761376
38709,696,0,CV0058_006,762072
38710,688,0,CV0058_006,762760
38711,692,0,CV0058_006,763452
38712,700,0,CV0058_006,764152
38713,692,0,CV0058_006,764844
38714,688,0,CV0058_006,765532
38715,692,0,CV0058_006,766224
38716,696,0,CV0058_006,766920
38717,688,0,CV0058_006,767608
38718,684,0,CV0058_006,768292
38719,696,0,CV0058_006,768988
38720,696,0,CV0058_006,769684
38721,696,0,CV0058_006,770380
38722,692,0,CV0058_006,771072
38723,688,0,CV0058_006,771760
38724,688,0,CV0058_006,772448
38725,700,0,CV0058_006,773148
38726,712,0,CV0058_006,773860
38727,700,0,CV0058_006,774560
38728,696,0,CV0058_006,775256
38729,696,0,CV0058_006,775952
38730,704,0,CV0058_006,776656
38731,692,0,CV0058_006,777348
38732,688,0,CV0058_006,778036
38733,688,0,CV0058_006,778724
38734,696,0,CV0058_006,779420
38735,708,0,CV0058_006,780128
38736,688,0,CV0058_006,780816
38737,692,0,CV0058_006,781508
38738,692,0,CV0058_006,782200
38739,700,0,CV0058_006,782900
38740,692,0,CV0058_006,783592
38741,684,0,CV0058_006,784276
38742,684,0,CV0058_006,784960
38743,688,0,CV0058_006,785648
38744,704,0,CV0058_006,786352
38745,688,0,CV0058_006,787040
38746,684,0,CV0058_006,787724
38747,676,0,CV0058_006,788400
38748,684,0,CV0058_006,789084
38749,684,0,CV0058_006,789768
38750,688,0,CV0058_006,790456
38751,692,0,CV0058_006,791148
38752,696,0,CV0058_006,791844
38753,692,0,CV0058_006,792536
38754,704,0,CV0058_006,793240
38755,704,0,CV0058_006,793944
38756,704,0,CV0058_006,794648
38757,704,0,CV0058_006,795352
38758,700,0,CV0058_006,796052
38759,708,0,CV0058_006,796760
38760,704,0,CV0058_006,797464
38761,704,0,CV0058_006,798168
38762,692,0,CV0058_006,798860
38763,688,0,CV0058_006,799548
38764,692,0,CV0058_006,800240
38765,708,0,CV0058_006,800948
38766,700,0,CV0058_006,801648
38767,700,0,CV0058_006,802348
38768,704,0,CV0058_006,803052
38769,720,0,CV0058_006,803772
38770,712,0,CV0058_006,804484
38771,696,0,CV0058_006,805180
38772,700,0,CV0058_006,805880
38773,688,0,CV0058_006,806568
38774,696,0,CV0058_006,807264
38775,684,0,CV0058_006,807948
38776,680,0,CV0058_006,808628
38777,684,0,CV0058_006,809312
38778,688,0,CV0058_006,810000
38779,688,0,CV0058_006,810688
38780,688,0,CV0058_006,811376
38781,672,0,CV0058_006,812048
38782,680,0,CV0058_006,812728
38783,688,0,CV0058_006,813416
38784,684,0,CV0058_006,814100
38785,692,0,CV0058_006,814792
38786,684,0,CV0058_006,815476
38787,696,0,CV0058_006,816172
38788,696,0,CV0058_006,816868
38789,696,0,CV0058_006,817564
38790,692,0,CV0058_006,818256
38791,688,0,CV0058_006,818944
38792,684,0,CV0058_006,819628
38793,688,0,CV0058_006,820316
38794,684,0,CV0058_006,821000
38795,680,0,CV0058_006,821680
38796,676,0,CV0058_006,822356
38797,672,0,CV0058_006,823028
38798,676,0,CV0058_006,823704
38799,684,0,CV0058_006,824388
38800,748,1,CV0058_006,825136
38801,632,0,CV0058_006,825768
38802,680,0,CV0058_006,826448
38803,688,0,CV0058_006,827136
38804,708,0,CV0058_006,827844
38805,708,0,CV0058_006,828552
38806,704,0,CV0058_006,829256
38807,696,0,CV0058_006,829952
38808,704,0,CV0058_006,830656
38809,712,0,CV0058_006,831368
38810,692,0,CV0058_006,832060
38811,692,0,CV0058_006,832752
38812,680,0,CV0058_006,833432
38813,688,0,CV0058_006,834120
38814,684,0,CV0058_006,834804
38815,688,0,CV0058_006,835492
38816,684,0,CV0058_006,836176
38817,680,0,CV0058_006,836856
38818,684,0,CV0058_006,837540
38819,680,0,CV0058_006,838220
38820,684,0,CV0058_006,838904
38821,684,0,CV0058_006,839588
38822,684,0,CV0058_006,840272
38823,680,0,CV0058_006,840952
38824,684,0,CV0058_006,841636
38825,684,0,CV0058_006,842320
38826,680,0,CV0058_006,843000
38827,676,0,CV0058_006,843676
38828,688,0,CV0058_006,844364
38829,692,0,CV0058_006,845056
38830,696,0,CV0058_006,845752
38831,696,0,CV0058_006,846448
38832,688,0,CV0058_006,847136
38833,692,0,CV0058_006,847828
38834,692,0,CV0058_006,848520
38835,700,0,CV0058_006,849220
38836,688,0,CV0058_006,849908
38837,684,0,CV0058_006,850592
38838,688,0,CV0058_006,851280
38839,680,0,CV0058_006,851960
38840,676,0,CV0058_006,852636
38841,676,0,CV0058_006,853312
38842,676,0,CV0058_006,853988
38843,684,0,CV0058_006,854672
38844,684,0,CV0058_006,855356
38845,684,0,CV0058_006,856040
38846,672,0,CV0058_006,856712
38847,672,0,CV0058_006,857384
38848,672,0,CV0058_006,858056
38849,680,0,CV0058_006,858736
38850,688,0,CV0058_006,859424
38851,680,0,CV0058_006,860104
38852,676,0,CV0058_006,860780
38853,680,0,CV0058_006,861460
38854,688,0,CV0058_006,862148
38855,680,0,CV0058_006,862828
38856,672,0,CV0058_006,863500
38857,668,0,CV0058_006,864168
38858,684,0,CV0058_006,864852
38859,676,0,CV0058_006,865528
38860,672,0,CV0058_006,866200
38861,664,0,CV0058_006,866864
38862,668,0,CV0058_006,867532
38863,672,0,CV0058_006,868204
38864,672,0,CV0058_006,868876
38865,672,0,CV0058_006,869548
38866,664,0,CV0058_006,870212
38867,668,0,CV0058_006,870880
38868,676,0,CV0058_006,871556
38869,668,0,CV0058_006,872224
38870,672,0,CV0058_006,872896
38871,664,0,CV0058_006,873560
38872,668,0,CV0058_006,874228
38873,664,0,CV0058_006,874892
38874,668,0,CV0058_006,875560
38875,668,0,CV0058_006,876228
38876,668,0,CV0058_006,876896
38877,660,0,CV0058_006,877556
38878,664,0,CV0058_006,878220
38879,668,0,CV0058_006,878888
38880,668,0,CV0058_006,879556
38881,664,0,CV0058_006,880220
38882,668,0,CV0058_006,880888
38883,668,0,CV0058_006,881556
38884,668,0,CV0058_006,882224
38885,668,0,CV0058_006,882892
38886,664,0,CV0058_006,883556
38887,664,0,CV0058_006,884220
38888,664,0,CV0058_006,884884
38889,668,0,CV0058_006,885552
38890,676,0,CV0058_006,886228
38891,672,0,CV0058_006,886900
38892,676,0,CV0058_006,887576
38893,676,0,CV0058_006,888252
38894,696,0,CV0058_006,888948
38895,684,0,CV0058_006,889632
38896,680,0,CV0058_006,890312
38897,672,0,CV0058_006,890984
38898,676,0,CV0058_006,891660
38899,680,0,CV0058_006,892340
38900,668,0,CV0058_006,893008
38901,672,0,CV0058_006,893680
38902,672,0,CV0058_006,894352
38903,688,0,CV0058_006,895040
38904,676,0,CV0058_006,895716
38905,672,0,CV0058_006,896388
38906,680,0,CV0058_006,897068
38907,680,0,CV0058_006,897748
38908,680,0,CV0058_006,898428
38909,672,0,CV0058_006,899100
38910,680,0,CV0058_006,899780
38911,676,0,CV0058_006,900456
38912,676,0,CV0058_006,901132
38913,668,0,CV0058_006,901800
38914,672,0,CV0058_006,902472
38915,668,0,CV0058_006,903140
38916,680,0,CV0058_006,903820
38917,676,0,CV0058_006,904496
38918,672,0,CV0058_006,905168
38919,672,0,CV0058_006,905840
38920,680,0,CV0058_006,906520
38921,692,0,CV0058_006,907212
38922,684,0,CV0058_006,907896
38923,684,0,CV0058_006,908580
38924,684,0,CV0058_006,909264
38925,692,0,CV0058_006,909956
38926,688,0,CV0058_006,910644
38927,676,0,CV0058_006,911320
38928,676,0,CV0058_006,911996
38929,688,0,CV0058_006,912684
38930,692,0,CV0058_006,913376
38931,684,0,CV0058_006,914060
38932,680,0,CV0058_006,914740
38933,688,0,CV0058_006,915428
38934,756,1,CV0058_006,916184
38935,632,0,CV0058_006,916816
38936,676,0,CV0058_006,917492
38937,684,0,CV0058_006,918176
38938,696,0,CV0058_006,918872
38939,696,0,CV0058_006,919568
38940,688,0,CV0058_006,920256
38941,688,0,CV0058_006,920944
38942,696,0,CV0058_006,921640
38943,704,0,CV0058_006,922344
38944,688,0,CV0058_006,923032
38945,680,0,CV0058_006,923712
38946,684,0,CV0058_006,924396
38947,692,0,CV0058_006,925088
38948,684,0,CV0058_006,925772
38949,676,0,CV0058_006,926448
38950,1364,0,CV0058_006,927812
38951,684,0,CV0058_006,928496
38952,680,0,CV0058_006,929176
38953,672,0,CV0058_006,929848
38954,684,0,CV0058_006,930532
38955,692,0,CV0058_006,931224
38956,684,0,CV0058_006,931908
38957,688,0,CV0058_006,932596
38958,684,0,CV0058_006,933280
38959,684,0,CV0058_006,933964
38960,684,0,CV0058_006,934648
38961,688,0,CV0058_006,935336
38962,684,0,CV0058_006,936020
38963,680,0,CV0058_006,936700
38964,680,0,CV0058_006,937380
38965,684,0,CV0058_006,938064
38966,676,0,CV0058_006,938740
38967,688,0,CV0058_006,939428
38968,684,0,CV0058_006,940112
38969,680,0,CV0058_006,940792
38970,680,0,CV0058_006,941472
38971,684,0,CV0058_006,942156
38972,692,0,CV0058_006,942848
38973,688,0,CV0058_006,943536
38974,676,0,CV0058_006,944212
38975,672,0,CV0058_006,944884
38976,680,0,CV0058_006,945564
38977,688,0,CV0058_006,946252
38978,680,0,CV0058_006,946932
38979,680,0,CV0058_006,947612
38980,684,0,CV0058_006,948296
38981,708,0,CV0058_006,949004
38982,704,0,CV0058_006,949708
38983,692,0,CV0058_006,950400
38984,688,0,CV0058_006,951088
38985,700,0,CV0058_006,951788
38986,700,0,CV0058_006,952488
38987,684,0,CV0058_006,953172
38988,672,0,CV0058_006,953844
38989,696,0,CV0058_006,954540
38990,692,0,CV0058_006,955232
38991,684,0,CV0058_006,955916
38992,680,0,CV0058_006,956596
38993,676,0,CV0058_006,957272
38994,704,0,CV0058_006,957976
38995,704,0,CV0058_006,958680
38996,708,0,CV0058_006,959388
38997,692,0,CV0058_006,960080
38998,696,0,CV0058_006,960776
38999,704,0,CV0058_006,961480
39000,700,0,CV0058_006,962180
39001,700,0,CV0058_006,962880
39002,688,0,CV0058_006,963568
39003,680,0,CV0058_006,964248
39004,680,0,CV0058_006,964928
39005,672,0,CV0058_006,965600
39006,676,0,CV0058_006,966276
39007,672,0,CV0058_006,966948
39008,668,0,CV0058_006,967616
39009,672,0,CV0058_006,968288
39010,680,0,CV0058_006,968968
39011,676,0,CV0058_006,969644
39012,676,0,CV0058_006,970320
39013,676,0,CV0058_006,970996
39014,664,0,CV0058_006,971660
39015,664,0,CV0058_006,972324
39016,664,0,CV0058_006,972988
39017,660,0,CV0058_006,973648
39018,660,0,CV0058_006,974308
39019,664,0,CV0058_006,974972
39020,672,0,CV0058_006,975644
39021,664,0,CV0058_006,976308
39022,668,0,CV0058_006,976976
39023,676,0,CV0058_006,977652
39024,676,0,CV0058_006,978328
39025,672,0,CV0058_006,979000
39026,668,0,CV0058_006,979668
39027,676,0,CV0058_006,980344
39028,676,0,CV0058_006,981020
39029,676,0,CV0058_006,981696
39030,684,0,CV0058_006,982380
39031,696,0,CV0058_006,983076
39032,696,0,CV0058_006,983772
39033,692,0,CV0058_006,984464
39034,748,1,CV0058_006,985212
39035,644,0,CV0058_006,985856
39036,688,0,CV0058_006,986544
39037,696,0,CV0058_006,987240
39038,700,0,CV0058_006,987940
39039,684,0,CV0058_006,988624
39040,684,0,CV0058_006,989308
39041,676,0,CV0058_006,989984
39042,668,0,CV0058_006,990652
39043,664,0,CV0058_006,991316
39044,668,0,CV0058_006,991984
39045,672,0,CV0058_006,992656
39046,656,0,CV0058_006,993312
39047,656,0,CV0058_006,993968
39048,660,0,CV0058_006,994628
39049,660,0,CV0058_006,995288
39050,664,0,CV0058_006,995952
39051,660,0,CV0058_006,996612
39052,668,0,CV0058_006,997280
39053,676,0,CV0058_006,997956
39054,684,0,CV0058_006,998640
39055,688,0,CV0058_006,999328
39056,680,0,CV0058_006,1000008
39057,676,0,CV0058_006,1000684
39058,680,0,CV0058_006,1001364
39059,676,0,CV0058_006,1002040
39060,672,0,CV0058_006,1002712
39061,668,0,CV0058_006,1003380
39062,668,0,CV0058_006,1004048
39063,664,0,CV0058_006,1004712
39064,664,0,CV0058_006,1005376
39065,664,0,CV0058_006,1006040
39066,668,0,CV0058_006,1006708
39067,668,0,CV0058_006,1007376
39068,668,0,CV0058_006,1008044
39069,664,0,CV0058_006,1008708
39070,656,0,CV0058_006,1009364
39071,684,0,CV0058_006,1010048
39072,684,0,CV0058_006,1010732
39073,684,0,CV0058_006,1011416
39074,676,0,CV0058_006,1012092
39075,676,0,CV0058_006,1012768
39076,668,0,CV0058_006,1013436
39077,668,0,CV0058_006,1014104
39078,668,0,CV0058_006,1014772
39079,672,0,CV0058_006,1015444
39080,668,0,CV0058_006,1016112
39081,664,0,CV0058_006,1016776
39082,664,0,CV0058_006,1017440
39083,672,0,CV0058_006,1018112
39084,680,0,CV0058_006,1018792
39085,688,0,CV0058_006,1019480
39086,688,0,CV0058_006,1020168
39087,680,0,CV0058_006,1020848
39088,680,0,CV0058_006,1021528
39089,684,0,CV0058_006,1022212
39090,684,0,CV0058_006,1022896
39091,684,0,CV0058_006,1023580
39092,672,0,CV0058_006,1024252
39093,664,0,CV0058_006,1024916
39094,668,0,CV0058_006,1025584
39095,668,0,CV0058_006,1026252
39096,664,0,CV0058_006,1026916
39097,668,0,CV0058_006,1027584
39098,656,0,CV0058_006,1028240
39099,660,0,CV0058_006,1028900
39100,664,0,CV0058_006,1029564
39101,668,0,CV0058_006,1030232
39102,656,0,CV0058_006,1030888
39103,656,0,CV0058_006,1031544
39104,664,0,CV0058_006,1032208
39105,664,0,CV0058_006,1032872
39106,664,0,CV0058_006,1033536
39107,668,0,CV0058_006,1034204
39108,656,0,CV0058_006,1034860
39109,660,0,CV0058_006,1035520
39110,660,0,CV0058_006,1036180
39111,656,0,CV0058_006,1036836
39112,656,0,CV0058_006,1037492
39113,656,0,CV0058_006,1038148
39114,656,0,CV0058_006,1038804
39115,664,0,CV0058_006,1039468
39116,676,0,CV0058_006,1040144
39117,672,0,CV0058_006,1040816
39118,668,0,CV0058_006,1041484
39119,676,0,CV0058_006,1042160
39120,668,0,CV0058_006,1042828
39121,664,0,CV0058_006,1043492
39122,660,0,CV0058_006,1044152
39123,660,0,CV0058_006,1044812
39124,660,0,CV0058_006,1045472
39125,668,0,CV0058_006,1046140
39126,656,0,CV0058_006,1046796
39127,652,0,CV0058_006,1047448
39128,664,0,CV0058_006,1048112
39129,652,0,CV0058_006,1048764
39130,660,0,CV0058_006,1049424
39131,664,0,CV0058_006,1050088
39132,660,0,CV0058_006,1050748
39133,664,0,CV0058_006,1051412
39134,672,0,CV0058_006,1052084
39135,668,0,CV0058_006,1052752
39136,664,0,CV0058_006,1053416
39137,656,0,CV0058_006,1054072
39138,652,0,CV0058_006,1054724
39139,656,0,CV0058_006,1055380
39140,664,0,CV0058_006,1056044
39141,656,0,CV0058_006,1056700
39142,660,0,CV0058_006,1057360
39143,656,0,CV0058_006,1058016
39144,652,0,CV0058_006,1058668
39145,652,0,CV0058_006,1059320
39146,656,0,CV0058_006,1059976
39147,648,0,CV0058_006,1060624
39148,652,0,CV0058_006,1061276
39149,668,0,CV0058_006,1061944
39150,668,0,CV0058_006,1062612
39151,676,0,CV0058_006,1063288
39152,680,0,CV0058_006,1063968
39153,676,0,CV0058_006,1064644
39154,672,0,CV0058_006,1065316
39155,668,0,CV0058_006,1065984
39156,664,0,CV0058_006,1066648
39157,660,0,CV0058_006,1067308
39158,668,0,CV0058_006,1067976
39159,660,0,CV0058_006,1068636
39160,660,0,CV0058_006,1069296
39161,652,0,CV0058_006,1069948
39162,644,0,CV0058_006,1070592
39163,644,0,CV0058_006,1071236
39164,652,0,CV0058_006,1071888
39165,660,0,CV0058_006,1072548
39166,716,1,CV0058_006,1073264
39167,624,0,CV0058_006,1073888
39168,664,0,CV0058_006,1074552
39169,664,0,CV0058_006,1075216
39170,672,0,CV0058_006,1075888
39171,672,0,CV0058_006,1076560
39172,676,0,CV0058_006,1077236
39173,672,0,CV0058_006,1077908
39174,672,0,CV0058_006,1078580
39175,672,0,CV0058_006,1079252
39176,672,0,CV0058_006,1079924
39177,672,0,CV0058_006,1080596
39178,672,0,CV0058_006,1081268
39179,660,0,CV0058_006,1081928
39180,660,0,CV0058_006,1082588
39181,660,0,CV0058_006,1083248
39182,660,0,CV0058_006,1083908
39183,656,0,CV0058_006,1084564
39184,660,0,CV0058_006,1085224
39185,656,0,CV0058_006,1085880
39186,668,0,CV0058_006,1086548
39187,720,1,CV0058_006,1087268
39188,608,0,CV0058_006,1087876
39189,660,0,CV0058_006,1088536
39190,656,0,CV0058_006,1089192
39191,656,0,CV0058_006,1089848
39192,656,0,CV0058_006,1090504
39193,664,0,CV0058_006,1091168
39194,668,0,CV0058_006,1091836
39195,660,0,CV0058_006,1092496
39196,656,0,CV0058_006,1093152
39197,668,0,CV0058_006,1093820
39198,664,0,CV0058_006,1094484
39199,672,0,CV0058_006,1095156
39200,668,0,CV0058_006,1095824
39201,660,0,CV0058_006,1096484
39202,664,0,CV0058_006,1097148
39203,668,0,CV0058_006,1097816
39204,656,0,CV0058_006,1098472
39205,656,0,CV0058_006,1099128
39206,652,0,CV0058_006,1099780
39207,656,0,CV0058_006,1100436
39208,656,0,CV0058_006,1101092
39209,668,0,CV0058_006,1101760
39210,664,0,CV0058_006,1102424
39211,660,0,CV0058_006,1103084
39212,668,0,CV0058_006,1103752
39213,676,0,CV0058_006,1104428
39214,664,0,CV0058_006,1105092
39215,660,0,CV0058_006,1105752
39216,656,0,CV0058_006,1106408
39217,660,0,CV0058_006,1107068
39218,660,0,CV0058_006,1107728
39219,656,0,CV0058_006,1108384
39220,652,0,CV0058_006,1109036
39221,648,0,CV0058_006,1109684
39222,652,0,CV0058_006,1110336
39223,644,0,CV0058_006,1110980
39224,640,0,CV0058_006,1111620
39225,640,0,CV0058_006,1112260
39226,636,0,CV0058_006,1112896
39227,640,0,CV0058_006,1113536
39228,652,0,CV0058_006,1114188
39229,640,0,CV0058_006,1114828
39230,636,0,CV0058_006,1115464
39231,652,0,CV0058_006,1116116
39232,644,0,CV0058_006,1116760
39233,648,0,CV0058_006,1117408
39234,644,0,CV0058_006,1118052
39235,644,0,CV0058_006,1118696
39236,644,0,CV0058_006,1119340
39237,648,0,CV0058_006,1119988
39238,648,0,CV0058_006,1120636
39239,644,0,CV0058_006,1121280
39240,640,0,CV0058_006,1121920
39241,636,0,CV0058_006,1122556
39242,636,0,CV0058_006,1123192
39243,644,0,CV0058_006,1123836
39244,648,0,CV0058_006,1124484
39245,640,0,CV0058_006,1125124
39246,644,0,CV0058_006,1125768
39247,652,0,CV0058_006,1126420
39248,648,0,CV0058_006,1127068
39249,644,0,CV0058_006,1127712
39250,648,0,CV0058_006,1128360
39251,640,0,CV0058_006,1129000
39252,644,0,CV0058_006,1129644
39253,644,0,CV0058_006,1130288
39254,644,0,CV0058_006,1130932
39255,644,0,CV0058_006,1131576
39256,640,0,CV0058_006,1132216
39257,644,0,CV0058_006,1132860
39258,644,0,CV0058_006,1133504
39259,648,0,CV0058_006,1134152
39260,644,0,CV0058_006,1134796
39261,640,0,CV0058_006,1135436
39262,640,0,CV0058_006,1136076
39263,644,0,CV0058_006,1136720
39264,648,0,CV0058_006,1137368
39265,652,0,CV0058_006,1138020
39266,648,0,CV0058_006,1138668
39267,640,0,CV0058_006,1139308
39268,648,0,CV0058_006,1139956
39269,648,0,CV0058_006,1140604
39270,648,0,CV0058_006,1141252
39271,656,0,CV0058_006,1141908
39272,652,0,CV0058_006,1142560
39273,652,0,CV0058_006,1143212
39274,668,0,CV0058_006,1143880
39275,660,0,CV0058_006,1144540
39276,656,0,CV0058_006,1145196
39277,660,0,CV0058_006,1145856
39278,648,0,CV0058_006,1146504
39279,644,0,CV0058_006,1147148
39280,644,0,CV0058_006,1147792
39281,652,0,CV0058_006,1148444
39282,652,0,CV0058_006,1149096
39283,640,0,CV0058_006,1149736
39284,640,0,CV0058_006,1150376
39285,636,0,CV0058_006,1151012
39286,640,0,CV0058_006,1151652
39287,640,0,CV0058_006,1152292
39288,648,0,CV0058_006,1152940
39289,660,0,CV0058_006,1153600
39290,648,0,CV0058_006,1154248
39291,656,0,CV0058_006,1154904
39292,664,0,CV0058_006,1155568
39293,656,0,CV0058_006,1156224
39294,652,0,CV0058_006,1156876
39295,648,0,CV0058_006,1157524
39296,644,0,CV0058_006,1158168
39297,132,0,CV0058_006,1158300
39298,260,0,CV0058_006,1158560
39299,240,0,CV0058_006,1158800
39300,628,0,CV0058_006,1159428
39301,620,0,CV0058_006,1160048
39302,628,0,CV0058_006,1160676
39303,636,0,CV0058_006,1161312
39304,636,0,CV0058_006,1161948
39305,648,0,CV0058_006,1162596
39306,628,0,CV0058_006,1163224
39307,620,0,CV0058_006,1163844
39308,632,0,CV0058_006,1164476
39309,624,0,CV0058_006,1165100
39310,628,0,CV0058_006,1165728
39311,628,0,CV0058_006,1166356
39312,632,0,CV0058_006,1166988
39313,636,0,CV0058_006,1167624
39314,636,0,CV0058_006,1168260
39315,636,0,CV0058_006,1168896
39316,1140,0,CV0058_006,1170036
39317,184,0,CV0058_006,1170220
39318,572,0,CV0058_006,1170792
39319,628,0,CV0058_006,1171420
39320,632,0,CV0058_006,1172052
39321,632,0,CV0058_006,1172684
39322,632,0,CV0058_006,1173316
39323,640,0,CV0058_006,1173956
39324,640,0,CV0058_006,1174596
39325,636,0,CV0058_006,1175232
39326,648,0,CV0058_006,1175880
39327,664,0,CV0058_006,1176544
39328,664,0,CV0058_006,1177208
39329,656,0,CV0058_006,1177864
39330,652,0,CV0058_006,1178516
39331,664,0,CV0058_006,1179180
39332,660,0,CV0058_006,1179840
39333,560,0,CV0058_006,1180400
39334,764,0,CV0058_006,1181164
39335,660,0,CV0058_006,1181824
39336,660,0,CV0058_006,1182484
39337,660,0,CV0058_006,1183144
39338,664,0,CV0058_006,1183808
39339,408,0,CV0058_006,1184216
39340,248,0,CV0058_006,1184464
39341,652,0,CV0058_006,1185116
39342,652,0,CV0058_006,1185768
39343,660,0,CV0058_006,1186428
39344,656,0,CV0058_006,1187084
39345,652,0,CV0058_006,1187736
39346,672,0,CV0058_006,1188408
39347,672,0,CV0058_006,1189080
39348,680,0,CV0058_006,1189760
39349,692,0,CV0058_006,1190452
39350,684,0,CV0058_006,1191136
39351,680,0,CV0058_006,1191816
39352,692,0,CV0058_006,1192508
39353,688,0,CV0058_006,1193196
39354,696,0,CV0058_006,1193892
39355,684,0,CV0058_006,1194576
39356,672,0,CV0058_006,1195248
39357,692,0,CV0058_006,1195940
39358,692,0,CV0058_006,1196632
39359,696,0,CV0058_006,1197328
39360,684,0,CV0058_006,1198012
39361,688,0,CV0058_006,1198700
39362,700,0,CV0058_006,1199400
39363,688,0,CV0058_006,1200088
39364,688,0,CV0058_006,1200776
39365,692,0,CV0058_006,1201468
39366,680,0,CV0058_006,1202148
39367,680,0,CV0058_006,1202828
39368,672,0,CV0058_006,1203500
39369,660,0,CV0058_006,1204160
39370,664,0,CV0058_006,1204824
39371,664,0,CV0058_006,1205488
39372,660,0,CV0058_006,1206148
39373,652,0,CV0058_006,1206800
39374,660,0,CV0058_006,1207460
39375,684,0,CV0058_006,1208144
39376,696,0,CV0058_006,1208840
39377,708,0,CV0058_006,1209548
39378,700,0,CV0058_006,1210248
39379,708,0,CV0058_006,1210956
39380,696,0,CV0058_006,1211652
39381,680,0,CV0058_006,1212332
39382,672,0,CV0058_006,1213004
39383,680,0,CV0058_006,1213684
39384,668,0,CV0058_006,1214352
39385,672,0,CV0058_006,1215024
39386,664,0,CV0058_006,1215688
39387,672,0,CV0058_006,1216360
39388,672,0,CV0058_006,1217032
39389,668,0,CV0058_006,1217700
39390,668,0,CV0058_006,1218368
39391,656,0,CV0058_006,1219024
39392,660,0,CV0058_006,1219684
39393,664,0,CV0058_006,1220348
39394,672,0,CV0058_006,1221020
39395,680,0,CV0058_006,1221700
39396,676,0,CV0058_006,1222376
39397,672,0,CV0058_006,1223048
39398,676,0,CV0058_006,1223724
39399,676,0,CV0058_006,1224400
39400,684,0,CV0058_006,1225084
39401,692,0,CV0058_006,1225776
39402,672,0,CV0058_006,1226448
39403,672,0,CV0058_006,1227120
39404,668,0,CV0058_006,1227788
39405,668,0,CV0058_006,1228456
39406,668,0,CV0058_006,1229124
39407,676,0,CV0058_006,1229800
39408,672,0,CV0058_006,1230472
39409,676,0,CV0058_006,1231148
39410,676,0,CV0058_006,1231824
39411,672,0,CV0058_006,1232496
39412,660,0,CV0058_006,1233156
39413,664,0,CV0058_006,1233820
39414,668,0,CV0058_006,1234488
39415,656,0,CV0058_006,1235144
39416,656,0,CV0058_006,1235800
39417,652,0,CV0058_006,1236452
39418,660,0,CV0058_006,1237112
39419,660,0,CV0058_006,1237772
39420,660,0,CV0058_006,1238432
39421,668,0,CV0058_006,1239100
39422,660,0,CV0058_006,1239760
39423,660,0,CV0058_006,1240420
39424,664,0,CV0058_006,1241084
39425,664,0,CV0058_006,1241748
39426,668,0,CV0058_006,1242416
39427,668,0,CV0058_006,1243084
39428,660,0,CV0058_006,1243744
39429,668,0,CV0058_006,1244412
39430,668,0,CV0058_006,1245080
39431,676,0,CV0058_006,1245756
39432,664,0,CV0058_006,1246420
39433,664,0,CV0058_006,1247084
39434,660,0,CV0058_006,1247744
39435,660,0,CV0058_006,1248404
39436,664,0,CV0058_006,1249068
39437,656,0,CV0058_006,1249724
39438,656,0,CV0058_006,1250380
39439,660,0,CV0058_006,1251040
39440,656,0,CV0058_006,1251696
39441,652,0,CV0058_006,1252348
39442,652,0,CV0058_006,1253000
39443,660,0,CV0058_006,1253660
39444,656,0,CV0058_006,1254316
39445,648,0,CV0058_006,1254964
39446,656,0,CV0058_006,1255620
39447,652,0,CV0058_006,1256272
39448,664,0,CV0058_006,1256936
39449,652,0,CV0058_006,1257588
39450,648,0,CV0058_006,1258236
39451,652,0,CV0058_006,1258888
39452,656,0,CV0058_006,1259544
39453,660,0,CV0058_006,1260204
39454,664,0,CV0058_006,1260868
39455,672,0,CV0058_006,1261540
39456,680,0,CV0058_006,1262220
39457,668,0,CV0058_006,1262888
39458,664,0,CV0058_006,1263552
39459,668,0,CV0058_006,1264220
39460,668,0,CV0058_006,1264888
39461,664,0,CV0058_006,1265552
39462,660,0,CV0058_006,1266212
39463,660,0,CV0058_006,1266872
39464,656,0,CV0058_006,1267528
39465,652,0,CV0058_006,1268180
39466,648,0,CV0058_006,1268828
39467,648,0,CV0058_006,1269476
39468,648,0,CV0058_006,1270124
39469,656,0,CV0058_006,1270780
39470,652,0,CV0058_006,1271432
39471,648,0,CV0058_006,1272080
39472,656,0,CV0058_006,1272736
39473,668,0,CV0058_006,1273404
39474,668,0,CV0058_006,1274072
39475,672,0,CV0058_006,1274744
39476,664,0,CV0058_006,1275408
39477,664,0,CV0058_006,1276072
39478,668,0,CV0058_006,1276740
39479,680,0,CV0058_006,1277420
39480,676,0,CV0058_006,1278096
39481,732,1,CV0058_006,1278828
39482,616,0,CV0058_006,1279444
39483,672,0,CV0058_006,1280116
39484,672,0,CV0058_006,1280788
39485,664,0,CV0058_006,1281452
39486,660,0,CV0058_006,1282112
39487,664,0,CV0058_006,1282776
39488,656,0,CV0058_006,1283432
39489,652,0,CV0058_006,1284084
39490,648,0,CV0058_006,1284732
39491,644,0,CV0058_006,1285376
39492,644,0,CV0058_006,1286020
39493,648,0,CV0058_006,1286668
39494,708,1,CV0058_006,1287376
39495,616,0,CV0058_006,1287992
39496,676,0,CV0058_006,1288668
39497,684,0,CV0058_006,1289352
39498,688,0,CV0058_006,1290040
39499,680,0,CV0058_006,1290720
39500,672,0,CV0058_006,1291392
39501,668,0,CV0058_006,1292060
39502,668,0,CV0058_006,1292728
39503,660,0,CV0058_006,1293388
39504,660,0,CV0058_006,1294048
39505,648,0,CV0058_006,1294696
39506,656,0,CV0058_006,1295352
39507,656,0,CV0058_006,1296008
39508,652,0,CV0058_006,1296660
39509,716,1,CV0058_006,1297376
39510,604,0,CV0058_006,1297980
39511,664,0,CV0058_006,1298644
39512,656,0,CV0058_006,1299300
39513,660,0,CV0058_006,1299960
39514,664,0,CV0058_006,1300624
39515,664,0,CV0058_006,1301288
39516,668,0,CV0058_006,1301956
39517,660,0,CV0058_006,1302616
39518,660,0,CV0058_006,1303276
39519,656,0,CV0058_006,1303932
39520,664,0,CV0058_006,1304596
39521,664,0,CV0058_006,1305260
39522,664,0,CV0058_006,1305924
39523,660,0,CV0058_006,1306584
39524,664,0,CV0058_006,1307248
39525,660,0,CV0058_006,1307908
39526,652,0,CV0058_006,1308560
39527,700,0,CV0071_005,700
39528,708,0,CV0071_005,1408
39529,708,0,CV0071_005,2116
39530,728,0,CV0071_005,2844
39531,716,0,CV0071_005,3560
39532,736,0,CV0071_005,4296
39533,748,0,CV0071_005,5044
39534,748,0,CV0071_005,5792
39535,740,0,CV0071_005,6532
39536,740,0,CV0071_005,7272
39537,736,0,CV0071_005,8008
39538,736,0,CV0071_005,8744
39539,740,0,CV0071_005,9484
39540,736,0,CV0071_005,10220
39541,736,0,CV0071_005,10956
39542,740,0,CV0071_005,11696
39543,736,0,CV0071_005,12432
39544,780,1,CV0071_005,13212
39545,684,0,CV0071_005,13896
39546,736,0,CV0071_005,14632
39547,736,0,CV0071_005,15368
39548,732,0,CV0071_005,16100
39549,728,0,CV0071_005,16828
39550,736,0,CV0071_005,17564
39551,732,0,CV0071_005,18296
39552,728,0,CV0071_005,19024
39553,732,0,CV0071_005,19756
39554,736,0,CV0071_005,20492
39555,732,0,CV0071_005,21224
39556,732,0,CV0071_005,21956
39557,740,0,CV0071_005,22696
39558,736,0,CV0071_005,23432
39559,784,1,CV0071_005,24216
39560,684,0,CV0071_005,24900
39561,732,0,CV0071_005,25632
39562,732,0,CV0071_005,26364
39563,720,0,CV0071_005,27084
39564,724,0,CV0071_005,27808
39565,724,0,CV0071_005,28532
39566,728,0,CV0071_005,29260
39567,720,0,CV0071_005,29980
39568,728,0,CV0071_005,30708
39569,728,0,CV0071_005,31436
39570,792,1,CV0071_005,32228
39571,688,0,CV0071_005,32916
39572,748,0,CV0071_005,33664
39573,744,0,CV0071_005,34408
39574,804,1,CV0071_005,35212
39575,704,0,CV0071_005,35916
39576,744,0,CV0071_005,36660
39577,740,0,CV0071_005,37400
39578,732,0,CV0071_005,38132
39579,732,0,CV0071_005,38864
39580,732,0,CV0071_005,39596
39581,720,0,CV0071_005,40316
39582,724,0,CV0071_005,41040
39583,728,0,CV0071_005,41768
39584,724,0,CV0071_005,42492
39585,720,0,CV0071_005,43212
39586,712,0,CV0071_005,43924
39587,716,0,CV0071_005,44640
39588,712,0,CV0071_005,45352
39589,716,0,CV0071_005,46068
39590,712,0,CV0071_005,46780
39591,716,0,CV0071_005,47496
39592,712,0,CV0071_005,48208
39593,716,0,CV0071_005,48924
39594,720,0,CV0071_005,49644
39595,720,0,CV0071_005,50364
39596,720,0,CV0071_005,51084
39597,720,0,CV0071_005,51804
39598,720,0,CV0071_005,52524
39599,724,0,CV0071_005,53248
39600,724,0,CV0071_005,53972
39601,712,0,CV0071_005,54684
39602,720,0,CV0071_005,55404
39603,720,0,CV0071_005,56124
39604,716,0,CV0071_005,56840
39605,708,0,CV0071_005,57548
39606,716,0,CV0071_005,58264
39607,720,0,CV0071_005,58984
39608,716,0,CV0071_005,59700
39609,716,0,CV0071_005,60416
39610,712,0,CV0071_005,61128
39611,708,0,CV0071_005,61836
39612,712,0,CV0071_005,62548
39613,708,0,CV0071_005,63256
39614,700,0,CV0071_005,63956
39615,708,0,CV0071_005,64664
39616,700,0,CV0071_005,65364
39617,704,0,CV0071_005,66068
39618,700,0,CV0071_005,66768
39619,700,0,CV0071_005,67468
39620,752,1,CV0071_005,68220
39621,648,0,CV0071_005,68868
39622,700,0,CV0071_005,69568
39623,704,0,CV0071_005,70272
39624,700,0,CV0071_005,70972
39625,708,0,CV0071_005,71680
39626,712,0,CV0071_005,72392
39627,712,0,CV0071_005,73104
39628,708,0,CV0071_005,73812
39629,712,0,CV0071_005,74524
39630,716,0,CV0071_005,75240
39631,716,0,CV0071_005,75956
39632,712,0,CV0071_005,76668
39633,716,0,CV0071_005,77384
39634,712,0,CV0071_005,78096
39635,708,0,CV0071_005,78804
39636,712,0,CV0071_005,79516
39637,760,1,CV0071_005,80276
39638,660,0,CV0071_005,80936
39639,712,0,CV0071_005,81648
39640,708,0,CV0071_005,82356
39641,708,0,CV0071_005,83064
39642,712,0,CV0071_005,83776
39643,704,0,CV0071_005,84480
39644,704,0,CV0071_005,85184
39645,708,0,CV0071_005,85892
39646,704,0,CV0071_005,86596
39647,700,0,CV0071_005,87296
39648,704,0,CV0071_005,88000
39649,704,0,CV0071_005,88704
39650,704,0,CV0071_005,89408
39651,696,0,CV0071_005,90104
39652,704,0,CV0071_005,90808
39653,700,0,CV0071_005,91508
39654,752,1,CV0071_005,92260
39655,656,0,CV0071_005,92916
39656,708,0,CV0071_005,93624
39657,712,0,CV0071_005,94336
39658,712,0,CV0071_005,95048
39659,720,0,CV0071_005,95768
39660,720,0,CV0071_005,96488
39661,772,1,CV0071_005,97260
39662,672,0,CV0071_005,97932
39663,724,0,CV0071_005,98656
39664,728,0,CV0071_005,99384
39665,724,0,CV0071_005,100108
39666,720,0,CV0071_005,100828
39667,724,0,CV0071_005,101552
39668,724,0,CV0071_005,102276
39669,724,0,CV0071_005,103000
39670,720,0,CV0071_005,103720
39671,716,0,CV0071_005,104436
39672,720,0,CV0071_005,105156
39673,720,0,CV0071_005,105876
39674,720,0,CV0071_005,106596
39675,716,0,CV0071_005,107312
39676,724,0,CV0071_005,108036
39677,716,0,CV0071_005,108752
39678,716,0,CV0071_005,109468
39679,700,0,CV0071_005,110168
39680,724,0,CV0071_005,110892
39681,712,0,CV0071_005,111604
39682,716,0,CV0071_005,112320
39683,720,0,CV0071_005,113040
39684,728,0,CV0071_005,113768
39685,724,0,CV0071_005,114492
39686,780,1,CV0071_005,115272
39687,688,0,CV0071_005,115960
39688,732,0,CV0071_005,116692
39689,732,0,CV0071_005,117424
39690,736,0,CV0071_005,118160
39691,740,0,CV0071_005,118900
39692,732,0,CV0071_005,119632
39693,736,0,CV0071_005,120368
39694,744,0,CV0071_005,121112
39695,728,0,CV0071_005,121840
39696,732,0,CV0071_005,122572
39697,732,0,CV0071_005,123304
39698,728,0,CV0071_005,124032
39699,720,0,CV0071_005,124752
39700,720,0,CV0071_005,125472
39701,712,0,CV0071_005,126184
39702,724,0,CV0071_005,126908
39703,716,0,CV0071_005,127624
39704,712,0,CV0071_005,128336
39705,704,0,CV0071_005,129040
39706,700,0,CV0071_005,129740
39707,704,0,CV0071_005,130444
39708,696,0,CV0071_005,131140
39709,696,0,CV0071_005,131836
39710,700,0,CV0071_005,132536
39711,700,0,CV0071_005,133236
39712,700,0,CV0071_005,133936
39713,700,0,CV0071_005,134636
39714,704,0,CV0071_005,135340
39715,712,0,CV0071_005,136052
39716,712,0,CV0071_005,136764
39717,716,0,CV0071_005,137480
39718,708,0,CV0071_005,138188
39719,720,0,CV0071_005,138908
39720,712,0,CV0071_005,139620
39721,704,0,CV0071_005,140324
39722,704,0,CV0071_005,141028
39723,704,0,CV0071_005,141732
39724,708,0,CV0071_005,142440
39725,704,0,CV0071_005,143144
39726,708,0,CV0071_005,143852
39727,708,0,CV0071_005,144560
39728,704,0,CV0071_005,145264
39729,704,0,CV0071_005,145968
39730,700,0,CV0071_005,146668
39731,704,0,CV0071_005,147372
39732,696,0,CV0071_005,148068
39733,704,0,CV0071_005,148772
39734,700,0,CV0071_005,149472
39735,704,0,CV0071_005,150176
39736,704,0,CV0071_005,150880
39737,708,0,CV0071_005,151588
39738,708,0,CV0071_005,152296
39739,712,0,CV0071_005,153008
39740,716,0,CV0071_005,153724
39741,712,0,CV0071_005,154436
39742,716,0,CV0071_005,155152
39743,716,0,CV0071_005,155868
39744,724,0,CV0071_005,156592
39745,720,0,CV0071_005,157312
39746,712,0,CV0071_005,158024
39747,712,0,CV0071_005,158736
39748,712,0,CV0071_005,159448
39749,712,0,CV0071_005,160160
39750,704,0,CV0071_005,160864
39751,708,0,CV0071_005,161572
39752,704,0,CV0071_005,162276
39753,704,0,CV0071_005,162980
39754,708,0,CV0071_005,163688
39755,708,0,CV0071_005,164396
39756,720,0,CV0071_005,165116
39757,712,0,CV0071_005,165828
39758,712,0,CV0071_005,166540
39759,712,0,CV0071_005,167252
39760,712,0,CV0071_005,167964
39761,712,0,CV0071_005,168676
39762,716,0,CV0071_005,169392
39763,712,0,CV0071_005,170104
39764,716,0,CV0071_005,170820
39765,716,0,CV0071_005,171536
39766,764,1,CV0071_005,172300
39767,668,0,CV0071_005,172968
39768,720,0,CV0071_005,173688
39769,720,0,CV0071_005,174408
39770,712,0,CV0071_005,175120
39771,724,0,CV0071_005,175844
39772,728,0,CV0071_005,176572
39773,724,0,CV0071_005,177296
39774,720,0,CV0071_005,178016
39775,716,0,CV0071_005,178732
39776,724,0,CV0071_005,179456
39777,724,0,CV0071_005,180180
39778,720,0,CV0071_005,180900
39779,728,0,CV0071_005,181628
39780,724,0,CV0071_005,182352
39781,724,0,CV0071_005,183076
39782,720,0,CV0071_005,183796
39783,708,0,CV0071_005,184504
39784,704,0,CV0071_005,185208
39785,716,0,CV0071_005,185924
39786,704,0,CV0071_005,186628
39787,700,0,CV0071_005,187328
39788,696,0,CV0071_005,188024
39789,692,0,CV0071_005,188716
39790,688,0,CV0071_005,189404
39791,692,0,CV0071_005,190096
39792,692,0,CV0071_005,190788
39793,696,0,CV0071_005,191484
39794,696,0,CV0071_005,192180
39795,688,0,CV0071_005,192868
39796,688,0,CV0071_005,193556
39797,740,1,CV0071_005,194296
39798,640,0,CV0071_005,194936
39799,688,0,CV0071_005,195624
39800,696,0,CV0071_005,196320
39801,692,0,CV0071_005,197012
39802,700,0,CV0071_005,197712
39803,696,0,CV0071_005,198408
39804,700,0,CV0071_005,199108
39805,700,0,CV0071_005,199808
39806,708,0,CV0071_005,200516
39807,700,0,CV0071_005,201216
39808,712,0,CV0071_005,201928
39809,708,0,CV0071_005,202636
39810,708,0,CV0071_005,203344
39811,712,0,CV0071_005,204056
39812,708,0,CV0071_005,204764
39813,708,0,CV0071_005,205472
39814,716,0,CV0071_005,206188
39815,712,0,CV0071_005,206900
39816,712,0,CV0071_005,207612
39817,712,0,CV0071_005,208324
39818,712,0,CV0071_005,209036
39819,712,0,CV0071_005,209748
39820,708,0,CV0071_005,210456
39821,716,0,CV0071_005,211172
39822,712,0,CV0071_005,211884
39823,716,0,CV0071_005,212600
39824,712,0,CV0071_005,213312
39825,720,0,CV0071_005,214032
39826,716,0,CV0071_005,214748
39827,716,0,CV0071_005,215464
39828,716,0,CV0071_005,216180
39829,716,0,CV0071_005,216896
39830,708,0,CV0071_005,217604
39831,712,0,CV0071_005,218316
39832,708,0,CV0071_005,219024
39833,704,0,CV0071_005,219728
39834,708,0,CV0071_005,220436
39835,708,0,CV0071_005,221144
39836,708,0,CV0071_005,221852
39837,708,0,CV0071_005,222560
39838,748,1,CV0071_005,223308
39839,652,0,CV0071_005,223960
39840,696,0,CV0071_005,224656
39841,696,0,CV0071_005,225352
39842,692,0,CV0071_005,226044
39843,688,0,CV0071_005,226732
39844,684,0,CV0071_005,227416
39845,688,0,CV0071_005,228104
39846,688,0,CV0071_005,228792
39847,700,0,CV0071_005,229492
39848,712,0,CV0071_005,230204
39849,704,0,CV0071_005,230908
39850,708,0,CV0071_005,231616
39851,708,0,CV0071_005,232324
39852,712,0,CV0071_005,233036
39853,708,0,CV0071_005,233744
39854,708,0,CV0071_005,234452
39855,712,0,CV0071_005,235164
39856,712,0,CV0071_005,235876
39857,712,0,CV0071_005,236588
39858,756,1,CV0071_005,237344
39859,660,0,CV0071_005,238004
39860,716,0,CV0071_005,238720
39861,712,0,CV0071_005,239432
39862,712,0,CV0071_005,240144
39863,716,0,CV0071_005,240860
39864,540,0,CV0071_005,241400
39865,832,0,CV0071_005,242232
39866,728,0,CV0071_005,242960
39867,712,0,CV0071_005,243672
39868,708,0,CV0071_005,244380
39869,708,0,CV0071_005,245088
39870,704,0,CV0071_005,245792
39871,700,0,CV0071_005,246492
39872,704,0,CV0071_005,247196
39873,708,0,CV0071_005,247904
39874,704,0,CV0071_005,248608
39875,716,0,CV0071_005,249324
39876,716,0,CV0071_005,250040
39877,724,0,CV0071_005,250764
39878,720,0,CV0071_005,251484
39879,728,0,CV0071_005,252212
39880,724,0,CV0071_005,252936
39881,728,0,CV0071_005,253664
39882,716,0,CV0071_005,254380
39883,732,0,CV0071_005,255112
39884,732,0,CV0071_005,255844
39885,728,0,CV0071_005,256572
39886,728,0,CV0071_005,257300
39887,724,0,CV0071_005,258024
39888,724,0,CV0071_005,258748
39889,720,0,CV0071_005,259468
39890,724,0,CV0071_005,260192
39891,716,0,CV0071_005,260908
39892,720,0,CV0071_005,261628
39893,712,0,CV0071_005,262340
39894,712,0,CV0071_005,263052
39895,716,0,CV0071_005,263768
39896,648,0,CV0071_005,264416
39897,784,0,CV0071_005,265200
39898,716,0,CV0071_005,265916
39899,712,0,CV0071_005,266628
39900,712,0,CV0071_005,267340
39901,708,0,CV0071_005,268048
39902,712,0,CV0071_005,268760
39903,712,0,CV0071_005,269472
39904,712,0,CV0071_005,270184
39905,708,0,CV0071_005,270892
39906,712,0,CV0071_005,271604
39907,712,0,CV0071_005,272316
39908,708,0,CV0071_005,273024
39909,712,0,CV0071_005,273736
39910,700,0,CV0071_005,274436
39911,708,0,CV0071_005,275144
39912,588,0,CV0071_005,275732
39913,800,0,CV0071_005,276532
39914,692,0,CV0071_005,277224
39915,692,0,CV0071_005,277916
39916,688,0,CV0071_005,278604
39917,736,1,CV0071_005,279340
39918,636,0,CV0071_005,279976
39919,688,0,CV0071_005,280664
39920,696,0,CV0071_005,281360
39921,700,0,CV0071_005,282060
39922,704,0,CV0071_005,282764
39923,708,0,CV0071_005,283472
39924,712,0,CV0071_005,284184
39925,716,0,CV0071_005,284900
39926,720,0,CV0071_005,285620
39927,720,0,CV0071_005,286340
39928,720,0,CV0071_005,287060
39929,724,0,CV0071_005,287784
39930,712,0,CV0071_005,288496
39931,712,0,CV0071_005,289208
39932,716,0,CV0071_005,289924
39933,708,0,CV0071_005,290632
39934,756,1,CV0071_005,291388
39935,656,0,CV0071_005,292044
39936,708,0,CV0071_005,292752
39937,704,0,CV0071_005,293456
39938,708,0,CV0071_005,294164
39939,708,0,CV0071_005,294872
39940,708,0,CV0071_005,295580
39941,760,1,CV0071_005,296340
39942,656,0,CV0071_005,296996
39943,712,0,CV0071_005,297708
39944,708,0,CV0071_005,298416
39945,708,0,CV0071_005,299124
39946,712,0,CV0071_005,299836
39947,708,0,CV0071_005,300544
39948,716,0,CV0071_005,301260
39949,712,0,CV0071_005,301972
39950,712,0,CV0071_005,302684
39951,708,0,CV0071_005,303392
39952,712,0,CV0071_005,304104
39953,704,0,CV0071_005,304808
39954,708,0,CV0071_005,305516
39955,704,0,CV0071_005,306220
39956,708,0,CV0071_005,306928
39957,708,0,CV0071_005,307636
39958,708,0,CV0071_005,308344
39959,712,0,CV0071_005,309056
39960,704,0,CV0071_005,309760
39961,716,0,CV0071_005,310476
39962,708,0,CV0071_005,311184
39963,708,0,CV0071_005,311892
39964,704,0,CV0071_005,312596
39965,756,1,CV0071_005,313352
39966,656,0,CV0071_005,314008
39967,708,0,CV0071_005,314716
39968,704,0,CV0071_005,315420
39969,704,0,CV0071_005,316124
39970,708,0,CV0071_005,316832
39971,708,0,CV0071_005,317540
39972,712,0,CV0071_005,318252
39973,704,0,CV0071_005,318956
39974,708,0,CV0071_005,319664
39975,704,0,CV0071_005,320368
39976,704,0,CV0071_005,321072
39977,708,0,CV0071_005,321780
39978,700,0,CV0071_005,322480
39979,704,0,CV0071_005,323184
39980,704,0,CV0071_005,323888
39981,704,0,CV0071_005,324592
39982,692,0,CV0071_005,325284
39983,708,0,CV0071_005,325992
39984,704,0,CV0071_005,326696
39985,704,0,CV0071_005,327400
39986,704,0,CV0071_005,328104
39987,712,0,CV0071_005,328816
39988,708,0,CV0071_005,329524
39989,708,0,CV0071_005,330232
39990,712,0,CV0071_005,330944
39991,712,0,CV0071_005,331656
39992,708,0,CV0071_005,332364
39993,704,0,CV0071_005,333068
39994,704,0,CV0071_005,333772
39995,708,0,CV0071_005,334480
39996,704,0,CV0071_005,335184
39997,704,0,CV0071_005,335888
39998,700,0,CV0071_005,336588
39999,696,0,CV0071_005,337284
40000,708,0,CV0071_005,337992
40001,700,0,CV0071_005,338692
40002,696,0,CV0071_005,339388
40003,700,0,CV0071_005,340088
40004,704,0,CV0071_005,340792
40005,700,0,CV0071_005,341492
40006,708,0,CV0071_005,342200
40007,704,0,CV0071_005,342904
40008,708,0,CV0071_005,343612
40009,756,1,CV0071_005,344368
40010,652,0,CV0071_005,345020
40011,700,0,CV0071_005,345720
40012,700,0,CV0071_005,346420
40013,700,0,CV0071_005,347120
40014,688,0,CV0071_005,347808
40015,688,0,CV0071_005,348496
40016,684,0,CV0071_005,349180
40017,688,0,CV0071_005,349868
40018,688,0,CV0071_005,350556
40019,688,0,CV0071_005,351244
40020,684,0,CV0071_005,351928
40021,692,0,CV0071_005,352620
40022,740,1,CV0071_005,353360
40023,640,0,CV0071_005,354000
40024,692,0,CV0071_005,354692
40025,700,0,CV0071_005,355392
40026,700,0,CV0071_005,356092
40027,700,0,CV0071_005,356792
40028,696,0,CV0071_005,357488
40029,696,0,CV0071_005,358184
40030,700,0,CV0071_005,358884
40031,696,0,CV0071_005,359580
40032,692,0,CV0071_005,360272
40033,696,0,CV0071_005,360968
40034,692,0,CV0071_005,361660
40035,696,0,CV0071_005,362356
40036,696,0,CV0071_005,363052
40037,696,0,CV0071_005,363748
40038,700,0,CV0071_005,364448
40039,696,0,CV0071_005,365144
40040,696,0,CV0071_005,365840
40041,700,0,CV0071_005,366540
40042,692,0,CV0071_005,367232
40043,696,0,CV0071_005,367928
40044,700,0,CV0071_005,368628
40045,748,1,CV0071_005,369376
40046,648,0,CV0071_005,370024
40047,704,0,CV0071_005,370728
40048,700,0,CV0071_005,371428
40049,700,0,CV0071_005,372128
40050,696,0,CV0071_005,372824
40051,704,0,CV0071_005,373528
40052,700,0,CV0071_005,374228
40053,696,0,CV0071_005,374924
40054,700,0,CV0071_005,375624
40055,688,0,CV0071_005,376312
40056,704,0,CV0071_005,377016
40057,696,0,CV0071_005,377712
40058,696,0,CV0071_005,378408
40059,700,0,CV0071_005,379108
40060,704,0,CV0071_005,379812
40061,700,0,CV0071_005,380512
40062,704,0,CV0071_005,381216
40063,696,0,CV0071_005,381912
40064,700,0,CV0071_005,382612
40065,692,0,CV0071_005,383304
40066,704,0,CV0071_005,384008
40067,700,0,CV0071_005,384708
40068,700,0,CV0071_005,385408
40069,704,0,CV0071_005,386112
40070,704,0,CV0071_005,386816
40071,704,0,CV0071_005,387520
40072,700,0,CV0071_005,388220
40073,704,0,CV0071_005,388924
40074,700,0,CV0071_005,389624
40075,688,0,CV0071_005,390312
40076,708,0,CV0071_005,391020
40077,700,0,CV0071_005,391720
40078,696,0,CV0071_005,392416
40079,692,0,CV0071_005,393108
40080,692,0,CV0071_005,393800
40081,692,0,CV0071_005,394492
40082,696,0,CV0071_005,395188
40083,692,0,CV0071_005,395880
40084,692,0,CV0071_005,396572
40085,696,0,CV0071_005,397268
40086,692,0,CV0071_005,397960
40087,696,0,CV0071_005,398656
40088,744,1,CV0071_005,399400
40089,644,0,CV0071_005,400044
40090,688,0,CV0071_005,400732
40091,696,0,CV0071_005,401428
40092,692,0,CV0071_005,402120
40093,696,0,CV0071_005,402816
40094,700,0,CV0071_005,403516
40095,700,0,CV0071_005,404216
40096,704,0,CV0071_005,404920
40097,708,0,CV0071_005,405628
40098,760,1,CV0071_005,406388
40099,656,0,CV0071_005,407044
40100,708,0,CV0071_005,407752
40101,708,0,CV0071_005,408460
40102,704,0,CV0071_005,409164
40103,700,0,CV0071_005,409864
40104,700,0,CV0071_005,410564
40105,696,0,CV0071_005,411260
40106,696,0,CV0071_005,411956
40107,692,0,CV0071_005,412648
40108,748,1,CV0071_005,413396
40109,652,0,CV0071_005,414048
40110,700,0,CV0071_005,414748
40111,700,0,CV0071_005,415448
40112,708,0,CV0071_005,416156
40113,708,0,CV0071_005,416864
40114,712,0,CV0071_005,417576
40115,704,0,CV0071_005,418280
40116,712,0,CV0071_005,418992
40117,712,0,CV0071_005,419704
40118,712,0,CV0071_005,420416
40119,704,0,CV0071_005,421120
40120,708,0,CV0071_005,421828
40121,704,0,CV0071_005,422532
40122,704,0,CV0071_005,423236
40123,700,0,CV0071_005,423936
40124,712,0,CV0071_005,424648
40125,752,1,CV0071_005,425400
40126,648,0,CV0071_005,426048
40127,704,0,CV0071_005,426752
40128,704,0,CV0071_005,427456
40129,708,0,CV0071_005,428164
40130,704,0,CV0071_005,428868
40131,756,1,CV0071_005,429624
40132,652,0,CV0071_005,430276
40133,704,0,CV0071_005,430980
40134,700,0,CV0071_005,431680
40135,744,1,CV0071_005,432424
40136,652,0,CV0071_005,433076
40137,696,0,CV0071_005,433772
40138,696,0,CV0071_005,434468
40139,696,0,CV0071_005,435164
40140,700,0,CV0071_005,435864
40141,696,0,CV0071_005,436560
40142,696,0,CV0071_005,437256
40143,692,0,CV0071_005,437948
40144,700,0,CV0071_005,438648
40145,688,0,CV0071_005,439336
40146,700,0,CV0071_005,440036
40147,696,0,CV0071_005,440732
40148,696,0,CV0071_005,441428
40149,696,0,CV0071_005,442124
40150,684,0,CV0071_005,442808
40151,692,0,CV0071_005,443500
40152,696,0,CV0071_005,444196
40153,696,0,CV0071_005,444892
40154,692,0,CV0071_005,445584
40155,692,0,CV0071_005,446276
40156,696,0,CV0071_005,446972
40157,568,0,CV0071_005,447540
40158,800,0,CV0071_005,448340
40159,696,0,CV0071_005,449036
40160,692,0,CV0071_005,449728
40161,692,0,CV0071_005,450420
40162,684,0,CV0071_005,451104
40163,684,0,CV0071_005,451788
40164,684,0,CV0071_005,452472
40165,672,0,CV0071_005,453144
40166,676,0,CV0071_005,453820
40167,676,0,CV0071_005,454496
40168,572,0,CV0071_005,455068
40169,772,0,CV0071_005,455840
40170,676,0,CV0071_005,456516
40171,676,0,CV0071_005,457192
40172,676,0,CV0071_005,457868
40173,676,0,CV0071_005,458544
40174,676,0,CV0071_005,459220
40175,676,0,CV0071_005,459896
40176,676,0,CV0071_005,460572
40177,680,0,CV0071_005,461252
40178,684,0,CV0071_005,461936
40179,512,0,CV0071_005,462448
40180,820,0,CV0071_005,463268
40181,692,0,CV0071_005,463960
40182,696,0,CV0071_005,464656
40183,692,0,CV0071_005,465348
40184,700,0,CV0071_005,466048
40185,700,0,CV0071_005,466748
40186,704,0,CV0071_005,467452
40187,700,0,CV0071_005,468152
40188,708,0,CV0071_005,468860
40189,712,0,CV0071_005,469572
40190,712,0,CV0071_005,470284
40191,716,0,CV0071_005,471000
40192,720,0,CV0071_005,471720
40193,720,0,CV0071_005,472440
40194,720,0,CV0071_005,473160
40195,720,0,CV0071_005,473880
40196,732,0,CV0071_005,474612
40197,736,0,CV0071_005,475348
40198,736,0,CV0071_005,476084
40199,740,0,CV0071_005,476824
40200,740,0,CV0071_005,477564
40201,736,0,CV0071_005,478300
40202,736,0,CV0071_005,479036
40203,736,0,CV0071_005,479772
40204,736,0,CV0071_005,480508
40205,728,0,CV0071_005,481236
40206,724,0,CV0071_005,481960
40207,728,0,CV0071_005,482688
40208,728,0,CV0071_005,483416
40209,724,0,CV0071_005,484140
40210,720,0,CV0071_005,484860
40211,724,0,CV0071_005,485584
40212,720,0,CV0071_005,486304
40213,720,0,CV0071_005,487024
40214,720,0,CV0071_005,487744
40215,720,0,CV0071_005,488464
40216,716,0,CV0071_005,489180
40217,716,0,CV0071_005,489896
40218,712,0,CV0071_005,490608
40219,708,0,CV0071_005,491316
40220,712,0,CV0071_005,492028
40221,708,0,CV0071_005,492736
40222,708,0,CV0071_005,493444
40223,708,0,CV0071_005,494152
40224,712,0,CV0071_005,494864
40225,708,0,CV0071_005,495572
40226,712,0,CV0071_005,496284
40227,704,0,CV0071_005,496988
40228,704,0,CV0071_005,497692
40229,1408,0,CV0071_005,499100
40230,704,0,CV0071_005,499804
40231,700,0,CV0071_005,500504
40232,708,0,CV0071_005,501212
40233,700,0,CV0071_005,501912
40234,704,0,CV0071_005,502616
40235,704,0,CV0071_005,503320
40236,708,0,CV0071_005,504028
40237,708,0,CV0071_005,504736
40238,708,0,CV0071_005,505444
40239,704,0,CV0071_005,506148
40240,708,0,CV0071_005,506856
40241,708,0,CV0071_005,507564
40242,708,0,CV0071_005,508272
40243,704,0,CV0071_005,508976
40244,700,0,CV0071_005,509676
40245,700,0,CV0071_005,510376
40246,712,0,CV0071_005,511088
40247,704,0,CV0071_005,511792
40248,704,0,CV0071_005,512496
40249,708,0,CV0071_005,513204
40250,704,0,CV0071_005,513908
40251,700,0,CV0071_005,514608
40252,700,0,CV0071_005,515308
40253,700,0,CV0071_005,516008
40254,700,0,CV0071_005,516708
40255,748,1,CV0071_005,517456
40256,652,0,CV0071_005,518108
40257,696,0,CV0071_005,518804
40258,696,0,CV0071_005,519500
40259,700,0,CV0071_005,520200
40260,748,1,CV0071_005,520948
40261,644,0,CV0071_005,521592
40262,704,0,CV0071_005,522296
40263,696,0,CV0071_005,522992
40264,696,0,CV0071_005,523688
40265,692,0,CV0071_005,524380
40266,704,0,CV0071_005,525084
40267,696,0,CV0071_005,525780
40268,696,0,CV0071_005,526476
40269,696,0,CV0071_005,527172
40270,692,0,CV0071_005,527864
40271,700,0,CV0071_005,528564
40272,700,0,CV0071_005,529264
40273,700,0,CV0071_005,529964
40274,696,0,CV0071_005,530660
40275,704,0,CV0071_005,531364
40276,692,0,CV0071_005,532056
40277,696,0,CV0071_005,532752
40278,696,0,CV0071_005,533448
40279,688,0,CV0071_005,534136
40280,688,0,CV0071_005,534824
40281,688,0,CV0071_005,535512
40282,692,0,CV0071_005,536204
40283,688,0,CV0071_005,536892
40284,684,0,CV0071_005,537576
40285,684,0,CV0071_005,538260
40286,688,0,CV0071_005,538948
40287,688,0,CV0071_005,539636
40288,688,0,CV0071_005,540324
40289,688,0,CV0071_005,541012
40290,688,0,CV0071_005,541700
40291,680,0,CV0071_005,542380
40292,680,0,CV0071_005,543060
40293,676,0,CV0071_005,543736
40294,728,1,CV0071_005,544464
40295,628,0,CV0071_005,545092
40296,676,0,CV0071_005,545768
40297,684,0,CV0071_005,546452
40298,680,0,CV0071_005,547132
40299,692,0,CV0071_005,547824
40300,696,0,CV0071_005,548520
40301,700,0,CV0071_005,549220
40302,708,0,CV0071_005,549928
40303,716,0,CV0071_005,550644
40304,720,0,CV0071_005,551364
40305,720,0,CV0071_005,552084
40306,720,0,CV0071_005,552804
40307,728,0,CV0071_005,553532
40308,716,0,CV0071_005,554248
40309,728,0,CV0071_005,554976
40310,720,0,CV0071_005,555696
40311,700,0,CV0071_005,556396
40312,716,0,CV0071_005,557112
40313,708,0,CV0071_005,557820
40314,700,0,CV0071_005,558520
40315,696,0,CV0071_005,559216
40316,696,0,CV0071_005,559912
40317,696,0,CV0071_005,560608
40318,688,0,CV0071_005,561296
40319,696,0,CV0071_005,561992
40320,688,0,CV0071_005,562680
40321,696,0,CV0071_005,563376
40322,688,0,CV0071_005,564064
40323,700,0,CV0071_005,564764
40324,748,1,CV0071_005,565512
40325,652,0,CV0071_005,566164
40326,704,0,CV0071_005,566868
40327,712,0,CV0071_005,567580
40328,764,1,CV0071_005,568344
40329,672,0,CV0071_005,569016
40330,720,0,CV0071_005,569736
40331,732,0,CV0071_005,570468
40332,732,0,CV0071_005,571200
40333,728,0,CV0071_005,571928
40334,732,0,CV0071_005,572660
40335,736,0,CV0071_005,573396
40336,732,0,CV0071_005,574128
40337,728,0,CV0071_005,574856
40338,728,0,CV0071_005,575584
40339,732,0,CV0071_005,576316
40340,732,0,CV0071_005,577048
40341,724,0,CV0071_005,577772
40342,728,0,CV0071_005,578500
40343,732,0,CV0071_005,579232
40344,724,0,CV0071_005,579956
40345,728,0,CV0071_005,580684
40346,720,0,CV0071_005,581404
40347,732,0,CV0071_005,582136
40348,736,0,CV0071_005,582872
40349,732,0,CV0071_005,583604
40350,732,0,CV0071_005,584336
40351,736,0,CV0071_005,585072
40352,732,0,CV0071_005,585804
40353,732,0,CV0071_005,586536
40354,736,0,CV0071_005,587272
40355,728,0,CV0071_005,588000
40356,732,0,CV0071_005,588732
40357,780,1,CV0071_005,589512
40358,684,0,CV0071_005,590196
40359,736,0,CV0071_005,590932
40360,732,0,CV0071_005,591664
40361,732,0,CV0071_005,592396
40362,728,0,CV0071_005,593124
40363,728,0,CV0071_005,593852
40364,728,0,CV0071_005,594580
40365,728,0,CV0071_005,595308
40366,724,0,CV0071_005,596032
40367,724,0,CV0071_005,596756
40368,724,0,CV0071_005,597480
40369,720,0,CV0071_005,598200
40370,716,0,CV0071_005,598916
40371,728,0,CV0071_005,599644
40372,720,0,CV0071_005,600364
40373,724,0,CV0071_005,601088
40374,724,0,CV0071_005,601812
40375,720,0,CV0071_005,602532
40376,724,0,CV0071_005,603256
40377,720,0,CV0071_005,603976
40378,716,0,CV0071_005,604692
40379,720,0,CV0071_005,605412
40380,712,0,CV0071_005,606124
40381,716,0,CV0071_005,606840
40382,716,0,CV0071_005,607556
40383,712,0,CV0071_005,608268
40384,716,0,CV0071_005,608984
40385,712,0,CV0071_005,609696
40386,720,0,CV0071_005,610416
40387,712,0,CV0071_005,611128
40388,716,0,CV0071_005,611844
40389,716,0,CV0071_005,612560
40390,712,0,CV0071_005,613272
40391,712,0,CV0071_005,613984
40392,716,0,CV0071_005,614700
40393,720,0,CV0071_005,615420
40394,720,0,CV0071_005,616140
40395,724,0,CV0071_005,616864
40396,728,0,CV0071_005,617592
40397,724,0,CV0071_005,618316
40398,724,0,CV0071_005,619040
40399,720,0,CV0071_005,619760
40400,776,1,CV0071_005,620536
40401,680,0,CV0071_005,621216
40402,732,0,CV0071_005,621948
40403,724,0,CV0071_005,622672
40404,732,0,CV0071_005,623404
40405,728,0,CV0071_005,624132
40406,728,0,CV0071_005,624860
40407,724,0,CV0071_005,625584
40408,724,0,CV0071_005,626308
40409,728,0,CV0071_005,627036
40410,724,0,CV0071_005,627760
40411,768,1,CV0071_005,628528
40412,672,0,CV0071_005,629200
40413,720,0,CV0071_005,629920
40414,724,0,CV0071_005,630644
40415,728,0,CV0071_005,631372
40416,724,0,CV0071_005,632096
40417,728,0,CV0071_005,632824
40418,724,0,CV0071_005,633548
40419,724,0,CV0071_005,634272
40420,720,0,CV0071_005,634992
40421,724,0,CV0071_005,635716
40422,720,0,CV0071_005,636436
40423,724,0,CV0071_005,637160
40424,716,0,CV0071_005,637876
40425,720,0,CV0071_005,638596
40426,716,0,CV0071_005,639312
40427,716,0,CV0071_005,640028
40428,712,0,CV0071_005,640740
40429,700,0,CV0071_005,641440
40430,728,0,CV0071_005,642168
40431,712,0,CV0071_005,642880
40432,716,0,CV0071_005,643596
40433,712,0,CV0071_005,644308
40434,716,0,CV0071_005,645024
40435,716,0,CV0071_005,645740
40436,1428,0,CV0071_005,647168
40437,716,0,CV0071_005,647884
40438,716,0,CV0071_005,648600
40439,712,0,CV0071_005,649312
40440,712,0,CV0071_005,650024
40441,712,0,CV0071_005,650736
40442,704,0,CV0071_005,651440
40443,712,0,CV0071_005,652152
40444,704,0,CV0071_005,652856
40445,704,0,CV0071_005,653560
40446,704,0,CV0071_005,654264
40447,704,0,CV0071_005,654968
40448,704,0,CV0071_005,655672
40449,704,0,CV0071_005,656376
40450,708,0,CV0071_005,657084
40451,704,0,CV0071_005,657788
40452,708,0,CV0071_005,658496
40453,708,0,CV0071_005,659204
40454,708,0,CV0071_005,659912
40455,700,0,CV0071_005,660612
40456,700,0,CV0071_005,661312
40457,700,0,CV0071_005,662012
40458,696,0,CV0071_005,662708
40459,700,0,CV0071_005,663408
40460,696,0,CV0071_005,664104
40461,696,0,CV0071_005,664800
40462,704,0,CV0071_005,665504
40463,696,0,CV0071_005,666200
40464,700,0,CV0071_005,666900
40465,700,0,CV0071_005,667600
40466,704,0,CV0071_005,668304
40467,708,0,CV0071_005,669012
40468,708,0,CV0071_005,669720
40469,716,0,CV0071_005,670436
40470,712,0,CV0071_005,671148
40471,712,0,CV0071_005,671860
40472,716,0,CV0071_005,672576
40473,712,0,CV0071_005,673288
40474,712,0,CV0071_005,674000
40475,716,0,CV0071_005,674716
40476,728,0,CV0071_005,675444
40477,724,0,CV0071_005,676168
40478,724,0,CV0071_005,676892
40479,732,0,CV0071_005,677624
40480,728,0,CV0071_005,678352
40481,776,1,CV0071_005,679128
40482,680,0,CV0071_005,679808
40483,728,0,CV0071_005,680536
40484,728,0,CV0071_005,681264
40485,732,0,CV0071_005,681996
40486,724,0,CV0071_005,682720
40487,728,0,CV0071_005,683448
40488,720,0,CV0071_005,684168
40489,724,0,CV0071_005,684892
40490,728,0,CV0071_005,685620
40491,720,0,CV0071_005,686340
40492,716,0,CV0071_005,687056
40493,724,0,CV0071_005,687780
40494,780,1,CV0071_005,688560
40495,680,0,CV0071_005,689240
40496,724,0,CV0071_005,689964
40497,732,0,CV0071_005,690696
40498,732,0,CV0071_005,691428
40499,732,0,CV0071_005,692160
40500,736,0,CV0071_005,692896
40501,736,0,CV0071_005,693632
40502,740,0,CV0071_005,694372
40503,732,0,CV0071_005,695104
40504,748,0,CV0071_005,695852
40505,736,0,CV0071_005,696588
40506,740,0,CV0071_005,697328
40507,740,0,CV0071_005,698068
40508,732,0,CV0071_005,698800
40509,780,1,CV0071_005,699580
40510,680,0,CV0071_005,700260
40511,720,0,CV0071_005,700980
40512,720,0,CV0071_005,701700
40513,712,0,CV0071_005,702412
40514,716,0,CV0071_005,703128
40515,716,0,CV0071_005,703844
40516,716,0,CV0071_005,704560
40517,712,0,CV0071_005,705272
40518,720,0,CV0071_005,705992
40519,708,0,CV0071_005,706700
40520,716,0,CV0071_005,707416
40521,716,0,CV0071_005,708132
40522,716,0,CV0071_005,708848
40523,712,0,CV0071_005,709560
40524,716,0,CV0071_005,710276
40525,716,0,CV0071_005,710992
40526,720,0,CV0071_005,711712
40527,720,0,CV0071_005,712432
40528,712,0,CV0071_005,713144
40529,716,0,CV0071_005,713860
40530,716,0,CV0071_005,714576
40531,712,0,CV0071_005,715288
40532,768,1,CV0071_005,716056
40533,664,0,CV0071_005,716720
40534,720,0,CV0071_005,717440
40535,716,0,CV0071_005,718156
40536,716,0,CV0071_005,718872
40537,712,0,CV0071_005,719584
40538,716,0,CV0071_005,720300
40539,716,0,CV0071_005,721016
40540,716,0,CV0071_005,721732
40541,712,0,CV0071_005,722444
40542,720,0,CV0071_005,723164
40543,716,0,CV0071_005,723880
40544,720,0,CV0071_005,724600
40545,724,0,CV0071_005,725324
40546,724,0,CV0071_005,726048
40547,724,0,CV0071_005,726772
40548,712,0,CV0071_005,727484
40549,732,0,CV0071_005,728216
40550,724,0,CV0071_005,728940
40551,716,0,CV0071_005,729656
40552,720,0,CV0071_005,730376
40553,720,0,CV0071_005,731096
40554,720,0,CV0071_005,731816
40555,772,1,CV0071_005,732588
40556,668,0,CV0071_005,733256
40557,720,0,CV0071_005,733976
40558,720,0,CV0071_005,734696
40559,720,0,CV0071_005,735416
40560,716,0,CV0071_005,736132
40561,720,0,CV0071_005,736852
40562,720,0,CV0071_005,737572
40563,716,0,CV0071_005,738288
40564,716,0,CV0071_005,739004
40565,724,0,CV0071_005,739728
40566,716,0,CV0071_005,740444
40567,716,0,CV0071_005,741160
40568,716,0,CV0071_005,741876
40569,712,0,CV0071_005,742588
40570,716,0,CV0071_005,743304
40571,716,0,CV0071_005,744020
40572,716,0,CV0071_005,744736
40573,716,0,CV0071_005,745452
40574,716,0,CV0071_005,746168
40575,720,0,CV0071_005,746888
40576,720,0,CV0071_005,747608
40577,712,0,CV0071_005,748320
40578,716,0,CV0071_005,749036
40579,716,0,CV0071_005,749752
40580,724,0,CV0071_005,750476
40581,716,0,CV0071_005,751192
40582,716,0,CV0071_005,751908
40583,716,0,CV0071_005,752624
40584,716,0,CV0071_005,753340
40585,712,0,CV0071_005,754052
40586,712,0,CV0071_005,754764
40587,716,0,CV0071_005,755480
40588,708,0,CV0071_005,756188
40589,708,0,CV0071_005,756896
40590,712,0,CV0071_005,757608
40591,704,0,CV0071_005,758312
40592,708,0,CV0071_005,759020
40593,704,0,CV0071_005,759724
40594,760,0,CV0071_005,760484
40595,652,0,CV0071_005,761136
40596,700,0,CV0071_005,761836
40597,752,0,CV0071_005,762588
40598,652,0,CV0071_005,763240
40599,700,0,CV0071_005,763940
40600,700,0,CV0071_005,764640
40601,696,0,CV0071_005,765336
40602,696,0,CV0071_005,766032
40603,696,0,CV0071_005,766728
40604,700,0,CV0071_005,767428
40605,696,0,CV0071_005,768124
40606,700,0,CV0071_005,768824
40607,680,0,CV0071_005,769504
40608,708,0,CV0071_005,770212
40609,696,0,CV0071_005,770908
40610,696,0,CV0071_005,771604
40611,684,0,CV0071_005,772288
40612,684,0,CV0071_005,772972
40613,676,0,CV0071_005,773648
40614,684,0,CV0071_005,774332
40615,684,0,CV0071_005,775016
40616,688,0,CV0071_005,775704
40617,692,0,CV0071_005,776396
40618,688,0,CV0071_005,777084
40619,696,0,CV0071_005,777780
40620,696,0,CV0071_005,778476
40621,700,0,CV0071_005,779176
40622,696,0,CV0071_005,779872
40623,700,0,CV0071_005,780572
40624,692,0,CV0071_005,781264
40625,700,0,CV0071_005,781964
40626,692,0,CV0071_005,782656
40627,696,0,CV0071_005,783352
40628,696,0,CV0071_005,784048
40629,696,0,CV0071_005,784744
40630,696,0,CV0071_005,785440
40631,692,0,CV0071_005,786132
40632,696,0,CV0071_005,786828
40633,688,0,CV0071_005,787516
40634,700,0,CV0071_005,788216
40635,692,0,CV0071_005,788908
40636,692,0,CV0071_005,789600
40637,696,0,CV0071_005,790296
40638,700,0,CV0071_005,790996
40639,696,0,CV0071_005,791692
40640,700,0,CV0071_005,792392
40641,696,0,CV0071_005,793088
40642,696,0,CV0071_005,793784
40643,704,0,CV0071_005,794488
40644,700,0,CV0071_005,795188
40645,700,0,CV0071_005,795888
40646,708,0,CV0071_005,796596
40647,696,0,CV0071_005,797292
40648,704,0,CV0071_005,797996
40649,700,0,CV0071_005,798696
40650,700,0,CV0071_005,799396
40651,700,0,CV0071_005,800096
40652,696,0,CV0071_005,800792
40653,700,0,CV0071_005,801492
40654,696,0,CV0071_005,802188
40655,700,0,CV0071_005,802888
40656,692,0,CV0071_005,803580
40657,696,0,CV0071_005,804276
40658,696,0,CV0071_005,804972
40659,696,0,CV0071_005,805668
40660,704,0,CV0071_005,806372
40661,704,0,CV0071_005,807076
40662,696,0,CV0071_005,807772
40663,700,0,CV0071_005,808472
40664,700,0,CV0071_005,809172
40665,700,0,CV0071_005,809872
40666,744,1,CV0071_005,810616
40667,644,0,CV0071_005,811260
40668,696,0,CV0071_005,811956
40669,692,0,CV0071_005,812648
40670,700,0,CV0071_005,813348
40671,692,0,CV0071_005,814040
40672,696,0,CV0071_005,814736
40673,696,0,CV0071_005,815432
40674,700,0,CV0071_005,816132
40675,700,0,CV0071_005,816832
40676,696,0,CV0071_005,817528
40677,704,0,CV0071_005,818232
40678,700,0,CV0071_005,818932
40679,700,0,CV0071_005,819632
40680,740,1,CV0071_005,820372
40681,656,0,CV0071_005,821028
40682,696,0,CV0071_005,821724
40683,692,0,CV0071_005,822416
40684,684,0,CV0071_005,823100
40685,680,0,CV0071_005,823780
40686,688,0,CV0071_005,824468
40687,680,0,CV0071_005,825148
40688,680,0,CV0071_005,825828
40689,684,0,CV0071_005,826512
40690,684,0,CV0071_005,827196
40691,692,0,CV0071_005,827888
40692,740,1,CV0071_005,828628
40693,648,0,CV0071_005,829276
40694,704,0,CV0071_005,829980
40695,704,0,CV0071_005,830684
40696,708,0,CV0071_005,831392
40697,704,0,CV0071_005,832096
40698,708,0,CV0071_005,832804
40699,712,0,CV0071_005,833516
40700,708,0,CV0071_005,834224
40701,704,0,CV0071_005,834928
40702,708,0,CV0071_005,835636
40703,704,0,CV0071_005,836340
40704,708,0,CV0071_005,837048
40705,700,0,CV0071_005,837748
40706,700,0,CV0071_005,838448
40707,704,0,CV0071_005,839152
40708,696,0,CV0071_005,839848
40709,692,0,CV0071_005,840540
40710,696,0,CV0071_005,841236
40711,688,0,CV0071_005,841924
40712,692,0,CV0071_005,842616
40713,684,0,CV0071_005,843300
40714,688,0,CV0071_005,843988
40715,692,0,CV0071_005,844680
40716,688,0,CV0071_005,845368
40717,688,0,CV0071_005,846056
40718,688,0,CV0071_005,846744
40719,696,0,CV0071_005,847440
40720,688,0,CV0071_005,848128
40721,696,0,CV0071_005,848824
40722,692,0,CV0071_005,849516
40723,692,0,CV0071_005,850208
40724,692,0,CV0071_005,850900
40725,700,0,CV0071_005,851600
40726,692,0,CV0071_005,852292
40727,700,0,CV0071_005,852992
40728,696,0,CV0071_005,853688
40729,696,0,CV0071_005,854384
40730,696,0,CV0071_005,855080
40731,696,0,CV0071_005,855776
40732,692,0,CV0071_005,856468
40733,696,0,CV0071_005,857164
40734,700,0,CV0071_005,857864
40735,684,0,CV0071_005,858548
40736,708,0,CV0071_005,859256
40737,700,0,CV0071_005,859956
40738,700,0,CV0071_005,860656
40739,696,0,CV0071_005,861352
40740,696,0,CV0071_005,862048
40741,700,0,CV0071_005,862748
40742,700,0,CV0071_005,863448
40743,700,0,CV0071_005,864148
40744,708,0,CV0071_005,864856
40745,700,0,CV0071_005,865556
40746,716,0,CV0071_005,866272
40747,712,0,CV0071_005,866984
40748,712,0,CV0071_005,867696
40749,708,0,CV0071_005,868404
40750,708,0,CV0071_005,869112
40751,708,0,CV0071_005,869820
40752,712,0,CV0071_005,870532
40753,712,0,CV0071_005,871244
40754,708,0,CV0071_005,871952
40755,712,0,CV0071_005,872664
40756,708,0,CV0071_005,873372
40757,704,0,CV0071_005,874076
40758,712,0,CV0071_005,874788
40759,708,0,CV0071_005,875496
40760,756,0,CV0071_005,876252
40761,656,0,CV0071_005,876908
40762,752,0,CV0071_005,877660
40763,656,0,CV0071_005,878316
40764,704,0,CV0071_005,879020
40765,704,0,CV0071_005,879724
40766,704,0,CV0071_005,880428
40767,700,0,CV0071_005,881128
40768,704,0,CV0071_005,881832
40769,704,0,CV0071_005,882536
40770,700,0,CV0071_005,883236
40771,704,0,CV0071_005,883940
40772,708,0,CV0071_005,884648
40773,700,0,CV0071_005,885348
40774,708,0,CV0071_005,886056
40775,708,0,CV0071_005,886764
40776,700,0,CV0071_005,887464
40777,708,0,CV0071_005,888172
40778,700,0,CV0071_005,888872
40779,692,0,CV0071_005,889564
40780,708,0,CV0071_005,890272
40781,696,0,CV0071_005,890968
40782,696,0,CV0071_005,891664
40783,696,0,CV0071_005,892360
40784,692,0,CV0071_005,893052
40785,692,0,CV0071_005,893744
40786,700,0,CV0071_005,894444
40787,696,0,CV0071_005,895140
40788,700,0,CV0071_005,895840
40789,704,0,CV0071_005,896544
40790,696,0,CV0071_005,897240
40791,700,0,CV0071_005,897940
40792,700,0,CV0071_005,898640
40793,692,0,CV0071_005,899332
40794,700,0,CV0071_005,900032
40795,700,0,CV0071_005,900732
40796,700,0,CV0071_005,901432
40797,696,0,CV0071_005,902128
40798,700,0,CV0071_005,902828
40799,700,0,CV0071_005,903528
40800,700,0,CV0071_005,904228
40801,700,0,CV0071_005,904928
40802,748,1,CV0071_005,905676
40803,648,0,CV0071_005,906324
40804,704,0,CV0071_005,907028
40805,700,0,CV0071_005,907728
40806,700,0,CV0071_005,908428
40807,700,0,CV0071_005,909128
40808,620,0,CV0071_005,909748
40809,776,0,CV0071_005,910524
40810,700,0,CV0071_005,911224
40811,700,0,CV0071_005,911924
40812,744,1,CV0071_005,912668
40813,648,0,CV0071_005,913316
40814,696,0,CV0071_005,914012
40815,692,0,CV0071_005,914704
40816,700,0,CV0071_005,915404
40817,696,0,CV0071_005,916100
40818,544,0,CV0071_005,916644
40819,824,0,CV0071_005,917468
40820,700,0,CV0071_005,918168
40821,696,0,CV0071_005,918864
40822,704,0,CV0071_005,919568
40823,540,0,CV0071_005,920108
40824,816,0,CV0071_005,920924
40825,744,0,CV0071_005,921668
40826,648,0,CV0071_005,922316
40827,692,0,CV0071_005,923008
40828,1380,0,CV0071_005,924388
40829,696,0,CV0071_005,925084
40830,692,0,CV0071_005,925776
40831,692,0,CV0071_005,926468
40832,676,0,CV0071_005,927144
40833,708,0,CV0071_005,927852
40834,692,0,CV0071_005,928544
40835,692,0,CV0071_005,929236
40836,688,0,CV0071_005,929924
40837,728,1,CV0071_005,930652
40838,648,0,CV0071_005,931300
40839,684,0,CV0071_005,931984
40840,680,0,CV0071_005,932664
40841,688,0,CV0071_005,933352
40842,684,0,CV0071_005,934036
40843,684,0,CV0071_005,934720
40844,684,0,CV0071_005,935404
40845,680,0,CV0071_005,936084
40846,684,0,CV0071_005,936768
40847,684,0,CV0071_005,937452
40848,688,0,CV0071_005,938140
40849,680,0,CV0071_005,938820
40850,680,0,CV0071_005,939500
40851,684,0,CV0071_005,940184
40852,684,0,CV0071_005,940868
40853,680,0,CV0071_005,941548
40854,680,0,CV0071_005,942228
40855,684,0,CV0071_005,942912
40856,680,0,CV0071_005,943592
40857,684,0,CV0071_005,944276
40858,692,0,CV0071_005,944968
40859,688,0,CV0071_005,945656
40860,688,0,CV0071_005,946344
40861,688,0,CV0071_005,947032
40862,692,0,CV0071_005,947724
40863,692,0,CV0071_005,948416
40864,692,0,CV0071_005,949108
40865,688,0,CV0071_005,949796
40866,688,0,CV0071_005,950484
40867,688,0,CV0071_005,951172
40868,688,0,CV0071_005,951860
40869,680,0,CV0071_005,952540
40870,680,0,CV0071_005,953220
40871,684,0,CV0071_005,953904
40872,680,0,CV0071_005,954584
40873,672,0,CV0071_005,955256
40874,672,0,CV0071_005,955928
40875,668,0,CV0071_005,956596
40876,672,0,CV0071_005,957268
40877,672,0,CV0071_005,957940
40878,664,0,CV0071_005,958604
40879,672,0,CV0071_005,959276
40880,672,0,CV0071_005,959948
40881,668,0,CV0071_005,960616
40882,672,0,CV0071_005,961288
40883,676,0,CV0071_005,961964
40884,724,1,CV0071_005,962688
40885,628,0,CV0071_005,963316
40886,684,0,CV0071_005,964000
40887,684,0,CV0071_005,964684
40888,688,0,CV0071_005,965372
40889,684,0,CV0071_005,966056
40890,692,0,CV0071_005,966748
40891,692,0,CV0071_005,967440
40892,696,0,CV0071_005,968136
40893,696,0,CV0071_005,968832
40894,696,0,CV0071_005,969528
40895,700,0,CV0071_005,970228
40896,700,0,CV0071_005,970928
40897,692,0,CV0071_005,971620
40898,692,0,CV0071_005,972312
40899,704,0,CV0071_005,973016
40900,696,0,CV0071_005,973712
40901,692,0,CV0071_005,974404
40902,692,0,CV0071_005,975096
40903,688,0,CV0071_005,975784
40904,688,0,CV0071_005,976472
40905,684,0,CV0071_005,977156
40906,684,0,CV0071_005,977840
40907,692,0,CV0071_005,978532
40908,688,0,CV0071_005,979220
40909,692,0,CV0071_005,979912
40910,692,0,CV0071_005,980604
40911,696,0,CV0071_005,981300
40912,696,0,CV0071_005,981996
40913,696,0,CV0071_005,982692
40914,700,0,CV0071_005,983392
40915,696,0,CV0071_005,984088
40916,700,0,CV0071_005,984788
40917,700,0,CV0071_005,985488
40918,700,0,CV0071_005,986188
40919,696,0,CV0071_005,986884
40920,696,0,CV0071_005,987580
40921,696,0,CV0071_005,988276
40922,692,0,CV0071_005,988968
40923,696,0,CV0071_005,989664
40924,692,0,CV0071_005,990356
40925,692,0,CV0071_005,991048
40926,692,0,CV0071_005,991740
40927,696,0,CV0071_005,992436
40928,688,0,CV0071_005,993124
40929,688,0,CV0071_005,993812
40930,692,0,CV0071_005,994504
40931,692,0,CV0071_005,995196
40932,688,0,CV0071_005,995884
40933,696,0,CV0071_005,996580
40934,692,0,CV0071_005,997272
40935,692,0,CV0071_005,997964
40936,744,1,CV0071_005,998708
40937,644,0,CV0071_005,999352
40938,692,0,CV0071_005,1000044
40939,696,0,CV0071_005,1000740
40940,696,0,CV0071_005,1001436
40941,692,0,CV0071_005,1002128
40942,700,0,CV0071_005,1002828
40943,692,0,CV0071_005,1003520
40944,696,0,CV0071_005,1004216
40945,700,0,CV0071_005,1004916
40946,692,0,CV0071_005,1005608
40947,696,0,CV0071_005,1006304
40948,696,0,CV0071_005,1007000
40949,696,0,CV0071_005,1007696
40950,696,0,CV0071_005,1008392
40951,696,0,CV0071_005,1009088
40952,692,0,CV0071_005,1009780
40953,700,0,CV0071_005,1010480
40954,692,0,CV0071_005,1011172
40955,696,0,CV0071_005,1011868
40956,696,0,CV0071_005,1012564
40957,692,0,CV0071_005,1013256
40958,696,0,CV0071_005,1013952
40959,1384,0,CV0071_005,1015336
40960,700,0,CV0071_005,1016036
40961,692,0,CV0071_005,1016728
40962,696,0,CV0071_005,1017424
40963,692,0,CV0071_005,1018116
40964,700,0,CV0071_005,1018816
40965,696,0,CV0071_005,1019512
40966,696,0,CV0071_005,1020208
40967,692,0,CV0071_005,1020900
40968,696,0,CV0071_005,1021596
40969,696,0,CV0071_005,1022292
40970,688,0,CV0071_005,1022980
40971,740,1,CV0071_005,1023720
40972,636,0,CV0071_005,1024356
40973,692,0,CV0071_005,1025048
40974,692,0,CV0071_005,1025740
40975,688,0,CV0071_005,1026428
40976,692,0,CV0071_005,1027120
40977,688,0,CV0071_005,1027808
40978,696,0,CV0071_005,1028504
40979,692,0,CV0071_005,1029196
40980,688,0,CV0071_005,1029884
40981,696,0,CV0071_005,1030580
40982,692,0,CV0071_005,1031272
40983,692,0,CV0071_005,1031964
40984,1384,0,CV0071_005,1033348
40985,688,0,CV0071_005,1034036
40986,696,0,CV0071_005,1034732
40987,696,0,CV0071_005,1035428
40988,692,0,CV0071_005,1036120
40989,696,0,CV0071_005,1036816
40990,692,0,CV0071_005,1037508
40991,692,0,CV0071_005,1038200
40992,700,0,CV0071_005,1038900
40993,692,0,CV0071_005,1039592
40994,692,0,CV0071_005,1040284
40995,692,0,CV0071_005,1040976
40996,744,1,CV0071_005,1041720
40997,640,0,CV0071_005,1042360
40998,692,0,CV0071_005,1043052
40999,696,0,CV0071_005,1043748
41000,692,0,CV0071_005,1044440
41001,696,0,CV0071_005,1045136
41002,692,0,CV0071_005,1045828
41003,688,0,CV0071_005,1046516
41004,696,0,CV0071_005,1047212
41005,608,0,CV0071_005,1047820
41006,772,0,CV0071_005,1048592
41007,692,0,CV0071_005,1049284
41008,688,0,CV0071_005,1049972
41009,676,0,CV0071_005,1050648
41010,540,0,CV0071_005,1051188
41011,816,0,CV0071_005,1052004
41012,732,0,CV0071_005,1052736
41013,636,0,CV0071_005,1053372
41014,688,0,CV0071_005,1054060
41015,684,0,CV0071_005,1054744
41016,684,0,CV0071_005,1055428
41017,688,0,CV0071_005,1056116
41018,688,0,CV0071_005,1056804
41019,692,0,CV0071_005,1057496
41020,572,0,CV0071_005,1058068
41021,852,0,CV0071_005,1058920
41022,640,0,CV0071_005,1059560
41023,696,0,CV0071_005,1060256
41024,692,0,CV0071_005,1060948
41025,524,0,CV0071_005,1061472
41026,820,0,CV0071_005,1062292
41027,692,0,CV0071_005,1062984
41028,740,0,CV0071_005,1063724
41029,640,0,CV0071_005,1064364
41030,536,0,CV0071_005,1064900
41031,860,0,CV0071_005,1065760
41032,636,0,CV0071_005,1066396
41033,692,0,CV0071_005,1067088
41034,692,0,CV0071_005,1067780
41035,536,0,CV0071_005,1068316
41036,808,0,CV0071_005,1069124
41037,688,0,CV0071_005,1069812
41038,692,0,CV0071_005,1070504
41039,684,0,CV0071_005,1071188
41040,692,0,CV0071_005,1071880
41041,684,0,CV0071_005,1072564
41042,692,0,CV0071_005,1073256
41043,692,0,CV0071_005,1073948
41044,704,0,CV0071_005,1074652
41045,700,0,CV0071_005,1075352
41046,700,0,CV0071_005,1076052
41047,708,0,CV0071_005,1076760
41048,708,0,CV0071_005,1077468
41049,708,0,CV0071_005,1078176
41050,708,0,CV0071_005,1078884
41051,708,0,CV0071_005,1079592
41052,704,0,CV0071_005,1080296
41053,708,0,CV0071_005,1081004
41054,752,0,CV0071_005,1081756
41055,460,0,CV0071_005,1082216
41056,844,0,CV0071_005,1083060
41057,704,0,CV0071_005,1083764
41058,700,0,CV0071_005,1084464
41059,704,0,CV0071_005,1085168
41060,700,0,CV0071_005,1085868
41061,700,0,CV0071_005,1086568
41062,696,0,CV0071_005,1087264
41063,700,0,CV0071_005,1087964
41064,696,0,CV0071_005,1088660
41065,540,0,CV0071_005,1089200
41066,828,0,CV0071_005,1090028
41067,700,0,CV0071_005,1090728
41068,696,0,CV0071_005,1091424
41069,700,0,CV0071_005,1092124
41070,692,0,CV0071_005,1092816
41071,692,0,CV0071_005,1093508
41072,692,0,CV0071_005,1094200
41073,696,0,CV0071_005,1094896
41074,696,0,CV0071_005,1095592
41075,580,0,CV0071_005,1096172
41076,804,0,CV0071_005,1096976
41077,700,0,CV0071_005,1097676
41078,712,0,CV0071_005,1098388
41079,700,0,CV0071_005,1099088
41080,548,0,CV0071_005,1099636
41081,824,0,CV0071_005,1100460
41082,696,0,CV0071_005,1101156
41083,692,0,CV0071_005,1101848
41084,692,0,CV0071_005,1102540
41085,520,0,CV0071_005,1103060
41086,824,0,CV0071_005,1103884
41087,692,0,CV0071_005,1104576
41088,692,0,CV0071_005,1105268
41089,684,0,CV0071_005,1105952
41090,508,0,CV0071_005,1106460
41091,864,0,CV0071_005,1107324
41092,628,0,CV0071_005,1107952
41093,676,0,CV0071_005,1108628
41094,684,0,CV0071_005,1109312
41095,528,0,CV0071_005,1109840
41096,800,0,CV0071_005,1110640
41097,684,0,CV0071_005,1111324
41098,688,0,CV0071_005,1112012
41099,1232,0,CV0071_005,1113244
41100,832,0,CV0071_005,1114076
41101,712,0,CV0071_005,1114788
41102,712,0,CV0071_005,1115500
41103,708,0,CV0071_005,1116208
41104,536,0,CV0071_005,1116744
41105,840,0,CV0071_005,1117584
41106,704,0,CV0071_005,1118288
41107,708,0,CV0071_005,1118996
41108,704,0,CV0071_005,1119700
41109,708,0,CV0071_005,1120408
41110,700,0,CV0071_005,1121108
41111,700,0,CV0071_005,1121808
41112,700,0,CV0071_005,1122508
41113,700,0,CV0071_005,1123208
41114,584,0,CV0071_005,1123792
41115,796,0,CV0071_005,1124588
41116,696,0,CV0071_005,1125284
41117,688,0,CV0071_005,1125972
41118,684,0,CV0071_005,1126656
41119,656,0,CV0071_005,1127312
41120,716,0,CV0071_005,1128028
41121,736,0,CV0071_005,1128764
41122,636,0,CV0071_005,1129400
41123,688,0,CV0071_005,1130088
41124,688,0,CV0071_005,1130776
41125,688,0,CV0071_005,1131464
41126,684,0,CV0071_005,1132148
41127,688,0,CV0071_005,1132836
41128,688,0,CV0071_005,1133524
41129,684,0,CV0071_005,1134208
41130,692,0,CV0071_005,1134900
41131,692,0,CV0071_005,1135592
41132,696,0,CV0071_005,1136288
41133,700,0,CV0071_005,1136988
41134,1420,0,CV0071_005,1138408
41135,716,0,CV0071_005,1139124
41136,712,0,CV0071_005,1139836
41137,720,0,CV0071_005,1140556
41138,712,0,CV0071_005,1141268
41139,712,0,CV0071_005,1141980
41140,712,0,CV0071_005,1142692
41141,712,0,CV0071_005,1143404
41142,704,0,CV0071_005,1144108
41143,700,0,CV0071_005,1144808
41144,692,0,CV0071_005,1145500
41145,684,0,CV0071_005,1146184
41146,688,0,CV0071_005,1146872
41147,684,0,CV0071_005,1147556
41148,688,0,CV0071_005,1148244
41149,688,0,CV0071_005,1148932
41150,688,0,CV0071_005,1149620
41151,700,0,CV0071_005,1150320
41152,696,0,CV0071_005,1151016
41153,692,0,CV0071_005,1151708
41154,708,0,CV0071_005,1152416
41155,700,0,CV0071_005,1153116
41156,708,0,CV0071_005,1153824
41157,704,0,CV0071_005,1154528
41158,708,0,CV0071_005,1155236
41159,712,0,CV0071_005,1155948
41160,708,0,CV0071_005,1156656
41161,708,0,CV0071_005,1157364
41162,708,0,CV0071_005,1158072
41163,720,0,CV0071_005,1158792
41164,708,0,CV0071_005,1159500
41165,712,0,CV0071_005,1160212
41166,712,0,CV0071_005,1160924
41167,708,0,CV0071_005,1161632
41168,708,0,CV0071_005,1162340
41169,708,0,CV0071_005,1163048
41170,704,0,CV0071_005,1163752
41171,704,0,CV0071_005,1164456
41172,700,0,CV0071_005,1165156
41173,700,0,CV0071_005,1165856
41174,700,0,CV0071_005,1166556
41175,704,0,CV0071_005,1167260
41176,704,0,CV0071_005,1167964
41177,700,0,CV0071_005,1168664
41178,700,0,CV0071_005,1169364
41179,700,0,CV0071_005,1170064
41180,704,0,CV0071_005,1170768
41181,696,0,CV0071_005,1171464
41182,696,0,CV0071_005,1172160
41183,688,0,CV0071_005,1172848
41184,712,0,CV0071_005,1173560
41185,704,0,CV0071_005,1174264
41186,700,0,CV0071_005,1174964
41187,708,0,CV0071_005,1175672
41188,596,0,CV0071_005,1176268
41189,808,0,CV0071_005,1177076
41190,708,0,CV0071_005,1177784
41191,704,0,CV0071_005,1178488
41192,700,0,CV0071_005,1179188
41193,700,0,CV0071_005,1179888
41194,700,0,CV0071_005,1180588
41195,696,0,CV0071_005,1181284
41196,700,0,CV0071_005,1181984
41197,704,0,CV0071_005,1182688
41198,696,0,CV0071_005,1183384
41199,700,0,CV0071_005,1184084
41200,696,0,CV0071_005,1184780
41201,704,0,CV0071_005,1185484
41202,704,0,CV0071_005,1186188
41203,700,0,CV0071_005,1186888
41204,708,0,CV0071_005,1187596
41205,712,0,CV0071_005,1188308
41206,712,0,CV0071_005,1189020
41207,708,0,CV0071_005,1189728
41208,716,0,CV0071_005,1190444
41209,712,0,CV0071_005,1191156
41210,708,0,CV0071_005,1191864
41211,708,0,CV0071_005,1192572
41212,716,0,CV0071_005,1193288
41213,708,0,CV0071_005,1193996
41214,708,0,CV0071_005,1194704
41215,704,0,CV0071_005,1195408
41216,704,0,CV0071_005,1196112
41217,684,0,CV0071_005,1196796
41218,724,0,CV0071_005,1197520
41219,704,0,CV0071_005,1198224
41220,700,0,CV0071_005,1198924
41221,700,0,CV0071_005,1199624
41222,548,0,CV0071_005,1200172
41223,820,0,CV0071_005,1200992
41224,700,0,CV0071_005,1201692
41225,700,0,CV0071_005,1202392
41226,704,0,CV0071_005,1203096
41227,708,0,CV0071_005,1203804
41228,700,0,CV0071_005,1204504
41229,704,0,CV0071_005,1205208
41230,708,0,CV0071_005,1205916
41231,708,0,CV0071_005,1206624
41232,704,0,CV0071_005,1207328
41233,704,0,CV0071_005,1208032
41234,696,0,CV0071_005,1208728
41235,724,0,CV0071_005,1209452
41236,712,0,CV0071_005,1210164
41237,568,0,CV0071_005,1210732
41238,876,0,CV0071_005,1211608
41239,660,0,CV0071_005,1212268
41240,704,0,CV0071_005,1212972
41241,704,0,CV0071_005,1213676
41242,704,0,CV0071_005,1214380
41243,704,0,CV0071_005,1215084
41244,748,0,CV0071_005,1215832
41245,648,0,CV0071_005,1216480
41246,700,0,CV0071_005,1217180
41247,544,0,CV0071_005,1217724
41248,816,0,CV0071_005,1218540
41249,696,0,CV0071_005,1219236
41250,696,0,CV0071_005,1219932
41251,696,0,CV0071_005,1220628
41252,520,0,CV0071_005,1221148
41253,832,0,CV0071_005,1221980
41254,696,0,CV0071_005,1222676
41255,700,0,CV0071_005,1223376
41256,700,0,CV0071_005,1224076
41257,748,1,CV0071_005,1224824
41258,648,0,CV0071_005,1225472
41259,696,0,CV0071_005,1226168
41260,704,0,CV0071_005,1226872
41261,700,0,CV0071_005,1227572
41262,704,0,CV0071_005,1228276
41263,712,0,CV0071_005,1228988
41264,708,0,CV0071_005,1229696
41265,708,0,CV0071_005,1230404
41266,712,0,CV0071_005,1231116
41267,564,0,CV0071_005,1231680
41268,828,0,CV0071_005,1232508
41269,712,0,CV0071_005,1233220
41270,704,0,CV0071_005,1233924
41271,708,0,CV0071_005,1234632
41272,700,0,CV0071_005,1235332
41273,704,0,CV0071_005,1236036
41274,704,0,CV0071_005,1236740
41275,700,0,CV0071_005,1237440
41276,700,0,CV0071_005,1238140
41277,700,0,CV0071_005,1238840
41278,700,0,CV0071_005,1239540
41279,696,0,CV0071_005,1240236
41280,696,0,CV0071_005,1240932
41281,700,0,CV0071_005,1241632
41282,520,0,CV0071_005,1242152
41283,824,0,CV0071_005,1242976
41284,704,0,CV0071_005,1243680
41285,696,0,CV0071_005,1244376
41286,696,0,CV0071_005,1245072
41287,1376,0,CV0071_005,1246448
41288,684,0,CV0071_005,1247132
41289,684,0,CV0071_005,1247816
41290,632,0,CV0071_005,1248448
41291,732,0,CV0071_005,1249180
41292,680,0,CV0071_005,1249860
41293,684,0,CV0071_005,1250544
41294,680,0,CV0071_005,1251224
41295,684,0,CV0071_005,1251908
41296,680,0,CV0071_005,1252588
41297,684,0,CV0071_005,1253272
41298,680,0,CV0071_005,1253952
41299,680,0,CV0071_005,1254632
41300,680,0,CV0071_005,1255312
41301,728,1,CV0071_005,1256040
41302,632,0,CV0071_005,1256672
41303,680,0,CV0071_005,1257352
41304,680,0,CV0071_005,1258032
41305,676,0,CV0071_005,1258708
41306,680,0,CV0071_005,1259388
41307,680,0,CV0071_005,1260068
41308,680,0,CV0071_005,1260748
41309,680,0,CV0071_005,1261428
41310,672,0,CV0071_005,1262100
41311,732,1,CV0071_005,1262832
41312,636,0,CV0071_005,1263468
41313,684,0,CV0071_005,1264152
41314,664,0,CV0071_005,1264816
41315,704,0,CV0071_005,1265520
41316,688,0,CV0071_005,1266208
41317,688,0,CV0071_005,1266896
41318,688,0,CV0071_005,1267584
41319,524,0,CV0071_005,1268108
41320,812,0,CV0071_005,1268920
41321,688,0,CV0071_005,1269608
41322,688,0,CV0071_005,1270296
41323,684,0,CV0071_005,1270980
41324,684,0,CV0071_005,1271664
41325,684,0,CV0071_005,1272348
41326,684,0,CV0071_005,1273032
41327,684,0,CV0071_005,1273716
41328,680,0,CV0071_005,1274396
41329,684,0,CV0071_005,1275080
41330,684,0,CV0071_005,1275764
41331,692,0,CV0071_005,1276456
41332,684,0,CV0071_005,1277140
41333,688,0,CV0071_005,1277828
41334,684,0,CV0071_005,1278512
41335,684,0,CV0071_005,1279196
41336,680,0,CV0071_005,1279876
41337,684,0,CV0071_005,1280560
41338,640,0,CV0071_005,1281200
41339,736,0,CV0071_005,1281936
41340,688,0,CV0071_005,1282624
41341,696,0,CV0071_005,1283320
41342,696,0,CV0071_005,1284016
41343,704,0,CV0071_005,1284720
41344,700,0,CV0071_005,1285420
41345,700,0,CV0071_005,1286120
41346,704,0,CV0071_005,1286824
41347,704,0,CV0071_005,1287528
41348,696,0,CV0071_005,1288224
41349,696,0,CV0071_005,1288920
41350,696,0,CV0071_005,1289616
41351,692,0,CV0071_005,1290308
41352,604,0,CV0071_005,1290912
41353,776,0,CV0071_005,1291688
41354,692,0,CV0071_005,1292380
41355,692,0,CV0071_005,1293072
41356,692,0,CV0071_005,1293764
41357,692,0,CV0071_005,1294456
41358,688,0,CV0071_005,1295144
41359,692,0,CV0071_005,1295836
41360,688,0,CV0071_005,1296524
41361,604,0,CV0071_005,1297128
41362,772,0,CV0071_005,1297900
41363,692,0,CV0071_005,1298592
41364,696,0,CV0071_005,1299288
41365,696,0,CV0071_005,1299984
41366,696,0,CV0071_005,1300680
41367,696,0,CV0071_005,1301376
41368,700,0,CV0071_005,1302076
41369,700,0,CV0071_005,1302776
41370,580,0,CV0071_005,1303356
41371,808,0,CV0071_005,1304164
41372,704,0,CV0071_005,1304868
41373,704,0,CV0071_005,1305572
41374,704,0,CV0071_005,1306276
41375,704,0,CV0071_005,1306980
41376,700,0,CV0071_005,1307680
41377,708,0,CV0071_005,1308388
41378,704,0,CV0071_005,1309092
41379,660,0,CV0071_005,1309752
41380,748,0,CV0071_005,1310500
41381,708,0,CV0071_005,1311208
41382,704,0,CV0071_005,1311912
41383,708,0,CV0071_005,1312620
41384,708,0,CV0071_005,1313328
41385,708,0,CV0071_005,1314036
41386,708,0,CV0071_005,1314744
41387,708,0,CV0071_005,1315452
41388,704,0,CV0071_005,1316156
41389,708,0,CV0071_005,1316864
41390,708,0,CV0071_005,1317572
41391,708,0,CV0071_005,1318280
41392,708,0,CV0071_005,1318988
41393,708,0,CV0071_005,1319696
41394,532,0,CV0071_005,1320228
41395,836,0,CV0071_005,1321064
41396,708,0,CV0071_005,1321772
41397,708,0,CV0071_005,1322480
41398,692,0,CV0071_005,1323172
41399,696,0,CV0071_005,1323868
41400,692,0,CV0071_005,1324560
41401,692,0,CV0071_005,1325252
41402,688,0,CV0071_005,1325940
41403,696,0,CV0071_005,1326636
41404,700,0,CV0071_005,1327336
41405,712,0,CV0071_005,1328048
41406,708,0,CV0071_005,1328756
41407,712,0,CV0071_005,1329468
41408,692,0,CV0071_005,1330160
41409,736,0,CV0071_005,1330896
41410,712,0,CV0071_005,1331608
41411,712,0,CV0071_005,1332320
41412,708,0,CV0071_005,1333028
41413,564,0,CV0071_005,1333592
41414,816,0,CV0071_005,1334408
41415,700,0,CV0071_005,1335108
41416,1392,0,CV0071_005,1336500
41417,532,0,CV0071_005,1337032
41418,860,0,CV0071_005,1337892
41419,644,0,CV0071_005,1338536
41420,692,0,CV0071_005,1339228
41421,680,0,CV0071_005,1339908
41422,596,0,CV0071_005,1340504
41423,752,0,CV0071_005,1341256
41424,680,0,CV0071_005,1341936
41425,688,0,CV0071_005,1342624
41426,692,0,CV0071_005,1343316
41427,700,0,CV0071_005,1344016
41428,800,0,CV007_001,800
41429,780,0,CV007_001,1580
41430,792,0,CV007_001,2372
41431,820,0,CV007_001,3192
41432,804,0,CV007_001,3996
41433,828,0,CV007_001,4824
41434,916,0,CV007_001,5740
41435,960,0,CV007_001,6700
41436,956,0,CV007_001,7656
41437,928,0,CV007_001,8584
41438,836,0,CV007_001,9420
41439,792,0,CV007_001,10212
41440,776,0,CV007_001,10988
41441,736,0,CV007_001,11724
41442,724,0,CV007_001,12448
41443,728,0,CV007_001,13176
41444,760,0,CV007_001,13936
41445,804,0,CV007_001,14740
41446,848,0,CV007_001,15588
41447,856,0,CV007_001,16444
41448,848,0,CV007_001,17292
41449,816,0,CV007_001,18108
41450,784,0,CV007_001,18892
41451,768,0,CV007_001,19660
41452,736,0,CV007_001,20396
41453,740,0,CV007_001,21136
41454,756,0,CV007_001,21892
41455,440,0,CV007_001,22332
41456,316,0,CV007_001,22648
41457,748,0,CV007_001,23396
41458,768,0,CV007_001,24164
41459,748,0,CV007_001,24912
41460,740,0,CV007_001,25652
41461,756,0,CV007_001,26408
41462,772,0,CV007_001,27180
41463,780,0,CV007_001,27960
41464,752,0,CV007_001,28712
41465,752,0,CV007_001,29464
41466,764,0,CV007_001,30228
41467,764,0,CV007_001,30992
41468,756,0,CV007_001,31748
41469,752,0,CV007_001,32500
41470,720,0,CV007_001,33220
41471,716,0,CV007_001,33936
41472,720,0,CV007_001,34656
41473,728,0,CV007_001,35384
41474,720,0,CV007_001,36104
41475,748,0,CV007_001,36852
41476,764,0,CV007_001,37616
41477,792,0,CV007_001,38408
41478,848,0,CV007_001,39256
41479,864,0,CV007_001,40120
41480,856,0,CV007_001,40976
41481,832,0,CV007_001,41808
41482,796,0,CV007_001,42604
41483,756,0,CV007_001,43360
41484,728,0,CV007_001,44088
41485,732,0,CV007_001,44820
41486,728,0,CV007_001,45548
41487,724,0,CV007_001,46272
41488,720,0,CV007_001,46992
41489,704,0,CV007_001,47696
41490,696,0,CV007_001,48392
41491,696,0,CV007_001,49088
41492,672,0,CV007_001,49760
41493,664,0,CV007_001,50424
41494,668,0,CV007_001,51092
41495,680,0,CV007_001,51772
41496,700,0,CV007_001,52472
41497,720,0,CV007_001,53192
41498,748,0,CV007_001,53940
41499,748,0,CV007_001,54688
41500,764,0,CV007_001,55452
41501,776,0,CV007_001,56228
41502,716,0,CV007_001,56944
41503,340,0,CV007_001,57284
41504,352,0,CV007_001,57636
41505,684,0,CV007_001,58320
41506,672,0,CV007_001,58992
41507,696,0,CV007_001,59688
41508,712,0,CV007_001,60400
41509,796,0,CV007_001,61196
41510,228,0,CV007_001,61424
41511,204,0,CV007_001,61628
41512,324,0,CV007_001,61952
41513,444,0,CV007_001,62396
41514,1332,0,CV007_001,63728
41515,972,0,CV007_001,64700
41516,180,0,CV007_001,64880
41517,1444,0,CV007_001,66324
41518,348,0,CV007_001,66672
41519,472,0,CV007_001,67144
41520,828,0,CV007_001,67972
41521,632,0,CV007_001,68604
41522,368,0,CV007_001,68972
41523,256,0,CV007_001,69228
41524,364,0,CV007_001,69592
41525,796,0,CV007_001,70388
41526,836,0,CV007_001,71224
41527,1732,0,CV007_001,72956
41528,888,0,CV007_001,73844
41529,836,0,CV007_001,74680
41530,856,0,CV007_001,75536
41531,844,0,CV007_001,76380
41532,828,0,CV007_001,77208
41533,820,0,CV007_001,78028
41534,820,0,CV007_001,78848
41535,820,0,CV007_001,79668
41536,848,0,CV007_001,80516
41537,868,0,CV007_001,81384
41538,684,0,CV007_001,82068
41539,820,0,CV007_001,82888
41540,820,0,CV007_001,83708
41541,824,0,CV007_001,84532
41542,696,0,CV007_001,85228
41543,128,0,CV007_001,85356
41544,792,0,CV007_001,86148
41545,800,0,CV007_001,86948
41546,788,0,CV007_001,87736
41547,776,0,CV007_001,88512
41548,796,0,CV007_001,89308
41549,848,0,CV007_001,90156
41550,820,0,CV007_001,90976
41551,848,0,CV007_001,91824
41552,868,0,CV007_001,92692
41553,884,0,CV007_001,93576
41554,856,0,CV007_001,94432
41555,888,0,CV007_001,95320
41556,904,0,CV007_001,96224
41557,884,0,CV007_001,97108
41558,868,0,CV007_001,97976
41559,876,0,CV007_001,98852
41560,880,0,CV007_001,99732
41561,856,0,CV007_001,100588
41562,872,0,CV007_001,101460
41563,896,0,CV007_001,102356
41564,900,0,CV007_001,103256
41565,868,0,CV007_001,104124
41566,844,0,CV007_001,104968
41567,852,0,CV007_001,105820
41568,872,0,CV007_001,106692
41569,820,0,CV007_001,107512
41570,788,0,CV007_001,108300
41571,840,0,CV007_001,109140
41572,772,0,CV007_001,109912
41573,852,0,CV007_001,110764
41574,852,0,CV007_001,111616
41575,856,0,CV007_001,112472
41576,864,0,CV007_001,113336
41577,832,0,CV007_001,114168
41578,820,0,CV007_001,114988
41579,796,0,CV007_001,115784
41580,804,0,CV007_001,116588
41581,808,0,CV007_001,117396
41582,816,0,CV007_001,118212
41583,832,0,CV007_001,119044
41584,844,0,CV007_001,119888
41585,856,0,CV007_001,120744
41586,824,0,CV007_001,121568
41587,872,0,CV007_001,122440
41588,864,0,CV007_001,123304
41589,876,0,CV007_001,124180
41590,840,0,CV007_001,125020
41591,888,0,CV007_001,125908
41592,940,0,CV007_001,126848
41593,960,0,CV007_001,127808
41594,964,0,CV007_001,128772
41595,900,0,CV007_001,129672
41596,916,0,CV007_001,130588
41597,916,0,CV007_001,131504
41598,916,0,CV007_001,132420
41599,884,0,CV007_001,133304
41600,860,0,CV007_001,134164
41601,868,0,CV007_001,135032
41602,892,0,CV007_001,135924
41603,840,0,CV007_001,136764
41604,832,0,CV007_001,137596
41605,344,0,CV007_001,137940
41606,516,0,CV007_001,138456
41607,836,0,CV007_001,139292
41608,488,0,CV007_001,139780
41609,340,0,CV007_001,140120
41610,236,0,CV007_001,140356
41611,676,0,CV007_001,141032
41612,832,0,CV007_001,141864
41613,788,0,CV007_001,142652
41614,800,0,CV007_001,143452
41615,796,0,CV007_001,144248
41616,776,0,CV007_001,145024
41617,784,0,CV007_001,145808
41618,804,0,CV007_001,146612
41619,788,0,CV007_001,147400
41620,820,0,CV007_001,148220
41621,880,0,CV007_001,149100
41622,924,0,CV007_001,150024
41623,920,0,CV007_001,150944
41624,956,0,CV007_001,151900
41625,984,0,CV007_001,152884
41626,960,0,CV007_001,153844
41627,920,0,CV007_001,154764
41628,868,0,CV007_001,155632
41629,880,0,CV007_001,156512
41630,920,0,CV007_001,157432
41631,924,0,CV007_001,158356
41632,852,0,CV007_001,159208
41633,880,0,CV007_001,160088
41634,852,0,CV007_001,160940
41635,848,0,CV007_001,161788
41636,1688,0,CV007_001,163476
41637,832,0,CV007_001,164308
41638,1632,0,CV007_001,165940
41639,800,0,CV007_001,166740
41640,808,0,CV007_001,167548
41641,796,0,CV007_001,168344
41642,848,0,CV007_001,169192
41643,640,0,CV007_001,169832
41644,116,0,CV007_001,169948
41645,820,0,CV007_001,170768
41646,824,0,CV007_001,171592
41647,812,0,CV007_001,172404
41648,796,0,CV007_001,173200
41649,812,0,CV007_001,174012
41650,820,0,CV007_001,174832
41651,812,0,CV007_001,175644
41652,792,0,CV007_001,176436
41653,832,0,CV007_001,177268
41654,844,0,CV007_001,178112
41655,900,0,CV007_001,179012
41656,888,0,CV007_001,179900
41657,856,0,CV007_001,180756
41658,888,0,CV007_001,181644
41659,912,0,CV007_001,182556
41660,1172,0,CV007_001,183728
41661,248,0,CV007_001,183976
41662,136,0,CV007_001,184112
41663,1844,0,CV007_001,185956
41664,388,0,CV007_001,186344
41665,440,0,CV007_001,186784
41666,440,0,CV007_001,187224
41667,364,0,CV007_001,187588
41668,780,0,CV007_001,188368
41669,1584,0,CV007_001,189952
41670,820,0,CV007_001,190772
41671,820,0,CV007_001,191592
41672,840,0,CV007_001,192432
41673,872,0,CV007_001,193304
41674,824,0,CV007_001,194128
41675,824,0,CV007_001,194952
41676,844,0,CV007_001,195796
41677,316,0,CV007_001,196112
41678,512,0,CV007_001,196624
41679,580,0,CV007_001,197204
41680,200,0,CV007_001,197404
41681,784,0,CV007_001,198188
41682,852,0,CV007_001,199040
41683,752,0,CV007_001,199792
41684,808,0,CV007_001,200600
41685,820,0,CV007_001,201420
41686,844,0,CV007_001,202264
41687,832,0,CV007_001,203096
41688,792,0,CV007_001,203888
41689,200,0,CV007_001,204088
41690,536,0,CV007_001,204624
41691,756,0,CV007_001,205380
41692,728,0,CV007_001,206108
41693,716,0,CV007_001,206824
41694,704,0,CV007_001,207528
41695,692,0,CV007_001,208220
41696,696,0,CV007_001,208916
41697,692,0,CV007_001,209608
41698,700,0,CV007_001,210308
41699,688,0,CV007_001,210996
41700,688,0,CV007_001,211684
41701,692,0,CV007_001,212376
41702,700,0,CV007_001,213076
41703,688,0,CV007_001,213764
41704,692,0,CV007_001,214456
41705,700,0,CV007_001,215156
41706,704,0,CV007_001,215860
41707,696,0,CV007_001,216556
41708,720,0,CV007_001,217276
41709,740,0,CV007_001,218016
41710,760,0,CV007_001,218776
41711,724,0,CV007_001,219500
41712,740,0,CV007_001,220240
41713,736,0,CV007_001,220976
41714,732,0,CV007_001,221708
41715,760,0,CV007_001,222468
41716,792,0,CV007_001,223260
41717,780,0,CV007_001,224040
41718,776,0,CV007_001,224816
41719,804,0,CV007_001,225620
41720,772,0,CV007_001,226392
41721,744,0,CV007_001,227136
41722,756,0,CV007_001,227892
41723,756,0,CV007_001,228648
41724,728,0,CV007_001,229376
41725,804,0,CV007_001,230180
41726,792,0,CV007_001,230972
41727,732,0,CV007_001,231704
41728,792,0,CV007_001,232496
41729,840,0,CV007_001,233336
41730,832,0,CV007_001,234168
41731,776,0,CV007_001,234944
41732,796,0,CV007_001,235740
41733,836,0,CV007_001,236576
41734,780,0,CV007_001,237356
41735,724,0,CV007_001,238080
41736,780,0,CV007_001,238860
41737,824,0,CV007_001,239684
41738,824,0,CV007_001,240508
41739,820,0,CV007_001,241328
41740,800,0,CV007_001,242128
41741,796,0,CV007_001,242924
41742,772,0,CV007_001,243696
41743,788,0,CV007_001,244484
41744,808,0,CV007_001,245292
41745,832,0,CV007_001,246124
41746,848,0,CV007_001,246972
41747,848,0,CV007_001,247820
41748,824,0,CV007_001,248644
41749,836,0,CV007_001,249480
41750,844,0,CV007_001,250324
41751,800,0,CV007_001,251124
41752,820,0,CV007_001,251944
41753,828,0,CV007_001,252772
41754,832,0,CV007_001,253604
41755,824,0,CV007_001,254428
41756,776,0,CV007_001,255204
41757,780,0,CV007_001,255984
41758,780,0,CV007_001,256764
41759,788,0,CV007_001,257552
41760,764,0,CV007_001,258316
41761,760,0,CV007_001,259076
41762,748,0,CV007_001,259824
41763,744,0,CV007_001,260568
41764,740,0,CV007_001,261308
41765,728,0,CV007_001,262036
41766,728,0,CV007_001,262764
41767,736,0,CV007_001,263500
41768,724,0,CV007_001,264224
41769,736,0,CV007_001,264960
41770,740,0,CV007_001,265700
41771,728,0,CV007_001,266428
41772,724,0,CV007_001,267152
41773,728,0,CV007_001,267880
41774,732,0,CV007_001,268612
41775,752,0,CV007_001,269364
41776,736,0,CV007_001,270100
41777,724,0,CV007_001,270824
41778,720,0,CV007_001,271544
41779,724,0,CV007_001,272268
41780,720,0,CV007_001,272988
41781,716,0,CV007_001,273704
41782,716,0,CV007_001,274420
41783,720,0,CV007_001,275140
41784,720,0,CV007_001,275860
41785,716,0,CV007_001,276576
41786,708,0,CV007_001,277284
41787,716,0,CV007_001,278000
41788,724,0,CV007_001,278724
41789,732,0,CV007_001,279456
41790,784,1,CV007_001,280240
41791,664,0,CV007_001,280904
41792,704,0,CV007_001,281608
41793,696,0,CV007_001,282304
41794,696,0,CV007_001,283000
41795,692,0,CV007_001,283692
41796,704,0,CV007_001,284396
41797,728,0,CV007_001,285124
41798,744,0,CV007_001,285868
41799,748,0,CV007_001,286616
41800,744,0,CV007_001,287360
41801,744,0,CV007_001,288104
41802,748,0,CV007_001,288852
41803,744,0,CV007_001,289596
41804,724,0,CV007_001,290320
41805,764,0,CV007_001,291084
41806,756,0,CV007_001,291840
41807,732,0,CV007_001,292572
41808,804,0,CV007_001,293376
41809,792,0,CV007_001,294168
41810,808,0,CV007_001,294976
41811,788,0,CV007_001,295764
41812,796,0,CV007_001,296560
41813,808,0,CV007_001,297368
41814,792,0,CV007_001,298160
41815,764,0,CV007_001,298924
41816,760,0,CV007_001,299684
41817,752,0,CV007_001,300436
41818,1520,0,CV007_001,301956
41819,752,0,CV007_001,302708
41820,756,0,CV007_001,303464
41821,776,0,CV007_001,304240
41822,780,0,CV007_001,305020
41823,768,0,CV007_001,305788
41824,764,0,CV007_001,306552
41825,780,0,CV007_001,307332
41826,760,0,CV007_001,308092
41827,760,0,CV007_001,308852
41828,768,0,CV007_001,309620
41829,792,0,CV007_001,310412
41830,776,0,CV007_001,311188
41831,792,0,CV007_001,311980
41832,788,0,CV007_001,312768
41833,764,0,CV007_001,313532
41834,768,0,CV007_001,314300
41835,792,0,CV007_001,315092
41836,812,0,CV007_001,315904
41837,788,0,CV007_001,316692
41838,788,0,CV007_001,317480
41839,804,0,CV007_001,318284
41840,792,0,CV007_001,319076
41841,752,0,CV007_001,319828
41842,748,0,CV007_001,320576
41843,760,0,CV007_001,321336
41844,772,0,CV007_001,322108
41845,756,0,CV007_001,322864
41846,776,0,CV007_001,323640
41847,780,0,CV007_001,324420
41848,772,0,CV007_001,325192
41849,788,0,CV007_001,325980
41850,800,0,CV007_001,326780
41851,800,0,CV007_001,327580
41852,760,0,CV007_001,328340
41853,764,0,CV007_001,329104
41854,764,0,CV007_001,329868
41855,764,0,CV007_001,330632
41856,752,0,CV007_001,331384
41857,768,0,CV007_001,332152
41858,788,0,CV007_001,332940
41859,776,0,CV007_001,333716
41860,752,0,CV007_001,334468
41861,764,0,CV007_001,335232
41862,772,0,CV007_001,336004
41863,780,0,CV007_001,336784
41864,792,0,CV007_001,337576
41865,764,0,CV007_001,338340
41866,760,0,CV007_001,339100
41867,768,0,CV007_001,339868
41868,784,0,CV007_001,340652
41869,752,0,CV007_001,341404
41870,768,0,CV007_001,342172
41871,788,0,CV007_001,342960
41872,776,0,CV007_001,343736
41873,784,0,CV007_001,344520
41874,804,0,CV007_001,345324
41875,808,0,CV007_001,346132
41876,764,0,CV007_001,346896
41877,772,0,CV007_001,347668
41878,776,0,CV007_001,348444
41879,800,0,CV007_001,349244
41880,816,0,CV007_001,350060
41881,796,0,CV007_001,350856
41882,780,0,CV007_001,351636
41883,784,0,CV007_001,352420
41884,1592,0,CV007_001,354012
41885,776,0,CV007_001,354788
41886,788,0,CV007_001,355576
41887,764,0,CV007_001,356340
41888,756,0,CV007_001,357096
41889,768,0,CV007_001,357864
41890,776,0,CV007_001,358640
41891,784,0,CV007_001,359424
41892,788,0,CV007_001,360212
41893,792,0,CV007_001,361004
41894,760,0,CV007_001,361764
41895,736,0,CV007_001,362500
41896,760,0,CV007_001,363260
41897,796,0,CV007_001,364056
41898,824,0,CV007_001,364880
41899,836,0,CV007_001,365716
41900,796,0,CV007_001,366512
41901,788,0,CV007_001,367300
41902,808,0,CV007_001,368108
41903,820,0,CV007_001,368928
41904,776,0,CV007_001,369704
41905,764,0,CV007_001,370468
41906,1532,0,CV007_001,372000
41907,760,0,CV007_001,372760
41908,784,0,CV007_001,373544
41909,820,0,CV007_001,374364
41910,836,0,CV007_001,375200
41911,836,0,CV007_001,376036
41912,796,0,CV007_001,376832
41913,792,0,CV007_001,377624
41914,820,0,CV007_001,378444
41915,804,0,CV007_001,379248
41916,812,0,CV007_001,380060
41917,820,0,CV007_001,380880
41918,824,0,CV007_001,381704
41919,796,0,CV007_001,382500
41920,824,0,CV007_001,383324
41921,840,0,CV007_001,384164
41922,848,0,CV007_001,385012
41923,828,0,CV007_001,385840
41924,840,0,CV007_001,386680
41925,804,0,CV007_001,387484
41926,816,0,CV007_001,388300
41927,816,0,CV007_001,389116
41928,796,0,CV007_001,389912
41929,776,0,CV007_001,390688
41930,784,0,CV007_001,391472
41931,756,0,CV007_001,392228
41932,736,0,CV007_001,392964
41933,732,0,CV007_001,393696
41934,756,0,CV007_001,394452
41935,736,0,CV007_001,395188
41936,732,0,CV007_001,395920
41937,720,0,CV007_001,396640
41938,724,0,CV007_001,397364
41939,732,0,CV007_001,398096
41940,740,0,CV007_001,398836
41941,736,0,CV007_001,399572
41942,752,0,CV007_001,400324
41943,772,0,CV007_001,401096
41944,780,0,CV007_001,401876
41945,784,0,CV007_001,402660
41946,800,0,CV007_001,403460
41947,804,0,CV007_001,404264
41948,816,0,CV007_001,405080
41949,832,0,CV007_001,405912
41950,836,0,CV007_001,406748
41951,816,0,CV007_001,407564
41952,812,0,CV007_001,408376
41953,796,0,CV007_001,409172
41954,764,0,CV007_001,409936
41955,780,0,CV007_001,410716
41956,796,0,CV007_001,411512
41957,820,0,CV007_001,412332
41958,812,0,CV007_001,413144
41959,772,0,CV007_001,413916
41960,760,0,CV007_001,414676
41961,756,0,CV007_001,415432
41962,748,0,CV007_001,416180
41963,760,0,CV007_001,416940
41964,764,0,CV007_001,417704
41965,760,0,CV007_001,418464
41966,1604,0,CV007_001,420068
41967,808,0,CV007_001,420876
41968,828,0,CV007_001,421704
41969,840,0,CV007_001,422544
41970,828,0,CV007_001,423372
41971,852,0,CV007_001,424224
41972,868,0,CV007_001,425092
41973,844,0,CV007_001,425936
41974,800,0,CV007_001,426736
41975,812,0,CV007_001,427548
41976,844,0,CV007_001,428392
41977,1692,0,CV007_001,430084
41978,836,0,CV007_001,430920
41979,864,0,CV007_001,431784
41980,876,0,CV007_001,432660
41981,840,0,CV007_001,433500
41982,844,0,CV007_001,434344
41983,888,0,CV007_001,435232
41984,908,0,CV007_001,436140
41985,904,0,CV007_001,437044
41986,852,0,CV007_001,437896
41987,864,0,CV007_001,438760
41988,884,0,CV007_001,439644
41989,908,0,CV007_001,440552
41990,896,0,CV007_001,441448
41991,888,0,CV007_001,442336
41992,852,0,CV007_001,443188
41993,848,0,CV007_001,444036
41994,860,0,CV007_001,444896
41995,872,0,CV007_001,445768
41996,808,0,CV007_001,446576
41997,824,0,CV007_001,447400
41998,824,0,CV007_001,448224
41999,820,0,CV007_001,449044
42000,792,0,CV007_001,449836
42001,796,0,CV007_001,450632
42002,788,0,CV007_001,451420
42003,768,0,CV007_001,452188
42004,764,0,CV007_001,452952
42005,772,0,CV007_001,453724
42006,776,0,CV007_001,454500
42007,768,0,CV007_001,455268
42008,780,0,CV007_001,456048
42009,784,0,CV007_001,456832
42010,796,0,CV007_001,457628
42011,784,0,CV007_001,458412
42012,764,0,CV007_001,459176
42013,764,0,CV007_001,459940
42014,768,0,CV007_001,460708
42015,752,0,CV007_001,461460
42016,748,0,CV007_001,462208
42017,760,0,CV007_001,462968
42018,784,0,CV007_001,463752
42019,788,0,CV007_001,464540
42020,796,0,CV007_001,465336
42021,804,0,CV007_001,466140
42022,784,0,CV007_001,466924
42023,788,0,CV007_001,467712
42024,796,0,CV007_001,468508
42025,788,0,CV007_001,469296
42026,800,0,CV007_001,470096
42027,828,0,CV007_001,470924
42028,848,0,CV007_001,471772
42029,836,0,CV007_001,472608
42030,828,0,CV007_001,473436
42031,776,0,CV007_001,474212
42032,768,0,CV007_001,474980
42033,764,0,CV007_001,475744
42034,780,0,CV007_001,476524
42035,776,0,CV007_001,477300
42036,812,0,CV007_001,478112
42037,832,0,CV007_001,478944
42038,808,0,CV007_001,479752
42039,808,0,CV007_001,480560
42040,816,0,CV007_001,481376
42041,780,0,CV007_001,482156
42042,776,0,CV007_001,482932
42043,784,0,CV007_001,483716
42044,780,0,CV007_001,484496
42045,784,0,CV007_001,485280
42046,800,0,CV007_001,486080
42047,812,0,CV007_001,486892
42048,780,0,CV007_001,487672
42049,784,0,CV007_001,488456
42050,768,0,CV007_001,489224
42051,760,0,CV007_001,489984
42052,760,0,CV007_001,490744
42053,732,0,CV007_001,491476
42054,724,0,CV007_001,492200
42055,724,0,CV007_001,492924
42056,720,0,CV007_001,493644
42057,712,0,CV007_001,494356
42058,716,0,CV007_001,495072
42059,700,0,CV007_001,495772
42060,692,0,CV007_001,496464
42061,692,0,CV007_001,497156
42062,684,0,CV007_001,497840
42063,680,0,CV007_001,498520
42064,684,0,CV007_001,499204
42065,700,0,CV007_001,499904
42066,716,0,CV007_001,500620
42067,724,0,CV007_001,501344
42068,732,0,CV007_001,502076
42069,732,0,CV007_001,502808
42070,712,0,CV007_001,503520
42071,720,0,CV007_001,504240
42072,732,0,CV007_001,504972
42073,720,0,CV007_001,505692
42074,720,0,CV007_001,506412
42075,732,0,CV007_001,507144
42076,736,0,CV007_001,507880
42077,740,0,CV007_001,508620
42078,760,0,CV007_001,509380
42079,780,0,CV007_001,510160
42080,784,0,CV007_001,510944
42081,772,0,CV007_001,511716
42082,776,0,CV007_001,512492
42083,760,0,CV007_001,513252
42084,776,0,CV007_001,514028
42085,772,0,CV007_001,514800
42086,792,0,CV007_001,515592
42087,792,0,CV007_001,516384
42088,832,0,CV007_001,517216
42089,808,0,CV007_001,518024
42090,816,0,CV007_001,518840
42091,828,0,CV007_001,519668
42092,808,0,CV007_001,520476
42093,828,0,CV007_001,521304
42094,816,0,CV007_001,522120
42095,804,0,CV007_001,522924
42096,796,0,CV007_001,523720
42097,784,0,CV007_001,524504
42098,752,0,CV007_001,525256
42099,748,0,CV007_001,526004
42100,752,0,CV007_001,526756
42101,744,0,CV007_001,527500
42102,748,0,CV007_001,528248
42103,736,0,CV007_001,528984
42104,712,0,CV007_001,529696
42105,712,0,CV007_001,530408
42106,708,0,CV007_001,531116
42107,700,0,CV007_001,531816
42108,712,0,CV007_001,532528
42109,712,0,CV007_001,533240
42110,708,0,CV007_001,533948
42111,728,0,CV007_001,534676
42112,740,0,CV007_001,535416
42113,744,0,CV007_001,536160
42114,724,0,CV007_001,536884
42115,724,0,CV007_001,537608
42116,732,0,CV007_001,538340
42117,736,0,CV007_001,539076
42118,724,0,CV007_001,539800
42119,724,0,CV007_001,540524
42120,744,0,CV007_001,541268
42121,756,0,CV007_001,542024
42122,752,0,CV007_001,542776
42123,736,0,CV007_001,543512
42124,736,0,CV007_001,544248
42125,732,0,CV007_001,544980
42126,724,0,CV007_001,545704
42127,736,0,CV007_001,546440
42128,744,0,CV007_001,547184
42129,732,0,CV007_001,547916
42130,728,0,CV007_001,548644
42131,740,0,CV007_001,549384
42132,740,0,CV007_001,550124
42133,752,0,CV007_001,550876
42134,768,0,CV007_001,551644
42135,780,0,CV007_001,552424
42136,784,0,CV007_001,553208
42137,768,0,CV007_001,553976
42138,772,0,CV007_001,554748
42139,776,0,CV007_001,555524
42140,772,0,CV007_001,556296
42141,780,0,CV007_001,557076
42142,776,0,CV007_001,557852
42143,772,0,CV007_001,558624
42144,776,0,CV007_001,559400
42145,780,0,CV007_001,560180
42146,780,0,CV007_001,560960
42147,776,0,CV007_001,561736
42148,760,0,CV007_001,562496
42149,780,0,CV007_001,563276
42150,788,0,CV007_001,564064
42151,780,0,CV007_001,564844
42152,764,0,CV007_001,565608
42153,776,0,CV007_001,566384
42154,784,0,CV007_001,567168
42155,768,0,CV007_001,567936
42156,784,0,CV007_001,568720
42157,800,0,CV007_001,569520
42158,796,0,CV007_001,570316
42159,808,0,CV007_001,571124
42160,800,0,CV007_001,571924
42161,808,0,CV007_001,572732
42162,792,0,CV007_001,573524
42163,784,0,CV007_001,574308
42164,800,0,CV007_001,575108
42165,800,0,CV007_001,575908
42166,788,0,CV007_001,576696
42167,800,0,CV007_001,577496
42168,808,0,CV007_001,578304
42169,824,0,CV007_001,579128
42170,812,0,CV007_001,579940
42171,816,0,CV007_001,580756
42172,804,0,CV007_001,581560
42173,812,0,CV007_001,582372
42174,780,0,CV007_001,583152
42175,808,0,CV007_001,583960
42176,800,0,CV007_001,584760
42177,784,0,CV007_001,585544
42178,792,0,CV007_001,586336
42179,808,0,CV007_001,587144
42180,800,0,CV007_001,587944
42181,800,0,CV007_001,588744
42182,792,0,CV007_001,589536
42183,776,0,CV007_001,590312
42184,776,0,CV007_001,591088
42185,764,0,CV007_001,591852
42186,780,0,CV007_001,592632
42187,792,0,CV007_001,593424
42188,792,0,CV007_001,594216
42189,772,0,CV007_001,594988
42190,788,0,CV007_001,595776
42191,788,0,CV007_001,596564
42192,828,1,CV007_001,597392
42193,716,0,CV007_001,598108
42194,756,0,CV007_001,598864
42195,760,0,CV007_001,599624
42196,768,0,CV007_001,600392
42197,764,0,CV007_001,601156
42198,760,0,CV007_001,601916
42199,768,0,CV007_001,602684
42200,764,0,CV007_001,603448
42201,764,0,CV007_001,604212
42202,772,0,CV007_001,604984
42203,772,0,CV007_001,605756
42204,768,0,CV007_001,606524
42205,760,0,CV007_001,607284
42206,748,0,CV007_001,608032
42207,752,0,CV007_001,608784
42208,744,0,CV007_001,609528
42209,732,0,CV007_001,610260
42210,740,0,CV007_001,611000
42211,744,0,CV007_001,611744
42212,736,0,CV007_001,612480
42213,744,0,CV007_001,613224
42214,748,0,CV007_001,613972
42215,760,0,CV007_001,614732
42216,748,0,CV007_001,615480
42217,740,0,CV007_001,616220
42218,724,0,CV007_001,616944
42219,712,0,CV007_001,617656
42220,700,0,CV007_001,618356
42221,716,0,CV007_001,619072
42222,692,0,CV007_001,619764
42223,708,0,CV007_001,620472
42224,732,0,CV007_001,621204
42225,804,0,CV007_001,622008
42226,788,0,CV007_001,622796
42227,808,0,CV007_001,623604
42228,848,0,CV007_001,624452
42229,808,0,CV007_001,625260
42230,780,0,CV007_001,626040
42231,820,0,CV007_001,626860
42232,800,0,CV007_001,627660
42233,868,0,CV007_001,628528
42234,860,0,CV007_001,629388
42235,852,0,CV007_001,630240
42236,824,0,CV007_001,631064
42237,804,0,CV007_001,631868
42238,808,0,CV007_001,632676
42239,792,0,CV007_001,633468
42240,756,0,CV007_001,634224
42241,744,0,CV007_001,634968
42242,740,0,CV007_001,635708
42243,740,0,CV007_001,636448
42244,728,0,CV007_001,637176
42245,732,0,CV007_001,637908
42246,736,0,CV007_001,638644
42247,744,0,CV007_001,639388
42248,728,0,CV007_001,640116
42249,732,0,CV007_001,640848
42250,732,0,CV007_001,641580
42251,740,0,CV007_001,642320
42252,732,0,CV007_001,643052
42253,732,0,CV007_001,643784
42254,724,0,CV007_001,644508
42255,716,0,CV007_001,645224
42256,720,0,CV007_001,645944
42257,724,0,CV007_001,646668
42258,724,0,CV007_001,647392
42259,720,0,CV007_001,648112
42260,708,0,CV007_001,648820
42261,696,0,CV007_001,649516
42262,684,0,CV007_001,650200
42263,684,0,CV007_001,650884
42264,672,0,CV007_001,651556
42265,652,0,CV007_001,652208
42266,648,0,CV007_001,652856
42267,664,0,CV007_001,653520
42268,668,0,CV007_001,654188
42269,684,0,CV007_001,654872
42270,692,0,CV007_001,655564
42271,668,0,CV007_001,656232
42272,688,0,CV007_001,656920
42273,712,0,CV007_001,657632
42274,712,0,CV007_001,658344
42275,696,0,CV007_001,659040
42276,692,0,CV007_001,659732
42277,700,0,CV007_001,660432
42278,720,0,CV007_001,661152
42279,800,0,CV007_001,661952
42280,796,0,CV007_001,662748
42281,800,0,CV007_001,663548
42282,788,0,CV007_001,664336
42283,776,0,CV007_001,665112
42284,772,0,CV007_001,665884
42285,752,0,CV007_001,666636
42286,708,0,CV007_001,667344
42287,712,0,CV007_001,668056
42288,716,0,CV007_001,668772
42289,736,0,CV007_001,669508
42290,724,0,CV007_001,670232
42291,728,0,CV007_001,670960
42292,752,0,CV007_001,671712
42293,736,0,CV007_001,672448
42294,704,0,CV007_001,673152
42295,728,0,CV007_001,673880
42296,740,0,CV007_001,674620
42297,696,0,CV007_001,675316
42298,704,0,CV007_001,676020
42299,712,0,CV007_001,676732
42300,732,0,CV007_001,677464
42301,736,0,CV007_001,678200
42302,688,0,CV007_001,678888
42303,716,0,CV007_001,679604
42304,708,0,CV007_001,680312
42305,692,0,CV007_001,681004
42306,680,0,CV007_001,681684
42307,704,0,CV007_001,682388
42308,708,0,CV007_001,683096
42309,712,0,CV007_001,683808
42310,708,0,CV007_001,684516
42311,696,0,CV007_001,685212
42312,708,0,CV007_001,685920
42313,696,0,CV007_001,686616
42314,696,0,CV007_001,687312
42315,676,0,CV007_001,687988
42316,676,0,CV007_001,688664
42317,688,0,CV007_001,689352
42318,688,0,CV007_001,690040
42319,692,0,CV007_001,690732
42320,692,0,CV007_001,691424
42321,668,0,CV007_001,692092
42322,672,0,CV007_001,692764
42323,676,0,CV007_001,693440
42324,692,0,CV007_001,694132
42325,700,0,CV007_001,694832
42326,688,0,CV007_001,695520
42327,668,0,CV007_001,696188
42328,664,0,CV007_001,696852
42329,672,0,CV007_001,697524
42330,668,0,CV007_001,698192
42331,660,0,CV007_001,698852
42332,652,0,CV007_001,699504
42333,656,0,CV007_001,700160
42334,660,0,CV007_001,700820
42335,656,0,CV007_001,701476
42336,656,0,CV007_001,702132
42337,652,0,CV007_001,702784
42338,668,0,CV007_001,703452
42339,664,0,CV007_001,704116
42340,664,0,CV007_001,704780
42341,652,0,CV007_001,705432
42342,652,0,CV007_001,706084
42343,668,0,CV007_001,706752
42344,676,0,CV007_001,707428
42345,672,0,CV007_001,708100
42346,668,0,CV007_001,708768
42347,668,0,CV007_001,709436
42348,676,0,CV007_001,710112
42349,680,0,CV007_001,710792
42350,672,0,CV007_001,711464
42351,668,0,CV007_001,712132
42352,672,0,CV007_001,712804
42353,676,0,CV007_001,713480
42354,676,0,CV007_001,714156
42355,664,0,CV007_001,714820
42356,672,0,CV007_001,715492
42357,672,0,CV007_001,716164
42358,672,0,CV007_001,716836
42359,660,0,CV007_001,717496
42360,672,0,CV007_001,718168
42361,672,0,CV007_001,718840
42362,692,0,CV007_001,719532
42363,692,0,CV007_001,720224
42364,692,0,CV007_001,720916
42365,720,0,CV007_001,721636
42366,716,0,CV007_001,722352
42367,700,0,CV007_001,723052
42368,724,0,CV007_001,723776
42369,740,0,CV007_001,724516
42370,756,0,CV007_001,725272
42371,776,0,CV007_001,726048
42372,712,0,CV007_001,726760
42373,688,0,CV007_001,727448
42374,696,0,CV007_001,728144
42375,716,0,CV007_001,728860
42376,712,0,CV007_001,729572
42377,696,0,CV007_001,730268
42378,728,0,CV007_001,730996
42379,760,0,CV007_001,731756
42380,740,0,CV007_001,732496
42381,736,0,CV007_001,733232
42382,744,0,CV007_001,733976
42383,752,0,CV007_001,734728
42384,700,0,CV007_001,735428
42385,740,0,CV007_001,736168
42386,764,0,CV007_001,736932
42387,708,0,CV007_001,737640
42388,716,0,CV007_001,738356
42389,704,0,CV007_001,739060
42390,700,0,CV007_001,739760
42391,704,0,CV007_001,740464
42392,680,0,CV007_001,741144
42393,696,0,CV007_001,741840
42394,712,0,CV007_001,742552
42395,704,0,CV007_001,743256
42396,696,0,CV007_001,743952
42397,724,0,CV007_001,744676
42398,744,0,CV007_001,745420
42399,728,0,CV007_001,746148
42400,712,0,CV007_001,746860
42401,724,0,CV007_001,747584
42402,716,0,CV007_001,748300
42403,708,0,CV007_001,749008
42404,712,0,CV007_001,749720
42405,724,0,CV007_001,750444
42406,700,0,CV007_001,751144
42407,708,0,CV007_001,751852
42408,708,0,CV007_001,752560
42409,704,0,CV007_001,753264
42410,728,0,CV007_001,753992
42411,716,0,CV007_001,754708
42412,700,0,CV007_001,755408
42413,688,0,CV007_001,756096
42414,692,0,CV007_001,756788
42415,696,0,CV007_001,757484
42416,684,0,CV007_001,758168
42417,680,0,CV007_001,758848
42418,692,0,CV007_001,759540
42419,704,0,CV007_001,760244
42420,720,0,CV007_001,760964
42421,736,0,CV007_001,761700
42422,696,0,CV007_001,762396
42423,688,0,CV007_001,763084
42424,700,0,CV007_001,763784
42425,688,0,CV007_001,764472
42426,664,0,CV007_001,765136
42427,680,0,CV007_001,765816
42428,680,0,CV007_001,766496
42429,696,0,CV007_001,767192
42430,680,0,CV007_001,767872
42431,680,0,CV007_001,768552
42432,684,0,CV007_001,769236
42433,684,0,CV007_001,769920
42434,672,0,CV007_001,770592
42435,672,0,CV007_001,771264
42436,680,0,CV007_001,771944
42437,704,0,CV007_001,772648
42438,732,0,CV007_001,773380
42439,696,0,CV007_001,774076
42440,696,0,CV007_001,774772
42441,708,0,CV007_001,775480
42442,712,0,CV007_001,776192
42443,708,0,CV007_001,776900
42444,684,0,CV007_001,777584
42445,680,0,CV007_001,778264
42446,672,0,CV007_001,778936
42447,664,0,CV007_001,779600
42448,652,0,CV007_001,780252
42449,672,0,CV007_001,780924
42450,668,0,CV007_001,781592
42451,660,0,CV007_001,782252
42452,672,0,CV007_001,782924
42453,668,0,CV007_001,783592
42454,660,0,CV007_001,784252
42455,668,0,CV007_001,784920
42456,668,0,CV007_001,785588
42457,680,0,CV007_001,786268
42458,676,0,CV007_001,786944
42459,668,0,CV007_001,787612
42460,676,0,CV007_001,788288
42461,672,0,CV007_001,788960
42462,672,0,CV007_001,789632
42463,672,0,CV007_001,790304
42464,660,0,CV007_001,790964
42465,652,0,CV007_001,791616
42466,644,0,CV007_001,792260
42467,640,0,CV007_001,792900
42468,644,0,CV007_001,793544
42469,644,0,CV007_001,794188
42470,640,0,CV007_001,794828
42471,636,0,CV007_001,795464
42472,632,0,CV007_001,796096
42473,652,0,CV007_001,796748
42474,656,0,CV007_001,797404
42475,640,0,CV007_001,798044
42476,636,0,CV007_001,798680
42477,644,0,CV007_001,799324
42478,648,0,CV007_001,799972
42479,648,0,CV007_001,800620
42480,648,0,CV007_001,801268
42481,660,0,CV007_001,801928
42482,652,0,CV007_001,802580
42483,648,0,CV007_001,803228
42484,644,0,CV007_001,803872
42485,640,0,CV007_001,804512
42486,644,0,CV007_001,805156
42487,656,0,CV007_001,805812
42488,664,0,CV007_001,806476
42489,664,0,CV007_001,807140
42490,668,0,CV007_001,807808
42491,680,0,CV007_001,808488
42492,680,0,CV007_001,809168
42493,656,0,CV007_001,809824
42494,660,0,CV007_001,810484
42495,664,0,CV007_001,811148
42496,680,0,CV007_001,811828
42497,700,0,CV007_001,812528
42498,696,0,CV007_001,813224
42499,688,0,CV007_001,813912
42500,676,0,CV007_001,814588
42501,704,0,CV007_001,815292
42502,716,0,CV007_001,816008
42503,708,0,CV007_001,816716
42504,744,0,CV007_001,817460
42505,728,0,CV007_001,818188
42506,720,0,CV007_001,818908
42507,716,0,CV007_001,819624
42508,724,0,CV007_001,820348
42509,736,0,CV007_001,821084
42510,716,0,CV007_001,821800
42511,736,0,CV007_001,822536
42512,756,0,CV007_001,823292
42513,812,0,CV007_001,824104
42514,820,0,CV007_001,824924
42515,796,0,CV007_001,825720
42516,796,0,CV007_001,826516
42517,836,0,CV007_001,827352
42518,836,0,CV007_001,828188
42519,752,0,CV007_001,828940
42520,740,0,CV007_001,829680
42521,756,0,CV007_001,830436
42522,764,0,CV007_001,831200
42523,732,0,CV007_001,831932
42524,728,0,CV007_001,832660
42525,804,0,CV007_001,833464
42526,816,0,CV007_001,834280
42527,772,0,CV007_001,835052
42528,740,0,CV007_001,835792
42529,812,0,CV007_001,836604
42530,848,0,CV007_001,837452
42531,852,0,CV007_001,838304
42532,820,0,CV007_001,839124
42533,756,0,CV007_001,839880
42534,856,0,CV007_001,840736
42535,800,0,CV007_001,841536
42536,816,0,CV007_001,842352
42537,860,0,CV007_001,843212
42538,864,0,CV007_001,844076
42539,900,0,CV007_001,844976
42540,892,0,CV007_001,845868
42541,856,0,CV007_001,846724
42542,836,0,CV007_001,847560
42543,832,0,CV007_001,848392
42544,792,0,CV007_001,849184
42545,788,0,CV007_001,849972
42546,788,0,CV007_001,850760
42547,772,0,CV007_001,851532
42548,796,0,CV007_001,852328
42549,780,0,CV007_001,853108
42550,808,0,CV007_001,853916
42551,832,0,CV007_001,854748
42552,844,0,CV007_001,855592
42553,844,0,CV007_001,856436
42554,816,0,CV007_001,857252
42555,828,0,CV007_001,858080
42556,820,0,CV007_001,858900
42557,796,0,CV007_001,859696
42558,788,0,CV007_001,860484
42559,784,0,CV007_001,861268
42560,764,0,CV007_001,862032
42561,760,0,CV007_001,862792
42562,768,0,CV007_001,863560
42563,804,0,CV007_001,864364
42564,812,0,CV007_001,865176
42565,760,0,CV007_001,865936
42566,816,0,CV007_001,866752
42567,788,0,CV007_001,867540
42568,744,0,CV007_001,868284
42569,744,0,CV007_001,869028
42570,728,0,CV007_001,869756
42571,712,0,CV007_001,870468
42572,744,0,CV007_001,871212
42573,756,0,CV007_001,871968
42574,740,0,CV007_001,872708
42575,724,0,CV007_001,873432
42576,828,0,CV007_001,874260
42577,856,0,CV007_001,875116
42578,780,0,CV007_001,875896
42579,736,0,CV007_001,876632
42580,748,0,CV007_001,877380
42581,752,0,CV007_001,878132
42582,732,0,CV007_001,878864
42583,748,0,CV007_001,879612
42584,736,0,CV007_001,880348
42585,728,0,CV007_001,881076
42586,720,0,CV007_001,881796
42587,720,0,CV007_001,882516
42588,764,0,CV007_001,883280
42589,768,0,CV007_001,884048
42590,712,0,CV007_001,884760
42591,752,0,CV007_001,885512
42592,740,0,CV007_001,886252
42593,708,0,CV007_001,886960
42594,720,0,CV007_001,887680
42595,740,0,CV007_001,888420
42596,752,0,CV007_001,889172
42597,716,0,CV007_001,889888
42598,736,0,CV007_001,890624
42599,740,0,CV007_001,891364
42600,728,0,CV007_001,892092
42601,716,0,CV007_001,892808
42602,692,0,CV007_001,893500
42603,696,0,CV007_001,894196
42604,680,0,CV007_001,894876
42605,680,0,CV007_001,895556
42606,692,0,CV007_001,896248
42607,688,0,CV007_001,896936
42608,716,0,CV007_001,897652
42609,736,0,CV007_001,898388
42610,712,0,CV007_001,899100
42611,704,0,CV007_001,899804
42612,708,0,CV007_001,900512
42613,712,0,CV007_001,901224
42614,720,0,CV007_001,901944
42615,752,0,CV007_001,902696
42616,748,0,CV007_001,903444
42617,760,0,CV007_001,904204
42618,856,0,CV007_001,905060
42619,784,0,CV007_001,905844
42620,736,0,CV007_001,906580
42621,756,0,CV007_001,907336
42622,776,0,CV007_001,908112
42623,724,0,CV007_001,908836
42624,800,0,CV007_001,909636
42625,824,0,CV007_001,910460
42626,800,0,CV007_001,911260
42627,792,0,CV007_001,912052
42628,800,0,CV007_001,912852
42629,784,0,CV007_001,913636
42630,776,0,CV007_001,914412
42631,772,0,CV007_001,915184
42632,772,0,CV007_001,915956
42633,780,0,CV007_001,916736
42634,784,0,CV007_001,917520
42635,788,0,CV007_001,918308
42636,776,0,CV007_001,919084
42637,768,0,CV007_001,919852
42638,772,0,CV007_001,920624
42639,744,0,CV007_001,921368
42640,728,0,CV007_001,922096
42641,700,0,CV007_001,922796
42642,692,0,CV007_001,923488
42643,684,0,CV007_001,924172
42644,700,0,CV007_001,924872
42645,692,0,CV007_001,925564
42646,688,0,CV007_001,926252
42647,700,0,CV007_001,926952
42648,716,0,CV007_001,927668
42649,716,0,CV007_001,928384
42650,712,0,CV007_001,929096
42651,756,0,CV007_001,929852
42652,748,0,CV007_001,930600
42653,712,0,CV007_001,931312
42654,744,0,CV007_001,932056
42655,772,0,CV007_001,932828
42656,772,0,CV007_001,933600
42657,748,0,CV007_001,934348
42658,732,0,CV007_001,935080
42659,780,0,CV007_001,935860
42660,772,0,CV007_001,936632
42661,728,0,CV007_001,937360
42662,720,0,CV007_001,938080
42663,736,0,CV007_001,938816
42664,744,0,CV007_001,939560
42665,760,0,CV007_001,940320
42666,792,0,CV007_001,941112
42667,764,0,CV007_001,941876
42668,724,0,CV007_001,942600
42669,740,0,CV007_001,943340
42670,740,0,CV007_001,944080
42671,712,0,CV007_001,944792
42672,704,0,CV007_001,945496
42673,696,0,CV007_001,946192
42674,700,0,CV007_001,946892
42675,688,0,CV007_001,947580
42676,688,0,CV007_001,948268
42677,696,0,CV007_001,948964
42678,700,0,CV007_001,949664
42679,688,0,CV007_001,950352
42680,692,0,CV007_001,951044
42681,684,0,CV007_001,951728
42682,684,0,CV007_001,952412
42683,684,0,CV007_001,953096
42684,672,0,CV007_001,953768
42685,704,0,CV007_001,954472
42686,732,0,CV007_001,955204
42687,728,0,CV007_001,955932
42688,724,0,CV007_001,956656
42689,752,0,CV007_001,957408
42690,724,0,CV007_001,958132
42691,704,0,CV007_001,958836
42692,720,0,CV007_001,959556
42693,724,0,CV007_001,960280
42694,708,0,CV007_001,960988
42695,724,0,CV007_001,961712
42696,736,0,CV007_001,962448
42697,716,0,CV007_001,963164
42698,712,0,CV007_001,963876
42699,752,0,CV007_001,964628
42700,776,0,CV007_001,965404
42701,748,0,CV007_001,966152
42702,740,0,CV007_001,966892
42703,716,0,CV007_001,967608
42704,720,0,CV007_001,968328
42705,732,0,CV007_001,969060
42706,724,0,CV007_001,969784
42707,712,0,CV007_001,970496
42708,732,0,CV007_001,971228
42709,748,0,CV007_001,971976
42710,716,0,CV007_001,972692
42711,708,0,CV007_001,973400
42712,704,0,CV007_001,974104
42713,708,0,CV007_001,974812
42714,700,0,CV007_001,975512
42715,728,0,CV007_001,976240
42716,788,0,CV007_001,977028
42717,784,0,CV007_001,977812
42718,768,0,CV007_001,978580
42719,760,0,CV007_001,979340
42720,724,0,CV007_001,980064
42721,728,0,CV007_001,980792
42722,732,0,CV007_001,981524
42723,728,0,CV007_001,982252
42724,712,0,CV007_001,982964
42725,724,0,CV007_001,983688
42726,760,0,CV007_001,984448
42727,756,0,CV007_001,985204
42728,724,0,CV007_001,985928
42729,752,0,CV007_001,986680
42730,780,0,CV007_001,987460
42731,764,0,CV007_001,988224
42732,764,0,CV007_001,988988
42733,748,0,CV007_001,989736
42734,744,0,CV007_001,990480
42735,768,0,CV007_001,991248
42736,796,0,CV007_001,992044
42737,780,0,CV007_001,992824
42738,764,0,CV007_001,993588
42739,720,0,CV007_001,994308
42740,712,0,CV007_001,995020
42741,700,0,CV007_001,995720
42742,704,0,CV007_001,996424
42743,712,0,CV007_001,997136
42744,720,0,CV007_001,997856
42745,716,0,CV007_001,998572
42746,688,0,CV007_001,999260
42747,688,0,CV007_001,999948
42748,700,0,CV007_001,1000648
42749,708,0,CV007_001,1001356
42750,712,0,CV007_001,1002068
42751,696,0,CV007_001,1002764
42752,688,0,CV007_001,1003452
42753,692,0,CV007_001,1004144
42754,680,0,CV007_001,1004824
42755,680,0,CV007_001,1005504
42756,712,0,CV007_001,1006216
42757,728,0,CV007_001,1006944
42758,688,0,CV007_001,1007632
42759,708,0,CV007_001,1008340
42760,752,0,CV007_001,1009092
42761,828,0,CV007_001,1009920
42762,772,0,CV007_001,1010692
42763,736,0,CV007_001,1011428
42764,756,0,CV007_001,1012184
42765,800,0,CV007_001,1012984
42766,784,0,CV007_001,1013768
42767,768,0,CV007_001,1014536
42768,816,0,CV007_001,1015352
42769,808,0,CV007_001,1016160
42770,800,0,CV007_001,1016960
42771,792,0,CV007_001,1017752
42772,768,0,CV007_001,1018520
42773,840,0,CV007_001,1019360
42774,780,0,CV007_001,1020140
42775,708,0,CV007_001,1020848
42776,720,0,CV007_001,1021568
42777,712,0,CV007_001,1022280
42778,700,0,CV007_001,1022980
42779,692,0,CV007_001,1023672
42780,704,0,CV007_001,1024376
42781,692,0,CV007_001,1025068
42782,700,0,CV007_001,1025768
42783,684,0,CV007_001,1026452
42784,696,0,CV007_001,1027148
42785,704,0,CV007_001,1027852
42786,696,0,CV007_001,1028548
42787,692,0,CV007_001,1029240
42788,676,0,CV007_001,1029916
42789,696,0,CV007_001,1030612
42790,704,0,CV007_001,1031316
42791,708,0,CV007_001,1032024
42792,716,0,CV007_001,1032740
42793,724,0,CV007_001,1033464
42794,720,0,CV007_001,1034184
42795,716,0,CV007_001,1034900
42796,744,0,CV007_001,1035644
42797,732,0,CV007_001,1036376
42798,708,0,CV007_001,1037084
42799,724,0,CV007_001,1037808
42800,728,0,CV007_001,1038536
42801,712,0,CV007_001,1039248
42802,720,0,CV007_001,1039968
42803,712,0,CV007_001,1040680
42804,716,0,CV007_001,1041396
42805,720,0,CV007_001,1042116
42806,724,0,CV007_001,1042840
42807,784,1,CV007_001,1043624
42808,684,0,CV007_001,1044308
42809,712,0,CV007_001,1045020
42810,696,0,CV007_001,1045716
42811,708,0,CV007_001,1046424
42812,724,0,CV007_001,1047148
42813,712,0,CV007_001,1047860
42814,684,0,CV007_001,1048544
42815,704,0,CV007_001,1049248
42816,708,0,CV007_001,1049956
42817,700,0,CV007_001,1050656
42818,688,0,CV007_001,1051344
42819,700,0,CV007_001,1052044
42820,720,0,CV007_001,1052764
42821,716,0,CV007_001,1053480
42822,696,0,CV007_001,1054176
42823,720,0,CV007_001,1054896
42824,732,0,CV007_001,1055628
42825,728,0,CV007_001,1056356
42826,736,0,CV007_001,1057092
42827,728,0,CV007_001,1057820
42828,752,0,CV007_001,1058572
42829,736,0,CV007_001,1059308
42830,744,0,CV007_001,1060052
42831,772,0,CV007_001,1060824
42832,740,0,CV007_001,1061564
42833,724,0,CV007_001,1062288
42834,692,0,CV007_001,1062980
42835,692,0,CV007_001,1063672
42836,688,0,CV007_001,1064360
42837,704,0,CV007_001,1065064
42838,704,0,CV007_001,1065768
42839,696,0,CV007_001,1066464
42840,688,0,CV007_001,1067152
42841,680,0,CV007_001,1067832
42842,704,0,CV007_001,1068536
42843,716,0,CV007_001,1069252
42844,696,0,CV007_001,1069948
42845,688,0,CV007_001,1070636
42846,692,0,CV007_001,1071328
42847,692,0,CV007_001,1072020
42848,676,0,CV007_001,1072696
42849,688,0,CV007_001,1073384
42850,708,0,CV007_001,1074092
42851,736,0,CV007_001,1074828
42852,724,0,CV007_001,1075552
42853,720,0,CV007_001,1076272
42854,736,0,CV007_001,1077008
42855,704,0,CV007_001,1077712
42856,704,0,CV007_001,1078416
42857,684,0,CV007_001,1079100
42858,688,0,CV007_001,1079788
42859,688,0,CV007_001,1080476
42860,696,0,CV007_001,1081172
42861,684,0,CV007_001,1081856
42862,704,0,CV007_001,1082560
42863,692,0,CV007_001,1083252
42864,692,0,CV007_001,1083944
42865,684,0,CV007_001,1084628
42866,676,0,CV007_001,1085304
42867,684,0,CV007_001,1085988
42868,676,0,CV007_001,1086664
42869,712,0,CV007_001,1087376
42870,724,0,CV007_001,1088100
42871,688,0,CV007_001,1088788
42872,684,0,CV007_001,1089472
42873,696,0,CV007_001,1090168
42874,696,0,CV007_001,1090864
42875,680,0,CV007_001,1091544
42876,688,0,CV007_001,1092232
42877,688,0,CV007_001,1092920
42878,1356,0,CV007_001,1094276
42879,660,0,CV007_001,1094936
42880,668,0,CV007_001,1095604
42881,664,0,CV007_001,1096268
42882,656,0,CV007_001,1096924
42883,648,0,CV007_001,1097572
42884,668,0,CV007_001,1098240
42885,668,0,CV007_001,1098908
42886,676,0,CV007_001,1099584
42887,700,0,CV007_001,1100284
42888,672,0,CV007_001,1100956
42889,668,0,CV007_001,1101624
42890,676,0,CV007_001,1102300
42891,660,0,CV007_001,1102960
42892,656,0,CV007_001,1103616
42893,644,0,CV007_001,1104260
42894,652,0,CV007_001,1104912
42895,648,0,CV007_001,1105560
42896,660,0,CV007_001,1106220
42897,696,0,CV007_001,1106916
42898,752,0,CV007_001,1107668
42899,812,0,CV007_001,1108480
42900,760,0,CV007_001,1109240
42901,748,0,CV007_001,1109988
42902,716,0,CV007_001,1110704
42903,740,0,CV007_001,1111444
42904,832,0,CV007_001,1112276
42905,836,0,CV007_001,1113112
42906,824,0,CV007_001,1113936
42907,760,0,CV007_001,1114696
42908,808,0,CV007_001,1115504
42909,812,0,CV007_001,1116316
42910,804,0,CV007_001,1117120
42911,772,0,CV007_001,1117892
42912,776,0,CV007_001,1118668
42913,832,0,CV007_001,1119500
42914,812,0,CV007_001,1120312
42915,804,0,CV007_001,1121116
42916,788,0,CV007_001,1121904
42917,764,0,CV007_001,1122668
42918,752,0,CV007_001,1123420
42919,768,0,CV007_001,1124188
42920,760,0,CV007_001,1124948
42921,732,0,CV007_001,1125680
42922,732,0,CV007_001,1126412
42923,728,0,CV007_001,1127140
42924,720,0,CV007_001,1127860
42925,704,0,CV007_001,1128564
42926,708,0,CV007_001,1129272
42927,736,0,CV007_001,1130008
42928,724,0,CV007_001,1130732
42929,740,0,CV007_001,1131472
42930,784,0,CV007_001,1132256
42931,740,0,CV007_001,1132996
42932,796,0,CV007_001,1133792
42933,788,0,CV007_001,1134580
42934,764,0,CV007_001,1135344
42935,820,0,CV007_001,1136164
42936,768,0,CV007_001,1136932
42937,740,0,CV007_001,1137672
42938,776,0,CV007_001,1138448
42939,784,0,CV007_001,1139232
42940,744,0,CV007_001,1139976
42941,748,0,CV007_001,1140724
42942,756,0,CV007_001,1141480
42943,768,0,CV007_001,1142248
42944,760,0,CV007_001,1143008
42945,732,0,CV007_001,1143740
42946,720,0,CV007_001,1144460
42947,780,0,CV007_001,1145240
42948,820,0,CV007_001,1146060
42949,776,0,CV007_001,1146836
42950,772,0,CV007_001,1147608
42951,848,0,CV007_001,1148456
42952,836,0,CV007_001,1149292
42953,856,0,CV007_001,1150148
42954,852,0,CV007_001,1151000
42955,816,0,CV007_001,1151816
42956,904,0,CV007_001,1152720
42957,792,0,CV007_001,1153512
42958,804,0,CV007_001,1154316
42959,796,0,CV007_001,1155112
42960,760,0,CV007_001,1155872
42961,744,0,CV007_001,1156616
42962,728,0,CV007_001,1157344
42963,736,0,CV007_001,1158080
42964,772,0,CV007_001,1158852
42965,764,0,CV007_001,1159616
42966,724,0,CV007_001,1160340
42967,728,0,CV007_001,1161068
42968,724,0,CV007_001,1161792
42969,692,0,CV007_001,1162484
42970,704,0,CV007_001,1163188
42971,696,0,CV007_001,1163884
42972,684,0,CV007_001,1164568
42973,680,0,CV007_001,1165248
42974,664,0,CV007_001,1165912
42975,664,0,CV007_001,1166576
42976,664,0,CV007_001,1167240
42977,660,0,CV007_001,1167900
42978,656,0,CV007_001,1168556
42979,660,0,CV007_001,1169216
42980,668,0,CV007_001,1169884
42981,676,0,CV007_001,1170560
42982,668,0,CV007_001,1171228
42983,656,0,CV007_001,1171884
42984,660,0,CV007_001,1172544
42985,672,0,CV007_001,1173216
42986,668,0,CV007_001,1173884
42987,692,0,CV007_001,1174576
42988,716,0,CV007_001,1175292
42989,744,0,CV007_001,1176036
42990,732,0,CV007_001,1176768
42991,736,0,CV007_001,1177504
42992,764,0,CV007_001,1178268
42993,720,0,CV007_001,1178988
42994,700,0,CV007_001,1179688
42995,824,0,CV007_001,1180512
42996,804,0,CV007_001,1181316
42997,812,0,CV007_001,1182128
42998,836,0,CV007_001,1182964
42999,832,0,CV007_001,1183796
43000,836,0,CV007_001,1184632
43001,836,0,CV007_001,1185468
43002,800,0,CV007_001,1186268
43003,788,0,CV007_001,1187056
43004,776,0,CV007_001,1187832
43005,764,0,CV007_001,1188596
43006,776,0,CV007_001,1189372
43007,784,0,CV007_001,1190156
43008,784,0,CV007_001,1190940
43009,784,0,CV007_001,1191724
43010,780,0,CV007_001,1192504
43011,764,0,CV007_001,1193268
43012,768,0,CV007_001,1194036
43013,776,0,CV007_001,1194812
43014,780,0,CV007_001,1195592
43015,760,0,CV007_001,1196352
43016,768,0,CV007_001,1197120
43017,764,0,CV007_001,1197884
43018,756,0,CV007_001,1198640
43019,740,0,CV007_001,1199380
43020,740,0,CV007_001,1200120
43021,740,0,CV007_001,1200860
43022,736,0,CV007_001,1201596
43023,736,0,CV007_001,1202332
43024,736,0,CV007_001,1203068
43025,736,0,CV007_001,1203804
43026,740,0,CV007_001,1204544
43027,744,0,CV007_001,1205288
43028,764,0,CV007_001,1206052
43029,752,0,CV007_001,1206804
43030,760,0,CV007_001,1207564
43031,768,0,CV007_001,1208332
43032,768,0,CV007_001,1209100
43033,760,0,CV007_001,1209860
43034,744,0,CV007_001,1210604
43035,740,0,CV007_001,1211344
43036,716,0,CV007_001,1212060
43037,704,0,CV007_001,1212764
43038,676,0,CV007_001,1213440
43039,696,0,CV007_001,1214136
43040,716,0,CV007_001,1214852
43041,844,0,CV007_001,1215696
43042,844,0,CV007_001,1216540
43043,852,0,CV007_001,1217392
43044,868,0,CV007_001,1218260
43045,860,0,CV007_001,1219120
43046,860,0,CV007_001,1219980
43047,876,0,CV007_001,1220856
43048,876,0,CV007_001,1221732
43049,856,0,CV007_001,1222588
43050,824,0,CV007_001,1223412
43051,812,0,CV007_001,1224224
43052,820,0,CV007_001,1225044
43053,804,0,CV007_001,1225848
43054,812,0,CV007_001,1226660
43055,820,0,CV007_001,1227480
43056,812,0,CV007_001,1228292
43057,808,0,CV007_001,1229100
43058,784,0,CV007_001,1229884
43059,768,0,CV007_001,1230652
43060,756,0,CV007_001,1231408
43061,748,0,CV007_001,1232156
43062,772,0,CV007_001,1232928
43063,776,0,CV007_001,1233704
43064,796,0,CV007_001,1234500
43065,812,0,CV007_001,1235312
43066,804,0,CV007_001,1236116
43067,792,0,CV007_001,1236908
43068,780,0,CV007_001,1237688
43069,752,0,CV007_001,1238440
43070,752,0,CV007_001,1239192
43071,760,0,CV007_001,1239952
43072,776,0,CV007_001,1240728
43073,804,0,CV007_001,1241532
43074,816,0,CV007_001,1242348
43075,800,0,CV007_001,1243148
43076,756,0,CV007_001,1243904
43077,736,0,CV007_001,1244640
43078,736,0,CV007_001,1245376
43079,728,0,CV007_001,1246104
43080,728,0,CV007_001,1246832
43081,708,0,CV007_001,1247540
43082,708,0,CV007_001,1248248
43083,692,0,CV007_001,1248940
43084,688,0,CV007_001,1249628
43085,692,0,CV007_001,1250320
43086,696,0,CV007_001,1251016
43087,684,0,CV007_001,1251700
43088,672,0,CV007_001,1252372
43089,656,0,CV007_001,1253028
43090,624,0,CV007_001,1253652
43091,612,0,CV007_001,1254264
43092,612,0,CV007_001,1254876
43093,620,0,CV007_001,1255496
43094,624,0,CV007_001,1256120
43095,636,0,CV007_001,1256756
43096,684,0,CV007_001,1257440
43097,708,0,CV007_001,1258148
43098,732,0,CV007_001,1258880
43099,756,0,CV007_001,1259636
43100,736,0,CV007_001,1260372
43101,696,0,CV007_001,1261068
43102,716,0,CV007_001,1261784
43103,720,0,CV007_001,1262504
43104,724,0,CV007_001,1263228
43105,792,0,CV007_001,1264020
43106,744,0,CV007_001,1264764
43107,704,0,CV007_001,1265468
43108,688,0,CV007_001,1266156
43109,676,0,CV007_001,1266832
43110,680,0,CV007_001,1267512
43111,680,0,CV007_001,1268192
43112,700,0,CV007_001,1268892
43113,692,0,CV007_001,1269584
43114,672,0,CV007_001,1270256
43115,696,0,CV007_001,1270952
43116,700,0,CV007_001,1271652
43117,704,0,CV007_001,1272356
43118,744,0,CV007_001,1273100
43119,848,0,CV007_001,1273948
43120,820,0,CV007_001,1274768
43121,764,0,CV007_001,1275532
43122,816,0,CV007_001,1276348
43123,784,0,CV007_001,1277132
43124,764,0,CV007_001,1277896
43125,796,0,CV007_001,1278692
43126,760,0,CV007_001,1279452
43127,756,0,CV007_001,1280208
43128,760,0,CV007_001,1280968
43129,724,0,CV007_001,1281692
43130,736,0,CV007_001,1282428
43131,720,0,CV007_001,1283148
43132,704,0,CV007_001,1283852
43133,704,0,CV007_001,1284556
43134,692,0,CV007_001,1285248
43135,712,0,CV007_001,1285960
43136,704,0,CV007_001,1286664
43137,700,0,CV007_001,1287364
43138,672,0,CV007_001,1288036
43139,680,0,CV007_001,1288716
43140,672,0,CV007_001,1289388
43141,652,0,CV007_001,1290040
43142,656,0,CV007_001,1290696
43143,648,0,CV007_001,1291344
43144,656,0,CV007_001,1292000
43145,668,0,CV007_001,1292668
43146,672,0,CV007_001,1293340
43147,672,0,CV007_001,1294012
43148,692,0,CV007_001,1294704
43149,724,0,CV007_001,1295428
43150,756,0,CV007_001,1296184
43151,744,0,CV007_001,1296928
43152,712,0,CV007_001,1297640
43153,776,0,CV007_001,1298416
43154,772,0,CV007_001,1299188
43155,768,0,CV007_001,1299956
43156,776,0,CV007_001,1300732
43157,776,0,CV007_001,1301508
43158,724,0,CV007_001,1302232
43159,776,0,CV007_001,1303008
43160,768,0,CV007_001,1303776
43161,768,0,CV007_001,1304544
43162,760,0,CV007_001,1305304
43163,764,0,CV007_001,1306068
43164,772,0,CV007_001,1306840
43165,724,0,CV007_001,1307564
43166,760,0,CV007_001,1308324
43167,808,0,CV007_001,1309132
43168,788,0,CV007_001,1309920
43169,772,0,CV007_001,1310692
43170,768,0,CV007_001,1311460
43171,764,0,CV007_001,1312224
43172,776,0,CV007_001,1313000
43173,752,0,CV007_001,1313752
43174,752,0,CV007_001,1314504
43175,760,0,CV007_001,1315264
43176,736,0,CV007_001,1316000
43177,696,0,CV007_001,1316696
43178,688,0,CV007_001,1317384
43179,684,0,CV007_001,1318068
43180,708,0,CV007_001,1318776
43181,728,0,CV007_001,1319504
43182,712,0,CV007_001,1320216
43183,776,0,CV007_001,1320992
43184,828,0,CV007_001,1321820
43185,784,0,CV007_001,1322604
43186,760,0,CV007_001,1323364
43187,764,0,CV007_001,1324128
43188,788,0,CV007_001,1324916
43189,812,0,CV007_001,1325728
43190,772,0,CV007_001,1326500
43191,756,0,CV007_001,1327256
43192,748,0,CV007_001,1328004
43193,708,0,CV007_001,1328712
43194,740,0,CV007_001,1329452
43195,724,0,CV007_001,1330176
43196,708,0,CV007_001,1330884
43197,768,0,CV007_001,1331652
43198,764,0,CV007_001,1332416
43199,776,0,CV007_001,1333192
43200,768,0,CV007_001,1333960
43201,780,0,CV007_001,1334740
43202,784,0,CV007_001,1335524
43203,768,0,CV007_001,1336292
43204,780,0,CV007_001,1337072
43205,788,0,CV007_001,1337860
43206,776,0,CV007_001,1338636
43207,780,0,CV007_001,1339416
43208,780,0,CV007_001,1340196
43209,364,0,CV007_001,1340560
43210,376,0,CV007_001,1340936
43211,788,0,CV007_001,1341724
43212,732,0,CV007_001,1342456
43213,712,0,CV007_001,1343168
43214,704,0,CV007_001,1343872
43215,704,0,CV007_001,1344576
43216,688,0,CV007_001,1345264
43217,688,0,CV007_001,1345952
43218,688,0,CV007_001,1346640
43219,680,0,CV007_001,1347320
43220,656,0,CV007_001,1347976
43221,656,0,CV007_001,1348632
43222,656,0,CV007_001,1349288
43223,652,0,CV007_001,1349940
43224,652,0,CV007_001,1350592
43225,680,0,CV007_001,1351272
43226,716,0,CV007_001,1351988
43227,784,0,CV007_001,1352772
43228,788,0,CV007_001,1353560
43229,736,0,CV007_001,1354296
43230,752,0,CV007_001,1355048
43231,788,0,CV007_001,1355836
43232,776,0,CV007_001,1356612
43233,768,0,CV007_001,1357380
43234,776,0,CV007_001,1358156
43235,772,0,CV007_001,1358928
43236,744,0,CV007_001,1359672
43237,776,0,CV007_001,1360448
43238,768,0,CV007_001,1361216
43239,756,0,CV007_001,1361972
43240,744,0,CV007_001,1362716
43241,720,0,CV007_001,1363436
43242,724,0,CV007_001,1364160
43243,712,0,CV007_001,1364872
43244,704,0,CV007_001,1365576
43245,712,0,CV007_001,1366288
43246,696,0,CV007_001,1366984
43247,720,0,CV007_001,1367704
43248,776,0,CV007_001,1368480
43249,796,0,CV007_001,1369276
43250,532,0,CV007_001,1369808
43251,852,0,CV007_001,1370660
43252,780,0,CV007_001,1371440
43253,752,0,CV007_001,1372192
43254,752,0,CV007_001,1372944
43255,744,0,CV007_001,1373688
43256,732,0,CV007_001,1374420
43257,212,0,CV007_001,1374632
43258,532,0,CV007_001,1375164
43259,316,0,CV007_001,1375480
43260,408,0,CV007_001,1375888
43261,724,0,CV007_001,1376612
43262,736,0,CV007_001,1377348
43263,704,0,CV007_001,1378052
43264,712,0,CV007_001,1378764
43265,720,0,CV007_001,1379484
43266,716,0,CV007_001,1380200
43267,700,0,CV007_001,1380900
43268,712,0,CV007_001,1381612
43269,1392,0,CV007_001,1383004
43270,692,0,CV007_001,1383696
43271,688,0,CV007_001,1384384
43272,676,0,CV007_001,1385060
43273,660,0,CV007_001,1385720
43274,648,0,CV007_001,1386368
43275,648,0,CV007_001,1387016
43276,644,0,CV007_001,1387660
43277,628,0,CV007_001,1388288
43278,620,0,CV007_001,1388908
43279,604,0,CV007_001,1389512
43280,476,0,CV007_001,1389988
43281,120,0,CV007_001,1390108
43282,580,0,CV007_001,1390688
43283,1164,0,CV007_001,1391852
43284,392,0,CV007_001,1392244
43285,196,0,CV007_001,1392440
43286,152,0,CV007_001,1392592
43287,440,0,CV007_001,1393032
43288,776,0,CV007_001,1393808
43289,20,0,CV007_001,1393828
43290,332,0,CV007_001,1394160
43291,692,0,CV007_001,1394852
43292,620,0,CV007_001,1395472
43293,640,0,CV007_001,1396112
43294,372,0,CV007_001,1396484
43295,72,0,CV007_001,1396556
43296,840,0,CV007_001,1397396
43297,668,0,CV007_001,1398064
43298,1652,0,CV007_002,1652
43299,776,0,CV007_002,2428
43300,424,0,CV007_002,2852
43301,432,0,CV007_002,3284
43302,816,0,CV007_002,4100
43303,832,0,CV007_002,4932
43304,808,0,CV007_002,5740
43305,816,0,CV007_002,6556
43306,828,0,CV007_002,7384
43307,796,0,CV007_002,8180
43308,812,0,CV007_002,8992
43309,796,0,CV007_002,9788
43310,812,0,CV007_002,10600
43311,252,0,CV007_002,10852
43312,536,0,CV007_002,11388
43313,468,0,CV007_002,11856
43314,344,0,CV007_002,12200
43315,656,0,CV007_002,12856
43316,160,0,CV007_002,13016
43317,828,0,CV007_002,13844
43318,828,0,CV007_002,14672
43319,188,0,CV007_002,14860
43320,616,0,CV007_002,15476
43321,384,0,CV007_002,15860
43322,408,0,CV007_002,16268
43323,592,0,CV007_002,16860
43324,208,0,CV007_002,17068
43325,792,0,CV007_002,17860
43326,756,0,CV007_002,18616
43327,244,0,CV007_002,18860
43328,508,0,CV007_002,19368
43329,492,0,CV007_002,19860
43330,264,0,CV007_002,20124
43331,744,0,CV007_002,20868
43332,728,0,CV007_002,21596
43333,724,0,CV007_002,22320
43334,728,0,CV007_002,23048
43335,720,0,CV007_002,23768
43336,736,0,CV007_002,24504
43337,744,0,CV007_002,25248
43338,768,0,CV007_002,26016
43339,768,0,CV007_002,26784
43340,752,0,CV007_002,27536
43341,760,0,CV007_002,28296
43342,772,0,CV007_002,29068
43343,1544,0,CV007_002,30612
43344,776,0,CV007_002,31388
43345,788,0,CV007_002,32176
43346,792,0,CV007_002,32968
43347,788,0,CV007_002,33756
43348,776,0,CV007_002,34532
43349,336,0,CV007_002,34868
43350,372,0,CV007_002,35240
43351,272,0,CV007_002,35512
43352,224,0,CV007_002,35736
43353,372,0,CV007_002,36108
43354,864,0,CV007_002,36972
43355,728,0,CV007_002,37700
43356,408,0,CV007_002,38108
43357,264,0,CV007_002,38372
43358,928,0,CV007_002,39300
43359,204,0,CV007_002,39504
43360,444,0,CV007_002,39948
43361,160,0,CV007_002,40108
43362,260,0,CV007_002,40368
43363,1348,0,CV007_002,41716
43364,832,0,CV007_002,42548
43365,1676,0,CV007_002,44224
43366,812,0,CV007_002,45036
43367,820,0,CV007_002,45856
43368,816,0,CV007_002,46672
43369,792,0,CV007_002,47464
43370,804,0,CV007_002,48268
43371,244,0,CV007_002,48512
43372,560,0,CV007_002,49072
43373,280,0,CV007_002,49352
43374,1344,0,CV007_002,50696
43375,828,0,CV007_002,51524
43376,1724,0,CV007_002,53248
43377,632,0,CV007_002,53880
43378,228,0,CV007_002,54108
43379,776,0,CV007_002,54884
43380,116,0,CV007_002,55000
43381,1804,0,CV007_002,56804
43382,872,0,CV007_002,57676
43383,208,0,CV007_002,57884
43384,636,0,CV007_002,58520
43385,812,0,CV007_002,59332
43386,812,0,CV007_002,60144
43387,816,0,CV007_002,60960
43388,864,0,CV007_002,61824
43389,56,0,CV007_002,61880
43390,688,0,CV007_002,62568
43391,316,0,CV007_002,62884
43392,496,0,CV007_002,63380
43393,504,0,CV007_002,63884
43394,308,0,CV007_002,64192
43395,800,0,CV007_002,64992
43396,808,0,CV007_002,65800
43397,84,0,CV007_002,65884
43398,696,0,CV007_002,66580
43399,308,0,CV007_002,66888
43400,492,0,CV007_002,67380
43401,504,0,CV007_002,67884
43402,292,0,CV007_002,68176
43403,816,0,CV007_002,68992
43404,808,0,CV007_002,69800
43405,800,0,CV007_002,70600
43406,284,0,CV007_002,70884
43407,524,0,CV007_002,71408
43408,792,0,CV007_002,72200
43409,688,0,CV007_002,72888
43410,120,0,CV007_002,73008
43411,808,0,CV007_002,73816
43412,804,0,CV007_002,74620
43413,272,0,CV007_002,74892
43414,536,0,CV007_002,75428
43415,468,0,CV007_002,75896
43416,356,0,CV007_002,76252
43417,636,0,CV007_002,76888
43418,192,0,CV007_002,77080
43419,1640,0,CV007_002,78720
43420,796,0,CV007_002,79516
43421,380,0,CV007_002,79896
43422,1000,0,CV007_002,80896
43423,256,0,CV007_002,81152
43424,740,0,CV007_002,81892
43425,100,0,CV007_002,81992
43426,820,0,CV007_002,82812
43427,816,0,CV007_002,83628
43428,272,0,CV007_002,83900
43429,560,0,CV007_002,84460
43430,436,0,CV007_002,84896
43431,404,0,CV007_002,85300
43432,828,0,CV007_002,86128
43433,1604,0,CV007_002,87732
43434,812,0,CV007_002,88544
43435,808,0,CV007_002,89352
43436,788,0,CV007_002,90140
43437,880,0,CV007_002,91020
43438,872,0,CV007_002,91892
43439,632,0,CV007_002,92524
43440,868,0,CV007_002,93392
43441,504,0,CV007_002,93896
43442,212,0,CV007_002,94108
43443,1116,0,CV007_002,95224
43444,320,0,CV007_002,95544
43445,196,0,CV007_002,95740
43446,820,0,CV007_002,96560
43447,700,0,CV007_002,97260
43448,140,0,CV007_002,97400
43449,588,0,CV007_002,97988
43450,256,0,CV007_002,98244
43451,656,0,CV007_002,98900
43452,180,0,CV007_002,99080
43453,2552,0,CV007_002,101632
43454,836,0,CV007_002,102468
43455,844,0,CV007_002,103312
43456,588,0,CV007_002,103900
43457,252,0,CV007_002,104152
43458,852,0,CV007_002,105004
43459,900,0,CV007_002,105904
43460,672,0,CV007_002,106576
43461,804,0,CV007_002,107380
43462,528,0,CV007_002,107908
43463,276,0,CV007_002,108184
43464,820,0,CV007_002,109004
43465,716,0,CV007_002,109720
43466,760,0,CV007_002,110480
43467,428,0,CV007_002,110908
43468,328,0,CV007_002,111236
43469,768,0,CV007_002,112004
43470,904,0,CV007_002,112908
43471,632,0,CV007_002,113540
43472,192,0,CV007_002,113732
43473,604,0,CV007_002,114336
43474,572,0,CV007_002,114908
43475,1000,0,CV007_002,115908
43476,772,0,CV007_002,116680
43477,776,0,CV007_002,117456
43478,780,0,CV007_002,118236
43479,804,0,CV007_002,119040
43480,704,0,CV007_002,119744
43481,752,0,CV007_002,120496
43482,1508,0,CV007_002,122004
43483,1480,0,CV007_002,123484
43484,728,0,CV007_002,124212
43485,1468,0,CV007_002,125680
43486,728,0,CV007_002,126408
43487,728,0,CV007_002,127136
43488,720,0,CV007_002,127856
43489,732,0,CV007_002,128588
43490,732,0,CV007_002,129320
43491,740,0,CV007_002,130060
43492,732,0,CV007_002,130792
43493,728,0,CV007_002,131520
43494,732,0,CV007_002,132252
43495,1428,0,CV007_002,133680
43496,704,0,CV007_002,134384
43497,704,0,CV007_002,135088
43498,708,0,CV007_002,135796
43499,700,0,CV007_002,136496
43500,1424,0,CV007_002,137920
43501,720,0,CV007_002,138640
43502,732,0,CV007_002,139372
43503,548,0,CV007_002,139920
43504,192,0,CV007_002,140112
43505,748,0,CV007_002,140860
43506,744,0,CV007_002,141604
43507,744,0,CV007_002,142348
43508,572,0,CV007_002,142920
43509,188,0,CV007_002,143108
43510,784,0,CV007_002,143892
43511,796,0,CV007_002,144688
43512,236,0,CV007_002,144924
43513,552,0,CV007_002,145476
43514,448,0,CV007_002,145924
43515,340,0,CV007_002,146264
43516,780,0,CV007_002,147044
43517,780,0,CV007_002,147824
43518,772,0,CV007_002,148596
43519,776,0,CV007_002,149372
43520,760,0,CV007_002,150132
43521,756,0,CV007_002,150888
43522,764,0,CV007_002,151652
43523,776,0,CV007_002,152428
43524,2500,0,CV007_002,154928
43525,616,0,CV007_002,155544
43526,760,0,CV007_002,156304
43527,760,0,CV007_002,157064
43528,744,0,CV007_002,157808
43529,740,0,CV007_002,158548
43530,192,0,CV007_002,158740
43531,388,0,CV007_002,159128
43532,900,0,CV007_002,160028
43533,716,0,CV007_002,160744
43534,708,0,CV007_002,161452
43535,712,0,CV007_002,162164
43536,712,0,CV007_002,162876
43537,728,0,CV007_002,163604
43538,328,0,CV007_002,163932
43539,408,0,CV007_002,164340
43540,744,0,CV007_002,165084
43541,736,0,CV007_002,165820
43542,728,0,CV007_002,166548
43543,388,0,CV007_002,166936
43544,332,0,CV007_002,167268
43545,764,0,CV007_002,168032
43546,660,0,CV007_002,168692
43547,708,0,CV007_002,169400
43548,696,0,CV007_002,170096
43549,700,0,CV007_002,170796
43550,708,0,CV007_002,171504
43551,728,0,CV007_002,172232
43552,1508,0,CV007_002,173740
43553,756,0,CV007_002,174496
43554,740,0,CV007_002,175236
43555,1472,0,CV007_002,176708
43556,732,0,CV007_002,177440
43557,724,0,CV007_002,178164
43558,728,0,CV007_002,178892
43559,724,0,CV007_002,179616
43560,728,0,CV007_002,180344
43561,728,0,CV007_002,181072
43562,712,0,CV007_002,181784
43563,700,0,CV007_002,182484
43564,688,0,CV007_002,183172
43565,680,0,CV007_002,183852
43566,676,0,CV007_002,184528
43567,668,0,CV007_002,185196
43568,668,0,CV007_002,185864
43569,668,0,CV007_002,186532
43570,660,0,CV007_002,187192
43571,660,0,CV007_002,187852
43572,660,0,CV007_002,188512
43573,664,0,CV007_002,189176
43574,668,0,CV007_002,189844
43575,668,0,CV007_002,190512
43576,676,0,CV007_002,191188
43577,672,0,CV007_002,191860
43578,676,0,CV007_002,192536
43579,668,0,CV007_002,193204
43580,668,0,CV007_002,193872
43581,656,0,CV007_002,194528
43582,644,0,CV007_002,195172
43583,640,0,CV007_002,195812
43584,636,0,CV007_002,196448
43585,628,0,CV007_002,197076
43586,628,0,CV007_002,197704
43587,624,0,CV007_002,198328
43588,620,0,CV007_002,198948
43589,616,0,CV007_002,199564
43590,620,0,CV007_002,200184
43591,612,0,CV007_002,200796
43592,612,0,CV007_002,201408
43593,616,0,CV007_002,202024
43594,608,0,CV007_002,202632
43595,604,0,CV007_002,203236
43596,604,0,CV007_002,203840
43597,604,0,CV007_002,204444
43598,604,0,CV007_002,205048
43599,600,0,CV007_002,205648
43600,604,0,CV007_002,206252
43601,600,0,CV007_002,206852
43602,600,0,CV007_002,207452
43603,600,0,CV007_002,208052
43604,600,0,CV007_002,208652
43605,604,0,CV007_002,209256
43606,604,0,CV007_002,209860
43607,616,0,CV007_002,210476
43608,624,0,CV007_002,211100
43609,632,0,CV007_002,211732
43610,640,0,CV007_002,212372
43611,1276,0,CV007_002,213648
43612,632,0,CV007_002,214280
43613,636,0,CV007_002,214916
43614,632,0,CV007_002,215548
43615,636,0,CV007_002,216184
43616,628,0,CV007_002,216812
43617,632,0,CV007_002,217444
43618,628,0,CV007_002,218072
43619,620,0,CV007_002,218692
43620,620,0,CV007_002,219312
43621,616,0,CV007_002,219928
43622,612,0,CV007_002,220540
43623,616,0,CV007_002,221156
43624,612,0,CV007_002,221768
43625,612,0,CV007_002,222380
43626,608,0,CV007_002,222988
43627,616,0,CV007_002,223604
43628,616,0,CV007_002,224220
43629,624,0,CV007_002,224844
43630,624,0,CV007_002,225468
43631,624,0,CV007_002,226092
43632,628,0,CV007_002,226720
43633,632,0,CV007_002,227352
43634,628,0,CV007_002,227980
43635,636,0,CV007_002,228616
43636,632,0,CV007_002,229248
43637,636,0,CV007_002,229884
43638,640,0,CV007_002,230524
43639,656,0,CV007_002,231180
43640,660,0,CV007_002,231840
43641,664,0,CV007_002,232504
43642,668,0,CV007_002,233172
43643,668,0,CV007_002,233840
43644,672,0,CV007_002,234512
43645,664,0,CV007_002,235176
43646,660,0,CV007_002,235836
43647,660,0,CV007_002,236496
43648,676,0,CV007_002,237172
43649,692,0,CV007_002,237864
43650,696,0,CV007_002,238560
43651,708,0,CV007_002,239268
43652,708,0,CV007_002,239976
43653,708,0,CV007_002,240684
43654,288,0,CV007_002,240972
43655,404,0,CV007_002,241376
43656,696,0,CV007_002,242072
43657,692,0,CV007_002,242764
43658,216,0,CV007_002,242980
43659,468,0,CV007_002,243448
43660,664,0,CV007_002,244112
43661,660,0,CV007_002,244772
43662,200,0,CV007_002,244972
43663,456,0,CV007_002,245428
43664,652,0,CV007_002,246080
43665,640,0,CV007_002,246720
43666,640,0,CV007_002,247360
43667,1276,0,CV007_002,248636
43668,340,0,CV007_002,248976
43669,320,0,CV007_002,249296
43670,676,0,CV007_002,249972
43671,684,0,CV007_002,250656
43672,316,0,CV007_002,250972
43673,392,0,CV007_002,251364
43674,720,0,CV007_002,252084
43675,720,0,CV007_002,252804
43676,704,0,CV007_002,253508
43677,680,0,CV007_002,254188
43678,680,0,CV007_002,254868
43679,660,0,CV007_002,255528
43680,668,0,CV007_002,256196
43681,680,0,CV007_002,256876
43682,684,0,CV007_002,257560
43683,660,0,CV007_002,258220
43684,660,0,CV007_002,258880
43685,660,0,CV007_002,259540
43686,648,0,CV007_002,260188
43687,652,0,CV007_002,260840
43688,1300,0,CV007_002,262140
43689,644,0,CV007_002,262784
43690,640,0,CV007_002,263424
43691,640,0,CV007_002,264064
43692,644,0,CV007_002,264708
43693,648,0,CV007_002,265356
43694,648,0,CV007_002,266004
43695,652,0,CV007_002,266656
43696,660,0,CV007_002,267316
43697,672,0,CV007_002,267988
43698,680,0,CV007_002,268668
43699,688,0,CV007_002,269356
43700,700,0,CV007_002,270056
43701,720,0,CV007_002,270776
43702,732,0,CV007_002,271508
43703,724,0,CV007_002,272232
43704,760,1,CV007_002,272992
43705,664,0,CV007_002,273656
43706,696,0,CV007_002,274352
43707,1380,0,CV007_002,275732
43708,684,0,CV007_002,276416
43709,676,0,CV007_002,277092
43710,676,0,CV007_002,277768
43711,664,0,CV007_002,278432
43712,672,0,CV007_002,279104
43713,672,0,CV007_002,279776
43714,1356,0,CV007_002,281132
43715,688,0,CV007_002,281820
43716,700,0,CV007_002,282520
43717,696,0,CV007_002,283216
43718,700,0,CV007_002,283916
43719,708,0,CV007_002,284624
43720,724,0,CV007_002,285348
43721,744,0,CV007_002,286092
43722,760,0,CV007_002,286852
43723,788,0,CV007_002,287640
43724,812,0,CV007_002,288452
43725,800,0,CV007_002,289252
43726,808,0,CV007_002,290060
43727,816,0,CV007_002,290876
43728,808,0,CV007_002,291684
43729,788,0,CV007_002,292472
43730,776,0,CV007_002,293248
43731,1548,0,CV007_002,294796
43732,776,0,CV007_002,295572
43733,764,0,CV007_002,296336
43734,772,0,CV007_002,297108
43735,768,0,CV007_002,297876
43736,760,0,CV007_002,298636
43737,756,0,CV007_002,299392
43738,768,0,CV007_002,300160
43739,768,0,CV007_002,300928
43740,780,0,CV007_002,301708
43741,772,0,CV007_002,302480
43742,772,0,CV007_002,303252
43743,1564,0,CV007_002,304816
43744,796,0,CV007_002,305612
43745,804,0,CV007_002,306416
43746,820,0,CV007_002,307236
43747,1632,0,CV007_002,308868
43748,808,0,CV007_002,309676
43749,788,0,CV007_002,310464
43750,776,0,CV007_002,311240
43751,768,0,CV007_002,312008
43752,788,0,CV007_002,312796
43753,780,0,CV007_002,313576
43754,768,0,CV007_002,314344
43755,788,0,CV007_002,315132
43756,792,0,CV007_002,315924
43757,784,0,CV007_002,316708
43758,804,0,CV007_002,317512
43759,812,0,CV007_002,318324
43760,804,0,CV007_002,319128
43761,808,0,CV007_002,319936
43762,812,0,CV007_002,320748
43763,804,0,CV007_002,321552
43764,788,0,CV007_002,322340
43765,760,0,CV007_002,323100
43766,764,0,CV007_002,323864
43767,772,0,CV007_002,324636
43768,776,0,CV007_002,325412
43769,788,0,CV007_002,326200
43770,1616,0,CV007_002,327816
43771,824,0,CV007_002,328640
43772,824,0,CV007_002,329464
43773,804,0,CV007_002,330268
43774,2384,0,CV007_002,332652
43775,788,0,CV007_002,333440
43776,772,0,CV007_002,334212
43777,772,0,CV007_002,334984
43778,780,0,CV007_002,335764
43779,776,0,CV007_002,336540
43780,768,0,CV007_002,337308
43781,780,0,CV007_002,338088
43782,768,0,CV007_002,338856
43783,772,0,CV007_002,339628
43784,756,0,CV007_002,340384
43785,736,0,CV007_002,341120
43786,728,0,CV007_002,341848
43787,724,0,CV007_002,342572
43788,724,0,CV007_002,343296
43789,732,0,CV007_002,344028
43790,736,0,CV007_002,344764
43791,720,0,CV007_002,345484
43792,724,0,CV007_002,346208
43793,724,0,CV007_002,346932
43794,732,0,CV007_002,347664
43795,732,0,CV007_002,348396
43796,720,0,CV007_002,349116
43797,716,0,CV007_002,349832
43798,720,0,CV007_002,350552
43799,732,0,CV007_002,351284
43800,748,0,CV007_002,352032
43801,744,0,CV007_002,352776
43802,744,0,CV007_002,353520
43803,740,0,CV007_002,354260
43804,736,0,CV007_002,354996
43805,744,0,CV007_002,355740
43806,744,0,CV007_002,356484
43807,744,0,CV007_002,357228
43808,764,0,CV007_002,357992
43809,780,0,CV007_002,358772
43810,808,0,CV007_002,359580
43811,828,0,CV007_002,360408
43812,824,0,CV007_002,361232
43813,816,0,CV007_002,362048
43814,840,0,CV007_002,362888
43815,832,0,CV007_002,363720
43816,832,0,CV007_002,364552
43817,800,0,CV007_002,365352
43818,804,0,CV007_002,366156
43819,808,0,CV007_002,366964
43820,808,0,CV007_002,367772
43821,788,0,CV007_002,368560
43822,788,0,CV007_002,369348
43823,796,0,CV007_002,370144
43824,800,0,CV007_002,370944
43825,788,0,CV007_002,371732
43826,796,0,CV007_002,372528
43827,780,0,CV007_002,373308
43828,824,1,CV007_002,374132
43829,728,0,CV007_002,374860
43830,784,0,CV007_002,375644
43831,788,0,CV007_002,376432
43832,792,0,CV007_002,377224
43833,776,0,CV007_002,378000
43834,788,0,CV007_002,378788
43835,788,0,CV007_002,379576
43836,468,0,CV007_002,380044
43837,312,0,CV007_002,380356
43838,772,0,CV007_002,381128
43839,768,0,CV007_002,381896
43840,764,0,CV007_002,382660
43841,384,0,CV007_002,383044
43842,376,0,CV007_002,383420
43843,752,0,CV007_002,384172
43844,756,0,CV007_002,384928
43845,752,0,CV007_002,385680
43846,764,0,CV007_002,386444
43847,756,0,CV007_002,387200
43848,760,0,CV007_002,387960
43849,1532,0,CV007_002,389492
43850,756,0,CV007_002,390248
43851,764,0,CV007_002,391012
43852,760,0,CV007_002,391772
43853,748,0,CV007_002,392520
43854,760,0,CV007_002,393280
43855,772,0,CV007_002,394052
43856,784,0,CV007_002,394836
43857,776,0,CV007_002,395612
43858,784,0,CV007_002,396396
43859,788,0,CV007_002,397184
43860,792,0,CV007_002,397976
43861,788,0,CV007_002,398764
43862,792,0,CV007_002,399556
43863,808,0,CV007_002,400364
43864,808,0,CV007_002,401172
43865,796,0,CV007_002,401968
43866,800,0,CV007_002,402768
43867,796,0,CV007_002,403564
43868,788,0,CV007_002,404352
43869,772,0,CV007_002,405124
43870,772,0,CV007_002,405896
43871,772,0,CV007_002,406668
43872,772,0,CV007_002,407440
43873,760,0,CV007_002,408200
43874,756,0,CV007_002,408956
43875,772,0,CV007_002,409728
43876,752,0,CV007_002,410480
43877,756,0,CV007_002,411236
43878,772,0,CV007_002,412008
43879,788,0,CV007_002,412796
43880,784,0,CV007_002,413580
43881,788,0,CV007_002,414368
43882,800,0,CV007_002,415168
43883,812,0,CV007_002,415980
43884,796,0,CV007_002,416776
43885,780,0,CV007_002,417556
43886,780,0,CV007_002,418336
43887,1552,0,CV007_002,419888
43888,776,0,CV007_002,420664
43889,780,0,CV007_002,421444
43890,780,0,CV007_002,422224
43891,772,0,CV007_002,422996
43892,776,0,CV007_002,423772
43893,772,0,CV007_002,424544
43894,772,0,CV007_002,425316
43895,760,0,CV007_002,426076
43896,768,0,CV007_002,426844
43897,768,0,CV007_002,427612
43898,752,0,CV007_002,428364
43899,1520,0,CV007_002,429884
43900,776,0,CV007_002,430660
43901,768,0,CV007_002,431428
43902,768,0,CV007_002,432196
43903,772,0,CV007_002,432968
43904,780,0,CV007_002,433748
43905,764,0,CV007_002,434512
43906,756,0,CV007_002,435268
43907,756,0,CV007_002,436024
43908,756,0,CV007_002,436780
43909,752,0,CV007_002,437532
43910,744,0,CV007_002,438276
43911,752,0,CV007_002,439028
43912,748,0,CV007_002,439776
43913,740,0,CV007_002,440516
43914,740,0,CV007_002,441256
43915,752,0,CV007_002,442008
43916,748,0,CV007_002,442756
43917,744,0,CV007_002,443500
43918,744,0,CV007_002,444244
43919,740,0,CV007_002,444984
43920,732,0,CV007_002,445716
43921,728,0,CV007_002,446444
43922,728,0,CV007_002,447172
43923,732,0,CV007_002,447904
43924,728,0,CV007_002,448632
43925,448,0,CV007_002,449080
43926,280,0,CV007_002,449360
43927,724,0,CV007_002,450084
43928,708,0,CV007_002,450792
43929,700,0,CV007_002,451492
43930,712,0,CV007_002,452204
43931,720,0,CV007_002,452924
43932,712,0,CV007_002,453636
43933,720,0,CV007_002,454356
43934,724,0,CV007_002,455080
43935,736,0,CV007_002,455816
43936,728,0,CV007_002,456544
43937,716,0,CV007_002,457260
43938,728,0,CV007_002,457988
43939,732,0,CV007_002,458720
43940,724,0,CV007_002,459444
43941,716,0,CV007_002,460160
43942,736,0,CV007_002,460896
43943,748,0,CV007_002,461644
43944,736,0,CV007_002,462380
43945,800,1,CV007_002,463180
43946,708,0,CV007_002,463888
43947,764,0,CV007_002,464652
43948,756,0,CV007_002,465408
43949,768,0,CV007_002,466176
43950,780,0,CV007_002,466956
43951,792,0,CV007_002,467748
43952,788,0,CV007_002,468536
43953,784,0,CV007_002,469320
43954,1592,0,CV007_002,470912
43955,788,0,CV007_002,471700
43956,784,0,CV007_002,472484
43957,788,0,CV007_002,473272
43958,796,0,CV007_002,474068
43959,780,0,CV007_002,474848
43960,792,0,CV007_002,475640
43961,788,0,CV007_002,476428
43962,788,0,CV007_002,477216
43963,776,0,CV007_002,477992
43964,776,0,CV007_002,478768
43965,776,0,CV007_002,479544
43966,780,0,CV007_002,480324
43967,768,0,CV007_002,481092
43968,768,0,CV007_002,481860
43969,776,0,CV007_002,482636
43970,780,0,CV007_002,483416
43971,768,0,CV007_002,484184
43972,764,0,CV007_002,484948
43973,772,0,CV007_002,485720
43974,784,0,CV007_002,486504
43975,776,0,CV007_002,487280
43976,768,0,CV007_002,488048
43977,772,0,CV007_002,488820
43978,776,0,CV007_002,489596
43979,776,0,CV007_002,490372
43980,1508,0,CV007_002,491880
43981,756,0,CV007_002,492636
43982,748,0,CV007_002,493384
43983,732,0,CV007_002,494116
43984,748,0,CV007_002,494864
43985,740,0,CV007_002,495604
43986,732,0,CV007_002,496336
43987,716,0,CV007_002,497052
43988,724,0,CV007_002,497776
43989,732,0,CV007_002,498508
43990,736,0,CV007_002,499244
43991,728,0,CV007_002,499972
43992,720,0,CV007_002,500692
43993,724,0,CV007_002,501416
43994,1464,0,CV007_002,502880
43995,732,0,CV007_002,503612
43996,744,0,CV007_002,504356
43997,744,0,CV007_002,505100
43998,732,0,CV007_002,505832
43999,728,0,CV007_002,506560
44000,744,0,CV007_002,507304
44001,732,0,CV007_002,508036
44002,720,0,CV007_002,508756
44003,712,0,CV007_002,509468
44004,720,0,CV007_002,510188
44005,720,0,CV007_002,510908
44006,708,0,CV007_002,511616
44007,700,0,CV007_002,512316
44008,704,0,CV007_002,513020
44009,704,0,CV007_002,513724
44010,700,0,CV007_002,514424
44011,688,0,CV007_002,515112
44012,680,0,CV007_002,515792
44013,676,0,CV007_002,516468
44014,1352,0,CV007_002,517820
44015,668,0,CV007_002,518488
44016,1320,0,CV007_002,519808
44017,656,0,CV007_002,520464
44018,652,0,CV007_002,521116
44019,644,0,CV007_002,521760
44020,640,0,CV007_002,522400
44021,632,0,CV007_002,523032
44022,640,0,CV007_002,523672
44023,628,0,CV007_002,524300
44024,628,0,CV007_002,524928
44025,628,0,CV007_002,525556
44026,624,0,CV007_002,526180
44027,624,0,CV007_002,526804
44028,624,0,CV007_002,527428
44029,624,0,CV007_002,528052
44030,620,0,CV007_002,528672
44031,624,0,CV007_002,529296
44032,624,0,CV007_002,529920
44033,616,0,CV007_002,530536
44034,1248,0,CV007_002,531784
44035,624,0,CV007_002,532408
44036,624,0,CV007_002,533032
44037,628,0,CV007_002,533660
44038,640,0,CV007_002,534300
44039,640,0,CV007_002,534940
44040,640,0,CV007_002,535580
44041,640,0,CV007_002,536220
44042,644,0,CV007_002,536864
44043,648,0,CV007_002,537512
44044,1292,0,CV007_002,538804
44045,648,0,CV007_002,539452
44046,656,0,CV007_002,540108
44047,644,0,CV007_002,540752
44048,648,0,CV007_002,541400
44049,652,0,CV007_002,542052
44050,652,0,CV007_002,542704
44051,660,0,CV007_002,543364
44052,656,0,CV007_002,544020
44053,656,0,CV007_002,544676
44054,672,0,CV007_002,545348
44055,676,0,CV007_002,546024
44056,668,0,CV007_002,546692
44057,680,0,CV007_002,547372
44058,692,0,CV007_002,548064
44059,688,0,CV007_002,548752
44060,688,0,CV007_002,549440
44061,696,0,CV007_002,550136
44062,708,0,CV007_002,550844
44063,704,0,CV007_002,551548
44064,696,0,CV007_002,552244
44065,720,0,CV007_002,552964
44066,720,0,CV007_002,553684
44067,716,0,CV007_002,554400
44068,708,0,CV007_002,555108
44069,692,0,CV007_002,555800
44070,700,0,CV007_002,556500
44071,728,0,CV007_002,557228
44072,720,0,CV007_002,557948
44073,704,0,CV007_002,558652
44074,692,0,CV007_002,559344
44075,692,0,CV007_002,560036
44076,692,0,CV007_002,560728
44077,684,0,CV007_002,561412
44078,672,0,CV007_002,562084
44079,688,0,CV007_002,562772
44080,684,0,CV007_002,563456
44081,688,0,CV007_002,564144
44082,700,0,CV007_002,564844
44083,744,0,CV007_002,565588
44084,764,0,CV007_002,566352
44085,776,0,CV007_002,567128
44086,756,0,CV007_002,567884
44087,788,0,CV007_002,568672
44088,788,0,CV007_002,569460
44089,764,0,CV007_002,570224
44090,780,0,CV007_002,571004
44091,788,0,CV007_002,571792
44092,784,0,CV007_002,572576
44093,768,0,CV007_002,573344
44094,776,0,CV007_002,574120
44095,772,0,CV007_002,574892
44096,760,0,CV007_002,575652
44097,772,0,CV007_002,576424
44098,780,0,CV007_002,577204
44099,768,0,CV007_002,577972
44100,752,0,CV007_002,578724
44101,748,0,CV007_002,579472
44102,744,0,CV007_002,580216
44103,732,0,CV007_002,580948
44104,744,0,CV007_002,581692
44105,744,0,CV007_002,582436
44106,1496,0,CV007_002,583932
44107,760,0,CV007_002,584692
44108,752,0,CV007_002,585444
44109,796,1,CV007_002,586240
44110,708,0,CV007_002,586948
44111,760,0,CV007_002,587708
44112,748,0,CV007_002,588456
44113,1484,0,CV007_002,589940
44114,748,0,CV007_002,590688
44115,740,0,CV007_002,591428
44116,732,0,CV007_002,592160
44117,744,0,CV007_002,592904
44118,756,0,CV007_002,593660
44119,760,0,CV007_002,594420
44120,748,0,CV007_002,595168
44121,760,0,CV007_002,595928
44122,768,0,CV007_002,596696
44123,764,0,CV007_002,597460
44124,752,0,CV007_002,598212
44125,728,0,CV007_002,598940
44126,728,0,CV007_002,599668
44127,744,0,CV007_002,600412
44128,756,0,CV007_002,601168
44129,760,0,CV007_002,601928
44130,752,0,CV007_002,602680
44131,748,0,CV007_002,603428
44132,744,0,CV007_002,604172
44133,760,0,CV007_002,604932
44134,748,0,CV007_002,605680
44135,752,0,CV007_002,606432
44136,1548,0,CV007_002,607980
44137,544,0,CV007_002,608524
44138,912,0,CV007_002,609436
44139,820,0,CV007_002,610256
44140,812,0,CV007_002,611068
44141,788,0,CV007_002,611856
44142,780,0,CV007_002,612636
44143,788,0,CV007_002,613424
44144,792,0,CV007_002,614216
44145,776,0,CV007_002,614992
44146,784,0,CV007_002,615776
44147,808,0,CV007_002,616584
44148,804,0,CV007_002,617388
44149,784,0,CV007_002,618172
44150,792,0,CV007_002,618964
44151,800,0,CV007_002,619764
44152,800,0,CV007_002,620564
44153,784,0,CV007_002,621348
44154,772,0,CV007_002,622120
44155,784,0,CV007_002,622904
44156,780,0,CV007_002,623684
44157,760,0,CV007_002,624444
44158,1500,0,CV007_002,625944
44159,768,0,CV007_002,626712
44160,768,0,CV007_002,627480
44161,760,0,CV007_002,628240
44162,768,0,CV007_002,629008
44163,768,0,CV007_002,629776
44164,756,0,CV007_002,630532
44165,756,0,CV007_002,631288
44166,764,0,CV007_002,632052
44167,772,0,CV007_002,632824
44168,780,0,CV007_002,633604
44169,768,0,CV007_002,634372
44170,772,0,CV007_002,635144
44171,768,0,CV007_002,635912
44172,776,0,CV007_002,636688
44173,764,0,CV007_002,637452
44174,1516,0,CV007_002,638968
44175,776,0,CV007_002,639744
44176,784,0,CV007_002,640528
44177,780,0,CV007_002,641308
44178,776,0,CV007_002,642084
44179,780,0,CV007_002,642864
44180,792,0,CV007_002,643656
44181,780,0,CV007_002,644436
44182,1564,0,CV007_002,646000
44183,796,0,CV007_002,646796
44184,780,0,CV007_002,647576
44185,768,0,CV007_002,648344
44186,772,0,CV007_002,649116
44187,780,0,CV007_002,649896
44188,764,0,CV007_002,650660
44189,744,0,CV007_002,651404
44190,736,0,CV007_002,652140
44191,752,0,CV007_002,652892
44192,764,0,CV007_002,653656
44193,772,0,CV007_002,654428
44194,756,0,CV007_002,655184
44195,768,0,CV007_002,655952
44196,780,0,CV007_002,656732
44197,788,0,CV007_002,657520
44198,800,0,CV007_002,658320
44199,812,0,CV007_002,659132
44200,804,0,CV007_002,659936
44201,784,0,CV007_002,660720
44202,780,0,CV007_002,661500
44203,776,0,CV007_002,662276
44204,772,0,CV007_002,663048
44205,760,0,CV007_002,663808
44206,764,0,CV007_002,664572
44207,768,0,CV007_002,665340
44208,756,0,CV007_002,666096
44209,748,0,CV007_002,666844
44210,728,0,CV007_002,667572
44211,708,0,CV007_002,668280
44212,700,0,CV007_002,668980
44213,712,0,CV007_002,669692
44214,740,0,CV007_002,670432
44215,768,0,CV007_002,671200
44216,788,0,CV007_002,671988
44217,800,0,CV007_002,672788
44218,804,0,CV007_002,673592
44219,816,0,CV007_002,674408
44220,1648,0,CV007_002,676056
44221,828,0,CV007_002,676884
44222,804,0,CV007_002,677688
44223,788,0,CV007_002,678476
44224,776,0,CV007_002,679252
44225,780,0,CV007_002,680032
44226,756,0,CV007_002,680788
44227,756,0,CV007_002,681544
44228,768,0,CV007_002,682312
44229,792,0,CV007_002,683104
44230,788,0,CV007_002,683892
44231,764,0,CV007_002,684656
44232,760,0,CV007_002,685416
44233,772,0,CV007_002,686188
44234,756,0,CV007_002,686944
44235,752,0,CV007_002,687696
44236,768,0,CV007_002,688464
44237,832,0,CV007_002,689296
44238,744,0,CV007_002,690040
44239,768,0,CV007_002,690808
44240,772,0,CV007_002,691580
44241,784,0,CV007_002,692364
44242,800,0,CV007_002,693164
44243,776,0,CV007_002,693940
44244,772,0,CV007_002,694712
44245,788,0,CV007_002,695500
44246,796,0,CV007_002,696296
44247,800,0,CV007_002,697096
44248,784,0,CV007_002,697880
44249,784,0,CV007_002,698664
44250,792,0,CV007_002,699456
44251,1596,0,CV007_002,701052
44252,776,0,CV007_002,701828
44253,772,0,CV007_002,702600
44254,772,0,CV007_002,703372
44255,764,0,CV007_002,704136
44256,760,0,CV007_002,704896
44257,760,0,CV007_002,705656
44258,760,0,CV007_002,706416
44259,768,0,CV007_002,707184
44260,752,0,CV007_002,707936
44261,744,0,CV007_002,708680
44262,740,0,CV007_002,709420
44263,748,0,CV007_002,710168
44264,748,0,CV007_002,710916
44265,744,0,CV007_002,711660
44266,740,0,CV007_002,712400
44267,752,0,CV007_002,713152
44268,764,0,CV007_002,713916
44269,768,0,CV007_002,714684
44270,760,0,CV007_002,715444
44271,764,0,CV007_002,716208
44272,764,0,CV007_002,716972
44273,768,0,CV007_002,717740
44274,768,0,CV007_002,718508
44275,804,1,CV007_002,719312
44276,696,0,CV007_002,720008
44277,732,0,CV007_002,720740
44278,736,0,CV007_002,721476
44279,740,0,CV007_002,722216
44280,720,0,CV007_002,722936
44281,720,0,CV007_002,723656
44282,728,0,CV007_002,724384
44283,744,0,CV007_002,725128
44284,712,0,CV007_002,725840
44285,724,0,CV007_002,726564
44286,748,0,CV007_002,727312
44287,740,0,CV007_002,728052
44288,744,0,CV007_002,728796
44289,720,0,CV007_002,729516
44290,712,0,CV007_002,730228
44291,728,0,CV007_002,730956
44292,724,0,CV007_002,731680
44293,728,0,CV007_002,732408
44294,720,0,CV007_002,733128
44295,736,0,CV007_002,733864
44296,740,0,CV007_002,734604
44297,736,0,CV007_002,735340
44298,740,0,CV007_002,736080
44299,724,0,CV007_002,736804
44300,744,0,CV007_002,737548
44301,736,0,CV007_002,738284
44302,732,0,CV007_002,739016
44303,712,0,CV007_002,739728
44304,724,0,CV007_002,740452
44305,720,0,CV007_002,741172
44306,736,0,CV007_002,741908
44307,732,0,CV007_002,742640
44308,716,0,CV007_002,743356
44309,744,0,CV007_002,744100
44310,744,0,CV007_002,744844
44311,780,0,CV007_002,745624
44312,752,0,CV007_002,746376
44313,728,0,CV007_002,747104
44314,744,0,CV007_002,747848
44315,752,0,CV007_002,748600
44316,744,0,CV007_002,749344
44317,716,0,CV007_002,750060
44318,716,0,CV007_002,750776
44319,724,0,CV007_002,751500
44320,740,0,CV007_002,752240
44321,728,0,CV007_002,752968
44322,736,0,CV007_002,753704
44323,744,0,CV007_002,754448
44324,744,0,CV007_002,755192
44325,736,0,CV007_002,755928
44326,732,0,CV007_002,756660
44327,720,0,CV007_002,757380
44328,728,0,CV007_002,758108
44329,736,0,CV007_002,758844
44330,736,0,CV007_002,759580
44331,756,0,CV007_002,760336
44332,736,0,CV007_002,761072
44333,736,0,CV007_002,761808
44334,724,0,CV007_002,762532
44335,712,0,CV007_002,763244
44336,732,0,CV007_002,763976
44337,728,0,CV007_002,764704
44338,736,0,CV007_002,765440
44339,724,0,CV007_002,766164
44340,752,0,CV007_002,766916
44341,744,0,CV007_002,767660
44342,748,0,CV007_002,768408
44343,716,0,CV007_002,769124
44344,724,0,CV007_002,769848
44345,728,0,CV007_002,770576
44346,736,0,CV007_002,771312
44347,748,0,CV007_002,772060
44348,748,0,CV007_002,772808
44349,720,0,CV007_002,773528
44350,720,0,CV007_002,774248
44351,720,0,CV007_002,774968
44352,716,0,CV007_002,775684
44353,716,0,CV007_002,776400
44354,704,0,CV007_002,777104
44355,720,0,CV007_002,777824
44356,712,0,CV007_002,778536
44357,720,0,CV007_002,779256
44358,708,0,CV007_002,779964
44359,720,0,CV007_002,780684
44360,728,0,CV007_002,781412
44361,756,0,CV007_002,782168
44362,732,0,CV007_002,782900
44363,732,0,CV007_002,783632
44364,752,0,CV007_002,784384
44365,740,0,CV007_002,785124
44366,732,0,CV007_002,785856
44367,716,0,CV007_002,786572
44368,732,0,CV007_002,787304
44369,732,0,CV007_002,788036
44370,724,0,CV007_002,788760
44371,716,0,CV007_002,789476
44372,736,0,CV007_002,790212
44373,732,0,CV007_002,790944
44374,724,0,CV007_002,791668
44375,712,0,CV007_002,792380
44376,728,0,CV007_002,793108
44377,736,0,CV007_002,793844
44378,728,0,CV007_002,794572
44379,752,0,CV007_002,795324
44380,752,0,CV007_002,796076
44381,756,0,CV007_002,796832
44382,744,0,CV007_002,797576
44383,768,0,CV007_002,798344
44384,768,0,CV007_002,799112
44385,760,0,CV007_002,799872
44386,756,0,CV007_002,800628
44387,768,0,CV007_002,801396
44388,772,0,CV007_002,802168
44389,776,0,CV007_002,802944
44390,788,0,CV007_002,803732
44391,796,0,CV007_002,804528
44392,832,1,CV007_002,805360
44393,740,0,CV007_002,806100
44394,788,0,CV007_002,806888
44395,784,0,CV007_002,807672
44396,784,0,CV007_002,808456
44397,764,0,CV007_002,809220
44398,764,0,CV007_002,809984
44399,760,0,CV007_002,810744
44400,752,0,CV007_002,811496
44401,740,0,CV007_002,812236
44402,728,0,CV007_002,812964
44403,720,0,CV007_002,813684
44404,712,0,CV007_002,814396
44405,728,0,CV007_002,815124
44406,736,0,CV007_002,815860
44407,732,0,CV007_002,816592
44408,732,0,CV007_002,817324
44409,748,0,CV007_002,818072
44410,736,0,CV007_002,818808
44411,748,0,CV007_002,819556
44412,1488,0,CV007_002,821044
44413,732,0,CV007_002,821776
44414,748,0,CV007_002,822524
44415,756,0,CV007_002,823280
44416,756,0,CV007_002,824036
44417,752,0,CV007_002,824788
44418,744,0,CV007_002,825532
44419,744,0,CV007_002,826276
44420,728,0,CV007_002,827004
44421,716,0,CV007_002,827720
44422,716,0,CV007_002,828436
44423,712,0,CV007_002,829148
44424,704,0,CV007_002,829852
44425,704,0,CV007_002,830556
44426,712,0,CV007_002,831268
44427,720,0,CV007_002,831988
44428,732,0,CV007_002,832720
44429,732,0,CV007_002,833452
44430,740,0,CV007_002,834192
44431,756,0,CV007_002,834948
44432,748,0,CV007_002,835696
44433,760,0,CV007_002,836456
44434,756,0,CV007_002,837212
44435,756,0,CV007_002,837968
44436,748,0,CV007_002,838716
44437,732,0,CV007_002,839448
44438,724,0,CV007_002,840172
44439,728,0,CV007_002,840900
44440,716,0,CV007_002,841616
44441,716,0,CV007_002,842332
44442,700,0,CV007_002,843032
44443,712,0,CV007_002,843744
44444,704,0,CV007_002,844448
44445,708,0,CV007_002,845156
44446,708,0,CV007_002,845864
44447,728,0,CV007_002,846592
44448,736,0,CV007_002,847328
44449,724,0,CV007_002,848052
44450,740,0,CV007_002,848792
44451,736,0,CV007_002,849528
44452,740,0,CV007_002,850268
44453,756,0,CV007_002,851024
44454,756,0,CV007_002,851780
44455,744,0,CV007_002,852524
44456,764,0,CV007_002,853288
44457,788,0,CV007_002,854076
44458,784,0,CV007_002,854860
44459,760,0,CV007_002,855620
44460,772,0,CV007_002,856392
44461,768,0,CV007_002,857160
44462,748,0,CV007_002,857908
44463,748,0,CV007_002,858656
44464,732,0,CV007_002,859388
44465,720,0,CV007_002,860108
44466,716,0,CV007_002,860824
44467,724,0,CV007_002,861548
44468,740,0,CV007_002,862288
44469,716,0,CV007_002,863004
44470,704,0,CV007_002,863708
44471,712,0,CV007_002,864420
44472,700,0,CV007_002,865120
44473,692,0,CV007_002,865812
44474,688,0,CV007_002,866500
44475,700,0,CV007_002,867200
44476,696,0,CV007_002,867896
44477,692,0,CV007_002,868588
44478,688,0,CV007_002,869276
44479,688,0,CV007_002,869964
44480,704,0,CV007_002,870668
44481,716,0,CV007_002,871384
44482,712,0,CV007_002,872096
44483,704,0,CV007_002,872800
44484,716,0,CV007_002,873516
44485,752,0,CV007_002,874268
44486,748,0,CV007_002,875016
44487,748,0,CV007_002,875764
44488,736,0,CV007_002,876500
44489,760,0,CV007_002,877260
44490,780,0,CV007_002,878040
44491,776,0,CV007_002,878816
44492,744,0,CV007_002,879560
44493,796,0,CV007_002,880356
44494,788,0,CV007_002,881144
44495,784,0,CV007_002,881928
44496,776,0,CV007_002,882704
44497,756,0,CV007_002,883460
44498,808,0,CV007_002,884268
44499,812,0,CV007_002,885080
44500,796,0,CV007_002,885876
44501,764,0,CV007_002,886640
44502,780,0,CV007_002,887420
44503,788,0,CV007_002,888208
44504,760,0,CV007_002,888968
44505,768,0,CV007_002,889736
44506,804,0,CV007_002,890540
44507,1580,0,CV007_002,892120
44508,736,0,CV007_002,892856
44509,756,0,CV007_002,893612
44510,744,0,CV007_002,894356
44511,732,0,CV007_002,895088
44512,724,0,CV007_002,895812
44513,748,0,CV007_002,896560
44514,732,0,CV007_002,897292
44515,724,0,CV007_002,898016
44516,712,0,CV007_002,898728
44517,716,0,CV007_002,899444
44518,704,0,CV007_002,900148
44519,704,0,CV007_002,900852
44520,700,0,CV007_002,901552
44521,696,0,CV007_002,902248
44522,700,0,CV007_002,902948
44523,688,0,CV007_002,903636
44524,688,0,CV007_002,904324
44525,684,0,CV007_002,905008
44526,680,0,CV007_002,905688
44527,676,0,CV007_002,906364
44528,672,0,CV007_002,907036
44529,672,0,CV007_002,907708
44530,680,0,CV007_002,908388
44531,680,0,CV007_002,909068
44532,684,0,CV007_002,909752
44533,684,0,CV007_002,910436
44534,680,0,CV007_002,911116
44535,676,0,CV007_002,911792
44536,668,0,CV007_002,912460
44537,672,0,CV007_002,913132
44538,676,0,CV007_002,913808
44539,668,0,CV007_002,914476
44540,668,0,CV007_002,915144
44541,668,0,CV007_002,915812
44542,664,0,CV007_002,916476
44543,668,0,CV007_002,917144
44544,672,0,CV007_002,917816
44545,680,0,CV007_002,918496
44546,684,0,CV007_002,919180
44547,676,0,CV007_002,919856
44548,684,0,CV007_002,920540
44549,692,0,CV007_002,921232
44550,696,0,CV007_002,921928
44551,708,0,CV007_002,922636
44552,692,0,CV007_002,923328
44553,704,0,CV007_002,924032
44554,712,0,CV007_002,924744
44555,704,0,CV007_002,925448
44556,700,0,CV007_002,926148
44557,704,0,CV007_002,926852
44558,696,0,CV007_002,927548
44559,692,0,CV007_002,928240
44560,684,0,CV007_002,928924
44561,688,0,CV007_002,929612
44562,688,0,CV007_002,930300
44563,688,0,CV007_002,930988
44564,684,0,CV007_002,931672
44565,736,1,CV007_002,932408
44566,636,0,CV007_002,933044
44567,688,0,CV007_002,933732
44568,680,0,CV007_002,934412
44569,692,0,CV007_002,935104
44570,696,0,CV007_002,935800
44571,712,0,CV007_002,936512
44572,704,0,CV007_002,937216
44573,704,0,CV007_002,937920
44574,716,0,CV007_002,938636
44575,700,0,CV007_002,939336
44576,704,0,CV007_002,940040
44577,692,0,CV007_002,940732
44578,696,0,CV007_002,941428
44579,700,0,CV007_002,942128
44580,696,0,CV007_002,942824
44581,696,0,CV007_002,943520
44582,720,0,CV007_002,944240
44583,716,0,CV007_002,944956
44584,728,0,CV007_002,945684
44585,716,0,CV007_002,946400
44586,712,0,CV007_002,947112
44587,712,0,CV007_002,947824
44588,712,0,CV007_002,948536
44589,704,0,CV007_002,949240
44590,712,0,CV007_002,949952
44591,708,0,CV007_002,950660
44592,764,1,CV007_002,951424
44593,668,0,CV007_002,952092
44594,720,0,CV007_002,952812
44595,712,0,CV007_002,953524
44596,704,0,CV007_002,954228
44597,716,0,CV007_002,954944
44598,740,0,CV007_002,955684
44599,756,0,CV007_002,956440
44600,756,0,CV007_002,957196
44601,764,0,CV007_002,957960
44602,784,0,CV007_002,958744
44603,780,0,CV007_002,959524
44604,780,0,CV007_002,960304
44605,768,0,CV007_002,961072
44606,772,0,CV007_002,961844
44607,1548,0,CV007_002,963392
44608,772,0,CV007_002,964164
44609,772,0,CV007_002,964936
44610,764,0,CV007_002,965700
44611,748,0,CV007_002,966448
44612,748,0,CV007_002,967196
44613,748,0,CV007_002,967944
44614,740,0,CV007_002,968684
44615,752,0,CV007_002,969436
44616,760,0,CV007_002,970196
44617,756,0,CV007_002,970952
44618,744,0,CV007_002,971696
44619,732,0,CV007_002,972428
44620,732,0,CV007_002,973160
44621,724,0,CV007_002,973884
44622,704,0,CV007_002,974588
44623,700,0,CV007_002,975288
44624,716,0,CV007_002,976004
44625,736,0,CV007_002,976740
44626,752,0,CV007_002,977492
44627,756,0,CV007_002,978248
44628,744,0,CV007_002,978992
44629,752,0,CV007_002,979744
44630,756,0,CV007_002,980500
44631,752,0,CV007_002,981252
44632,752,0,CV007_002,982004
44633,744,0,CV007_002,982748
44634,740,0,CV007_002,983488
44635,732,0,CV007_002,984220
44636,740,0,CV007_002,984960
44637,740,0,CV007_002,985700
44638,732,0,CV007_002,986432
44639,728,0,CV007_002,987160
44640,728,0,CV007_002,987888
44641,716,0,CV007_002,988604
44642,716,0,CV007_002,989320
44643,716,0,CV007_002,990036
44644,704,0,CV007_002,990740
44645,708,0,CV007_002,991448
44646,712,0,CV007_002,992160
44647,712,0,CV007_002,992872
44648,704,0,CV007_002,993576
44649,700,0,CV007_002,994276
44650,704,0,CV007_002,994980
44651,712,0,CV007_002,995692
44652,1392,0,CV007_002,997084
44653,716,0,CV007_002,997800
44654,716,0,CV007_002,998516
44655,736,0,CV007_002,999252
44656,716,0,CV007_002,999968
44657,712,0,CV007_002,1000680
44658,728,0,CV007_002,1001408
44659,724,0,CV007_002,1002132
44660,720,0,CV007_002,1002852
44661,736,0,CV007_002,1003588
44662,720,0,CV007_002,1004308
44663,728,0,CV007_002,1005036
44664,720,0,CV007_002,1005756
44665,720,0,CV007_002,1006476
44666,720,0,CV007_002,1007196
44667,724,0,CV007_002,1007920
44668,720,0,CV007_002,1008640
44669,724,0,CV007_002,1009364
44670,716,0,CV007_002,1010080
44671,716,0,CV007_002,1010796
44672,720,0,CV007_002,1011516
44673,716,0,CV007_002,1012232
44674,704,0,CV007_002,1012936
44675,720,0,CV007_002,1013656
44676,732,0,CV007_002,1014388
44677,724,0,CV007_002,1015112
44678,720,0,CV007_002,1015832
44679,744,0,CV007_002,1016576
44680,776,0,CV007_002,1017352
44681,760,0,CV007_002,1018112
44682,760,0,CV007_002,1018872
44683,760,0,CV007_002,1019632
44684,728,0,CV007_002,1020360
44685,720,0,CV007_002,1021080
44686,736,0,CV007_002,1021816
44687,744,0,CV007_002,1022560
44688,740,0,CV007_002,1023300
44689,764,0,CV007_002,1024064
44690,792,0,CV007_002,1024856
44691,808,0,CV007_002,1025664
44692,776,0,CV007_002,1026440
44693,804,0,CV007_002,1027244
44694,840,0,CV007_002,1028084
44695,796,0,CV007_002,1028880
44696,784,0,CV007_002,1029664
44697,808,0,CV007_002,1030472
44698,800,0,CV007_002,1031272
44699,788,0,CV007_002,1032060
44700,792,0,CV007_002,1032852
44701,804,0,CV007_002,1033656
44702,828,0,CV007_002,1034484
44703,820,0,CV007_002,1035304
44704,792,0,CV007_002,1036096
44705,820,0,CV007_002,1036916
44706,844,0,CV007_002,1037760
44707,812,0,CV007_002,1038572
44708,800,0,CV007_002,1039372
44709,800,0,CV007_002,1040172
44710,804,0,CV007_002,1040976
44711,792,0,CV007_002,1041768
44712,760,0,CV007_002,1042528
44713,764,0,CV007_002,1043292
44714,792,0,CV007_002,1044084
44715,796,0,CV007_002,1044880
44716,744,0,CV007_002,1045624
44717,1568,0,CV007_002,1047192
44718,780,0,CV007_002,1047972
44719,760,0,CV007_002,1048732
44720,752,0,CV007_002,1049484
44721,752,0,CV007_002,1050236
44722,776,0,CV007_002,1051012
44723,740,0,CV007_002,1051752
44724,736,0,CV007_002,1052488
44725,752,0,CV007_002,1053240
44726,752,0,CV007_002,1053992
44727,736,0,CV007_002,1054728
44728,728,0,CV007_002,1055456
44729,740,0,CV007_002,1056196
44730,724,0,CV007_002,1056920
44731,724,0,CV007_002,1057644
44732,708,0,CV007_002,1058352
44733,704,0,CV007_002,1059056
44734,700,0,CV007_002,1059756
44735,704,0,CV007_002,1060460
44736,696,0,CV007_002,1061156
44737,688,0,CV007_002,1061844
44738,692,0,CV007_002,1062536
44739,684,0,CV007_002,1063220
44740,684,0,CV007_002,1063904
44741,676,0,CV007_002,1064580
44742,672,0,CV007_002,1065252
44743,676,0,CV007_002,1065928
44744,684,0,CV007_002,1066612
44745,680,0,CV007_002,1067292
44746,684,0,CV007_002,1067976
44747,676,0,CV007_002,1068652
44748,684,0,CV007_002,1069336
44749,680,0,CV007_002,1070016
44750,676,0,CV007_002,1070692
44751,676,0,CV007_002,1071368
44752,672,0,CV007_002,1072040
44753,676,0,CV007_002,1072716
44754,672,0,CV007_002,1073388
44755,672,0,CV007_002,1074060
44756,684,0,CV007_002,1074744
44757,1368,0,CV007_002,1076112
44758,692,0,CV007_002,1076804
44759,704,0,CV007_002,1077508
44760,708,0,CV007_002,1078216
44761,704,0,CV007_002,1078920
44762,716,0,CV007_002,1079636
44763,724,0,CV007_002,1080360
44764,716,0,CV007_002,1081076
44765,704,0,CV007_002,1081780
44766,720,0,CV007_002,1082500
44767,720,0,CV007_002,1083220
44768,716,0,CV007_002,1083936
44769,704,0,CV007_002,1084640
44770,712,0,CV007_002,1085352
44771,700,0,CV007_002,1086052
44772,696,0,CV007_002,1086748
44773,700,0,CV007_002,1087448
44774,696,0,CV007_002,1088144
44775,700,0,CV007_002,1088844
44776,692,0,CV007_002,1089536
44777,716,0,CV007_002,1090252
44778,728,0,CV007_002,1090980
44779,728,0,CV007_002,1091708
44780,1472,0,CV007_002,1093180
44781,728,0,CV007_002,1093908
44782,720,0,CV007_002,1094628
44783,724,0,CV007_002,1095352
44784,712,0,CV007_002,1096064
44785,712,0,CV007_002,1096776
44786,716,0,CV007_002,1097492
44787,716,0,CV007_002,1098208
44788,716,0,CV007_002,1098924
44789,712,0,CV007_002,1099636
44790,716,0,CV007_002,1100352
44791,716,0,CV007_002,1101068
44792,704,0,CV007_002,1101772
44793,708,0,CV007_002,1102480
44794,716,0,CV007_002,1103196
44795,704,0,CV007_002,1103900
44796,696,0,CV007_002,1104596
44797,684,0,CV007_002,1105280
44798,672,0,CV007_002,1105952
44799,668,0,CV007_002,1106620
44800,664,0,CV007_002,1107284
44801,668,0,CV007_002,1107952
44802,672,0,CV007_002,1108624
44803,668,0,CV007_002,1109292
44804,684,0,CV007_002,1109976
44805,692,0,CV007_002,1110668
44806,704,0,CV007_002,1111372
44807,704,0,CV007_002,1112076
44808,704,0,CV007_002,1112780
44809,708,0,CV007_002,1113488
44810,712,0,CV007_002,1114200
44811,724,0,CV007_002,1114924
44812,708,0,CV007_002,1115632
44813,700,0,CV007_002,1116332
44814,716,0,CV007_002,1117048
44815,740,0,CV007_002,1117788
44816,772,0,CV007_002,1118560
44817,792,0,CV007_002,1119352
44818,780,0,CV007_002,1120132
44819,780,0,CV007_002,1120912
44820,756,0,CV007_002,1121668
44821,1572,0,CV007_002,1123240
44822,744,0,CV007_002,1123984
44823,724,0,CV007_002,1124708
44824,724,0,CV007_002,1125432
44825,724,0,CV007_002,1126156
44826,724,0,CV007_002,1126880
44827,720,0,CV007_002,1127600
44828,732,0,CV007_002,1128332
44829,756,0,CV007_002,1129088
44830,768,0,CV007_002,1129856
44831,736,0,CV007_002,1130592
44832,740,0,CV007_002,1131332
44833,772,0,CV007_002,1132104
44834,780,0,CV007_002,1132884
44835,804,0,CV007_002,1133688
44836,748,0,CV007_002,1134436
44837,780,0,CV007_002,1135216
44838,820,0,CV007_002,1136036
44839,816,0,CV007_002,1136852
44840,780,0,CV007_002,1137632
44841,784,0,CV007_002,1138416
44842,820,0,CV007_002,1139236
44843,780,0,CV007_002,1140016
44844,764,0,CV007_002,1140780
44845,800,0,CV007_002,1141580
44846,812,0,CV007_002,1142392
44847,768,0,CV007_002,1143160
44848,752,0,CV007_002,1143912
44849,748,0,CV007_002,1144660
44850,736,0,CV007_002,1145396
44851,728,0,CV007_002,1146124
44852,740,0,CV007_002,1146864
44853,768,0,CV007_002,1147632
44854,756,0,CV007_002,1148388
44855,732,0,CV007_002,1149120
44856,768,0,CV007_002,1149888
44857,788,0,CV007_002,1150676
44858,768,0,CV007_002,1151444
44859,736,0,CV007_002,1152180
44860,744,0,CV007_002,1152924
44861,740,0,CV007_002,1153664
44862,720,0,CV007_002,1154384
44863,732,0,CV007_002,1155116
44864,740,0,CV007_002,1155856
44865,724,0,CV007_002,1156580
44866,724,0,CV007_002,1157304
44867,736,0,CV007_002,1158040
44868,736,0,CV007_002,1158776
44869,732,0,CV007_002,1159508
44870,712,0,CV007_002,1160220
44871,732,0,CV007_002,1160952
44872,748,0,CV007_002,1161700
44873,740,0,CV007_002,1162440
44874,748,0,CV007_002,1163188
44875,780,0,CV007_002,1163968
44876,808,0,CV007_002,1164776
44877,812,0,CV007_002,1165588
44878,780,0,CV007_002,1166368
44879,780,0,CV007_002,1167148
44880,788,0,CV007_002,1167936
44881,792,0,CV007_002,1168728
44882,796,0,CV007_002,1169524
44883,768,0,CV007_002,1170292
44884,768,0,CV007_002,1171060
44885,784,0,CV007_002,1171844
44886,776,0,CV007_002,1172620
44887,768,0,CV007_002,1173388
44888,772,0,CV007_002,1174160
44889,776,0,CV007_002,1174936
44890,784,0,CV007_002,1175720
44891,784,0,CV007_002,1176504
44892,764,0,CV007_002,1177268
44893,768,0,CV007_002,1178036
44894,760,0,CV007_002,1178796
44895,756,0,CV007_002,1179552
44896,752,0,CV007_002,1180304
44897,756,0,CV007_002,1181060
44898,780,0,CV007_002,1181840
44899,788,0,CV007_002,1182628
44900,788,0,CV007_002,1183416
44901,776,0,CV007_002,1184192
44902,784,0,CV007_002,1184976
44903,792,0,CV007_002,1185768
44904,792,0,CV007_002,1186560
44905,772,0,CV007_002,1187332
44906,780,0,CV007_002,1188112
44907,768,0,CV007_002,1188880
44908,760,0,CV007_002,1189640
44909,764,0,CV007_002,1190404
44910,772,0,CV007_002,1191176
44911,784,0,CV007_002,1191960
44912,780,0,CV007_002,1192740
44913,780,0,CV007_002,1193520
44914,768,0,CV007_002,1194288
44915,760,0,CV007_002,1195048
44916,752,0,CV007_002,1195800
44917,748,0,CV007_002,1196548
44918,744,0,CV007_002,1197292
44919,756,0,CV007_002,1198048
44920,744,0,CV007_002,1198792
44921,756,0,CV007_002,1199548
44922,752,0,CV007_002,1200300
44923,748,0,CV007_002,1201048
44924,752,0,CV007_002,1201800
44925,744,0,CV007_002,1202544
44926,744,0,CV007_002,1203288
44927,732,0,CV007_002,1204020
44928,744,0,CV007_002,1204764
44929,756,0,CV007_002,1205520
44930,756,0,CV007_002,1206276
44931,764,0,CV007_002,1207040
44932,748,0,CV007_002,1207788
44933,748,0,CV007_002,1208536
44934,756,0,CV007_002,1209292
44935,772,0,CV007_002,1210064
44936,744,0,CV007_002,1210808
44937,740,0,CV007_002,1211548
44938,752,0,CV007_002,1212300
44939,764,0,CV007_002,1213064
44940,752,0,CV007_002,1213816
44941,748,0,CV007_002,1214564
44942,756,0,CV007_002,1215320
44943,756,0,CV007_002,1216076
44944,776,0,CV007_002,1216852
44945,764,0,CV007_002,1217616
44946,740,0,CV007_002,1218356
44947,760,0,CV007_002,1219116
44948,768,0,CV007_002,1219884
44949,768,0,CV007_002,1220652
44950,764,0,CV007_002,1221416
44951,744,0,CV007_002,1222160
44952,760,0,CV007_002,1222920
44953,764,0,CV007_002,1223684
44954,768,0,CV007_002,1224452
44955,744,0,CV007_002,1225196
44956,768,0,CV007_002,1225964
44957,768,0,CV007_002,1226732
44958,744,0,CV007_002,1227476
44959,740,0,CV007_002,1228216
44960,748,0,CV007_002,1228964
44961,760,0,CV007_002,1229724
44962,764,0,CV007_002,1230488
44963,748,0,CV007_002,1231236
44964,732,0,CV007_002,1231968
44965,724,0,CV007_002,1232692
44966,724,0,CV007_002,1233416
44967,712,0,CV007_002,1234128
44968,716,0,CV007_002,1234844
44969,748,0,CV007_002,1235592
44970,736,0,CV007_002,1236328
44971,712,0,CV007_002,1237040
44972,716,0,CV007_002,1237756
44973,716,0,CV007_002,1238472
44974,728,0,CV007_002,1239200
44975,736,0,CV007_002,1239936
44976,724,0,CV007_002,1240660
44977,728,0,CV007_002,1241388
44978,732,0,CV007_002,1242120
44979,732,0,CV007_002,1242852
44980,716,0,CV007_002,1243568
44981,708,0,CV007_002,1244276
44982,712,0,CV007_002,1244988
44983,712,0,CV007_002,1245700
44984,716,0,CV007_002,1246416
44985,704,0,CV007_002,1247120
44986,708,0,CV007_002,1247828
44987,1404,0,CV007_002,1249232
44988,696,0,CV007_002,1249928
44989,704,0,CV007_002,1250632
44990,700,0,CV007_002,1251332
44991,704,0,CV007_002,1252036
44992,692,0,CV007_002,1252728
44993,700,0,CV007_002,1253428
44994,696,0,CV007_002,1254124
44995,704,0,CV007_002,1254828
44996,716,0,CV007_002,1255544
44997,712,0,CV007_002,1256256
44998,720,0,CV007_002,1256976
44999,740,0,CV007_002,1257716
45000,748,0,CV007_002,1258464
45001,744,0,CV007_002,1259208
45002,736,0,CV007_002,1259944
45003,748,0,CV007_002,1260692
45004,736,0,CV007_002,1261428
45005,728,0,CV007_002,1262156
45006,728,0,CV007_002,1262884
45007,720,0,CV007_002,1263604
45008,700,0,CV007_002,1264304
45009,688,0,CV007_002,1264992
45010,692,0,CV007_002,1265684
45011,700,0,CV007_002,1266384
45012,712,0,CV007_002,1267096
45013,712,0,CV007_002,1267808
45014,1432,0,CV007_002,1269240
45015,708,0,CV007_002,1269948
45016,704,0,CV007_002,1270652
45017,704,0,CV007_002,1271356
45018,704,0,CV007_002,1272060
45019,708,0,CV007_002,1272768
45020,1420,0,CV007_002,1274188
45021,700,0,CV007_002,1274888
45022,708,0,CV007_002,1275596
45023,708,0,CV007_002,1276304
45024,712,0,CV007_002,1277016
45025,712,0,CV007_002,1277728
45026,704,0,CV007_002,1278432
45027,692,0,CV007_002,1279124
45028,688,0,CV007_002,1279812
45029,680,0,CV007_002,1280492
45030,684,0,CV007_002,1281176
45031,668,0,CV007_002,1281844
45032,676,0,CV007_002,1282520
45033,680,0,CV007_002,1283200
45034,684,0,CV007_002,1283884
45035,680,0,CV007_002,1284564
45036,676,0,CV007_002,1285240
45037,676,0,CV007_002,1285916
45038,676,0,CV007_002,1286592
45039,684,0,CV007_002,1287276
45040,680,0,CV007_002,1287956
45041,680,0,CV007_002,1288636
45042,680,0,CV007_002,1289316
45043,676,0,CV007_002,1289992
45044,676,0,CV007_002,1290668
45045,672,0,CV007_002,1291340
45046,1340,0,CV007_002,1292680
45047,680,0,CV007_002,1293360
45048,688,0,CV007_002,1294048
45049,684,0,CV007_002,1294732
45050,708,0,CV007_002,1295440
45051,704,0,CV007_002,1296144
45052,700,0,CV007_002,1296844
45053,716,0,CV007_002,1297560
45054,720,0,CV007_002,1298280
45055,728,0,CV007_002,1299008
45056,728,0,CV007_002,1299736
45057,712,0,CV007_002,1300448
45058,732,0,CV007_002,1301180
45059,744,0,CV007_002,1301924
45060,748,0,CV007_002,1302672
45061,768,0,CV007_002,1303440
45062,736,0,CV007_002,1304176
45063,740,0,CV007_002,1304916
45064,748,0,CV007_002,1305664
45065,720,0,CV007_002,1306384
45066,716,0,CV007_002,1307100
45067,716,0,CV007_002,1307816
45068,1448,0,CV007_002,1309264
45069,708,0,CV007_002,1309972
45070,712,0,CV007_002,1310684
45071,712,0,CV007_002,1311396
45072,712,0,CV007_002,1312108
45073,704,0,CV007_002,1312812
45074,700,0,CV007_002,1313512
45075,708,0,CV007_002,1314220
45076,696,0,CV007_002,1314916
45077,696,0,CV007_002,1315612
45078,688,0,CV007_002,1316300
45079,704,0,CV007_002,1317004
45080,712,0,CV007_002,1317716
45081,704,0,CV007_002,1318420
45082,692,0,CV007_002,1319112
45083,700,0,CV007_002,1319812
45084,700,0,CV007_002,1320512
45085,696,0,CV007_002,1321208
45086,704,0,CV007_002,1321912
45087,696,0,CV007_002,1322608
45088,704,0,CV007_002,1323312
45089,704,0,CV007_002,1324016
45090,704,0,CV007_002,1324720
45091,708,0,CV007_002,1325428
45092,696,0,CV007_002,1326124
45093,700,0,CV007_002,1326824
45094,704,0,CV007_002,1327528
45095,692,0,CV007_002,1328220
45096,700,0,CV007_002,1328920
45097,712,0,CV007_002,1329632
45098,708,0,CV007_002,1330340
45099,720,0,CV007_002,1331060
45100,712,0,CV007_002,1331772
45101,700,0,CV007_002,1332472
45102,712,0,CV007_002,1333184
45103,712,0,CV007_002,1333896
45104,704,0,CV007_002,1334600
45105,716,0,CV007_002,1335316
45106,708,0,CV007_002,1336024
45107,716,0,CV007_002,1336740
45108,720,0,CV007_002,1337460
45109,720,0,CV007_002,1338180
45110,704,0,CV007_002,1338884
45111,716,0,CV007_002,1339600
45112,704,0,CV007_002,1340304
45113,708,0,CV007_002,1341012
45114,704,0,CV007_002,1341716
45115,696,0,CV007_002,1342412
45116,696,0,CV007_002,1343108
45117,704,0,CV007_002,1343812
45118,696,0,CV007_002,1344508
45119,704,0,CV007_002,1345212
45120,696,0,CV007_002,1345908
45121,700,0,CV007_002,1346608
45122,704,0,CV007_002,1347312
45123,704,0,CV007_002,1348016
45124,720,0,CV007_002,1348736
45125,740,0,CV007_002,1349476
45126,740,0,CV007_002,1350216
45127,716,0,CV007_002,1350932
45128,716,0,CV007_002,1351648
45129,720,0,CV007_002,1352368
45130,728,0,CV007_002,1353096
45131,736,0,CV007_002,1353832
45132,720,0,CV007_002,1354552
45133,716,0,CV007_002,1355268
45134,716,0,CV007_002,1355984
45135,700,0,CV007_002,1356684
45136,704,0,CV007_002,1357388
45137,700,0,CV007_002,1358088
45138,700,0,CV007_002,1358788
45139,704,0,CV007_002,1359492
45140,700,0,CV007_002,1360192
45141,704,0,CV007_002,1360896
45142,712,0,CV007_002,1361608
45143,696,0,CV007_002,1362304
45144,704,0,CV007_002,1363008
45145,712,0,CV007_002,1363720
45146,720,0,CV007_002,1364440
45147,708,0,CV007_002,1365148
45148,724,0,CV007_002,1365872
45149,736,0,CV007_002,1366608
45150,756,0,CV007_002,1367364
45151,748,0,CV007_002,1368112
45152,720,0,CV007_002,1368832
45153,1504,0,CV007_002,1370336
45154,768,0,CV007_002,1371104
45155,764,0,CV007_002,1371868
45156,736,0,CV007_002,1372604
45157,728,0,CV007_002,1373332
45158,744,0,CV007_002,1374076
45159,764,0,CV007_002,1374840
45160,804,0,CV007_002,1375644
45161,720,0,CV007_002,1376364
45162,736,0,CV007_002,1377100
45163,732,0,CV007_002,1377832
45164,720,0,CV007_002,1378552
45165,712,0,CV007_002,1379264
45166,712,0,CV007_002,1379976
45167,712,0,CV007_002,1380688
45168,732,0,CV007_002,1381420
45169,728,0,CV007_002,1382148
45170,752,0,CV007_002,1382900
45171,796,0,CV007_002,1383696
45172,760,0,CV007_002,1384456
45173,768,0,CV007_002,1385224
45174,740,0,CV007_002,1385964
45175,724,0,CV007_002,1386688
45176,744,0,CV007_002,1387432
45177,756,0,CV007_002,1388188
45178,764,0,CV007_002,1388952
45179,744,0,CV007_002,1389696
45180,720,0,CV007_002,1390416
45181,732,0,CV007_002,1391148
45182,760,0,CV007_002,1391908
45183,792,0,CV007_002,1392700
45184,816,0,CV007_002,1393516
45185,780,0,CV007_002,1394296
45186,748,0,CV007_002,1395044
45187,784,0,CV007_002,1395828
45188,744,0,CV007_002,1396572
45189,748,0,CV007_002,1397320
45190,776,0,CV007_002,1398096
45191,772,0,CV007_002,1398868
45192,756,0,CV007_002,1399624
45193,732,0,CV007_002,1400356
45194,740,0,CV007_002,1401096
45195,756,0,CV007_002,1401852
45196,776,0,CV007_002,1402628
45197,768,0,CV007_002,1403396
45198,728,0,CV007_002,1404124
45199,736,0,CV007_002,1404860
45200,752,0,CV007_002,1405612
45201,772,0,CV007_002,1406384
45202,772,0,CV007_002,1407156
45203,732,0,CV007_002,1407888
45204,740,0,CV007_002,1408628
45205,764,0,CV007_002,1409392
45206,788,0,CV007_002,1410180
45207,748,0,CV007_002,1410928
45208,736,0,CV007_002,1411664
45209,740,0,CV007_002,1412404
45210,760,0,CV007_002,1413164
45211,788,0,CV007_002,1413952
45212,764,0,CV007_002,1414716
45213,740,0,CV007_002,1415456
45214,752,0,CV007_002,1416208
45215,780,0,CV007_002,1416988
45216,824,0,CV007_002,1417812
45217,1548,0,CV007_002,1419360
45218,736,0,CV007_002,1420096
45219,736,0,CV007_002,1420832
45220,740,0,CV007_002,1421572
45221,736,0,CV007_002,1422308
45222,764,0,CV007_002,1423072
45223,776,0,CV007_002,1423848
45224,1532,0,CV007_002,1425380
45225,724,0,CV007_002,1426104
45226,724,0,CV007_002,1426828
45227,712,0,CV007_002,1427540
45228,700,0,CV007_002,1428240
45229,712,0,CV007_002,1428952
45230,716,0,CV007_002,1429668
45231,712,0,CV007_002,1430380
45232,708,0,CV007_002,1431088
45233,712,0,CV007_002,1431800
45234,720,0,CV007_002,1432520
45235,712,0,CV007_002,1433232
45236,716,0,CV007_002,1433948
45237,732,0,CV007_002,1434680
45238,740,0,CV007_002,1435420
45239,736,0,CV007_002,1436156
45240,740,0,CV007_002,1436896
45241,756,0,CV007_002,1437652
45242,756,0,CV007_002,1438408
45243,732,0,CV007_002,1439140
45244,740,0,CV007_002,1439880
45245,756,0,CV007_002,1440636
45246,736,0,CV007_002,1441372
45247,732,0,CV007_002,1442104
45248,740,0,CV007_002,1442844
45249,728,0,CV007_002,1443572
45250,720,0,CV007_002,1444292
45251,708,0,CV007_002,1445000
45252,708,0,CV007_002,1445708
45253,700,0,CV007_002,1446408
45254,684,0,CV007_002,1447092
45255,692,0,CV007_002,1447784
45256,688,0,CV007_002,1448472
45257,688,0,CV007_002,1449160
45258,680,0,CV007_002,1449840
45259,672,0,CV007_002,1450512
45260,668,0,CV007_002,1451180
45261,672,0,CV007_002,1451852
45262,684,0,CV007_002,1452536
45263,684,0,CV007_002,1453220
45264,684,0,CV007_002,1453904
45265,696,0,CV007_002,1454600
45266,712,0,CV007_002,1455312
45267,708,0,CV007_002,1456020
45268,716,0,CV007_002,1456736
45269,732,0,CV007_002,1457468
45270,732,0,CV007_002,1458200
45271,728,0,CV007_002,1458928
45272,724,0,CV007_002,1459652
45273,732,0,CV007_002,1460384
45274,724,0,CV007_002,1461108
45275,744,0,CV007_002,1461852
45276,740,0,CV007_002,1462592
45277,696,0,CV007_002,1463288
45278,740,0,CV007_002,1464028
45279,848,0,CV007_002,1464876
45280,884,0,CV007_002,1465760
45281,912,0,CV007_002,1466672
45282,912,0,CV007_002,1467584
45283,924,0,CV007_002,1468508
45284,896,0,CV007_002,1469404
45285,868,0,CV007_002,1470272
45286,848,0,CV007_002,1471120
45287,812,0,CV007_002,1471932
45288,780,0,CV007_002,1472712
45289,764,0,CV007_002,1473476
45290,760,0,CV007_002,1474236
45291,768,0,CV007_002,1475004
45292,764,0,CV007_002,1475768
45293,744,0,CV007_002,1476512
45294,752,0,CV007_002,1477264
45295,744,0,CV007_002,1478008
45296,748,0,CV007_002,1478756
45297,740,0,CV007_002,1479496
45298,732,0,CV007_002,1480228
45299,736,0,CV007_002,1480964
45300,728,0,CV007_002,1481692
45301,732,0,CV007_002,1482424
45302,728,0,CV007_002,1483152
45303,732,0,CV007_002,1483884
45304,720,0,CV007_002,1484604
45305,724,0,CV007_002,1485328
45306,728,0,CV007_002,1486056
45307,736,0,CV007_002,1486792
45308,740,0,CV007_002,1487532
45309,740,0,CV007_002,1488272
45310,708,0,CV007_002,1488980
45311,696,0,CV007_002,1489676
45312,712,0,CV007_002,1490388
45313,704,0,CV007_002,1491092
45314,712,0,CV007_002,1491804
45315,716,0,CV007_002,1492520
45316,700,0,CV007_002,1493220
45317,716,0,CV007_002,1493936
45318,1452,0,CV007_002,1495388
45319,728,0,CV007_002,1496116
45320,708,0,CV007_002,1496824
45321,720,0,CV007_002,1497544
45322,720,0,CV007_002,1498264
45323,720,0,CV007_002,1498984
45324,712,0,CV007_002,1499696
45325,704,0,CV007_002,1500400
45326,704,0,CV007_002,1501104
45327,700,0,CV007_002,1501804
45328,692,0,CV007_002,1502496
45329,692,0,CV007_002,1503188
45330,692,0,CV007_002,1503880
45331,688,0,CV007_002,1504568
45332,684,0,CV007_002,1505252
45333,680,0,CV007_002,1505932
45334,688,0,CV007_002,1506620
45335,676,0,CV007_002,1507296
45336,680,0,CV007_002,1507976
45337,1372,0,CV007_002,1509348
45338,692,0,CV007_002,1510040
45339,684,0,CV007_002,1510724
45340,684,0,CV007_002,1511408
45341,692,0,CV007_002,1512100
45342,680,0,CV007_002,1512780
45343,676,0,CV007_002,1513456
45344,676,0,CV007_002,1514132
45345,680,0,CV007_002,1514812
45346,680,0,CV007_002,1515492
45347,688,0,CV007_002,1516180
45348,684,0,CV007_002,1516864
45349,684,0,CV007_002,1517548
45350,700,0,CV007_002,1518248
45351,696,0,CV007_002,1518944
45352,688,0,CV007_002,1519632
45353,692,0,CV007_002,1520324
45354,696,0,CV007_002,1521020
45355,688,0,CV007_002,1521708
45356,684,0,CV007_002,1522392
45357,680,0,CV007_002,1523072
45358,680,0,CV007_002,1523752
45359,672,0,CV007_002,1524424
45360,668,0,CV007_002,1525092
45361,656,0,CV007_002,1525748
45362,660,0,CV007_002,1526408
45363,652,0,CV007_002,1527060
45364,652,0,CV007_002,1527712
45365,656,0,CV007_002,1528368
45366,656,0,CV007_002,1529024
45367,656,0,CV007_002,1529680
45368,652,0,CV007_002,1530332
45369,652,0,CV007_002,1530984
45370,656,0,CV007_002,1531640
45371,660,0,CV007_002,1532300
45372,656,0,CV007_002,1532956
45373,660,0,CV007_002,1533616
45374,668,0,CV007_002,1534284
45375,664,0,CV007_002,1534948
45376,664,0,CV007_002,1535612
45377,660,0,CV007_002,1536272
45378,652,0,CV007_002,1536924
45379,660,0,CV007_002,1537584
45380,656,0,CV007_002,1538240
45381,656,0,CV007_002,1538896
45382,660,0,CV007_002,1539556
45383,652,0,CV007_002,1540208
45384,652,0,CV007_002,1540860
45385,656,0,CV007_002,1541516
45386,648,0,CV007_002,1542164
45387,656,0,CV007_002,1542820
45388,652,0,CV007_002,1543472
45389,656,0,CV007_002,1544128
45390,652,0,CV007_002,1544780
45391,656,0,CV007_002,1545436
45392,656,0,CV007_002,1546092
45393,656,0,CV007_002,1546748
45394,660,0,CV007_002,1547408
45395,656,0,CV007_002,1548064
45396,668,0,CV007_002,1548732
45397,664,0,CV007_002,1549396
45398,664,0,CV007_002,1550060
45399,660,0,CV007_002,1550720
45400,668,0,CV007_002,1551388
45401,668,0,CV007_002,1552056
45402,668,0,CV007_002,1552724
45403,660,0,CV007_002,1553384
45404,664,0,CV007_002,1554048
45405,660,0,CV007_002,1554708
45406,652,0,CV007_002,1555360
45407,652,0,CV007_002,1556012
45408,1316,0,CV007_002,1557328
45409,652,0,CV007_002,1557980
45410,652,0,CV007_002,1558632
45411,644,0,CV007_002,1559276
45412,648,0,CV007_002,1559924
45413,644,0,CV007_002,1560568
45414,648,0,CV007_002,1561216
45415,648,0,CV007_002,1561864
45416,648,0,CV007_002,1562512
45417,652,0,CV007_002,1563164
45418,660,0,CV007_002,1563824
45419,652,0,CV007_002,1564476
45420,656,0,CV007_002,1565132
45421,648,0,CV007_002,1565780
45422,656,0,CV007_002,1566436
45423,644,0,CV007_002,1567080
45424,644,0,CV007_002,1567724
45425,648,0,CV007_002,1568372
45426,636,0,CV007_002,1569008
45427,636,0,CV007_002,1569644
45428,628,0,CV007_002,1570272
45429,628,0,CV007_002,1570900
45430,632,0,CV007_002,1571532
45431,628,0,CV007_002,1572160
45432,632,0,CV007_002,1572792
45433,628,0,CV007_002,1573420
45434,624,0,CV007_002,1574044
45435,1260,0,CV007_002,1575304
45436,628,0,CV007_002,1575932
45437,632,0,CV007_002,1576564
45438,628,0,CV007_002,1577192
45439,636,0,CV007_002,1577828
45440,636,0,CV007_002,1578464
45441,640,0,CV007_002,1579104
45442,644,0,CV007_002,1579748
45443,644,0,CV007_002,1580392
45444,652,0,CV007_002,1581044
45445,1312,0,CV007_002,1582356
45446,652,0,CV007_002,1583008
45447,660,0,CV007_002,1583668
45448,668,0,CV007_002,1584336
45449,668,0,CV007_002,1585004
45450,660,0,CV007_002,1585664
45451,672,0,CV007_002,1586336
45452,664,0,CV007_002,1587000
45453,664,0,CV007_002,1587664
45454,664,0,CV007_002,1588328
45455,660,0,CV007_002,1588988
45456,664,0,CV007_002,1589652
45457,656,0,CV007_002,1590308
45458,664,0,CV007_002,1590972
45459,664,0,CV007_002,1591636
45460,664,0,CV007_002,1592300
45461,668,0,CV007_002,1592968
45462,664,0,CV007_002,1593632
45463,664,0,CV007_002,1594296
45464,668,0,CV007_002,1594964
45465,668,0,CV007_002,1595632
45466,672,0,CV007_002,1596304
45467,664,0,CV007_002,1596968
45468,668,0,CV007_002,1597636
45469,664,0,CV007_002,1598300
45470,672,0,CV007_002,1598972
45471,668,0,CV007_002,1599640
45472,660,0,CV007_002,1600300
45473,660,0,CV007_002,1600960
45474,664,0,CV007_002,1601624
45475,656,0,CV007_002,1602280
45476,652,0,CV007_002,1602932
45477,652,0,CV007_002,1603584
45478,644,0,CV007_002,1604228
45479,644,0,CV007_002,1604872
45480,640,0,CV007_002,1605512
45481,644,0,CV007_002,1606156
45482,640,0,CV007_002,1606796
45483,640,0,CV007_002,1607436
45484,644,0,CV007_002,1608080
45485,1280,0,CV007_002,1609360
45486,648,0,CV007_002,1610008
45487,644,0,CV007_002,1610652
45488,640,0,CV007_002,1611292
45489,636,0,CV007_002,1611928
45490,632,0,CV007_002,1612560
45491,636,0,CV007_002,1613196
45492,636,0,CV007_002,1613832
45493,640,0,CV007_002,1614472
45494,640,0,CV007_002,1615112
45495,648,0,CV007_002,1615760
45496,656,0,CV007_002,1616416
45497,652,0,CV007_002,1617068
45498,692,1,CV007_002,1617760
45499,604,0,CV007_002,1618364
45500,652,0,CV007_002,1619016
45501,652,0,CV007_002,1619668
45502,660,0,CV007_002,1620328
45503,648,0,CV007_002,1620976
45504,652,0,CV007_002,1621628
45505,656,0,CV007_002,1622284
45506,648,0,CV007_002,1622932
45507,652,0,CV007_002,1623584
45508,652,0,CV007_002,1624236
45509,656,0,CV007_002,1624892
45510,652,0,CV007_002,1625544
45511,660,0,CV007_002,1626204
45512,664,0,CV007_002,1626868
45513,660,0,CV007_002,1627528
45514,672,0,CV007_002,1628200
45515,668,0,CV007_002,1628868
45516,660,0,CV007_002,1629528
45517,668,0,CV007_002,1630196
45518,672,0,CV007_002,1630868
45519,680,0,CV007_002,1631548
45520,684,0,CV007_002,1632232
45521,684,0,CV007_002,1632916
45522,684,0,CV007_002,1633600
45523,680,0,CV007_002,1634280
45524,676,0,CV007_002,1634956
45525,672,0,CV007_002,1635628
45526,664,0,CV007_002,1636292
45527,652,0,CV007_002,1636944
45528,660,0,CV007_002,1637604
45529,680,0,CV007_002,1638284
45530,696,0,CV007_002,1638980
45531,1516,0,CV007_002,1640496
45532,808,0,CV007_002,1641304
45533,808,0,CV007_002,1642112
45534,788,0,CV007_002,1642900
45535,1568,0,CV007_002,1644468
45536,784,0,CV007_002,1645252
45537,844,0,CV007_002,1646096
45538,808,0,CV007_002,1646904
45539,772,0,CV007_002,1647676
45540,780,0,CV007_002,1648456
45541,752,0,CV007_002,1649208
45542,732,0,CV007_002,1649940
45543,760,0,CV007_002,1650700
45544,732,0,CV007_002,1651432
45545,708,0,CV007_002,1652140
45546,716,0,CV007_002,1652856
45547,712,0,CV007_002,1653568
45548,704,0,CV007_002,1654272
45549,708,0,CV007_002,1654980
45550,708,0,CV007_002,1655688
45551,692,0,CV007_002,1656380
45552,700,0,CV007_002,1657080
45553,684,0,CV007_002,1657764
45554,672,0,CV007_002,1658436
45555,664,0,CV007_002,1659100
45556,664,0,CV007_002,1659764
45557,648,0,CV007_002,1660412
45558,644,0,CV007_002,1661056
45559,640,0,CV007_002,1661696
45560,636,0,CV007_002,1662332
45561,628,0,CV007_002,1662960
45562,624,0,CV007_002,1663584
45563,616,0,CV007_002,1664200
45564,616,0,CV007_002,1664816
45565,620,0,CV007_002,1665436
45566,624,0,CV007_002,1666060
45567,628,0,CV007_002,1666688
45568,628,0,CV007_002,1667316
45569,648,0,CV007_002,1667964
45570,644,0,CV007_002,1668608
45571,660,0,CV007_002,1669268
45572,660,0,CV007_002,1669928
45573,664,0,CV007_002,1670592
45574,660,0,CV007_002,1671252
45575,676,0,CV007_002,1671928
45576,680,0,CV007_002,1672608
45577,688,0,CV007_002,1673296
45578,684,0,CV007_002,1673980
45579,676,0,CV007_002,1674656
45580,696,0,CV007_002,1675352
45581,700,0,CV007_002,1676052
45582,1408,0,CV007_002,1677460
45583,700,0,CV007_002,1678160
45584,688,0,CV007_002,1678848
45585,696,0,CV007_002,1679544
45586,680,0,CV007_002,1680224
45587,676,0,CV007_002,1680900
45588,664,0,CV007_002,1681564
45589,1380,0,CV007_002,1682944
45590,704,0,CV007_002,1683648
45591,744,0,CV007_002,1684392
45592,768,0,CV007_002,1685160
45593,744,0,CV007_002,1685904
45594,768,0,CV007_002,1686672
45595,824,0,CV007_002,1687496
45596,824,0,CV007_002,1688320
45597,792,0,CV007_002,1689112
45598,788,0,CV007_002,1689900
45599,760,0,CV007_002,1690660
45600,740,0,CV007_002,1691400
45601,808,0,CV007_002,1692208
45602,836,0,CV007_002,1693044
45603,768,0,CV007_002,1693812
45604,764,0,CV007_002,1694576
45605,804,0,CV007_002,1695380
45606,840,0,CV007_002,1696220
45607,808,0,CV007_002,1697028
45608,788,0,CV007_002,1697816
45609,800,0,CV007_002,1698616
45610,792,0,CV007_002,1699408
45611,784,0,CV007_002,1700192
45612,736,0,CV007_002,1700928
45613,728,0,CV007_002,1701656
45614,740,0,CV007_002,1702396
45615,748,0,CV007_002,1703144
45616,736,0,CV007_002,1703880
45617,752,0,CV007_002,1704632
45618,812,0,CV007_002,1705444
45619,772,0,CV007_002,1706216
45620,740,0,CV007_002,1706956
45621,780,0,CV007_002,1707736
45622,812,0,CV007_002,1708548
45623,740,0,CV007_002,1709288
45624,732,0,CV007_002,1710020
45625,780,1,CV007_002,1710800
45626,668,0,CV007_002,1711468
45627,724,0,CV007_002,1712192
45628,728,0,CV007_002,1712920
45629,752,0,CV007_002,1713672
45630,740,0,CV007_002,1714412
45631,724,0,CV007_002,1715136
45632,732,0,CV007_002,1715868
45633,712,0,CV007_002,1716580
45634,732,0,CV007_002,1717312
45635,748,0,CV007_002,1718060
45636,736,0,CV007_002,1718796
45637,728,0,CV007_002,1719524
45638,748,0,CV007_002,1720272
45639,756,0,CV007_002,1721028
45640,780,1,CV007_002,1721808
45641,684,0,CV007_002,1722492
45642,756,0,CV007_002,1723248
45643,740,0,CV007_002,1723988
45644,740,0,CV007_002,1724728
45645,772,0,CV007_002,1725500
45646,756,0,CV007_002,1726256
45647,752,0,CV007_002,1727008
45648,776,0,CV007_002,1727784
45649,744,0,CV007_002,1728528
45650,752,0,CV007_002,1729280
45651,780,0,CV007_002,1730060
45652,744,0,CV007_002,1730804
45653,736,0,CV007_002,1731540
45654,752,0,CV007_002,1732292
45655,744,0,CV007_002,1733036
45656,784,1,CV007_002,1733820
45657,696,0,CV007_002,1734516
45658,752,0,CV007_002,1735268
45659,736,0,CV007_002,1736004
45660,716,0,CV007_002,1736720
45661,712,0,CV007_002,1737432
45662,700,0,CV007_002,1738132
45663,688,0,CV007_002,1738820
45664,680,0,CV007_002,1739500
45665,684,0,CV007_002,1740184
45666,680,0,CV007_002,1740864
45667,684,0,CV007_002,1741548
45668,676,0,CV007_002,1742224
45669,680,0,CV007_002,1742904
45670,676,0,CV007_002,1743580
45671,676,0,CV007_002,1744256
45672,672,0,CV007_002,1744928
45673,668,0,CV007_002,1745596
45674,668,0,CV007_002,1746264
45675,672,0,CV007_002,1746936
45676,672,0,CV007_002,1747608
45677,676,0,CV007_002,1748284
45678,680,0,CV007_002,1748964
45679,684,0,CV007_002,1749648
45680,684,0,CV007_002,1750332
45681,680,0,CV007_002,1751012
45682,684,0,CV007_002,1751696
45683,680,0,CV007_002,1752376
45684,672,0,CV007_002,1753048
45685,672,0,CV007_002,1753720
45686,688,0,CV007_002,1754408
45687,684,0,CV007_002,1755092
45688,736,1,CV007_002,1755828
45689,640,0,CV007_002,1756468
45690,692,0,CV007_002,1757160
45691,692,0,CV007_002,1757852
45692,692,0,CV007_002,1758544
45693,704,0,CV007_002,1759248
45694,688,0,CV007_002,1759936
45695,680,0,CV007_002,1760616
45696,688,0,CV007_002,1761304
45697,684,0,CV007_002,1761988
45698,688,0,CV007_002,1762676
45699,684,0,CV007_002,1763360
45700,696,0,CV007_002,1764056
45701,684,0,CV007_002,1764740
45702,680,0,CV007_002,1765420
45703,664,0,CV007_002,1766084
45704,676,0,CV007_002,1766760
45705,680,0,CV007_002,1767440
45706,692,0,CV007_002,1768132
45707,728,0,CV007_002,1768860
45708,772,0,CV007_002,1769632
45709,804,0,CV007_002,1770436
45710,856,0,CV007_002,1771292
45711,860,0,CV007_002,1772152
45712,872,0,CV007_002,1773024
45713,868,0,CV007_002,1773892
45714,868,0,CV007_002,1774760
45715,864,0,CV007_002,1775624
45716,852,0,CV007_002,1776476
45717,848,0,CV007_002,1777324
45718,840,0,CV007_002,1778164
45719,808,0,CV007_002,1778972
45720,804,0,CV007_002,1779776
45721,804,0,CV007_002,1780580
45722,796,0,CV007_002,1781376
45723,784,0,CV007_002,1782160
45724,772,0,CV007_002,1782932
45725,776,0,CV007_002,1783708
45726,772,0,CV007_002,1784480
45727,756,0,CV007_002,1785236
45728,764,0,CV007_002,1786000
45729,764,0,CV007_002,1786764
45730,756,0,CV007_002,1787520
45731,764,0,CV007_002,1788284
45732,772,0,CV007_002,1789056
45733,772,0,CV007_002,1789828
45734,760,0,CV007_002,1790588
45735,772,0,CV007_002,1791360
45736,776,0,CV007_002,1792136
45737,768,0,CV007_002,1792904
45738,776,0,CV007_002,1793680
45739,772,0,CV007_002,1794452
45740,764,0,CV007_002,1795216
45741,768,0,CV007_002,1795984
45742,772,0,CV007_002,1796756
45743,752,0,CV007_002,1797508
45744,752,0,CV007_002,1798260
45745,740,0,CV007_002,1799000
45746,736,0,CV007_002,1799736
45747,728,0,CV007_002,1800464
45748,720,0,CV007_002,1801184
45749,708,0,CV007_002,1801892
45750,720,0,CV007_002,1802612
45751,732,0,CV007_002,1803344
45752,708,0,CV007_002,1804052
45753,724,0,CV007_002,1804776
45754,728,0,CV007_002,1805504
45755,704,0,CV007_002,1806208
45756,724,0,CV007_002,1806932
45757,728,0,CV007_002,1807660
45758,708,0,CV007_002,1808368
45759,708,0,CV007_002,1809076
45760,1456,0,CV007_002,1810532
45761,720,0,CV007_002,1811252
45762,732,0,CV007_002,1811984
45763,736,0,CV007_002,1812720
45764,708,0,CV007_002,1813428
45765,728,0,CV007_002,1814156
45766,732,0,CV007_002,1814888
45767,708,0,CV007_002,1815596
45768,708,0,CV007_002,1816304
45769,720,0,CV007_002,1817024
45770,716,0,CV007_002,1817740
45771,700,0,CV007_002,1818440
45772,712,0,CV007_002,1819152
45773,716,0,CV007_002,1819868
45774,712,0,CV007_002,1820580
45775,720,0,CV007_002,1821300
45776,708,0,CV007_002,1822008
45777,704,0,CV007_002,1822712
45778,740,0,CV007_002,1823452
45779,764,0,CV007_002,1824216
45780,728,0,CV007_002,1824944
45781,736,0,CV007_002,1825680
45782,740,0,CV007_002,1826420
45783,716,0,CV007_002,1827136
45784,724,0,CV007_002,1827860
45785,716,0,CV007_002,1828576
45786,700,0,CV007_002,1829276
45787,708,0,CV007_002,1829984
45788,724,0,CV007_002,1830708
45789,712,0,CV007_002,1831420
45790,712,0,CV007_002,1832132
45791,720,0,CV007_002,1832852
45792,716,0,CV007_002,1833568
45793,712,0,CV007_002,1834280
45794,716,0,CV007_002,1834996
45795,724,0,CV007_002,1835720
45796,704,0,CV007_002,1836424
45797,712,0,CV007_002,1837136
45798,716,0,CV007_002,1837852
45799,700,0,CV007_002,1838552
45800,696,0,CV007_002,1839248
45801,708,0,CV007_002,1839956
45802,704,0,CV007_002,1840660
45803,692,0,CV007_002,1841352
45804,696,0,CV007_002,1842048
45805,696,0,CV007_002,1842744
45806,704,0,CV007_002,1843448
45807,692,0,CV007_002,1844140
45808,712,0,CV007_002,1844852
45809,712,0,CV007_002,1845564
45810,700,0,CV007_002,1846264
45811,708,0,CV007_002,1846972
45812,704,0,CV007_002,1847676
45813,696,0,CV007_002,1848372
45814,704,0,CV007_002,1849076
45815,708,0,CV007_002,1849784
45816,692,0,CV007_002,1850476
45817,708,0,CV007_002,1851184
45818,720,0,CV007_002,1851904
45819,716,0,CV007_002,1852620
45820,716,0,CV007_002,1853336
45821,736,0,CV007_002,1854072
45822,732,0,CV007_002,1854804
45823,740,0,CV007_002,1855544
45824,756,0,CV007_002,1856300
45825,724,0,CV007_002,1857024
45826,724,0,CV007_002,1857748
45827,724,0,CV007_002,1858472
45828,720,0,CV007_002,1859192
45829,704,0,CV007_002,1859896
45830,700,0,CV007_002,1860596
45831,696,0,CV007_002,1861292
45832,700,0,CV007_002,1861992
45833,704,0,CV007_002,1862696
45834,712,0,CV007_002,1863408
45835,700,0,CV007_002,1864108
45836,700,0,CV007_002,1864808
45837,712,0,CV007_002,1865520
45838,704,0,CV007_002,1866224
45839,696,0,CV007_002,1866920
45840,708,0,CV007_002,1867628
45841,704,0,CV007_002,1868332
45842,704,0,CV007_002,1869036
45843,716,0,CV007_002,1869752
45844,712,0,CV007_002,1870464
45845,704,0,CV007_002,1871168
45846,720,0,CV007_002,1871888
45847,732,0,CV007_002,1872620
45848,756,0,CV007_002,1873376
45849,740,0,CV007_002,1874116
45850,740,0,CV007_002,1874856
45851,744,0,CV007_002,1875600
45852,716,0,CV007_002,1876316
45853,724,0,CV007_002,1877040
45854,732,0,CV007_002,1877772
45855,716,0,CV007_002,1878488
45856,720,0,CV007_002,1879208
45857,716,0,CV007_002,1879924
45858,712,0,CV007_002,1880636
45859,704,0,CV007_002,1881340
45860,704,0,CV007_002,1882044
45861,704,0,CV007_002,1882748
45862,700,0,CV007_002,1883448
45863,696,0,CV007_002,1884144
45864,688,0,CV007_002,1884832
45865,688,0,CV007_002,1885520
45866,688,0,CV007_002,1886208
45867,696,0,CV007_002,1886904
45868,688,0,CV007_002,1887592
45869,684,0,CV007_002,1888276
45870,696,0,CV007_002,1888972
45871,696,0,CV007_002,1889668
45872,692,0,CV007_002,1890360
45873,684,0,CV007_002,1891044
45874,696,0,CV007_002,1891740
45875,684,0,CV007_002,1892424
45876,672,0,CV007_002,1893096
45877,676,0,CV007_002,1893772
45878,668,0,CV007_002,1894440
45879,668,0,CV007_002,1895108
45880,664,0,CV007_002,1895772
45881,676,0,CV007_002,1896448
45882,672,0,CV007_002,1897120
45883,672,0,CV007_002,1897792
45884,676,0,CV007_002,1898468
45885,680,0,CV007_002,1899148
45886,672,0,CV007_002,1899820
45887,676,0,CV007_002,1900496
45888,684,0,CV007_002,1901180
45889,688,0,CV007_002,1901868
45890,676,0,CV007_002,1902544
45891,684,0,CV007_002,1903228
45892,692,0,CV007_002,1903920
45893,688,0,CV007_002,1904608
45894,684,0,CV007_002,1905292
45895,692,0,CV007_002,1905984
45896,688,0,CV007_002,1906672
45897,684,0,CV007_002,1907356
45898,680,0,CV007_002,1908036
45899,688,0,CV007_002,1908724
45900,688,0,CV007_002,1909412
45901,684,0,CV007_002,1910096
45902,688,0,CV007_002,1910784
45903,696,0,CV007_002,1911480
45904,696,0,CV007_002,1912176
45905,1368,0,CV007_002,1913544
45906,692,0,CV007_002,1914236
45907,696,0,CV007_002,1914932
45908,692,0,CV007_002,1915624
45909,696,0,CV007_002,1916320
45910,712,0,CV007_002,1917032
45911,708,0,CV007_002,1917740
45912,700,0,CV007_002,1918440
45913,700,0,CV007_002,1919140
45914,696,0,CV007_002,1919836
45915,692,0,CV007_002,1920528
45916,696,0,CV007_002,1921224
45917,692,0,CV007_002,1921916
45918,696,0,CV007_002,1922612
45919,688,0,CV007_002,1923300
45920,700,0,CV007_002,1924000
45921,704,0,CV007_002,1924704
45922,704,0,CV007_002,1925408
45923,692,0,CV007_002,1926100
45924,708,0,CV007_002,1926808
45925,712,0,CV007_002,1927520
45926,708,0,CV007_002,1928228
45927,704,0,CV007_002,1928932
45928,720,0,CV007_002,1929652
45929,724,0,CV007_002,1930376
45930,716,0,CV007_002,1931092
45931,704,0,CV007_002,1931796
45932,708,0,CV007_002,1932504
45933,704,0,CV007_002,1933208
45934,696,0,CV007_002,1933904
45935,700,0,CV007_002,1934604
45936,696,0,CV007_002,1935300
45937,680,0,CV007_002,1935980
45938,676,0,CV007_002,1936656
45939,668,0,CV007_002,1937324
45940,668,0,CV007_002,1937992
45941,672,0,CV007_002,1938664
45942,676,0,CV007_002,1939340
45943,684,0,CV007_002,1940024
45944,688,0,CV007_002,1940712
45945,696,0,CV007_002,1941408
45946,716,0,CV007_002,1942124
45947,712,0,CV007_002,1942836
45948,712,0,CV007_002,1943548
45949,696,0,CV007_002,1944244
45950,696,0,CV007_002,1944940
45951,708,0,CV007_002,1945648
45952,720,0,CV007_002,1946368
45953,720,0,CV007_002,1947088
45954,720,0,CV007_002,1947808
45955,744,0,CV007_002,1948552
45956,748,0,CV007_002,1949300
45957,736,0,CV007_002,1950036
45958,724,0,CV007_002,1950760
45959,696,0,CV007_002,1951456
45960,696,0,CV007_002,1952152
45961,692,0,CV007_002,1952844
45962,668,0,CV007_002,1953512
45963,664,0,CV007_002,1954176
45964,664,0,CV007_002,1954840
45965,684,0,CV007_002,1955524
45966,692,0,CV007_002,1956216
45967,704,0,CV007_002,1956920
45968,716,0,CV007_002,1957636
45969,772,0,CV007_002,1958408
45970,824,0,CV007_002,1959232
45971,780,0,CV007_002,1960012
45972,816,0,CV007_002,1960828
45973,840,0,CV007_002,1961668
45974,752,0,CV007_002,1962420
45975,804,0,CV007_002,1963224
45976,772,0,CV008_001,772
45977,132,0,CV008_001,904
45978,632,0,CV008_001,1536
45979,816,0,CV008_001,2352
45980,808,0,CV008_001,3160
45981,744,0,CV008_001,3904
45982,792,0,CV008_001,4696
45983,808,0,CV008_001,5504
45984,784,0,CV008_001,6288
45985,804,0,CV008_001,7092
45986,772,0,CV008_001,7864
45987,820,0,CV008_001,8684
45988,808,0,CV008_001,9492
45989,780,0,CV008_001,10272
45990,836,0,CV008_001,11108
45991,756,0,CV008_001,11864
45992,780,0,CV008_001,12644
45993,788,0,CV008_001,13432
45994,844,0,CV008_001,14276
45995,792,0,CV008_001,15068
45996,784,0,CV008_001,15852
45997,780,0,CV008_001,16632
45998,772,0,CV008_001,17404
45999,780,0,CV008_001,18184
46000,788,0,CV008_001,18972
46001,776,0,CV008_001,19748
46002,756,0,CV008_001,20504
46003,784,0,CV008_001,21288
46004,796,0,CV008_001,22084
46005,764,0,CV008_001,22848
46006,764,0,CV008_001,23612
46007,772,0,CV008_001,24384
46008,752,0,CV008_001,25136
46009,752,0,CV008_001,25888
46010,772,0,CV008_001,26660
46011,780,0,CV008_001,27440
46012,804,0,CV008_001,28244
46013,780,0,CV008_001,29024
46014,796,0,CV008_001,29820
46015,784,0,CV008_001,30604
46016,792,0,CV008_001,31396
46017,788,0,CV008_001,32184
46018,784,0,CV008_001,32968
46019,812,0,CV008_001,33780
46020,796,0,CV008_001,34576
46021,780,0,CV008_001,35356
46022,812,0,CV008_001,36168
46023,816,0,CV008_001,36984
46024,780,0,CV008_001,37764
46025,796,0,CV008_001,38560
46026,840,1,CV008_001,39400
46027,704,0,CV008_001,40104
46028,764,0,CV008_001,40868
46029,756,0,CV008_001,41624
46030,744,0,CV008_001,42368
46031,772,0,CV008_001,43140
46032,760,0,CV008_001,43900
46033,752,0,CV008_001,44652
46034,780,0,CV008_001,45432
46035,772,0,CV008_001,46204
46036,764,0,CV008_001,46968
46037,768,0,CV008_001,47736
46038,772,0,CV008_001,48508
46039,756,0,CV008_001,49264
46040,756,0,CV008_001,50020
46041,768,0,CV008_001,50788
46042,752,0,CV008_001,51540
46043,764,0,CV008_001,52304
46044,556,0,CV008_001,52860
46045,888,0,CV008_001,53748
46046,780,0,CV008_001,54528
46047,780,0,CV008_001,55308
46048,756,0,CV008_001,56064
46049,768,0,CV008_001,56832
46050,772,0,CV008_001,57604
46051,804,1,CV008_001,58408
46052,700,0,CV008_001,59108
46053,748,0,CV008_001,59856
46054,736,0,CV008_001,60592
46055,808,0,CV008_001,61400
46056,720,0,CV008_001,62120
46057,764,0,CV008_001,62884
46058,808,0,CV008_001,63692
46059,796,0,CV008_001,64488
46060,784,0,CV008_001,65272
46061,804,0,CV008_001,66076
46062,784,0,CV008_001,66860
46063,776,0,CV008_001,67636
46064,804,0,CV008_001,68440
46065,788,0,CV008_001,69228
46066,780,0,CV008_001,70008
46067,804,0,CV008_001,70812
46068,772,0,CV008_001,71584
46069,792,0,CV008_001,72376
46070,792,0,CV008_001,73168
46071,768,0,CV008_001,73936
46072,792,0,CV008_001,74728
46073,768,0,CV008_001,75496
46074,760,0,CV008_001,76256
46075,788,0,CV008_001,77044
46076,768,0,CV008_001,77812
46077,768,0,CV008_001,78580
46078,760,0,CV008_001,79340
46079,760,0,CV008_001,80100
46080,768,0,CV008_001,80868
46081,760,0,CV008_001,81628
46082,808,0,CV008_001,82436
46083,784,0,CV008_001,83220
46084,792,0,CV008_001,84012
46085,792,0,CV008_001,84804
46086,764,0,CV008_001,85568
46087,820,0,CV008_001,86388
46088,784,0,CV008_001,87172
46089,768,0,CV008_001,87940
46090,796,0,CV008_001,88736
46091,788,0,CV008_001,89524
46092,764,0,CV008_001,90288
46093,804,0,CV008_001,91092
46094,784,0,CV008_001,91876
46095,760,0,CV008_001,92636
46096,788,0,CV008_001,93424
46097,796,0,CV008_001,94220
46098,768,0,CV008_001,94988
46099,800,0,CV008_001,95788
46100,796,0,CV008_001,96584
46101,776,0,CV008_001,97360
46102,780,0,CV008_001,98140
46103,760,0,CV008_001,98900
46104,764,0,CV008_001,99664
46105,764,0,CV008_001,100428
46106,760,0,CV008_001,101188
46107,788,0,CV008_001,101976
46108,760,0,CV008_001,102736
46109,776,0,CV008_001,103512
46110,760,0,CV008_001,104272
46111,744,0,CV008_001,105016
46112,780,0,CV008_001,105796
46113,776,0,CV008_001,106572
46114,776,0,CV008_001,107348
46115,756,0,CV008_001,108104
46116,748,0,CV008_001,108852
46117,788,0,CV008_001,109640
46118,772,0,CV008_001,110412
46119,764,0,CV008_001,111176
46120,792,0,CV008_001,111968
46121,776,0,CV008_001,112744
46122,788,0,CV008_001,113532
46123,800,0,CV008_001,114332
46124,780,0,CV008_001,115112
46125,796,0,CV008_001,115908
46126,792,0,CV008_001,116700
46127,768,0,CV008_001,117468
46128,788,0,CV008_001,118256
46129,788,0,CV008_001,119044
46130,760,0,CV008_001,119804
46131,788,0,CV008_001,120592
46132,832,1,CV008_001,121424
46133,720,0,CV008_001,122144
46134,792,0,CV008_001,122936
46135,764,0,CV008_001,123700
46136,776,0,CV008_001,124476
46137,804,0,CV008_001,125280
46138,780,0,CV008_001,126060
46139,776,0,CV008_001,126836
46140,792,0,CV008_001,127628
46141,776,0,CV008_001,128404
46142,788,0,CV008_001,129192
46143,808,0,CV008_001,130000
46144,788,0,CV008_001,130788
46145,808,0,CV008_001,131596
46146,832,0,CV008_001,132428
46147,780,0,CV008_001,133208
46148,808,0,CV008_001,134016
46149,792,0,CV008_001,134808
46150,776,0,CV008_001,135584
46151,852,1,CV008_001,136436
46152,732,0,CV008_001,137168
46153,812,0,CV008_001,137980
46154,812,0,CV008_001,138792
46155,788,0,CV008_001,139580
46156,844,0,CV008_001,140424
46157,820,0,CV008_001,141244
46158,796,0,CV008_001,142040
46159,848,0,CV008_001,142888
46160,816,0,CV008_001,143704
46161,792,0,CV008_001,144496
46162,824,0,CV008_001,145320
46163,800,0,CV008_001,146120
46164,800,0,CV008_001,146920
46165,816,0,CV008_001,147736
46166,800,0,CV008_001,148536
46167,800,0,CV008_001,149336
46168,792,0,CV008_001,150128
46169,804,0,CV008_001,150932
46170,784,0,CV008_001,151716
46171,780,0,CV008_001,152496
46172,788,0,CV008_001,153284
46173,768,0,CV008_001,154052
46174,800,0,CV008_001,154852
46175,796,0,CV008_001,155648
46176,776,0,CV008_001,156424
46177,788,0,CV008_001,157212
46178,772,0,CV008_001,157984
46179,776,0,CV008_001,158760
46180,784,0,CV008_001,159544
46181,764,0,CV008_001,160308
46182,808,0,CV008_001,161116
46183,792,0,CV008_001,161908
46184,772,0,CV008_001,162680
46185,764,0,CV008_001,163444
46186,768,0,CV008_001,164212
46187,760,0,CV008_001,164972
46188,776,0,CV008_001,165748
46189,788,0,CV008_001,166536
46190,768,0,CV008_001,167304
46191,776,0,CV008_001,168080
46192,784,0,CV008_001,168864
46193,764,0,CV008_001,169628
46194,828,1,CV008_001,170456
46195,728,0,CV008_001,171184
46196,764,0,CV008_001,171948
46197,784,0,CV008_001,172732
46198,776,0,CV008_001,173508
46199,772,0,CV008_001,174280
46200,780,0,CV008_001,175060
46201,756,0,CV008_001,175816
46202,760,0,CV008_001,176576
46203,784,0,CV008_001,177360
46204,772,0,CV008_001,178132
46205,760,0,CV008_001,178892
46206,768,0,CV008_001,179660
46207,776,0,CV008_001,180436
46208,852,1,CV008_001,181288
46209,728,0,CV008_001,182016
46210,800,0,CV008_001,182816
46211,832,0,CV008_001,183648
46212,808,0,CV008_001,184456
46213,800,0,CV008_001,185256
46214,840,0,CV008_001,186096
46215,808,0,CV008_001,186904
46216,792,0,CV008_001,187696
46217,828,0,CV008_001,188524
46218,808,0,CV008_001,189332
46219,788,0,CV008_001,190120
46220,816,0,CV008_001,190936
46221,796,0,CV008_001,191732
46222,784,0,CV008_001,192516
46223,812,0,CV008_001,193328
46224,796,0,CV008_001,194124
46225,804,0,CV008_001,194928
46226,820,0,CV008_001,195748
46227,800,0,CV008_001,196548
46228,844,0,CV008_001,197392
46229,812,0,CV008_001,198204
46230,804,0,CV008_001,199008
46231,812,0,CV008_001,199820
46232,788,0,CV008_001,200608
46233,796,0,CV008_001,201404
46234,796,0,CV008_001,202200
46235,772,0,CV008_001,202972
46236,800,0,CV008_001,203772
46237,800,0,CV008_001,204572
46238,796,0,CV008_001,205368
46239,796,0,CV008_001,206164
46240,772,0,CV008_001,206936
46241,824,0,CV008_001,207760
46242,784,0,CV008_001,208544
46243,784,0,CV008_001,209328
46244,772,0,CV008_001,210100
46245,800,0,CV008_001,210900
46246,776,0,CV008_001,211676
46247,776,0,CV008_001,212452
46248,808,0,CV008_001,213260
46249,788,0,CV008_001,214048
46250,800,0,CV008_001,214848
46251,800,0,CV008_001,215648
46252,788,0,CV008_001,216436
46253,808,0,CV008_001,217244
46254,796,0,CV008_001,218040
46255,768,0,CV008_001,218808
46256,804,0,CV008_001,219612
46257,772,0,CV008_001,220384
46258,832,1,CV008_001,221216
46259,732,0,CV008_001,221948
46260,756,0,CV008_001,222704
46261,792,0,CV008_001,223496
46262,788,0,CV008_001,224284
46263,768,0,CV008_001,225052
46264,788,0,CV008_001,225840
46265,788,0,CV008_001,226628
46266,768,0,CV008_001,227396
46267,776,0,CV008_001,228172
46268,760,0,CV008_001,228932
46269,752,0,CV008_001,229684
46270,800,1,CV008_001,230484
46271,704,0,CV008_001,231188
46272,736,0,CV008_001,231924
46273,732,0,CV008_001,232656
46274,728,0,CV008_001,233384
46275,748,0,CV008_001,234132
46276,748,0,CV008_001,234880
46277,740,0,CV008_001,235620
46278,772,0,CV008_001,236392
46279,764,0,CV008_001,237156
46280,780,0,CV008_001,237936
46281,792,0,CV008_001,238728
46282,772,0,CV008_001,239500
46283,808,0,CV008_001,240308
46284,784,0,CV008_001,241092
46285,780,0,CV008_001,241872
46286,788,0,CV008_001,242660
46287,828,0,CV008_001,243488
46288,760,0,CV008_001,244248
46289,784,0,CV008_001,245032
46290,824,0,CV008_001,245856
46291,796,0,CV008_001,246652
46292,804,0,CV008_001,247456
46293,808,0,CV008_001,248264
46294,792,0,CV008_001,249056
46295,808,0,CV008_001,249864
46296,780,0,CV008_001,250644
46297,848,1,CV008_001,251492
46298,736,0,CV008_001,252228
46299,768,0,CV008_001,252996
46300,796,0,CV008_001,253792
46301,780,0,CV008_001,254572
46302,784,0,CV008_001,255356
46303,796,0,CV008_001,256152
46304,772,0,CV008_001,256924
46305,804,0,CV008_001,257728
46306,796,0,CV008_001,258524
46307,788,0,CV008_001,259312
46308,808,0,CV008_001,260120
46309,780,0,CV008_001,260900
46310,816,0,CV008_001,261716
46311,788,0,CV008_001,262504
46312,784,0,CV008_001,263288
46313,800,0,CV008_001,264088
46314,780,0,CV008_001,264868
46315,796,0,CV008_001,265664
46316,832,1,CV008_001,266496
46317,724,0,CV008_001,267220
46318,792,0,CV008_001,268012
46319,764,0,CV008_001,268776
46320,780,0,CV008_001,269556
46321,780,0,CV008_001,270336
46322,760,0,CV008_001,271096
46323,796,0,CV008_001,271892
46324,780,0,CV008_001,272672
46325,836,1,CV008_001,273508
46326,740,0,CV008_001,274248
46327,772,0,CV008_001,275020
46328,784,0,CV008_001,275804
46329,780,0,CV008_001,276584
46330,764,0,CV008_001,277348
46331,788,0,CV008_001,278136
46332,760,0,CV008_001,278896
46333,768,0,CV008_001,279664
46334,768,0,CV008_001,280432
46335,756,0,CV008_001,281188
46336,800,0,CV008_001,281988
46337,780,0,CV008_001,282768
46338,772,0,CV008_001,283540
46339,796,0,CV008_001,284336
46340,772,0,CV008_001,285108
46341,796,0,CV008_001,285904
46342,796,0,CV008_001,286700
46343,776,0,CV008_001,287476
46344,804,0,CV008_001,288280
46345,776,0,CV008_001,289056
46346,788,0,CV008_001,289844
46347,772,0,CV008_001,290616
46348,772,0,CV008_001,291388
46349,792,0,CV008_001,292180
46350,772,0,CV008_001,292952
46351,768,0,CV008_001,293720
46352,788,0,CV008_001,294508
46353,768,0,CV008_001,295276
46354,780,0,CV008_001,296056
46355,772,0,CV008_001,296828
46356,768,0,CV008_001,297596
46357,792,0,CV008_001,298388
46358,780,0,CV008_001,299168
46359,788,0,CV008_001,299956
46360,788,0,CV008_001,300744
46361,816,1,CV008_001,301560
46362,744,0,CV008_001,302304
46363,768,0,CV008_001,303072
46364,780,0,CV008_001,303852
46365,780,0,CV008_001,304632
46366,760,0,CV008_001,305392
46367,780,0,CV008_001,306172
46368,772,0,CV008_001,306944
46369,764,0,CV008_001,307708
46370,792,0,CV008_001,308500
46371,764,0,CV008_001,309264
46372,788,0,CV008_001,310052
46373,768,0,CV008_001,310820
46374,760,0,CV008_001,311580
46375,788,0,CV008_001,312368
46376,772,0,CV008_001,313140
46377,792,0,CV008_001,313932
46378,772,0,CV008_001,314704
46379,816,1,CV008_001,315520
46380,724,0,CV008_001,316244
46381,764,0,CV008_001,317008
46382,740,0,CV008_001,317748
46383,748,0,CV008_001,318496
46384,760,0,CV008_001,319256
46385,760,0,CV008_001,320016
46386,768,0,CV008_001,320784
46387,756,0,CV008_001,321540
46388,780,0,CV008_001,322320
46389,792,0,CV008_001,323112
46390,780,0,CV008_001,323892
46391,840,0,CV008_001,324732
46392,788,0,CV008_001,325520
46393,792,0,CV008_001,326312
46394,808,0,CV008_001,327120
46395,780,0,CV008_001,327900
46396,816,0,CV008_001,328716
46397,788,0,CV008_001,329504
46398,780,0,CV008_001,330284
46399,796,0,CV008_001,331080
46400,776,0,CV008_001,331856
46401,844,0,CV008_001,332700
46402,804,0,CV008_001,333504
46403,796,0,CV008_001,334300
46404,808,0,CV008_001,335108
46405,776,0,CV008_001,335884
46406,816,0,CV008_001,336700
46407,796,0,CV008_001,337496
46408,792,0,CV008_001,338288
46409,812,0,CV008_001,339100
46410,800,0,CV008_001,339900
46411,840,0,CV008_001,340740
46412,808,0,CV008_001,341548
46413,812,0,CV008_001,342360
46414,804,0,CV008_001,343164
46415,796,0,CV008_001,343960
46416,800,0,CV008_001,344760
46417,780,0,CV008_001,345540
46418,812,0,CV008_001,346352
46419,804,0,CV008_001,347156
46420,812,0,CV008_001,347968
46421,828,0,CV008_001,348796
46422,796,0,CV008_001,349592
46423,828,0,CV008_001,350420
46424,812,0,CV008_001,351232
46425,816,0,CV008_001,352048
46426,828,0,CV008_001,352876
46427,792,0,CV008_001,353668
46428,804,0,CV008_001,354472
46429,776,0,CV008_001,355248
46430,792,0,CV008_001,356040
46431,792,0,CV008_001,356832
46432,780,0,CV008_001,357612
46433,812,0,CV008_001,358424
46434,792,0,CV008_001,359216
46435,800,0,CV008_001,360016
46436,808,0,CV008_001,360824
46437,784,0,CV008_001,361608
46438,816,0,CV008_001,362424
46439,800,0,CV008_001,363224
46440,784,0,CV008_001,364008
46441,792,0,CV008_001,364800
46442,764,0,CV008_001,365564
46443,764,0,CV008_001,366328
46444,772,0,CV008_001,367100
46445,764,0,CV008_001,367864
46446,792,0,CV008_001,368656
46447,788,0,CV008_001,369444
46448,796,0,CV008_001,370240
46449,800,0,CV008_001,371040
46450,772,0,CV008_001,371812
46451,788,0,CV008_001,372600
46452,768,0,CV008_001,373368
46453,772,0,CV008_001,374140
46454,784,0,CV008_001,374924
46455,768,0,CV008_001,375692
46456,784,0,CV008_001,376476
46457,800,0,CV008_001,377276
46458,772,0,CV008_001,378048
46459,780,0,CV008_001,378828
46460,776,0,CV008_001,379604
46461,748,0,CV008_001,380352
46462,764,0,CV008_001,381116
46463,784,0,CV008_001,381900
46464,756,0,CV008_001,382656
46465,784,0,CV008_001,383440
46466,772,0,CV008_001,384212
46467,784,0,CV008_001,384996
46468,808,0,CV008_001,385804
46469,788,0,CV008_001,386592
46470,800,0,CV008_001,387392
46471,792,0,CV008_001,388184
46472,784,0,CV008_001,388968
46473,816,0,CV008_001,389784
46474,796,0,CV008_001,390580
46475,792,0,CV008_001,391372
46476,820,0,CV008_001,392192
46477,784,0,CV008_001,392976
46478,796,0,CV008_001,393772
46479,792,0,CV008_001,394564
46480,784,0,CV008_001,395348
46481,768,0,CV008_001,396116
46482,748,0,CV008_001,396864
46483,748,0,CV008_001,397612
46484,752,0,CV008_001,398364
46485,744,0,CV008_001,399108
46486,740,0,CV008_001,399848
46487,752,0,CV008_001,400600
46488,744,0,CV008_001,401344
46489,764,0,CV008_001,402108
46490,804,0,CV008_001,402912
46491,784,0,CV008_001,403696
46492,776,0,CV008_001,404472
46493,776,0,CV008_001,405248
46494,772,0,CV008_001,406020
46495,776,0,CV008_001,406796
46496,764,0,CV008_001,407560
46497,756,0,CV008_001,408316
46498,772,0,CV008_001,409088
46499,784,0,CV008_001,409872
46500,772,0,CV008_001,410644
46501,784,0,CV008_001,411428
46502,780,0,CV008_001,412208
46503,768,0,CV008_001,412976
46504,788,0,CV008_001,413764
46505,816,1,CV008_001,414580
46506,756,0,CV008_001,415336
46507,796,0,CV008_001,416132
46508,784,0,CV008_001,416916
46509,796,0,CV008_001,417712
46510,776,0,CV008_001,418488
46511,792,0,CV008_001,419280
46512,800,0,CV008_001,420080
46513,772,0,CV008_001,420852
46514,812,0,CV008_001,421664
46515,796,0,CV008_001,422460
46516,780,0,CV008_001,423240
46517,816,0,CV008_001,424056
46518,800,0,CV008_001,424856
46519,800,0,CV008_001,425656
46520,804,0,CV008_001,426460
46521,780,0,CV008_001,427240
46522,804,0,CV008_001,428044
46523,800,0,CV008_001,428844
46524,788,0,CV008_001,429632
46525,800,0,CV008_001,430432
46526,776,0,CV008_001,431208
46527,796,0,CV008_001,432004
46528,788,0,CV008_001,432792
46529,784,0,CV008_001,433576
46530,816,0,CV008_001,434392
46531,788,0,CV008_001,435180
46532,784,0,CV008_001,435964
46533,792,0,CV008_001,436756
46534,824,1,CV008_001,437580
46535,744,0,CV008_001,438324
46536,796,0,CV008_001,439120
46537,780,0,CV008_001,439900
46538,812,0,CV008_001,440712
46539,796,0,CV008_001,441508
46540,796,0,CV008_001,442304
46541,788,0,CV008_001,443092
46542,784,0,CV008_001,443876
46543,800,0,CV008_001,444676
46544,788,0,CV008_001,445464
46545,780,0,CV008_001,446244
46546,792,0,CV008_001,447036
46547,776,0,CV008_001,447812
46548,780,0,CV008_001,448592
46549,772,0,CV008_001,449364
46550,764,0,CV008_001,450128
46551,792,0,CV008_001,450920
46552,776,0,CV008_001,451696
46553,780,0,CV008_001,452476
46554,784,0,CV008_001,453260
46555,784,0,CV008_001,454044
46556,820,0,CV008_001,454864
46557,792,0,CV008_001,455656
46558,784,0,CV008_001,456440
46559,800,0,CV008_001,457240
46560,780,0,CV008_001,458020
46561,812,0,CV008_001,458832
46562,796,0,CV008_001,459628
46563,796,0,CV008_001,460424
46564,816,0,CV008_001,461240
46565,788,0,CV008_001,462028
46566,808,0,CV008_001,462836
46567,776,0,CV008_001,463612
46568,780,0,CV008_001,464392
46569,780,0,CV008_001,465172
46570,772,0,CV008_001,465944
46571,792,0,CV008_001,466736
46572,788,0,CV008_001,467524
46573,772,0,CV008_001,468296
46574,760,0,CV008_001,469056
46575,788,0,CV008_001,469844
46576,772,0,CV008_001,470616
46577,776,0,CV008_001,471392
46578,788,0,CV008_001,472180
46579,764,0,CV008_001,472944
46580,792,0,CV008_001,473736
46581,784,0,CV008_001,474520
46582,776,0,CV008_001,475296
46583,808,0,CV008_001,476104
46584,780,0,CV008_001,476884
46585,784,0,CV008_001,477668
46586,768,0,CV008_001,478436
46587,804,0,CV008_001,479240
46588,788,0,CV008_001,480028
46589,780,0,CV008_001,480808
46590,796,0,CV008_001,481604
46591,776,0,CV008_001,482380
46592,840,1,CV008_001,483220
46593,724,0,CV008_001,483944
46594,768,0,CV008_001,484712
46595,796,0,CV008_001,485508
46596,784,0,CV008_001,486292
46597,784,0,CV008_001,487076
46598,808,0,CV008_001,487884
46599,780,0,CV008_001,488664
46600,836,0,CV008_001,489500
46601,868,0,CV008_001,490368
46602,816,0,CV008_001,491184
46603,800,0,CV008_001,491984
46604,776,0,CV008_001,492760
46605,780,0,CV008_001,493540
46606,780,0,CV008_001,494320
46607,764,0,CV008_001,495084
46608,760,0,CV008_001,495844
46609,796,0,CV008_001,496640
46610,772,0,CV008_001,497412
46611,792,0,CV008_001,498204
46612,772,0,CV008_001,498976
46613,800,0,CV008_001,499776
46614,852,1,CV008_001,500628
46615,736,0,CV008_001,501364
46616,780,0,CV008_001,502144
46617,772,0,CV008_001,502916
46618,772,0,CV008_001,503688
46619,796,0,CV008_001,504484
46620,780,0,CV008_001,505264
46621,784,0,CV008_001,506048
46622,800,0,CV008_001,506848
46623,776,0,CV008_001,507624
46624,800,0,CV008_001,508424
46625,796,0,CV008_001,509220
46626,788,0,CV008_001,510008
46627,792,0,CV008_001,510800
46628,776,0,CV008_001,511576
46629,800,0,CV008_001,512376
46630,776,0,CV008_001,513152
46631,792,0,CV008_001,513944
46632,780,0,CV008_001,514724
46633,768,0,CV008_001,515492
46634,808,0,CV008_001,516300
46635,788,0,CV008_001,517088
46636,784,0,CV008_001,517872
46637,792,0,CV008_001,518664
46638,772,0,CV008_001,519436
46639,800,0,CV008_001,520236
46640,784,0,CV008_001,521020
46641,784,0,CV008_001,521804
46642,808,0,CV008_001,522612
46643,784,0,CV008_001,523396
46644,792,0,CV008_001,524188
46645,804,0,CV008_001,524992
46646,784,0,CV008_001,525776
46647,848,1,CV008_001,526624
46648,728,0,CV008_001,527352
46649,788,0,CV008_001,528140
46650,784,0,CV008_001,528924
46651,776,0,CV008_001,529700
46652,784,0,CV008_001,530484
46653,772,0,CV008_001,531256
46654,772,0,CV008_001,532028
46655,772,0,CV008_001,532800
46656,760,0,CV008_001,533560
46657,776,0,CV008_001,534336
46658,780,0,CV008_001,535116
46659,768,0,CV008_001,535884
46660,804,0,CV008_001,536688
46661,784,0,CV008_001,537472
46662,772,0,CV008_001,538244
46663,776,0,CV008_001,539020
46664,764,0,CV008_001,539784
46665,760,0,CV008_001,540544
46666,776,0,CV008_001,541320
46667,764,0,CV008_001,542084
46668,796,0,CV008_001,542880
46669,800,0,CV008_001,543680
46670,768,0,CV008_001,544448
46671,780,0,CV008_001,545228
46672,776,0,CV008_001,546004
46673,756,0,CV008_001,546760
46674,780,0,CV008_001,547540
46675,760,0,CV008_001,548300
46676,760,0,CV008_001,549060
46677,768,0,CV008_001,549828
46678,756,0,CV008_001,550584
46679,776,0,CV008_001,551360
46680,760,0,CV008_001,552120
46681,756,0,CV008_001,552876
46682,780,0,CV008_001,553656
46683,764,0,CV008_001,554420
46684,784,0,CV008_001,555204
46685,784,0,CV008_001,555988
46686,764,0,CV008_001,556752
46687,796,0,CV008_001,557548
46688,768,0,CV008_001,558316
46689,792,0,CV008_001,559108
46690,788,0,CV008_001,559896
46691,772,0,CV008_001,560668
46692,796,0,CV008_001,561464
46693,776,0,CV008_001,562240
46694,796,0,CV008_001,563036
46695,776,0,CV008_001,563812
46696,772,0,CV008_001,564584
46697,780,0,CV008_001,565364
46698,772,0,CV008_001,566136
46699,776,0,CV008_001,566912
46700,780,0,CV008_001,567692
46701,788,0,CV008_001,568480
46702,788,0,CV008_001,569268
46703,780,0,CV008_001,570048
46704,776,0,CV008_001,570824
46705,828,1,CV008_001,571652
46706,716,0,CV008_001,572368
46707,772,0,CV008_001,573140
46708,752,0,CV008_001,573892
46709,768,0,CV008_001,574660
46710,784,0,CV008_001,575444
46711,760,0,CV008_001,576204
46712,784,0,CV008_001,576988
46713,808,0,CV008_001,577796
46714,804,0,CV008_001,578600
46715,828,0,CV008_001,579428
46716,804,0,CV008_001,580232
46717,844,0,CV008_001,581076
46718,812,0,CV008_001,581888
46719,836,0,CV008_001,582724
46720,836,0,CV008_001,583560
46721,820,0,CV008_001,584380
46722,852,0,CV008_001,585232
46723,804,0,CV008_001,586036
46724,828,0,CV008_001,586864
46725,816,0,CV008_001,587680
46726,780,0,CV008_001,588460
46727,808,0,CV008_001,589268
46728,780,0,CV008_001,590048
46729,776,0,CV008_001,590824
46730,840,1,CV008_001,591664
46731,732,0,CV008_001,592396
46732,788,0,CV008_001,593184
46733,760,0,CV008_001,593944
46734,760,0,CV008_001,594704
46735,760,0,CV008_001,595464
46736,752,0,CV008_001,596216
46737,764,0,CV008_001,596980
46738,764,0,CV008_001,597744
46739,764,0,CV008_001,598508
46740,772,0,CV008_001,599280
46741,788,0,CV008_001,600068
46742,772,0,CV008_001,600840
46743,752,0,CV008_001,601592
46744,756,0,CV008_001,602348
46745,756,0,CV008_001,603104
46746,744,0,CV008_001,603848
46747,744,0,CV008_001,604592
46748,772,0,CV008_001,605364
46749,776,0,CV008_001,606140
46750,760,0,CV008_001,606900
46751,784,0,CV008_001,607684
46752,784,0,CV008_001,608468
46753,776,0,CV008_001,609244
46754,784,0,CV008_001,610028
46755,768,0,CV008_001,610796
46756,768,0,CV008_001,611564
46757,776,0,CV008_001,612340
46758,760,0,CV008_001,613100
46759,780,0,CV008_001,613880
46760,772,0,CV008_001,614652
46761,760,0,CV008_001,615412
46762,788,0,CV008_001,616200
46763,776,0,CV008_001,616976
46764,784,0,CV008_001,617760
46765,780,0,CV008_001,618540
46766,784,0,CV008_001,619324
46767,872,0,CV008_001,620196
46768,824,0,CV008_001,621020
46769,788,0,CV008_001,621808
46770,800,0,CV008_001,622608
46771,788,0,CV008_001,623396
46772,788,0,CV008_001,624184
46773,796,0,CV008_001,624980
46774,768,0,CV008_001,625748
46775,796,0,CV008_001,626544
46776,780,0,CV008_001,627324
46777,772,0,CV008_001,628096
46778,796,0,CV008_001,628892
46779,772,0,CV008_001,629664
46780,796,0,CV008_001,630460
46781,788,0,CV008_001,631248
46782,780,0,CV008_001,632028
46783,812,0,CV008_001,632840
46784,844,0,CV008_001,633684
46785,752,0,CV008_001,634436
46786,784,0,CV008_001,635220
46787,780,0,CV008_001,636000
46788,812,0,CV008_001,636812
46789,784,0,CV008_001,637596
46790,796,0,CV008_001,638392
46791,796,0,CV008_001,639188
46792,768,0,CV008_001,639956
46793,788,0,CV008_001,640744
46794,764,0,CV008_001,641508
46795,768,0,CV008_001,642276
46796,780,0,CV008_001,643056
46797,780,0,CV008_001,643836
46798,776,0,CV008_001,644612
46799,784,0,CV008_001,645396
46800,764,0,CV008_001,646160
46801,768,0,CV008_001,646928
46802,760,0,CV008_001,647688
46803,760,0,CV008_001,648448
46804,776,0,CV008_001,649224
46805,760,0,CV008_001,649984
46806,784,0,CV008_001,650768
46807,784,0,CV008_001,651552
46808,768,0,CV008_001,652320
46809,776,0,CV008_001,653096
46810,756,0,CV008_001,653852
46811,752,0,CV008_001,654604
46812,772,0,CV008_001,655376
46813,760,0,CV008_001,656136
46814,756,0,CV008_001,656892
46815,804,1,CV008_001,657696
46816,696,0,CV008_001,658392
46817,756,0,CV008_001,659148
46818,748,0,CV008_001,659896
46819,800,1,CV008_001,660696
46820,680,0,CV008_001,661376
46821,748,0,CV008_001,662124
46822,776,0,CV008_001,662900
46823,776,0,CV008_001,663676
46824,772,0,CV008_001,664448
46825,788,0,CV008_001,665236
46826,776,0,CV008_001,666012
46827,780,0,CV008_001,666792
46828,768,0,CV008_001,667560
46829,772,0,CV008_001,668332
46830,764,0,CV008_001,669096
46831,756,0,CV008_001,669852
46832,780,0,CV008_001,670632
46833,760,0,CV008_001,671392
46834,768,0,CV008_001,672160
46835,760,0,CV008_001,672920
46836,800,1,CV008_001,673720
46837,732,0,CV008_001,674452
46838,760,0,CV008_001,675212
46839,768,0,CV008_001,675980
46840,780,0,CV008_001,676760
46841,760,0,CV008_001,677520
46842,776,0,CV008_001,678296
46843,776,0,CV008_001,679072
46844,764,0,CV008_001,679836
46845,772,0,CV008_001,680608
46846,768,0,CV008_001,681376
46847,776,0,CV008_001,682152
46848,796,0,CV008_001,682948
46849,768,0,CV008_001,683716
46850,800,0,CV008_001,684516
46851,784,0,CV008_001,685300
46852,768,0,CV008_001,686068
46853,784,0,CV008_001,686852
46854,768,0,CV008_001,687620
46855,768,0,CV008_001,688388
46856,792,0,CV008_001,689180
46857,764,0,CV008_001,689944
46858,764,0,CV008_001,690708
46859,772,0,CV008_001,691480
46860,760,0,CV008_001,692240
46861,780,0,CV008_001,693020
46862,772,0,CV008_001,693792
46863,780,0,CV008_001,694572
46864,796,0,CV008_001,695368
46865,772,0,CV008_001,696140
46866,776,0,CV008_001,696916
46867,780,0,CV008_001,697696
46868,768,0,CV008_001,698464
46869,780,0,CV008_001,699244
46870,768,0,CV008_001,700012
46871,784,0,CV008_001,700796
46872,784,0,CV008_001,701580
46873,764,0,CV008_001,702344
46874,792,0,CV008_001,703136
46875,776,0,CV008_001,703912
46876,788,0,CV008_001,704700
46877,780,0,CV008_001,705480
46878,772,0,CV008_001,706252
46879,780,0,CV008_001,707032
46880,768,0,CV008_001,707800
46881,776,0,CV008_001,708576
46882,772,0,CV008_001,709348
46883,768,0,CV008_001,710116
46884,772,0,CV008_001,710888
46885,756,0,CV008_001,711644
46886,776,0,CV008_001,712420
46887,768,0,CV008_001,713188
46888,752,0,CV008_001,713940
46889,764,0,CV008_001,714704
46890,748,0,CV008_001,715452
46891,768,0,CV008_001,716220
46892,768,0,CV008_001,716988
46893,748,0,CV008_001,717736
46894,776,0,CV008_001,718512
46895,768,0,CV008_001,719280
46896,756,0,CV008_001,720036
46897,776,0,CV008_001,720812
46898,768,0,CV008_001,721580
46899,776,0,CV008_001,722356
46900,776,0,CV008_001,723132
46901,760,0,CV008_001,723892
46902,836,1,CV008_001,724728
46903,716,0,CV008_001,725444
46904,792,0,CV008_001,726236
46905,776,0,CV008_001,727012
46906,788,0,CV008_001,727800
46907,776,0,CV008_001,728576
46908,760,0,CV008_001,729336
46909,768,0,CV008_001,730104
46910,752,0,CV008_001,730856
46911,764,0,CV008_001,731620
46912,760,0,CV008_001,732380
46913,744,0,CV008_001,733124
46914,748,0,CV008_001,733872
46915,744,0,CV008_001,734616
46916,732,0,CV008_001,735348
46917,732,0,CV008_001,736080
46918,768,0,CV008_001,736848
46919,748,0,CV008_001,737596
46920,752,0,CV008_001,738348
46921,760,0,CV008_001,739108
46922,756,0,CV008_001,739864
46923,764,0,CV008_001,740628
46924,776,0,CV008_001,741404
46925,772,0,CV008_001,742176
46926,752,0,CV008_001,742928
46927,816,1,CV008_001,743744
46928,716,0,CV008_001,744460
46929,764,0,CV008_001,745224
46930,784,0,CV008_001,746008
46931,780,0,CV008_001,746788
46932,788,0,CV008_001,747576
46933,780,0,CV008_001,748356
46934,768,0,CV008_001,749124
46935,776,0,CV008_001,749900
46936,776,0,CV008_001,750676
46937,756,0,CV008_001,751432
46938,776,0,CV008_001,752208
46939,764,0,CV008_001,752972
46940,768,0,CV008_001,753740
46941,772,0,CV008_001,754512
46942,760,0,CV008_001,755272
46943,768,0,CV008_001,756040
46944,764,0,CV008_001,756804
46945,764,0,CV008_001,757568
46946,804,0,CV008_001,758372
46947,788,0,CV008_001,759160
46948,776,0,CV008_001,759936
46949,800,0,CV008_001,760736
46950,776,0,CV008_001,761512
46951,768,0,CV008_001,762280
46952,780,0,CV008_001,763060
46953,780,0,CV008_001,763840
46954,772,0,CV008_001,764612
46955,800,0,CV008_001,765412
46956,776,0,CV008_001,766188
46957,752,0,CV008_001,766940
46958,820,1,CV008_001,767760
46959,708,0,CV008_001,768468
46960,756,0,CV008_001,769224
46961,768,0,CV008_001,769992
46962,760,0,CV008_001,770752
46963,756,0,CV008_001,771508
46964,764,0,CV008_001,772272
46965,752,0,CV008_001,773024
46966,756,0,CV008_001,773780
46967,760,0,CV008_001,774540
46968,748,0,CV008_001,775288
46969,768,0,CV008_001,776056
46970,756,0,CV008_001,776812
46971,756,0,CV008_001,777568
46972,776,0,CV008_001,778344
46973,756,0,CV008_001,779100
46974,764,0,CV008_001,779864
46975,768,0,CV008_001,780632
46976,756,0,CV008_001,781388
46977,760,0,CV008_001,782148
46978,752,0,CV008_001,782900
46979,756,0,CV008_001,783656
46980,764,0,CV008_001,784420
46981,748,0,CV008_001,785168
46982,756,0,CV008_001,785924
46983,756,0,CV008_001,786680
46984,736,0,CV008_001,787416
46985,756,0,CV008_001,788172
46986,752,0,CV008_001,788924
46987,748,0,CV008_001,789672
46988,764,0,CV008_001,790436
46989,740,0,CV008_001,791176
46990,756,0,CV008_001,791932
46991,768,0,CV008_001,792700
46992,752,0,CV008_001,793452
46993,776,0,CV008_001,794228
46994,760,0,CV008_001,794988
46995,756,0,CV008_001,795744
46996,788,0,CV008_001,796532
46997,772,0,CV008_001,797304
46998,780,0,CV008_001,798084
46999,796,0,CV008_001,798880
47000,784,0,CV008_001,799664
47001,788,0,CV008_001,800452
47002,784,0,CV008_001,801236
47003,772,0,CV008_001,802008
47004,788,0,CV008_001,802796
47005,772,0,CV008_001,803568
47006,772,0,CV008_001,804340
47007,796,0,CV008_001,805136
47008,780,0,CV008_001,805916
47009,780,0,CV008_001,806696
47010,792,0,CV008_001,807488
47011,788,0,CV008_001,808276
47012,832,0,CV008_001,809108
47013,816,0,CV008_001,809924
47014,848,0,CV008_001,810772
47015,768,0,CV008_001,811540
47016,792,0,CV008_001,812332
47017,800,0,CV008_001,813132
47018,804,0,CV008_001,813936
47019,768,0,CV008_001,814704
47020,772,0,CV008_001,815476
47021,768,0,CV008_001,816244
47022,760,0,CV008_001,817004
47023,780,0,CV008_001,817784
47024,760,0,CV008_001,818544
47025,760,0,CV008_001,819304
47026,772,0,CV008_001,820076
47027,760,0,CV008_001,820836
47028,772,0,CV008_001,821608
47029,780,0,CV008_001,822388
47030,764,0,CV008_001,823152
47031,800,0,CV008_001,823952
47032,796,0,CV008_001,824748
47033,800,0,CV008_001,825548
47034,816,0,CV008_001,826364
47035,776,0,CV008_001,827140
47036,820,0,CV008_001,827960
47037,796,0,CV008_001,828756
47038,776,0,CV008_001,829532
47039,796,0,CV008_001,830328
47040,780,0,CV008_001,831108
47041,812,0,CV008_001,831920
47042,792,0,CV008_001,832712
47043,780,0,CV008_001,833492
47044,796,0,CV008_001,834288
47045,768,0,CV008_001,835056
47046,796,0,CV008_001,835852
47047,792,0,CV008_001,836644
47048,784,0,CV008_001,837428
47049,784,0,CV008_001,838212
47050,764,0,CV008_001,838976
47051,812,0,CV008_001,839788
47052,792,0,CV008_001,840580
47053,792,0,CV008_001,841372
47054,828,0,CV008_001,842200
47055,792,0,CV008_001,842992
47056,812,0,CV008_001,843804
47057,796,0,CV008_001,844600
47058,772,0,CV008_001,845372
47059,764,0,CV008_001,846136
47060,764,0,CV008_001,846900
47061,744,0,CV008_001,847644
47062,744,0,CV008_001,848388
47063,764,0,CV008_001,849152
47064,756,0,CV008_001,849908
47065,780,0,CV008_001,850688
47066,820,0,CV008_001,851508
47067,820,0,CV008_001,852328
47068,828,0,CV008_001,853156
47069,796,0,CV008_001,853952
47070,816,0,CV008_001,854768
47071,800,0,CV008_001,855568
47072,816,0,CV008_001,856384
47073,792,0,CV008_001,857176
47074,800,0,CV008_001,857976
47075,800,0,CV008_001,858776
47076,788,0,CV008_001,859564
47077,804,0,CV008_001,860368
47078,780,0,CV008_001,861148
47079,784,0,CV008_001,861932
47080,784,0,CV008_001,862716
47081,772,0,CV008_001,863488
47082,800,0,CV008_001,864288
47083,788,0,CV008_001,865076
47084,788,0,CV008_001,865864
47085,768,0,CV008_001,866632
47086,776,0,CV008_001,867408
47087,772,0,CV008_001,868180
47088,792,0,CV008_001,868972
47089,772,0,CV008_001,869744
47090,796,0,CV008_001,870540
47091,792,0,CV008_001,871332
47092,808,0,CV008_001,872140
47093,808,0,CV008_001,872948
47094,796,0,CV008_001,873744
47095,808,0,CV008_001,874552
47096,792,0,CV008_001,875344
47097,828,0,CV008_001,876172
47098,792,0,CV008_001,876964
47099,824,0,CV008_001,877788
47100,800,0,CV008_001,878588
47101,800,0,CV008_001,879388
47102,800,0,CV008_001,880188
47103,776,0,CV008_001,880964
47104,840,1,CV008_001,881804
47105,728,0,CV008_001,882532
47106,772,0,CV008_001,883304
47107,776,0,CV008_001,884080
47108,768,0,CV008_001,884848
47109,804,0,CV008_001,885652
47110,776,0,CV008_001,886428
47111,796,0,CV008_001,887224
47112,784,0,CV008_001,888008
47113,260,0,CV008_003,260
47114,220,0,CV008_003,480
47115,364,0,CV008_003,844
47116,240,0,CV008_003,1084
47117,136,0,CV008_003,1220
47118,320,0,CV008_003,1540
47119,284,0,CV008_003,1824
47120,300,0,CV008_003,2124
47121,200,0,CV008_003,2324
47122,240,0,CV008_003,2564
47123,160,0,CV008_003,2724
47124,200,0,CV008_003,2924
47125,256,0,CV008_003,3180
47126,260,0,CV008_003,3440
47127,380,0,CV008_003,3820
47128,280,0,CV008_003,4100
47129,60,0,CV008_003,4160
47130,240,0,CV008_003,4400
47131,380,0,CV008_003,4780
47132,120,0,CV008_003,4900
47133,460,0,CV008_003,5360
47134,80,0,CV008_003,5440
47135,204,0,CV008_003,5644
47136,460,0,CV008_003,6104
47137,216,0,CV008_003,6320
47138,60,0,CV008_003,6380
47139,360,0,CV008_003,6740
47140,184,0,CV008_003,6924
47141,380,0,CV008_003,7304
47142,140,0,CV008_003,7444
47143,340,0,CV008_003,7784
47144,320,0,CV008_003,8104
47145,200,0,CV008_003,8304
47146,260,0,CV008_003,8564
47147,220,0,CV008_003,8784
47148,280,0,CV008_003,9064
47149,220,0,CV008_003,9284
47150,160,0,CV008_003,9444
47151,360,0,CV008_003,9804
47152,260,0,CV008_003,10064
47153,60,0,CV008_003,10124
47154,440,0,CV008_003,10564
47155,220,0,CV008_003,10784
47156,80,0,CV008_003,10864
47157,440,0,CV008_003,11304
47158,160,0,CV008_003,11464
47159,340,0,CV008_003,11804
47160,60,0,CV008_003,11864
47161,260,0,CV008_003,12124
47162,200,0,CV008_003,12324
47163,480,0,CV008_003,12804
47164,20,0,CV008_003,12824
47165,480,0,CV008_003,13304
47166,120,0,CV008_003,13424
47167,380,0,CV008_003,13804
47168,120,0,CV008_003,13924
47169,160,0,CV008_003,14084
47170,220,0,CV008_003,14304
47171,480,0,CV008_003,14784
47172,20,0,CV008_003,14804
47173,380,0,CV008_003,15184
47174,280,0,CV008_003,15464
47175,260,0,CV008_003,15724
47176,140,0,CV008_003,15864
47177,204,0,CV008_003,16068
47178,236,0,CV008_003,16304
47179,484,0,CV008_003,16788
47180,20,0,CV008_003,16808
47181,440,0,CV008_003,17248
47182,180,0,CV008_003,17428
47183,340,0,CV008_003,17768
47184,260,0,CV008_003,18028
47185,100,0,CV008_003,18128
47186,180,0,CV008_003,18308
47187,220,0,CV008_003,18528
47188,260,0,CV008_003,18788
47189,380,0,CV008_003,19168
47190,140,0,CV008_003,19308
47191,240,0,CV008_003,19548
47192,240,0,CV008_003,19788
47193,360,0,CV008_003,20148
47194,160,0,CV008_003,20308
47195,260,0,CV008_003,20568
47196,220,0,CV008_003,20788
47197,300,0,CV008_003,21088
47198,220,0,CV008_003,21308
47199,260,0,CV008_003,21568
47200,280,0,CV008_003,21848
47201,320,0,CV008_003,22168
47202,200,0,CV008_003,22368
47203,160,0,CV008_003,22528
47204,300,0,CV008_003,22828
47205,260,0,CV008_003,23088
47206,220,0,CV008_003,23308
47207,180,0,CV008_003,23488
47208,300,0,CV008_003,23788
47209,360,0,CV008_003,24148
47210,220,0,CV008_003,24368
47211,300,0,CV008_003,24668
47212,160,0,CV008_003,24828
47213,300,0,CV008_003,25128
47214,240,0,CV008_003,25368
47215,140,0,CV008_003,25508
47216,344,0,CV008_003,25852
47217,280,0,CV008_003,26132
47218,236,0,CV008_003,26368
47219,100,0,CV008_003,26468
47220,344,0,CV008_003,26812
47221,320,0,CV008_003,27132
47222,240,0,CV008_003,27372
47223,140,0,CV008_003,27512
47224,400,0,CV008_003,27912
47225,280,0,CV008_003,28192
47226,180,0,CV008_003,28372
47227,120,0,CV008_003,28492
47228,360,0,CV008_003,28852
47229,160,0,CV008_003,29012
47230,360,0,CV008_003,29372
47231,160,0,CV008_003,29532
47232,240,0,CV008_003,29772
47233,380,0,CV008_003,30152
47234,40,0,CV008_003,30192
47235,320,0,CV008_003,30512
47236,360,0,CV008_003,30872
47237,180,0,CV008_003,31052
47238,260,0,CV008_003,31312
47239,240,0,CV008_003,31552
47240,200,0,CV008_003,31752
47241,320,0,CV008_003,32072
47242,140,0,CV008_003,32212
47243,440,0,CV008_003,32652
47244,240,0,CV008_003,32892
47245,140,0,CV008_003,33032
47246,300,0,CV008_003,33332
47247,180,0,CV008_003,33512
47248,380,0,CV008_003,33892
47249,100,0,CV008_003,33992
47250,344,0,CV008_003,34336
47251,200,0,CV008_003,34536
47252,300,0,CV008_003,34836
47253,56,0,CV008_003,34892
47254,260,0,CV008_003,35152
47255,340,0,CV008_003,35492
47256,380,0,CV008_003,35872
47257,220,0,CV008_003,36092
47258,60,0,CV008_003,36152
47259,700,0,CV008_003,36852
47260,460,0,CV008_003,37312
47261,200,0,CV008_003,37512
47262,620,0,CV008_003,38132
47263,740,0,CV008_003,38872
47264,640,0,CV008_003,39512
47265,500,0,CV008_003,40012
47266,220,0,CV008_003,40232
47267,520,0,CV008_003,40752
47268,224,0,CV008_003,40976
47269,276,0,CV008_003,41252
47270,64,0,CV008_003,41316
47271,300,0,CV008_003,41616
47272,340,0,CV008_003,41956
47273,300,0,CV008_003,42256
47274,60,0,CV008_003,42316
47275,440,0,CV008_003,42756
47276,260,0,CV008_003,43016
47277,60,0,CV008_003,43076
47278,260,0,CV008_003,43336
47279,360,0,CV008_003,43696
47280,140,0,CV008_003,43836
47281,420,0,CV008_003,44256
47282,180,0,CV008_003,44436
47283,320,0,CV008_003,44756
47284,60,0,CV008_003,44816
47285,260,0,CV008_003,45076
47286,240,0,CV008_003,45316
47287,260,0,CV008_003,45576
47288,360,0,CV008_003,45936
47289,300,0,CV008_003,46236
47290,200,0,CV008_003,46436
47291,300,0,CV008_003,46736
47292,160,0,CV008_003,46896
47293,220,0,CV008_003,47116
47294,200,0,CV008_003,47316
47295,420,0,CV008_003,47736
47296,120,0,CV008_003,47856
47297,380,0,CV008_003,48236
47298,80,0,CV008_003,48316
47299,220,0,CV008_003,48536
47300,380,0,CV008_003,48916
47301,280,0,CV008_003,49196
47302,140,0,CV008_003,49336
47303,400,0,CV008_003,49736
47304,184,0,CV008_003,49920
47305,316,0,CV008_003,50236
47306,80,0,CV008_003,50316
47307,264,0,CV008_003,50580
47308,156,0,CV008_003,50736
47309,504,0,CV008_003,51240
47310,96,0,CV008_003,51336
47311,404,0,CV008_003,51740
47312,240,0,CV008_003,51980
47313,60,0,CV008_003,52040
47314,280,0,CV008_003,52320
47315,380,0,CV008_003,52700
47316,60,0,CV008_003,52760
47317,460,0,CV008_003,53220
47318,120,0,CV008_003,53340
47319,380,0,CV008_003,53720
47320,80,0,CV008_003,53800
47321,320,0,CV008_003,54120
47322,200,0,CV008_003,54320
47323,160,0,CV008_003,54480
47324,340,0,CV008_003,54820
47325,260,0,CV008_003,55080
47326,240,0,CV008_003,55320
47327,240,0,CV008_003,55560
47328,160,0,CV008_003,55720
47329,460,0,CV008_003,56180
47330,140,0,CV008_003,56320
47331,200,0,CV008_003,56520
47332,380,0,CV008_003,56900
47333,180,0,CV008_003,57080
47334,240,0,CV008_003,57320
47335,280,0,CV008_003,57600
47336,700,0,CV008_003,58300
47337,704,0,CV008_003,59004
47338,320,0,CV008_003,59324
47339,220,0,CV008_003,59544
47340,300,0,CV008_003,59844
47341,480,0,CV008_003,60324
47342,120,0,CV008_003,60444
47343,260,0,CV008_003,60704
47344,400,0,CV008_003,61104
47345,220,0,CV008_003,61324
47346,140,0,CV008_003,61464
47347,340,0,CV008_003,61804
47348,360,0,CV008_003,62164
47349,180,0,CV008_003,62344
47350,180,0,CV008_003,62524
47351,200,0,CV008_003,62724
47352,440,0,CV008_003,63164
47353,60,0,CV008_003,63224
47354,280,0,CV008_003,63504
47355,380,0,CV008_003,63884
47356,40,0,CV008_003,63924
47357,480,0,CV008_003,64404
47358,160,0,CV008_003,64564
47359,220,0,CV008_003,64784
47360,200,0,CV008_003,64984
47361,340,0,CV008_003,65324
47362,100,0,CV008_003,65424
47363,280,0,CV008_003,65704
47364,244,0,CV008_003,65948
47365,380,0,CV008_003,66328
47366,100,0,CV008_003,66428
47367,260,0,CV008_003,66688
47368,360,0,CV008_003,67048
47369,280,0,CV008_003,67328
47370,80,0,CV008_003,67408
47371,300,0,CV008_003,67708
47372,340,0,CV008_003,68048
47373,280,0,CV008_003,68328
47374,80,0,CV008_003,68408
47375,380,0,CV008_003,68788
47376,260,0,CV008_003,69048
47377,280,0,CV008_003,69328
47378,120,0,CV008_003,69448
47379,260,0,CV008_003,69708
47380,160,0,CV008_003,69868
47381,320,0,CV008_003,70188
47382,140,0,CV008_003,70328
47383,500,0,CV008_003,70828
47384,44,0,CV008_003,70872
47385,256,0,CV008_003,71128
47386,400,0,CV008_003,71528
47387,160,0,CV008_003,71688
47388,580,0,CV008_003,72268
47389,424,0,CV008_003,72692
47390,280,0,CV008_003,72972
47391,140,0,CV008_003,73112
47392,500,0,CV008_003,73612
47393,380,0,CV008_003,73992
47394,320,0,CV008_003,74312
47395,40,0,CV008_003,74352
47396,340,0,CV008_003,74692
47397,300,0,CV008_003,74992
47398,60,0,CV008_003,75052
47399,280,0,CV008_003,75332
47400,360,0,CV008_003,75692
47401,340,0,CV008_003,76032
47402,160,0,CV008_003,76192
47403,220,0,CV008_003,76412
47404,260,0,CV008_003,76672
47405,320,0,CV008_003,76992
47406,60,0,CV008_003,77052
47407,280,0,CV008_003,77332
47408,444,0,CV008_003,77776
47409,696,0,CV008_003,78472
47410,204,0,CV008_003,78676
47411,420,0,CV008_003,79096
47412,240,0,CV008_003,79336
47413,340,0,CV008_003,79676
47414,140,0,CV008_003,79816
47415,360,0,CV008_003,80176
47416,160,0,CV008_003,80336
47417,220,0,CV008_003,80556
47418,260,0,CV008_003,80816
47419,440,0,CV008_003,81256
47420,80,0,CV008_003,81336
47421,340,0,CV008_003,81676
47422,240,0,CV008_003,81916
47423,260,0,CV008_003,82176
47424,160,0,CV008_003,82336
47425,280,0,CV008_003,82616
47426,180,0,CV008_003,82796
47427,380,0,CV008_003,83176
47428,860,0,CV008_003,84036
47429,304,0,CV008_003,84340
47430,380,0,CV008_003,84720
47431,60,0,CV008_003,84780
47432,320,0,CV008_003,85100
47433,240,0,CV008_003,85340
47434,320,0,CV008_003,85660
47435,300,0,CV008_003,85960
47436,160,0,CV008_003,86120
47437,220,0,CV008_003,86340
47438,320,0,CV008_003,86660
47439,140,0,CV008_003,86800
47440,360,0,CV008_003,87160
47441,180,0,CV008_003,87340
47442,160,0,CV008_003,87500
47443,220,0,CV008_003,87720
47444,240,0,CV008_003,87960
47445,380,0,CV008_003,88340
47446,580,0,CV008_003,88920
47447,240,0,CV008_003,89160
47448,80,0,CV008_003,89240
47449,320,0,CV008_003,89560
47450,684,0,CV008_003,90244
47451,400,0,CV008_003,90644
47452,300,0,CV008_003,90944
47453,400,0,CV008_003,91344
47454,340,0,CV008_003,91684
47455,160,0,CV008_003,91844
47456,320,0,CV008_003,92164
47457,160,0,CV008_003,92324
47458,320,0,CV008_003,92644
47459,200,0,CV008_003,92844
47460,180,0,CV008_003,93024
47461,320,0,CV008_003,93344
47462,80,0,CV008_003,93424
47463,300,0,CV008_003,93724
47464,300,0,CV008_003,94024
47465,380,0,CV008_003,94404
47466,20,0,CV008_003,94424
47467,300,0,CV008_003,94724
47468,380,0,CV008_003,95104
47469,240,0,CV008_003,95344
47470,80,0,CV008_003,95424
47471,400,0,CV008_003,95824
47472,320,0,CV008_003,96144
47473,20,0,CV008_003,96164
47474,420,0,CV008_003,96584
47475,644,0,CV008_003,97228
47476,416,0,CV008_003,97644
47477,300,0,CV008_003,97944
47478,404,0,CV008_003,98348
47479,80,0,CV008_003,98428
47480,216,0,CV008_003,98644
47481,324,0,CV008_003,98968
47482,220,0,CV008_003,99188
47483,400,0,CV008_003,99588
47484,60,0,CV008_003,99648
47485,400,0,CV008_003,100048
47486,300,0,CV008_003,100348
47487,140,0,CV008_003,100488
47488,260,0,CV008_003,100748
47489,200,0,CV008_003,100948
47490,200,0,CV008_003,101148
47491,300,0,CV008_003,101448
47492,180,0,CV008_003,101628
47493,360,0,CV008_003,101988
47494,140,0,CV008_003,102128
47495,220,0,CV008_003,102348
47496,480,0,CV008_003,102828
47497,40,0,CV008_003,102868
47498,320,0,CV008_003,103188
47499,320,0,CV008_003,103508
47500,120,0,CV008_003,103628
47501,220,0,CV008_003,103848
47502,384,0,CV008_003,104232
47503,116,0,CV008_003,104348
47504,280,0,CV008_003,104628
47505,300,0,CV008_003,104928
47506,200,0,CV008_003,105128
47507,320,0,CV008_003,105448
47508,120,0,CV008_003,105568
47509,700,0,CV008_003,106268
47510,684,0,CV008_003,106952
47511,400,0,CV008_003,107352
47512,280,0,CV008_003,107632
47513,580,0,CV008_003,108212
47514,120,0,CV008_003,108332
47515,280,0,CV008_003,108612
47516,420,0,CV008_003,109032
47517,400,0,CV008_003,109432
47518,280,0,CV008_003,109712
47519,260,0,CV008_003,109972
47520,220,0,CV008_003,110192
47521,220,0,CV008_003,110412
47522,280,0,CV008_003,110692
47523,120,0,CV008_003,110812
47524,300,0,CV008_003,111112
47525,240,0,CV008_003,111352
47526,260,0,CV008_003,111612
47527,224,0,CV008_003,111836
47528,276,0,CV008_003,112112
47529,380,0,CV008_003,112492
47530,700,0,CV008_003,113192
47531,164,0,CV008_003,113356
47532,520,0,CV008_003,113876
47533,240,0,CV008_003,114116
47534,240,0,CV008_003,114356
47535,260,0,CV008_003,114616
47536,500,0,CV008_003,115116
47537,140,0,CV008_003,115256
47538,360,0,CV008_003,115616
47539,380,0,CV008_003,115996
47540,360,0,CV008_003,116356
47541,320,0,CV008_003,116676
47542,20,0,CV008_003,116696
47543,400,0,CV008_003,117096
47544,260,0,CV008_003,117356
47545,300,0,CV008_003,117656
47546,64,0,CV008_003,117720
47547,320,0,CV008_003,118040
47548,636,0,CV008_003,118676
47549,44,0,CV008_003,118720
47550,636,0,CV008_003,119356
47551,664,0,CV008_003,120020
47552,340,0,CV008_003,120360
47553,340,0,CV008_003,120700
47554,400,0,CV008_003,121100
47555,260,0,CV008_003,121360
47556,740,0,CV008_003,122100
47557,260,0,CV008_003,122360
47558,80,0,CV008_003,122440
47559,300,0,CV008_003,122740
47560,360,0,CV008_003,123100
47561,260,0,CV008_003,123360
47562,100,0,CV008_003,123460
47563,620,0,CV008_003,124080
47564,500,0,CV008_003,124580
47565,180,0,CV008_003,124760
47566,604,0,CV008_003,125364
47567,76,0,CV008_003,125440
47568,644,0,CV008_003,126084
47569,280,0,CV008_003,126364
47570,220,0,CV008_003,126584
47571,180,0,CV008_003,126764
47572,600,0,CV008_003,127364
47573,120,0,CV008_003,127484
47574,600,0,CV008_003,128084
47575,280,0,CV008_003,128364
47576,400,0,CV008_003,128764
47577,360,0,CV008_003,129124
47578,240,0,CV008_003,129364
47579,80,0,CV008_003,129444
47580,660,0,CV008_003,130104
47581,260,0,CV008_003,130364
47582,424,0,CV008_003,130788
47583,660,0,CV008_003,131448
47584,720,0,CV008_003,132168
47585,200,0,CV008_003,132368
47586,420,0,CV008_003,132788
47587,540,0,CV008_003,133328
47588,180,0,CV008_003,133508
47589,80,0,CV008_003,133588
47590,280,0,CV008_003,133868
47591,304,0,CV008_003,134172
47592,196,0,CV008_003,134368
47593,200,0,CV008_003,134568
47594,240,0,CV008_003,134808
47595,260,0,CV008_003,135068
47596,420,0,CV008_003,135488
47597,680,0,CV008_003,136168
47598,200,0,CV008_003,136368
47599,480,0,CV008_003,136848
47600,680,0,CV008_003,137528
47601,664,0,CV008_003,138192
47602,360,0,CV008_003,138552
47603,80,0,CV008_003,138632
47604,240,0,CV008_003,138872
47605,340,0,CV008_003,139212
47606,160,0,CV008_003,139372
47607,240,0,CV008_003,139612
47608,300,0,CV008_003,139912
47609,320,0,CV008_003,140232
47610,140,0,CV008_003,140372
47611,200,0,CV008_003,140572
47612,340,0,CV008_003,140912
47613,140,0,CV008_003,141052
47614,584,0,CV008_003,141636
47615,620,0,CV008_003,142256
47616,720,0,CV008_003,142976
47617,280,0,CV008_003,143256
47618,120,0,CV008_003,143376
47619,240,0,CV008_003,143616
47620,160,0,CV008_003,143776
47621,280,0,CV008_003,144056
47622,240,0,CV008_003,144296
47623,260,0,CV008_003,144556
47624,420,0,CV008_003,144976
47625,400,0,CV008_003,145376
47626,300,0,CV008_003,145676
47627,664,0,CV008_003,146340
47628,680,0,CV008_003,147020
47629,340,0,CV008_003,147360
47630,340,0,CV008_003,147700
47631,340,0,CV008_003,148040
47632,340,0,CV008_003,148380
47633,160,0,CV008_003,148540
47634,360,0,CV008_003,148900
47635,200,0,CV008_003,149100
47636,280,0,CV008_003,149380
47637,100,0,CV008_003,149480
47638,300,0,CV008_003,149780
47639,1344,0,CV008_003,151124
47640,620,0,CV008_003,151744
47641,1400,0,CV008_003,153144
47642,220,0,CV008_003,153364
47643,100,0,CV008_003,153464
47644,300,0,CV008_003,153764
47645,380,0,CV008_003,154144
47646,220,0,CV008_003,154364
47647,120,0,CV008_003,154484
47648,640,0,CV008_003,155124
47649,680,0,CV008_003,155804
47650,564,0,CV008_003,156368
47651,116,0,CV008_003,156484
47652,624,0,CV008_003,157108
47653,260,0,CV008_003,157368
47654,460,0,CV008_003,157828
47655,200,0,CV008_003,158028
47656,340,0,CV008_003,158368
47657,820,0,CV008_003,159188
47658,180,0,CV008_003,159368
47659,500,0,CV008_003,159868
47660,44,0,CV008_003,159912
47661,700,0,CV008_003,160612
47662,40,0,CV008_003,160652
47663,380,0,CV008_003,161032
47664,240,0,CV008_003,161272
47665,100,0,CV008_003,161372
47666,520,0,CV008_003,161892
47667,724,0,CV008_003,162616
47668,620,0,CV008_003,163236
47669,676,0,CV008_003,163912
47670,464,0,CV008_003,164376
47671,216,0,CV008_003,164592
47672,664,0,CV008_003,165256
47673,680,0,CV008_003,165936
47674,440,0,CV008_003,166376
47675,240,0,CV008_003,166616
47676,700,0,CV008_003,167316
47677,680,0,CV008_003,167996
47678,464,0,CV008_003,168460
47679,220,0,CV008_003,168680
47680,680,0,CV008_003,169360
47681,640,0,CV008_003,170000
47682,100,0,CV008_003,170100
47683,280,0,CV008_003,170380
47684,340,0,CV008_003,170720
47685,280,0,CV008_003,171000
47686,1000,0,CV008_003,172000
47687,100,0,CV008_003,172100
47688,280,0,CV008_003,172380
47689,384,0,CV008_003,172764
47690,236,0,CV008_003,173000
47691,484,0,CV008_003,173484
47692,636,0,CV008_003,174120
47693,264,0,CV008_003,174384
47694,160,0,CV008_003,174544
47695,240,0,CV008_003,174784
47696,680,0,CV008_003,175464
47697,660,0,CV008_003,176124
47698,260,0,CV008_003,176384
47699,420,0,CV008_003,176804
47700,580,0,CV008_003,177384
47701,80,0,CV008_003,177464
47702,660,0,CV008_003,178124
47703,260,0,CV008_003,178384
47704,420,0,CV008_003,178804
47705,584,0,CV008_003,179388
47706,80,0,CV008_003,179468
47707,680,0,CV008_003,180148
47708,240,0,CV008_003,180388
47709,100,0,CV008_003,180488
47710,320,0,CV008_003,180808
47711,580,0,CV008_003,181388
47712,100,0,CV008_003,181488
47713,664,0,CV008_003,182152
47714,236,0,CV008_003,182388
47715,440,0,CV008_003,182828
47716,564,0,CV008_003,183392
47717,1000,0,CV008_003,184392
47718,60,0,CV008_003,184452
47719,400,0,CV008_003,184852
47720,540,0,CV008_003,185392
47721,180,0,CV008_003,185572
47722,620,0,CV008_003,186192
47723,680,0,CV008_003,186872
47724,664,0,CV008_003,187536
47725,680,0,CV008_003,188216
47726,240,0,CV008_003,188456
47727,440,0,CV008_003,188896
47728,680,0,CV008_003,189576
47729,680,0,CV008_003,190256
47730,140,0,CV008_003,190396
47731,544,0,CV008_003,190940
47732,460,0,CV008_003,191400
47733,216,0,CV008_003,191616
47734,664,0,CV008_003,192280
47735,680,0,CV008_003,192960
47736,400,0,CV008_003,193360
47737,40,0,CV008_003,193400
47738,280,0,CV008_003,193680
47739,280,0,CV008_003,193960
47740,340,0,CV008_003,194300
47741,664,0,CV008_003,194964
47742,420,0,CV008_003,195384
47743,300,0,CV008_003,195684
47744,620,0,CV008_003,196304
47745,1100,0,CV008_003,197404
47746,240,0,CV008_003,197644
47747,420,0,CV008_003,198064
47748,240,0,CV008_003,198304
47749,44,0,CV008_003,198348
47750,660,0,CV008_003,199008
47751,620,0,CV008_003,199628
47752,660,0,CV008_003,200288
47753,660,0,CV008_003,200948
47754,440,0,CV008_003,201388
47755,280,0,CV008_003,201668
47756,600,0,CV008_003,202268
47757,340,0,CV008_003,202608
47758,280,0,CV008_003,202888
47759,100,0,CV008_003,202988
47760,620,0,CV008_003,203608
47761,644,0,CV008_003,204252
47762,660,0,CV008_003,204912
47763,660,0,CV008_003,205572
47764,660,0,CV008_003,206232
47765,160,0,CV008_003,206392
47766,500,0,CV008_003,206892
47767,500,0,CV008_003,207392
47768,160,0,CV008_003,207552
47769,1320,0,CV008_003,208872
47770,364,0,CV008_003,209236
47771,180,0,CV008_003,209416
47772,120,0,CV008_003,209536
47773,660,0,CV008_003,210196
47774,200,0,CV008_003,210396
47775,460,0,CV008_003,210856
47776,680,0,CV008_003,211536
47777,660,0,CV008_003,212196
47778,664,0,CV008_003,212860
47779,540,0,CV008_003,213400
47780,120,0,CV008_003,213520
47781,580,0,CV008_003,214100
47782,320,0,CV008_003,214420
47783,60,0,CV008_003,214480
47784,424,0,CV008_003,214904
47785,16,0,CV008_003,214920
47786,480,0,CV008_003,215400
47787,80,0,CV008_003,215480
47788,664,0,CV008_003,216144
47789,56,0,CV008_003,216200
47790,204,0,CV008_003,216404
47791,500,0,CV008_003,216904
47792,20,0,CV008_003,216924
47793,460,0,CV008_003,217384
47794,20,0,CV008_003,217404
47795,320,0,CV008_003,217724
47796,260,0,CV008_003,217984
47797,220,0,CV008_003,218204
47798,280,0,CV008_003,218484
47799,380,0,CV008_003,218864
47800,44,0,CV008_003,218908
47801,580,0,CV008_003,219488
47802,300,0,CV008_003,219788
47803,120,0,CV008_003,219908
47804,340,0,CV008_003,220248
47805,240,0,CV008_003,220488
47806,320,0,CV008_003,220808
47807,80,0,CV008_003,220888
47808,420,0,CV008_003,221308
47809,100,0,CV008_003,221408
47810,220,0,CV008_003,221628
47811,280,0,CV008_003,221908
47812,320,0,CV008_003,222228
47813,260,0,CV008_003,222488
47814,460,0,CV008_003,222948
47815,664,0,CV008_003,223612
47816,20,0,CV008_003,223632
47817,260,0,CV008_003,223892
47818,380,0,CV008_003,224272
47819,140,0,CV008_003,224412
47820,400,0,CV008_003,224812
47821,80,0,CV008_003,224892
47822,420,0,CV008_003,225312
47823,80,0,CV008_003,225392
47824,220,0,CV008_003,225612
47825,624,0,CV008_003,226236
47826,160,0,CV008_003,226396
47827,500,0,CV008_003,226896
47828,500,0,CV008_003,227396
47829,220,0,CV008_003,227616
47830,640,0,CV008_003,228256
47831,140,0,CV008_003,228396
47832,580,0,CV008_003,228976
47833,620,0,CV008_003,229596
47834,684,0,CV008_003,230280
47835,40,0,CV008_003,230320
47836,636,0,CV008_003,230956
47837,424,0,CV008_003,231380
47838,240,0,CV008_003,231620
47839,260,0,CV008_003,231880
47840,420,0,CV008_003,232300
47841,680,0,CV008_003,232980
47842,440,0,CV008_003,233420
47843,240,0,CV008_003,233660
47844,680,0,CV008_003,234340
47845,524,0,CV008_003,234864
47846,140,0,CV008_003,235004
47847,680,0,CV008_003,235684
47848,200,0,CV008_003,235884
47849,480,0,CV008_003,236364
47850,700,0,CV008_003,237064
47851,664,0,CV008_003,237728
47852,740,0,CV008_003,238468
47853,400,0,CV008_003,238868
47854,240,0,CV008_003,239108
47855,680,0,CV008_003,239788
47856,680,0,CV008_003,240468
47857,60,0,CV008_003,240528
47858,640,0,CV008_003,241168
47859,684,0,CV008_003,241852
47860,560,0,CV008_003,242412
47861,120,0,CV008_003,242532
47862,680,0,CV008_003,243212
47863,720,0,CV008_003,243932
47864,20,0,CV008_003,243952
47865,460,0,CV008_003,244412
47866,220,0,CV008_003,244632
47867,220,0,CV008_003,244852
47868,404,0,CV008_003,245256
47869,460,0,CV008_003,245716
47870,640,0,CV008_003,246356
47871,280,0,CV008_003,246636
47872,220,0,CV008_003,246856
47873,160,0,CV008_003,247016
47874,340,0,CV008_003,247356
47875,60,0,CV008_003,247416
47876,440,0,CV008_003,247856
47877,140,0,CV008_003,247996
47878,420,0,CV008_003,248416
47879,260,0,CV008_003,248676
47880,700,0,CV008_003,249376
47881,44,0,CV008_003,249420
47882,660,0,CV008_003,250080
47883,260,0,CV008_003,250340
47884,80,0,CV008_003,250420
47885,360,0,CV008_003,250780
47886,560,0,CV008_003,251340
47887,80,0,CV008_003,251420
47888,420,0,CV008_003,251840
47889,340,0,CV008_003,252180
47890,240,0,CV008_003,252420
47891,920,0,CV008_003,253340
47892,264,0,CV008_003,253604
47893,700,0,CV008_003,254304
47894,120,0,CV008_003,254424
47895,420,0,CV008_003,254844
47896,100,0,CV008_003,254944
47897,400,0,CV008_003,255344
47898,80,0,CV008_003,255424
47899,200,0,CV008_003,255624
47900,700,0,CV008_003,256324
47901,684,0,CV008_003,257008
47902,420,0,CV008_003,257428
47903,260,0,CV008_003,257688
47904,700,0,CV008_003,258388
47905,220,0,CV008_003,258608
47906,220,0,CV008_003,258828
47907,300,0,CV008_003,259128
47908,300,0,CV008_003,259428
47909,1080,0,CV008_003,260508
47910,644,0,CV008_003,261152
47911,280,0,CV008_003,261432
47912,1000,0,CV008_003,262432
47913,100,0,CV008_003,262532
47914,900,0,CV008_003,263432
47915,480,0,CV008_003,263912
47916,744,0,CV008_003,264656
47917,640,0,CV008_003,265296
47918,700,0,CV008_003,265996
47919,440,0,CV008_003,266436
47920,284,0,CV008_003,266720
47921,96,0,CV008_003,266816
47922,604,0,CV008_003,267420
47923,620,0,CV008_003,268040
47924,380,0,CV008_003,268420
47925,320,0,CV008_003,268740
47926,700,0,CV008_003,269440
47927,360,0,CV008_003,269800
47928,340,0,CV008_003,270140
47929,684,0,CV008_003,270824
47930,620,0,CV008_003,271444
47931,140,0,CV008_003,271584
47932,640,0,CV008_003,272224
47933,1440,0,CV008_003,273664
47934,640,0,CV008_003,274304
47935,744,0,CV008_003,275048
47936,640,0,CV008_003,275688
47937,700,0,CV008_003,276388
47938,684,0,CV008_003,277072
47939,700,0,CV008_003,277772
47940,760,0,CV008_003,278532
47941,640,0,CV008_003,279172
47942,260,0,CV008_003,279432
47943,440,0,CV008_003,279872
47944,700,0,CV008_003,280572
47945,684,0,CV008_003,281256
47946,180,0,CV008_003,281436
47947,360,0,CV008_003,281796
47948,204,0,CV008_003,282000
47949,700,0,CV008_003,282700
47950,640,0,CV008_003,283340
47951,700,0,CV008_003,284040
47952,240,0,CV008_003,284280
47953,160,0,CV008_003,284440
47954,340,0,CV008_003,284780
47955,500,0,CV008_003,285280
47956,500,0,CV008_003,285780
47957,340,0,CV008_003,286120
47958,320,0,CV008_003,286440
47959,1104,0,CV008_003,287544
47960,240,0,CV008_003,287784
47961,660,0,CV008_003,288444
47962,420,0,CV008_003,288864
47963,700,0,CV008_003,289564
47964,44,0,CV008_003,289608
47965,640,0,CV008_003,290248
47966,200,0,CV008_003,290448
47967,500,0,CV008_003,290948
47968,500,0,CV008_003,291448
47969,180,0,CV008_003,291628
47970,700,0,CV008_003,292328
47971,724,0,CV008_003,293052
47972,396,0,CV008_003,293448
47973,244,0,CV008_003,293692
47974,680,0,CV008_003,294372
47975,680,0,CV008_003,295052
47976,1360,0,CV008_003,296412
47977,480,0,CV008_003,296892
47978,544,0,CV008_003,297436
47979,1080,0,CV008_003,298516
47980,1020,0,CV008_003,299536
47981,340,0,CV008_003,299876
47982,664,0,CV008_003,300540
47983,416,0,CV008_003,300956
47984,64,0,CV008_003,301020
47985,820,0,CV008_003,301840
47986,680,0,CV008_003,302520
47987,680,0,CV008_003,303200
47988,340,0,CV008_003,303540
47989,384,0,CV008_003,303924
47990,1320,0,CV008_003,305244
47991,200,0,CV008_003,305444
47992,480,0,CV008_003,305924
47993,740,0,CV008_003,306664
47994,640,0,CV008_003,307304
47995,140,0,CV008_003,307444
47996,300,0,CV008_003,307744
47997,240,0,CV008_003,307984
47998,460,0,CV008_003,308444
47999,240,0,CV008_003,308684
48000,664,0,CV008_003,309348
48001,680,0,CV008_003,310028
48002,420,0,CV008_003,310448
48003,320,0,CV008_003,310768
48004,680,0,CV008_003,311448
48005,620,0,CV008_003,312068
48006,380,0,CV008_003,312448
48007,300,0,CV008_003,312748
48008,680,0,CV008_003,313428
48009,680,0,CV008_003,314108
48010,344,0,CV008_003,314452
48011,380,0,CV008_003,314832
48012,380,0,CV008_003,315212
48013,500,0,CV008_003,315712
48014,460,0,CV008_003,316172
48015,280,0,CV008_003,316452
48016,360,0,CV008_003,316812
48017,1364,0,CV008_003,318176
48018,280,0,CV008_003,318456
48019,420,0,CV008_003,318876
48020,700,0,CV008_003,319576
48021,140,0,CV008_003,319716
48022,600,0,CV008_003,320316
48023,140,0,CV008_003,320456
48024,500,0,CV008_003,320956
48025,684,0,CV008_003,321640
48026,680,0,CV008_003,322320
48027,700,0,CV008_003,323020
48028,440,0,CV008_003,323460
48029,260,0,CV008_003,323720
48030,680,0,CV008_003,324400
48031,720,0,CV008_003,325120
48032,340,0,CV008_003,325460
48033,360,0,CV008_003,325820
48034,744,0,CV008_003,326564
48035,640,0,CV008_003,327204
48036,260,0,CV008_003,327464
48037,440,0,CV008_003,327904
48038,560,0,CV008_003,328464
48039,200,0,CV008_003,328664
48040,640,0,CV008_003,329304
48041,744,0,CV008_003,330048
48042,420,0,CV008_003,330468
48043,220,0,CV008_003,330688
48044,140,0,CV008_003,330828
48045,600,0,CV008_003,331428
48046,660,0,CV008_003,332088
48047,380,0,CV008_003,332468
48048,320,0,CV008_003,332788
48049,620,0,CV008_003,333408
48050,680,0,CV008_003,334088
48051,364,0,CV008_003,334452
48052,320,0,CV008_003,334772
48053,680,0,CV008_003,335452
48054,40,0,CV008_003,335492
48055,640,0,CV008_003,336132
48056,120,0,CV008_003,336252
48057,220,0,CV008_003,336472
48058,320,0,CV008_003,336792
48059,740,0,CV008_003,337532
48060,624,0,CV008_003,338156
48061,300,0,CV008_003,338456
48062,380,0,CV008_003,338836
48063,340,0,CV008_003,339176
48064,380,0,CV008_003,339556
48065,120,0,CV008_003,339676
48066,500,0,CV008_003,340176
48067,684,0,CV008_003,340860
48068,676,0,CV008_003,341536
48069,684,0,CV008_003,342220
48070,240,0,CV008_003,342460
48071,420,0,CV008_003,342880
48072,680,0,CV008_003,343560
48073,680,0,CV008_003,344240
48074,684,0,CV008_003,344924
48075,680,0,CV008_003,345604
48076,680,0,CV008_003,346284
48077,180,0,CV008_003,346464
48078,200,0,CV008_003,346664
48079,320,0,CV008_003,346984
48080,480,0,CV008_003,347464
48081,200,0,CV008_003,347664
48082,700,0,CV008_003,348364
48083,684,0,CV008_003,349048
48084,420,0,CV008_003,349468
48085,320,0,CV008_003,349788
48086,640,0,CV008_003,350428
48087,680,0,CV008_003,351108
48088,660,0,CV008_003,351768
48089,664,0,CV008_003,352432
48090,660,0,CV008_003,353092
48091,380,0,CV008_003,353472
48092,280,0,CV008_003,353752
48093,660,0,CV008_003,354412
48094,700,0,CV008_003,355112
48095,684,0,CV008_003,355796
48096,680,0,CV008_003,356476
48097,700,0,CV008_003,357176
48098,300,0,CV008_003,357476
48099,400,0,CV008_003,357876
48100,600,0,CV008_003,358476
48101,100,0,CV008_003,358576
48102,704,0,CV008_003,359280
48103,716,0,CV008_003,359996
48104,484,0,CV008_003,360480
48105,236,0,CV008_003,360716
48106,704,0,CV008_003,361420
48107,60,0,CV008_003,361480
48108,660,0,CV008_003,362140
48109,340,0,CV008_003,362480
48110,360,0,CV008_003,362840
48111,740,0,CV008_003,363580
48112,720,0,CV008_003,364300
48113,724,0,CV008_003,365024
48114,460,0,CV008_003,365484
48115,260,0,CV008_003,365744
48116,700,0,CV008_003,366444
48117,40,0,CV008_003,366484
48118,1380,0,CV008_003,367864
48119,704,0,CV008_003,368568
48120,700,0,CV008_003,369268
48121,220,0,CV008_003,369488
48122,480,0,CV008_003,369968
48123,520,0,CV008_003,370488
48124,200,0,CV008_003,370688
48125,700,0,CV008_003,371388
48126,704,0,CV008_003,372092
48127,380,0,CV008_003,372472
48128,340,0,CV008_003,372812
48129,780,0,CV008_003,373592
48130,520,0,CV008_003,374112
48131,140,0,CV008_003,374252
48132,240,0,CV008_003,374492
48133,460,0,CV008_003,374952
48134,540,0,CV008_003,375492
48135,224,0,CV008_003,375716
48136,660,0,CV008_003,376376
48137,700,0,CV008_003,377076
48138,400,0,CV008_003,377476
48139,300,0,CV008_003,377776
48140,704,0,CV008_003,378480
48141,700,0,CV008_003,379180
48142,700,0,CV008_003,379880
48143,716,0,CV008_003,380596
48144,684,0,CV008_003,381280
48145,200,0,CV008_003,381480
48146,520,0,CV008_003,382000
48147,700,0,CV008_003,382700
48148,700,0,CV008_003,383400
48149,704,0,CV008_003,384104
48150,380,0,CV008_003,384484
48151,100,0,CV008_003,384584
48152,220,0,CV008_003,384804
48153,700,0,CV008_003,385504
48154,60,0,CV008_003,385564
48155,640,0,CV008_003,386204
48156,280,0,CV008_003,386484
48157,100,0,CV008_003,386584
48158,320,0,CV008_003,386904
48159,580,0,CV008_003,387484
48160,180,0,CV008_003,387664
48161,640,0,CV008_003,388304
48162,284,0,CV008_003,388588
48163,420,0,CV008_003,389008
48164,40,0,CV008_003,389048
48165,440,0,CV008_003,389488
48166,220,0,CV008_003,389708
48167,360,0,CV008_003,390068
48168,340,0,CV008_003,390408
48169,180,0,CV008_003,390588
48170,584,0,CV008_003,391172
48171,316,0,CV008_003,391488
48172,340,0,CV008_003,391828
48173,1404,0,CV008_003,393232
48174,40,0,CV008_003,393272
48175,220,0,CV008_003,393492
48176,440,0,CV008_003,393932
48177,680,0,CV008_003,394612
48178,704,0,CV008_003,395316
48179,696,0,CV008_003,396012
48180,484,0,CV008_003,396496
48181,220,0,CV008_003,396716
48182,700,0,CV008_003,397416
48183,740,0,CV008_003,398156
48184,340,0,CV008_003,398496
48185,300,0,CV008_003,398796
48186,700,0,CV008_003,399496
48187,684,0,CV008_003,400180
48188,320,0,CV008_003,400500
48189,360,0,CV008_003,400860
48190,740,0,CV008_003,401600
48191,640,0,CV008_003,402240
48192,680,0,CV008_003,402920
48193,684,0,CV008_003,403604
48194,680,0,CV008_003,404284
48195,220,0,CV008_003,404504
48196,480,0,CV008_003,404984
48197,520,0,CV008_003,405504
48198,220,0,CV008_003,405724
48199,640,0,CV008_003,406364
48200,684,0,CV008_003,407048
48201,740,0,CV008_003,407788
48202,620,0,CV008_003,408408
48203,684,0,CV008_003,409092
48204,680,0,CV008_003,409772
48205,680,0,CV008_003,410452
48206,680,0,CV008_003,411132
48207,660,0,CV008_003,411792
48208,684,0,CV008_003,412476
48209,680,0,CV008_003,413156
48210,340,0,CV008_003,413496
48211,340,0,CV008_003,413836
48212,680,0,CV008_003,414516
48213,680,0,CV008_003,415196
48214,320,0,CV008_003,415516
48215,340,0,CV008_003,415856
48216,744,0,CV008_003,416600
48217,620,0,CV008_003,417220
48218,280,0,CV008_003,417500
48219,400,0,CV008_003,417900
48220,680,0,CV008_003,418580
48221,700,0,CV008_003,419280
48222,240,0,CV008_003,419520
48223,444,0,CV008_003,419964
48224,680,0,CV008_003,420644
48225,700,0,CV008_003,421344
48226,160,0,CV008_003,421504
48227,520,0,CV008_003,422024
48228,700,0,CV008_003,422724
48229,700,0,CV008_003,423424
48230,684,0,CV008_003,424108
48231,400,0,CV008_003,424508
48232,300,0,CV008_003,424808
48233,680,0,CV008_003,425488
48234,680,0,CV008_003,426168
48235,684,0,CV008_003,426852
48236,1380,0,CV008_003,428232
48237,280,0,CV008_003,428512
48238,400,0,CV008_003,428912
48239,680,0,CV008_003,429592
48240,684,0,CV008_003,430276
48241,236,0,CV008_003,430512
48242,444,0,CV008_003,430956
48243,680,0,CV008_003,431636
48244,680,0,CV008_003,432316
48245,180,0,CV008_003,432496
48246,500,0,CV008_003,432996
48247,520,0,CV008_003,433516
48248,160,0,CV008_003,433676
48249,700,0,CV008_003,434376
48250,140,0,CV008_003,434516
48251,544,0,CV008_003,435060
48252,440,0,CV008_003,435500
48253,260,0,CV008_003,435760
48254,700,0,CV008_003,436460
48255,680,0,CV008_003,437140
48256,720,0,CV008_003,437860
48257,44,0,CV008_003,437904
48258,660,0,CV008_003,438564
48259,700,0,CV008_003,439264
48260,700,0,CV008_003,439964
48261,740,0,CV008_003,440704
48262,640,0,CV008_003,441344
48263,760,0,CV008_003,442104
48264,640,0,CV008_003,442744
48265,704,0,CV008_003,443448
48266,700,0,CV008_003,444148
48267,540,0,CV008_003,444688
48268,860,0,CV008_003,445548
48269,684,0,CV008_003,446232
48270,700,0,CV008_003,446932
48271,680,0,CV008_003,447612
48272,680,0,CV008_003,448292
48273,1384,0,CV008_003,449676
48274,716,0,CV008_003,450392
48275,684,0,CV008_003,451076
48276,380,0,CV008_003,451456
48277,80,0,CV008_003,451536
48278,260,0,CV008_003,451796
48279,760,0,CV008_003,452556
48280,640,0,CV008_003,453196
48281,724,0,CV008_003,453920
48282,700,0,CV008_003,454620
48283,700,0,CV008_003,455320
48284,200,0,CV008_003,455520
48285,520,0,CV008_003,456040
48286,700,0,CV008_003,456740
48287,704,0,CV008_003,457444
48288,700,0,CV008_003,458144
48289,380,0,CV008_003,458524
48290,320,0,CV008_003,458844
48291,760,0,CV008_003,459604
48292,660,0,CV008_003,460264
48293,700,0,CV008_003,460964
48294,700,0,CV008_003,461664
48295,684,0,CV008_003,462348
48296,180,0,CV008_003,462528
48297,540,0,CV008_003,463068
48298,460,0,CV008_003,463528
48299,220,0,CV008_003,463748
48300,720,0,CV008_003,464468
48301,700,0,CV008_003,465168
48302,684,0,CV008_003,465852
48303,680,0,CV008_003,466532
48304,720,0,CV008_003,467252
48305,280,0,CV008_003,467532
48306,420,0,CV008_003,467952
48307,684,0,CV008_003,468636
48308,700,0,CV008_003,469336
48309,200,0,CV008_003,469536
48310,480,0,CV008_003,470016
48311,520,0,CV008_003,470536
48312,180,0,CV008_003,470716
48313,700,0,CV008_003,471416
48314,700,0,CV008_003,472116
48315,684,0,CV008_003,472800
48316,680,0,CV008_003,473480
48317,700,0,CV008_003,474180
48318,700,0,CV008_003,474880
48319,660,0,CV008_003,475540
48320,720,0,CV008_003,476260
48321,764,0,CV008_003,477024
48322,640,0,CV008_003,477664
48323,880,0,CV008_003,478544
48324,524,0,CV008_003,479068
48325,700,0,CV008_003,479768
48326,60,0,CV008_003,479828
48327,640,0,CV008_003,480468
48328,60,0,CV008_003,480528
48329,380,0,CV008_003,480908
48330,240,0,CV008_003,481148
48331,260,0,CV008_003,481408
48332,140,0,CV008_003,481548
48333,304,0,CV008_003,481852
48334,1380,0,CV008_003,483232
48335,44,0,CV008_003,483276
48336,256,0,CV008_003,483532
48337,380,0,CV008_003,483912
48338,740,0,CV008_003,484652
48339,640,0,CV008_003,485292
48340,240,0,CV008_003,485532
48341,444,0,CV008_003,485976
48342,700,0,CV008_003,486676
48343,680,0,CV008_003,487356
48344,180,0,CV008_003,487536
48345,520,0,CV008_003,488056
48346,680,0,CV008_003,488736
48347,684,0,CV008_003,489420
48348,700,0,CV008_003,490120
48349,420,0,CV008_003,490540
48350,260,0,CV008_003,490800
48351,700,0,CV008_003,491500
48352,380,0,CV008_003,491880
48353,300,0,CV008_003,492180
48354,360,0,CV008_003,492540
48355,400,0,CV008_003,492940
48356,1324,0,CV008_003,494264
48357,280,0,CV008_003,494544
48358,460,0,CV008_003,495004
48359,540,0,CV008_003,495544
48360,120,0,CV008_003,495664
48361,680,0,CV008_003,496344
48362,700,0,CV008_003,497044
48363,504,0,CV008_003,497548
48364,180,0,CV008_003,497728
48365,740,0,CV008_003,498468
48366,640,0,CV008_003,499108
48367,440,0,CV008_003,499548
48368,240,0,CV008_003,499788
48369,700,0,CV008_003,500488
48370,684,0,CV008_003,501172
48371,380,0,CV008_003,501552
48372,320,0,CV008_003,501872
48373,680,0,CV008_003,502552
48374,720,0,CV008_003,503272
48375,684,0,CV008_003,503956
48376,700,0,CV008_003,504656
48377,700,0,CV008_003,505356
48378,680,0,CV008_003,506036
48379,520,0,CV008_003,506556
48380,180,0,CV008_003,506736
48381,740,0,CV008_003,507476
48382,640,0,CV008_003,508116
48383,684,0,CV008_003,508800
48384,600,0,CV008_003,509400
48385,800,0,CV008_003,510200
48386,360,0,CV008_003,510560
48387,380,0,CV008_003,510940
48388,700,0,CV008_003,511640
48389,640,0,CV008_003,512280
48390,684,0,CV008_003,512964
48391,700,0,CV008_003,513664
48392,760,0,CV008_003,514424
48393,140,0,CV008_003,514564
48394,520,0,CV008_003,515084
48395,720,0,CV008_003,515804
48396,720,0,CV008_003,516524
48397,704,0,CV008_003,517228
48398,720,0,CV008_003,517948
48399,700,0,CV008_003,518648
48400,700,0,CV008_003,519348
48401,220,0,CV008_003,519568
48402,480,0,CV008_003,520048
48403,720,0,CV008_003,520768
48404,704,0,CV008_003,521472
48405,700,0,CV008_003,522172
48406,40,0,CV008_003,522212
48407,340,0,CV008_003,522552
48408,364,0,CV008_003,522916
48409,656,0,CV008_003,523572
48410,684,0,CV008_003,524256
48411,700,0,CV008_003,524956
48412,696,0,CV008_003,525652
48413,684,0,CV008_003,526336
48414,220,0,CV008_003,526556
48415,480,0,CV008_003,527036
48416,520,0,CV008_003,527556
48417,160,0,CV008_003,527716
48418,744,0,CV008_003,528460
48419,656,0,CV008_003,529116
48420,444,0,CV008_003,529560
48421,240,0,CV008_003,529800
48422,680,0,CV008_003,530480
48423,700,0,CV008_003,531180
48424,684,0,CV008_003,531864
48425,696,0,CV008_003,532560
48426,684,0,CV008_003,533244
48427,320,0,CV008_003,533564
48428,360,0,CV008_003,533924
48429,1360,0,CV008_003,535284
48430,680,0,CV008_003,535964
48431,684,0,CV008_003,536648
48432,680,0,CV008_003,537328
48433,240,0,CV008_003,537568
48434,440,0,CV008_003,538008
48435,680,0,CV008_003,538688
48436,700,0,CV008_003,539388
48437,180,0,CV008_003,539568
48438,504,0,CV008_003,540072
48439,680,0,CV008_003,540752
48440,700,0,CV008_003,541452
48441,120,0,CV008_003,541572
48442,580,0,CV008_003,542152
48443,680,0,CV008_003,542832
48444,684,0,CV008_003,543516
48445,700,0,CV008_003,544216
48446,680,0,CV008_003,544896
48447,680,0,CV008_003,545576
48448,704,0,CV008_003,546280
48449,696,0,CV008_003,546976
48450,704,0,CV008_003,547680
48451,700,0,CV008_003,548380
48452,200,0,CV008_003,548580
48453,500,0,CV008_003,549080
48454,700,0,CV008_003,549780
48455,740,0,CV008_003,550520
48456,704,0,CV008_003,551224
48457,720,0,CV008_003,551944
48458,720,0,CV008_003,552664
48459,704,0,CV008_003,553368
48460,716,0,CV008_003,554084
48461,764,0,CV008_003,554848
48462,640,0,CV008_003,555488
48463,700,0,CV008_003,556188
48464,400,0,CV008_003,556588
48465,304,0,CV008_003,556892
48466,696,0,CV008_003,557588
48467,704,0,CV008_003,558292
48468,280,0,CV008_003,558572
48469,400,0,CV008_003,558972
48470,600,0,CV008_003,559572
48471,160,0,CV008_003,559732
48472,640,0,CV008_003,560372
48473,44,0,CV008_003,560416
48474,656,0,CV008_003,561072
48475,684,0,CV008_003,561756
48476,700,0,CV008_003,562456
48477,680,0,CV008_003,563136
48478,700,0,CV008_003,563836
48479,44,0,CV008_003,563880
48480,640,0,CV008_003,564520
48481,696,0,CV008_003,565216
48482,684,0,CV008_003,565900
48483,700,0,CV008_003,566600
48484,700,0,CV008_003,567300
48485,704,0,CV008_003,568004
48486,700,0,CV008_003,568704
48487,700,0,CV008_003,569404
48488,180,0,CV008_003,569584
48489,520,0,CV008_003,570104
48490,700,0,CV008_003,570804
48491,724,0,CV008_003,571528
48492,780,0,CV008_003,572308
48493,660,0,CV008_003,572968
48494,720,0,CV008_003,573688
48495,700,0,CV008_003,574388
48496,760,1,CV008_003,575148
48497,664,0,CV008_003,575812
48498,700,0,CV008_003,576512
48499,700,0,CV008_003,577212
48500,720,0,CV008_003,577932
48501,760,0,CV008_003,578692
48502,644,0,CV008_003,579336
48503,240,0,CV008_003,579576
48504,480,0,CV008_003,580056
48505,540,0,CV008_003,580596
48506,844,0,CV008_003,581440
48507,700,0,CV008_003,582140
48508,700,0,CV008_003,582840
48509,700,0,CV008_003,583540
48510,740,0,CV008_003,584280
48511,644,0,CV008_003,584924
48512,740,0,CV008_003,585664
48513,640,0,CV008_003,586304
48514,680,0,CV008_003,586984
48515,720,0,CV008_003,587704
48516,704,0,CV008_003,588408
48517,700,0,CV008_003,589108
48518,480,0,CV008_003,589588
48519,240,0,CV008_003,589828
48520,720,0,CV008_003,590548
48521,720,0,CV008_003,591268
48522,720,0,CV008_003,591988
48523,704,0,CV008_003,592692
48524,720,0,CV008_003,593412
48525,700,0,CV008_003,594112
48526,720,0,CV008_003,594832
48527,724,0,CV008_003,595556
48528,700,0,CV008_003,596256
48529,720,0,CV008_003,596976
48530,720,0,CV008_003,597696
48531,704,0,CV008_003,598400
48532,736,0,CV008_003,599136
48533,704,0,CV008_003,599840
48534,720,0,CV008_003,600560
48535,700,0,CV008_003,601260
48536,720,0,CV008_003,601980
48537,704,0,CV008_003,602684
48538,720,0,CV008_003,603404
48539,700,0,CV008_003,604104
48540,720,0,CV008_003,604824
48541,700,0,CV008_003,605524
48542,724,0,CV008_003,606248
48543,720,0,CV008_003,606968
48544,720,0,CV008_003,607688
48545,720,0,CV008_003,608408
48546,200,0,CV008_003,608608
48547,500,0,CV008_003,609108
48548,500,0,CV008_003,609608
48549,240,0,CV008_003,609848
48550,724,0,CV008_003,610572
48551,740,0,CV008_003,611312
48552,740,0,CV008_003,612052
48553,560,0,CV008_003,612612
48554,160,0,CV008_003,612772
48555,720,0,CV008_003,613492
48556,720,0,CV008_003,614212
48557,704,0,CV008_003,614916
48558,780,1,CV008_003,615696
48559,660,0,CV008_003,616356
48560,700,0,CV008_003,617056
48561,724,0,CV008_003,617780
48562,1436,0,CV008_003,619216
48563,684,0,CV008_003,619900
48564,720,0,CV008_003,620620
48565,700,0,CV008_003,621320
48566,684,0,CV008_003,622004
48567,720,0,CV008_003,622724
48568,700,0,CV008_003,623424
48569,180,0,CV008_003,623604
48570,520,0,CV008_003,624124
48571,720,0,CV008_003,624844
48572,720,0,CV008_003,625564
48573,720,0,CV008_003,626284
48574,704,0,CV008_003,626988
48575,720,0,CV008_003,627708
48576,720,0,CV008_003,628428
48577,700,0,CV008_003,629128
48578,724,0,CV008_003,629852
48579,720,0,CV008_003,630572
48580,720,0,CV008_003,631292
48581,320,0,CV008_003,631612
48582,400,0,CV008_003,632012
48583,700,0,CV008_003,632712
48584,720,0,CV008_003,633432
48585,700,0,CV008_003,634132
48586,484,0,CV008_003,634616
48587,220,0,CV008_003,634836
48588,700,0,CV008_003,635536
48589,700,0,CV008_003,636236
48590,380,0,CV008_003,636616
48591,320,0,CV008_003,636936
48592,680,0,CV008_003,637616
48593,724,0,CV008_003,638340
48594,716,0,CV008_003,639056
48595,544,0,CV008_003,639600
48596,160,0,CV008_003,639760
48597,700,0,CV008_003,640460
48598,140,0,CV008_003,640600
48599,600,0,CV008_003,641200
48600,400,0,CV008_003,641600
48601,264,0,CV008_003,641864
48602,716,0,CV008_003,642580
48603,464,0,CV008_003,643044
48604,960,0,CV008_003,644004
48605,700,0,CV008_003,644704
48606,700,0,CV008_003,645404
48607,704,0,CV008_003,646108
48608,700,0,CV008_003,646808
48609,700,0,CV008_003,647508
48610,700,0,CV008_003,648208
48611,700,0,CV008_003,648908
48612,720,0,CV008_003,649628
48613,704,0,CV008_003,650332
48614,716,0,CV008_003,651048
48615,704,0,CV008_003,651752
48616,720,0,CV008_003,652472
48617,160,0,CV008_003,652632
48618,1260,0,CV008_003,653892
48619,700,0,CV008_003,654592
48620,700,0,CV008_003,655292
48621,704,0,CV008_003,655996
48622,740,0,CV008_003,656736
48623,640,0,CV008_003,657376
48624,260,0,CV008_003,657636
48625,460,0,CV008_003,658096
48626,700,0,CV008_003,658796
48627,720,0,CV008_003,659516
48628,700,0,CV008_003,660216
48629,704,0,CV008_003,660920
48630,720,0,CV008_003,661640
48631,700,0,CV008_003,662340
48632,720,0,CV008_003,663060
48633,720,0,CV008_003,663780
48634,44,0,CV008_003,663824
48635,660,0,CV008_003,664484
48636,720,0,CV008_003,665204
48637,700,0,CV008_003,665904
48638,720,0,CV008_003,666624
48639,704,0,CV008_003,667328
48640,720,0,CV008_003,668048
48641,720,0,CV008_003,668768
48642,720,0,CV008_003,669488
48643,140,0,CV008_003,669628
48644,600,0,CV008_003,670228
48645,700,0,CV008_003,670928
48646,1460,0,CV008_003,672388
48647,704,0,CV008_003,673092
48648,720,0,CV008_003,673812
48649,700,0,CV008_003,674512
48650,720,0,CV008_003,675232
48651,704,0,CV008_003,675936
48652,716,0,CV008_003,676652
48653,704,0,CV008_003,677356
48654,700,0,CV008_003,678056
48655,700,0,CV008_003,678756
48656,704,0,CV008_003,679460
48657,760,1,CV008_003,680220
48658,660,0,CV008_003,680880
48659,720,0,CV008_003,681600
48660,720,0,CV008_003,682320
48661,720,0,CV008_003,683040
48662,720,0,CV008_003,683760
48663,720,0,CV008_003,684480
48664,724,0,CV008_003,685204
48665,440,0,CV008_003,685644
48666,280,0,CV008_003,685924
48667,720,0,CV008_003,686644
48668,700,0,CV008_003,687344
48669,720,0,CV008_003,688064
48670,704,0,CV008_003,688768
48671,720,0,CV008_003,689488
48672,700,0,CV008_003,690188
48673,720,0,CV008_003,690908
48674,720,0,CV008_003,691628
48675,704,0,CV008_003,692332
48676,700,0,CV008_003,693032
48677,720,0,CV008_003,693752
48678,740,0,CV008_003,694492
48679,720,0,CV008_003,695212
48680,760,0,CV008_003,695972
48681,740,0,CV008_003,696712
48682,740,0,CV008_003,697452
48683,204,0,CV008_003,697656
48684,540,0,CV008_003,698196
48685,460,0,CV008_003,698656
48686,260,0,CV008_003,698916
48687,720,0,CV008_003,699636
48688,740,0,CV008_003,700376
48689,280,0,CV008_003,700656
48690,420,0,CV008_003,701076
48691,580,0,CV008_003,701656
48692,140,0,CV008_003,701796
48693,704,0,CV008_003,702500
48694,700,0,CV008_003,703200
48695,460,0,CV008_003,703660
48696,280,0,CV008_003,703940
48697,1440,0,CV008_003,705380
48698,720,0,CV008_003,706100
48699,720,0,CV008_003,706820
48700,704,0,CV008_003,707524
48701,720,0,CV008_003,708244
48702,720,0,CV008_003,708964
48703,1440,0,CV008_003,710404
48704,704,0,CV008_003,711108
48705,716,0,CV008_003,711824
48706,704,0,CV008_003,712528
48707,560,0,CV008_003,713088
48708,880,0,CV008_003,713968
48709,1424,0,CV008_003,715392
48710,700,0,CV008_003,716092
48711,700,0,CV008_003,716792
48712,740,0,CV008_003,717532
48713,720,0,CV008_003,718252
48714,540,0,CV008_003,718792
48715,964,0,CV008_003,719756
48716,680,0,CV008_003,720436
48717,740,0,CV008_003,721176
48718,720,0,CV008_003,721896
48719,720,0,CV008_003,722616
48720,540,0,CV008_003,723156
48721,904,0,CV008_003,724060
48722,720,0,CV008_003,724780
48723,720,0,CV008_003,725500
48724,720,0,CV008_003,726220
48725,720,0,CV008_003,726940
48726,704,0,CV008_003,727644
48727,720,0,CV008_003,728364
48728,300,0,CV008_003,728664
48729,420,0,CV008_003,729084
48730,580,0,CV008_003,729664
48731,140,0,CV008_003,729804
48732,720,0,CV008_003,730524
48733,704,0,CV008_003,731228
48734,780,1,CV008_003,732008
48735,660,0,CV008_003,732668
48736,700,0,CV008_003,733368
48737,700,0,CV008_003,734068
48738,700,0,CV008_003,734768
48739,684,0,CV008_003,735452
48740,700,0,CV008_003,736152
48741,680,0,CV008_003,736832
48742,700,0,CV008_003,737532
48743,704,0,CV008_003,738236
48744,696,0,CV008_003,738932
48745,704,0,CV008_003,739636
48746,700,0,CV008_003,740336
48747,700,0,CV008_003,741036
48748,704,0,CV008_003,741740
48749,716,0,CV008_003,742456
48750,704,0,CV008_003,743160
48751,700,0,CV008_003,743860
48752,720,0,CV008_003,744580
48753,704,0,CV008_003,745284
48754,720,0,CV008_003,746004
48755,780,1,CV008_003,746784
48756,660,0,CV008_003,747444
48757,700,0,CV008_003,748144
48758,720,0,CV008_003,748864
48759,704,0,CV008_003,749568
48760,720,0,CV008_003,750288
48761,700,0,CV008_003,750988
48762,1420,0,CV008_003,752408
48763,704,0,CV008_003,753112
48764,720,0,CV008_003,753832
48765,700,0,CV008_003,754532
48766,720,0,CV008_003,755252
48767,700,0,CV008_003,755952
48768,684,0,CV008_003,756636
48769,720,0,CV008_003,757356
48770,700,0,CV008_003,758056
48771,704,0,CV008_003,758760
48772,720,0,CV008_003,759480
48773,720,0,CV008_003,760200
48774,480,0,CV008_003,760680
48775,240,0,CV008_003,760920
48776,700,0,CV008_003,761620
48777,720,0,CV008_003,762340
48778,720,0,CV008_003,763060
48779,624,0,CV008_003,763684
48780,80,0,CV008_003,763764
48781,720,0,CV008_003,764484
48782,44,0,CV008_003,764528
48783,676,0,CV008_003,765204
48784,744,0,CV008_003,765948
48785,676,0,CV008_003,766624
48786,704,0,CV008_003,767328
48787,720,0,CV008_003,768048
48788,720,0,CV008_003,768768
48789,744,0,CV008_003,769512
48790,676,0,CV008_003,770188
48791,764,0,CV008_003,770952
48792,640,0,CV008_003,771592
48793,720,0,CV008_003,772312
48794,704,0,CV008_003,773016
48795,720,0,CV008_003,773736
48796,720,0,CV008_003,774456
48797,700,0,CV008_003,775156
48798,780,1,CV008_003,775936
48799,664,0,CV008_003,776600
48800,740,0,CV008_003,777340
48801,700,0,CV008_003,778040
48802,720,0,CV008_003,778760
48803,720,0,CV008_003,779480
48804,704,0,CV008_003,780184
48805,700,0,CV008_003,780884
48806,700,0,CV008_003,781584
48807,700,0,CV008_003,782284
48808,700,0,CV008_003,782984
48809,684,0,CV008_003,783668
48810,700,0,CV008_003,784368
48811,700,0,CV008_003,785068
48812,700,0,CV008_003,785768
48813,720,0,CV008_003,786488
48814,720,0,CV008_003,787208
48815,704,0,CV008_003,787912
48816,720,0,CV008_003,788632
48817,1440,0,CV008_003,790072
48818,724,0,CV008_003,790796
48819,740,0,CV008_003,791536
48820,720,0,CV008_003,792256
48821,700,0,CV008_003,792956
48822,704,0,CV008_003,793660
48823,760,0,CV008_003,794420
48824,660,0,CV008_003,795080
48825,700,0,CV008_003,795780
48826,1440,0,CV008_003,797220
48827,700,0,CV008_003,797920
48828,704,0,CV008_003,798624
48829,700,0,CV008_003,799324
48830,700,0,CV008_003,800024
48831,780,1,CV008_003,800804
48832,664,0,CV008_003,801468
48833,736,0,CV008_003,802204
48834,724,0,CV008_003,802928
48835,720,0,CV008_003,803648
48836,740,0,CV008_003,804388
48837,740,0,CV008_003,805128
48838,720,0,CV008_003,805848
48839,724,0,CV008_003,806572
48840,700,0,CV008_003,807272
48841,720,0,CV008_003,807992
48842,720,0,CV008_003,808712
48843,724,0,CV008_003,809436
48844,720,0,CV008_003,810156
48845,620,0,CV008_003,810776
48846,140,0,CV008_003,810916
48847,360,0,CV008_003,811276
48848,340,0,CV008_003,811616
48849,20,0,CV008_003,811636
48850,340,0,CV008_003,811976
48851,360,0,CV008_003,812336
48852,640,0,CV008_003,812976
48853,700,0,CV008_003,813676
48854,704,0,CV008_003,814380
48855,700,0,CV008_003,815080
48856,720,0,CV008_003,815800
48857,720,0,CV008_003,816520
48858,740,0,CV008_003,817260
48859,720,0,CV008_003,817980
48860,704,0,CV008_003,818684
48861,720,0,CV008_003,819404
48862,720,0,CV008_003,820124
48863,720,0,CV008_003,820844
48864,700,0,CV008_003,821544
48865,720,0,CV008_003,822264
48866,720,0,CV008_003,822984
48867,704,0,CV008_003,823688
48868,720,0,CV008_003,824408
48869,720,0,CV008_003,825128
48870,700,0,CV008_003,825828
48871,740,0,CV008_003,826568
48872,720,0,CV008_003,827288
48873,740,0,CV008_003,828028
48874,784,0,CV008_003,828812
48875,680,0,CV008_003,829492
48876,220,0,CV008_003,829712
48877,520,0,CV008_003,830232
48878,500,0,CV008_003,830732
48879,220,0,CV008_003,830952
48880,740,0,CV008_003,831692
48881,40,0,CV008_003,831732
48882,700,0,CV008_003,832432
48883,720,0,CV008_003,833152
48884,724,0,CV008_003,833876
48885,720,0,CV008_003,834596
48886,740,0,CV008_003,835336
48887,380,0,CV008_003,835716
48888,360,0,CV008_003,836076
48889,720,0,CV008_003,836796
48890,740,0,CV008_003,837536
48891,724,0,CV008_003,838260
48892,460,0,CV008_003,838720
48893,260,0,CV008_003,838980
48894,740,0,CV008_003,839720
48895,720,0,CV008_003,840440
48896,280,0,CV008_003,840720
48897,440,0,CV008_003,841160
48898,560,0,CV008_003,841720
48899,144,0,CV008_003,841864
48900,720,0,CV008_003,842584
48901,720,0,CV008_003,843304
48902,420,0,CV008_003,843724
48903,300,0,CV008_003,844024
48904,1420,0,CV008_003,845444
48905,720,0,CV008_003,846164
48906,704,0,CV008_003,846868
48907,720,0,CV008_003,847588
48908,720,0,CV008_003,848308
48909,700,0,CV008_003,849008
48910,720,0,CV008_003,849728
48911,704,0,CV008_003,850432
48912,716,0,CV008_003,851148
48913,704,0,CV008_003,851852
48914,700,0,CV008_003,852552
48915,720,0,CV008_003,853272
48916,700,0,CV008_003,853972
48917,700,0,CV008_003,854672
48918,720,0,CV008_003,855392
48919,704,0,CV008_003,856096
48920,700,0,CV008_003,856796
48921,700,0,CV008_003,857496
48922,700,0,CV008_003,858196
48923,720,0,CV008_003,858916
48924,700,0,CV008_003,859616
48925,700,0,CV008_003,860316
48926,700,0,CV008_003,861016
48927,684,0,CV008_003,861700
48928,680,0,CV008_003,862380
48929,680,0,CV008_003,863060
48930,680,0,CV008_003,863740
48931,680,0,CV008_003,864420
48932,664,0,CV008_003,865084
48933,1356,0,CV008_003,866440
48934,664,0,CV008_003,867104
48935,1340,0,CV008_003,868444
48936,660,0,CV008_003,869104
48937,1324,0,CV008_003,870428
48938,660,0,CV008_003,871088
48939,660,0,CV008_003,871748
48940,656,0,CV008_003,872404
48941,644,0,CV008_003,873048
48942,700,0,CV008_003,873748
48943,600,0,CV008_003,874348
48944,660,0,CV008_003,875008
48945,560,0,CV008_003,875568
48946,780,0,CV008_003,876348
48947,664,0,CV008_003,877012
48948,660,0,CV008_003,877672
48949,660,0,CV008_003,878332
48950,420,0,CV008_003,878752
48951,260,0,CV008_003,879012
48952,684,0,CV008_003,879696
48953,680,0,CV008_003,880376
48954,360,0,CV008_003,880736
48955,320,0,CV008_003,881056
48956,680,0,CV008_003,881736
48957,400,0,CV008_003,882136
48958,280,0,CV008_003,882416
48959,680,0,CV008_003,883096
48960,684,0,CV008_003,883780
48961,676,0,CV008_003,884456
48962,664,0,CV008_003,885120
48963,724,0,CV008_003,885844
48964,616,0,CV008_003,886460
48965,680,0,CV008_003,887140
48966,704,0,CV008_003,887844
48967,500,0,CV008_003,888344
48968,800,0,CV008_003,889144
48969,720,0,CV008_003,889864
48970,620,0,CV008_003,890484
48971,720,0,CV008_003,891204
48972,624,0,CV008_003,891828
48973,660,0,CV008_003,892488
48974,260,0,CV008_003,892748
48975,444,0,CV008_003,893192
48976,660,0,CV008_003,893852
48977,896,0,CV008_003,894748
48978,364,0,CV008_003,895112
48979,640,0,CV008_003,895752
48980,680,0,CV008_003,896432
48981,320,0,CV008_003,896752
48982,360,0,CV008_003,897112
48983,660,0,CV008_003,897772
48984,664,0,CV008_003,898436
48985,696,0,CV008_003,899132
48986,724,0,CV008_003,899856
48987,660,0,CV008_003,900516
48988,700,0,CV008_003,901216
48989,720,0,CV008_003,901936
48990,724,0,CV008_003,902660
48991,716,0,CV008_003,903376
48992,704,0,CV008_003,904080
48993,780,0,CV008_003,904860
48994,420,0,CV008_003,905280
48995,940,0,CV008_003,906220
48996,700,0,CV008_003,906920
48997,700,0,CV008_003,907620
48998,700,0,CV008_003,908320
48999,684,0,CV008_003,909004
49000,700,0,CV008_003,909704
49001,720,0,CV008_003,910424
49002,684,0,CV008_003,911108
49003,756,1,CV008_003,911864
49004,644,0,CV008_003,912508
49005,700,0,CV008_003,913208
49006,700,0,CV008_003,913908
49007,1400,0,CV008_003,915308
49008,704,0,CV008_003,916012
49009,700,0,CV008_003,916712
49010,700,0,CV008_003,917412
49011,700,0,CV008_003,918112
49012,740,1,CV008_003,918852
49013,660,0,CV008_003,919512
49014,704,0,CV008_003,920216
49015,700,0,CV008_003,920916
49016,720,0,CV008_003,921636
49017,700,0,CV008_003,922336
49018,720,0,CV008_003,923056
49019,1440,0,CV008_003,924496
49020,720,0,CV008_003,925216
49021,704,0,CV008_003,925920
49022,720,0,CV008_003,926640
49023,740,0,CV008_003,927380
49024,720,0,CV008_003,928100
49025,740,0,CV008_003,928840
49026,724,0,CV008_003,929564
49027,200,0,CV008_003,929764
49028,520,0,CV008_003,930284
49029,480,0,CV008_003,930764
49030,240,0,CV008_003,931004
49031,540,0,CV008_003,931544
49032,180,0,CV008_003,931724
49033,720,0,CV008_003,932444
49034,704,0,CV008_003,933148
49035,700,0,CV008_003,933848
49036,700,0,CV008_003,934548
49037,220,0,CV008_003,934768
49038,480,0,CV008_003,935248
49039,700,0,CV008_003,935948
49040,720,0,CV008_003,936668
49041,704,0,CV008_003,937372
49042,700,0,CV008_003,938072
49043,700,0,CV008_003,938772
49044,720,0,CV008_003,939492
49045,720,0,CV008_003,940212
49046,704,0,CV008_003,940916
49047,720,0,CV008_003,941636
49048,720,0,CV008_003,942356
49049,764,1,CV008_003,943120
49050,676,0,CV008_003,943796
49051,704,0,CV008_003,944500
49052,716,0,CV008_003,945216
49053,704,0,CV008_003,945920
49054,720,0,CV008_003,946640
49055,700,0,CV008_003,947340
49056,704,0,CV008_003,948044
49057,716,0,CV008_003,948760
49058,704,0,CV008_003,949464
49059,720,0,CV008_003,950184
49060,700,0,CV008_003,950884
49061,700,0,CV008_003,951584
49062,704,0,CV008_003,952288
49063,700,0,CV008_003,952988
49064,720,0,CV008_003,953708
49065,700,0,CV008_003,954408
49066,380,0,CV008_003,954788
49067,320,0,CV008_003,955108
49068,780,0,CV008_003,955888
49069,644,0,CV008_003,956532
49070,716,0,CV008_003,957248
49071,704,0,CV008_003,957952
49072,720,0,CV008_003,958672
49073,700,0,CV008_003,959372
49074,720,0,CV008_003,960092
49075,700,0,CV008_003,960792
49076,700,0,CV008_003,961492
49077,704,0,CV008_003,962196
49078,680,0,CV008_003,962876
49079,704,0,CV008_003,963580
49080,700,0,CV008_003,964280
49081,700,0,CV008_003,964980
49082,700,0,CV008_003,965680
49083,680,0,CV008_003,966360
49084,700,0,CV008_003,967060
49085,684,0,CV008_003,967744
49086,700,0,CV008_003,968444
49087,680,0,CV008_003,969124
49088,660,0,CV008_003,969784
49089,680,0,CV008_003,970464
49090,544,0,CV008_003,971008
49091,780,0,CV008_003,971788
49092,700,0,CV008_003,972488
49093,680,0,CV008_003,973168
49094,740,0,CV008_003,973908
49095,644,0,CV008_003,974552
49096,720,0,CV008_003,975272
49097,1440,0,CV008_003,976712
49098,720,0,CV008_003,977432
49099,704,0,CV008_003,978136
49100,760,0,CV008_003,978896
49101,660,0,CV008_003,979556
49102,700,0,CV008_003,980256
49103,704,0,CV008_003,980960
49104,716,0,CV008_003,981676
49105,704,0,CV008_003,982380
49106,700,0,CV008_003,983080
49107,720,0,CV008_003,983800
49108,720,0,CV008_003,984520
49109,724,0,CV008_003,985244
49110,720,0,CV008_003,985964
49111,720,0,CV008_003,986684
49112,724,0,CV008_003,987408
49113,716,0,CV008_003,988124
49114,764,0,CV008_003,988888
49115,700,0,CV008_003,989588
49116,720,0,CV008_003,990308
49117,724,0,CV008_003,991032
49118,736,0,CV008_003,991768
49119,764,1,CV008_003,992532
49120,680,0,CV008_003,993212
49121,720,0,CV008_003,993932
49122,724,0,CV008_003,994656
49123,740,0,CV008_003,995396
49124,740,0,CV008_003,996136
49125,780,1,CV008_003,996916
49126,680,0,CV008_003,997596
49127,740,0,CV008_003,998336
49128,724,0,CV008_003,999060
49129,736,0,CV008_003,999796
49130,704,0,CV008_003,1000500
49131,720,0,CV008_003,1001220
49132,1420,0,CV008_003,1002640
49133,704,0,CV008_003,1003344
49134,720,0,CV008_003,1004064
49135,700,0,CV008_003,1004764
49136,720,0,CV008_003,1005484
49137,700,0,CV008_003,1006184
49138,720,0,CV008_003,1006904
49139,720,0,CV008_003,1007624
49140,704,0,CV008_003,1008328
49141,740,0,CV008_003,1009068
49142,724,0,CV008_003,1009792
49143,720,0,CV008_003,1010512
49144,720,0,CV008_003,1011232
49145,764,1,CV008_003,1011996
49146,676,0,CV008_003,1012672
49147,720,0,CV008_003,1013392
49148,720,0,CV008_003,1014112
49149,704,0,CV008_003,1014816
49150,740,0,CV008_003,1015556
49151,740,0,CV008_003,1016296
49152,720,0,CV008_003,1017016
49153,704,0,CV008_003,1017720
49154,720,0,CV008_003,1018440
49155,720,0,CV008_003,1019160
49156,760,1,CV008_003,1019920
49157,680,0,CV008_003,1020600
49158,720,0,CV008_003,1021320
49159,724,0,CV008_003,1022044
49160,720,0,CV008_003,1022764
49161,720,0,CV008_003,1023484
49162,740,0,CV008_003,1024224
49163,720,0,CV008_003,1024944
49164,724,0,CV008_003,1025668
49165,736,0,CV008_003,1026404
49166,704,0,CV008_003,1027108
49167,720,0,CV008_003,1027828
49168,740,0,CV008_003,1028568
49169,720,0,CV008_003,1029288
49170,724,0,CV008_003,1030012
49171,720,0,CV008_003,1030732
49172,720,0,CV008_003,1031452
49173,720,0,CV008_003,1032172
49174,760,0,CV008_003,1032932
49175,660,0,CV008_003,1033592
49176,684,0,CV008_003,1034276
49177,700,0,CV008_003,1034976
49178,700,0,CV008_003,1035676
49179,680,0,CV008_003,1036356
49180,684,0,CV008_003,1037040
49181,696,0,CV008_003,1037736
49182,684,0,CV008_003,1038420
49183,700,0,CV008_003,1039120
49184,700,0,CV008_003,1039820
49185,700,0,CV008_003,1040520
49186,704,0,CV008_003,1041224
49187,700,0,CV008_003,1041924
49188,716,0,CV008_003,1042640
49189,704,0,CV008_003,1043344
49190,720,0,CV008_003,1044064
49191,700,0,CV008_003,1044764
49192,720,0,CV008_003,1045484
49193,720,0,CV008_003,1046204
49194,724,0,CV008_003,1046928
49195,720,0,CV008_003,1047648
49196,720,0,CV008_003,1048368
49197,460,0,CV008_003,1048828
49198,240,0,CV008_003,1049068
49199,764,0,CV008_003,1049832
49200,680,0,CV008_003,1050512
49201,720,0,CV008_003,1051232
49202,580,0,CV008_003,1051812
49203,200,0,CV008_003,1052012
49204,680,0,CV008_003,1052692
49205,720,0,CV008_003,1053412
49206,704,0,CV008_003,1054116
49207,720,0,CV008_003,1054836
49208,720,0,CV008_003,1055556
49209,700,0,CV008_003,1056256
49210,700,0,CV008_003,1056956
49211,760,1,CV008_003,1057716
49212,660,0,CV008_003,1058376
49213,704,0,CV008_003,1059080
49214,700,0,CV008_003,1059780
49215,700,0,CV008_003,1060480
49216,720,0,CV008_003,1061200
49217,740,0,CV008_003,1061940
49218,644,0,CV008_003,1062584
49219,700,0,CV008_003,1063284
49220,700,0,CV008_003,1063984
49221,580,0,CV008_003,1064564
49222,180,0,CV008_003,1064744
49223,100,0,CV008_003,1064844
49224,300,0,CV008_003,1065144
49225,640,0,CV008_003,1065784
49226,100,0,CV008_003,1065884
49227,220,0,CV008_003,1066104
49228,284,0,CV008_003,1066388
49229,400,0,CV008_003,1066788
49230,640,0,CV008_003,1067428
49231,680,0,CV008_003,1068108
49232,700,0,CV008_003,1068808
49233,680,0,CV008_003,1069488
49234,700,0,CV008_003,1070188
49235,744,0,CV008_003,1070932
49236,620,0,CV008_003,1071552
49237,220,0,CV008_003,1071772
49238,500,0,CV008_003,1072272
49239,1400,0,CV008_003,1073672
49240,704,0,CV008_003,1074376
49241,716,0,CV008_003,1075092
49242,764,0,CV008_003,1075856
49243,660,0,CV008_003,1076516
49244,1400,0,CV008_003,1077916
49245,704,0,CV008_003,1078620
49246,740,0,CV008_003,1079360
49247,640,0,CV008_003,1080000
49248,680,0,CV008_003,1080680
49249,680,0,CV008_003,1081360
49250,740,0,CV008_003,1082100
49251,620,0,CV008_003,1082720
49252,664,0,CV008_003,1083384
49253,700,0,CV008_003,1084084
49254,744,0,CV008_003,1084828
49255,676,0,CV008_003,1085504
49256,760,0,CV008_003,1086264
49257,660,0,CV008_003,1086924
49258,720,0,CV008_003,1087644
49259,740,0,CV008_003,1088384
49260,720,0,CV008_003,1089104
49261,724,0,CV008_003,1089828
49262,700,0,CV008_003,1090528
49263,720,0,CV008_003,1091248
49264,700,0,CV008_003,1091948
49265,720,0,CV008_003,1092668
49266,704,0,CV008_003,1093372
49267,700,0,CV008_003,1094072
49268,768,0,CV008_003,1094840
49269,672,0,CV008_003,1095512
49270,760,0,CV008_003,1096272
49271,660,0,CV008_003,1096932
49272,720,0,CV008_003,1097652
49273,724,0,CV008_003,1098376
49274,740,0,CV008_003,1099116
49275,780,0,CV008_003,1099896
49276,724,0,CV008_003,1100620
49277,696,0,CV008_003,1101316
49278,724,0,CV008_003,1102040
49279,780,0,CV008_003,1102820
49280,676,0,CV008_003,1103496
49281,724,0,CV008_003,1104220
49282,720,0,CV008_003,1104940
49283,720,0,CV008_003,1105660
49284,724,0,CV008_003,1106384
49285,736,0,CV008_003,1107120
49286,720,0,CV008_003,1107840
49287,784,0,CV008_003,1108624
49288,240,0,CV008_003,1108864
49289,420,0,CV008_003,1109284
49290,580,0,CV008_003,1109864
49291,180,0,CV008_003,1110044
49292,680,0,CV008_003,1110724
49293,700,0,CV008_003,1111424
49294,740,0,CV008_003,1112164
49295,784,0,CV008_003,1112948
49296,660,0,CV008_003,1113608
49297,240,0,CV008_003,1113848
49298,520,0,CV008_003,1114368
49299,784,0,CV008_003,1115152
49300,756,0,CV008_003,1115908
49301,680,0,CV008_003,1116588
49302,724,0,CV008_003,1117312
49303,740,0,CV008_003,1118052
49304,720,0,CV008_003,1118772
49305,720,0,CV008_003,1119492
49306,740,0,CV008_003,1120232
49307,720,0,CV008_003,1120952
49308,724,0,CV008_003,1121676
49309,736,0,CV008_003,1122412
49310,724,0,CV008_003,1123136
49311,780,0,CV008_003,1123916
49312,680,0,CV008_003,1124596
49313,760,0,CV008_003,1125356
49314,680,0,CV008_003,1126036
49315,1464,0,CV008_003,1127500
49316,740,0,CV008_003,1128240
49317,716,0,CV008_003,1128956
49318,764,0,CV008_003,1129720
49319,580,0,CV008_003,1130300
49320,80,0,CV008_003,1130380
49321,320,0,CV008_003,1130700
49322,320,0,CV008_003,1131020
49323,180,0,CV008_003,1131200
49324,280,0,CV008_003,1131480
49325,184,0,CV008_003,1131664
49326,220,0,CV008_003,1131884
49327,280,0,CV008_003,1132164
49328,236,0,CV008_003,1132400
49329,380,0,CV008_003,1132780
49330,100,0,CV008_003,1132880
49331,360,0,CV008_003,1133240
49332,60,0,CV008_003,1133300
49333,360,0,CV008_003,1133660
49334,280,0,CV008_003,1133940
49335,264,0,CV008_003,1134204
49336,240,0,CV008_003,1134444
49337,140,0,CV008_003,1134584
49338,280,0,CV008_003,1134864
49339,220,0,CV008_003,1135084
49340,200,0,CV008_003,1135284
49341,320,0,CV008_003,1135604
49342,320,0,CV008_003,1135924
49343,220,0,CV008_003,1136144
49344,200,0,CV008_003,1136344
49345,360,0,CV008_003,1136704
49346,160,0,CV008_003,1136864
49347,160,0,CV008_003,1137024
49348,440,0,CV008_003,1137464
49349,260,0,CV008_003,1137724
49350,160,0,CV008_003,1137884
49351,300,0,CV008_003,1138184
49352,120,0,CV008_003,1138304
49353,340,0,CV008_003,1138644
49354,632,0,CV008_006,632
49355,1332,0,CV008_006,1964
49356,480,0,CV008_006,2444
49357,764,0,CV008_006,3208
49358,140,0,CV008_006,3348
49359,504,0,CV008_006,3852
49360,636,0,CV008_006,4488
49361,280,0,CV008_006,4768
49362,20,0,CV008_006,4788
49363,260,0,CV008_006,5048
49364,340,0,CV008_006,5388
49365,160,0,CV008_006,5548
49366,256,0,CV008_006,5804
49367,364,0,CV008_006,6168
49368,316,0,CV008_006,6484
49369,604,0,CV008_006,7088
49370,380,0,CV008_006,7468
49371,280,0,CV008_006,7748
49372,700,0,CV008_006,8448
49373,608,0,CV008_006,9056
49374,292,0,CV008_006,9348
49375,360,0,CV008_006,9708
49376,1320,0,CV008_006,11028
49377,324,0,CV008_006,11352
49378,328,0,CV008_006,11680
49379,664,0,CV008_006,12344
49380,648,0,CV008_006,12992
49381,356,0,CV008_006,13348
49382,348,0,CV008_006,13696
49383,608,0,CV008_006,14304
49384,644,0,CV008_006,14948
49385,404,0,CV008_006,15352
49386,256,0,CV008_006,15608
49387,656,0,CV008_006,16264
49388,644,0,CV008_006,16908
49389,656,0,CV008_006,17564
49390,660,0,CV008_006,18224
49391,644,0,CV008_006,18868
49392,660,0,CV008_006,19528
49393,660,0,CV008_006,20188
49394,604,0,CV008_006,20792
49395,704,0,CV008_006,21496
49396,660,0,CV008_006,22156
49397,652,0,CV008_006,22808
49398,656,0,CV008_006,23464
49399,716,0,CV008_006,24180
49400,612,0,CV008_006,24792
49401,564,0,CV008_006,25356
49402,820,0,CV008_006,26176
49403,608,0,CV008_006,26784
49404,668,0,CV008_006,27452
49405,720,0,CV008_006,28172
49406,604,0,CV008_006,28776
49407,716,0,CV008_006,29492
49408,668,0,CV008_006,30160
49409,604,0,CV008_006,30764
49410,708,0,CV008_006,31472
49411,604,0,CV008_006,32076
49412,652,0,CV008_006,32728
49413,1308,0,CV008_006,34036
49414,640,0,CV008_006,34676
49415,644,0,CV008_006,35320
49416,640,0,CV008_006,35960
49417,1256,0,CV008_006,37216
49418,624,0,CV008_006,37840
49419,616,0,CV008_006,38456
49420,612,0,CV008_006,39068
49421,608,0,CV008_006,39676
49422,612,0,CV008_006,40288
49423,628,0,CV008_006,40916
49424,636,0,CV008_006,41552
49425,644,0,CV008_006,42196
49426,652,0,CV008_006,42848
49427,648,0,CV008_006,43496
49428,664,0,CV008_006,44160
49429,1360,0,CV008_006,45520
49430,1248,0,CV008_006,46768
49431,700,0,CV008_006,47468
49432,644,0,CV008_006,48112
49433,592,0,CV008_006,48704
49434,1284,0,CV008_006,49988
49435,640,0,CV008_006,50628
49436,632,0,CV008_006,51260
49437,632,0,CV008_006,51892
49438,644,0,CV008_006,52536
49439,632,0,CV008_006,53168
49440,632,0,CV008_006,53800
49441,692,0,CV008_006,54492
49442,628,0,CV008_006,55120
49443,588,0,CV008_006,55708
49444,624,0,CV008_006,56332
49445,624,0,CV008_006,56956
49446,680,1,CV008_006,57636
49447,572,0,CV008_006,58208
49448,636,0,CV008_006,58844
49449,644,0,CV008_006,59488
49450,648,0,CV008_006,60136
49451,236,0,CV008_006,60372
49452,440,0,CV008_006,60812
49453,660,0,CV008_006,61472
49454,668,0,CV008_006,62140
49455,672,0,CV008_006,62812
49456,660,0,CV008_006,63472
49457,668,0,CV008_006,64140
49458,656,0,CV008_006,64796
49459,708,0,CV008_006,65504
49460,608,0,CV008_006,66112
49461,652,0,CV008_006,66764
49462,1304,0,CV008_006,68068
49463,644,0,CV008_006,68712
49464,660,0,CV008_006,69372
49465,696,1,CV008_006,70068
49466,604,0,CV008_006,70672
49467,652,0,CV008_006,71324
49468,648,0,CV008_006,71972
49469,2016,0,CV008_006,73988
49470,604,0,CV008_006,74592
49471,664,0,CV008_006,75256
49472,672,0,CV008_006,75928
49473,660,0,CV008_006,76588
49474,676,0,CV008_006,77264
49475,664,0,CV008_006,77928
49476,672,0,CV008_006,78600
49477,712,1,CV008_006,79312
49478,624,0,CV008_006,79936
49479,668,0,CV008_006,80604
49480,668,0,CV008_006,81272
49481,668,0,CV008_006,81940
49482,656,0,CV008_006,82596
49483,664,0,CV008_006,83260
49484,652,0,CV008_006,83912
49485,668,0,CV008_006,84580
49486,656,0,CV008_006,85236
49487,664,0,CV008_006,85900
49488,660,0,CV008_006,86560
49489,656,0,CV008_006,87216
49490,660,0,CV008_006,87876
49491,660,0,CV008_006,88536
49492,664,0,CV008_006,89200
49493,672,0,CV008_006,89872
49494,656,0,CV008_006,90528
49495,668,0,CV008_006,91196
49496,660,0,CV008_006,91856
49497,656,0,CV008_006,92512
49498,664,0,CV008_006,93176
49499,660,0,CV008_006,93836
49500,704,0,CV008_006,94540
49501,612,0,CV008_006,95152
49502,1356,0,CV008_006,96508
49503,596,0,CV008_006,97104
49504,652,0,CV008_006,97756
49505,640,0,CV008_006,98396
49506,648,0,CV008_006,99044
49507,556,0,CV008_006,99600
49508,744,0,CV008_006,100344
49509,656,0,CV008_006,101000
49510,656,0,CV008_006,101656
49511,652,0,CV008_006,102308
49512,684,0,CV008_006,102992
49513,684,0,CV008_006,103676
49514,660,0,CV008_006,104336
49515,668,0,CV008_006,105004
49516,676,0,CV008_006,105680
49517,664,0,CV008_006,106344
49518,664,0,CV008_006,107008
49519,676,0,CV008_006,107684
49520,672,0,CV008_006,108356
49521,652,0,CV008_006,109008
49522,668,0,CV008_006,109676
49523,664,0,CV008_006,110340
49524,652,0,CV008_006,110992
49525,672,0,CV008_006,111664
49526,664,0,CV008_006,112328
49527,656,0,CV008_006,112984
49528,676,0,CV008_006,113660
49529,672,0,CV008_006,114332
49530,668,0,CV008_006,115000
49531,680,0,CV008_006,115680
49532,664,0,CV008_006,116344
49533,1340,0,CV008_006,117684
49534,720,0,CV008_006,118404
49535,2568,0,CV008_006,120972
49536,432,0,CV008_006,121404
49537,224,0,CV008_006,121628
49538,648,0,CV008_006,122276
49539,656,0,CV008_006,122932
49540,476,0,CV008_006,123408
49541,168,0,CV008_006,123576
49542,656,0,CV008_006,124232
49543,176,0,CV008_006,124408
49544,468,0,CV008_006,124876
49545,640,0,CV008_006,125516
49546,656,0,CV008_006,126172
49547,692,0,CV008_006,126864
49548,652,0,CV008_006,127516
49549,612,0,CV008_006,128128
49550,648,0,CV008_006,128776
49551,1308,0,CV008_006,130084
49552,652,0,CV008_006,130736
49553,648,0,CV008_006,131384
49554,652,0,CV008_006,132036
49555,652,0,CV008_006,132688
49556,648,0,CV008_006,133336
49557,644,0,CV008_006,133980
49558,652,0,CV008_006,134632
49559,652,0,CV008_006,135284
49560,636,0,CV008_006,135920
49561,652,0,CV008_006,136572
49562,648,0,CV008_006,137220
49563,644,0,CV008_006,137864
49564,656,0,CV008_006,138520
49565,672,0,CV008_006,139192
49566,652,0,CV008_006,139844
49567,672,0,CV008_006,140516
49568,668,0,CV008_006,141184
49569,660,0,CV008_006,141844
49570,680,0,CV008_006,142524
49571,676,0,CV008_006,143200
49572,656,0,CV008_006,143856
49573,672,0,CV008_006,144528
49574,660,0,CV008_006,145188
49575,660,0,CV008_006,145848
49576,664,0,CV008_006,146512
49577,656,0,CV008_006,147168
49578,656,0,CV008_006,147824
49579,668,0,CV008_006,148492
49580,652,0,CV008_006,149144
49581,660,0,CV008_006,149804
49582,712,1,CV008_006,150516
49583,600,0,CV008_006,151116
49584,656,0,CV008_006,151772
49585,656,0,CV008_006,152428
49586,648,0,CV008_006,153076
49587,664,0,CV008_006,153740
49588,660,0,CV008_006,154400
49589,652,0,CV008_006,155052
49590,660,0,CV008_006,155712
49591,660,0,CV008_006,156372
49592,652,0,CV008_006,157024
49593,664,0,CV008_006,157688
49594,652,0,CV008_006,158340
49595,652,0,CV008_006,158992
49596,668,0,CV008_006,159660
49597,664,0,CV008_006,160324
49598,668,0,CV008_006,160992
49599,668,0,CV008_006,161660
49600,656,0,CV008_006,162316
49601,664,0,CV008_006,162980
49602,660,0,CV008_006,163640
49603,652,0,CV008_006,164292
49604,660,0,CV008_006,164952
49605,652,0,CV008_006,165604
49606,656,0,CV008_006,166260
49607,668,0,CV008_006,166928
49608,652,0,CV008_006,167580
49609,656,0,CV008_006,168236
49610,656,0,CV008_006,168892
49611,648,0,CV008_006,169540
49612,656,0,CV008_006,170196
49613,664,0,CV008_006,170860
49614,652,0,CV008_006,171512
49615,672,0,CV008_006,172184
49616,720,0,CV008_006,172904
49617,656,0,CV008_006,173560
49618,604,0,CV008_006,174164
49619,644,0,CV008_006,174808
49620,1272,0,CV008_006,176080
49621,624,0,CV008_006,176704
49622,680,0,CV008_006,177384
49623,584,0,CV008_006,177968
49624,636,0,CV008_006,178604
49625,648,0,CV008_006,179252
49626,652,0,CV008_006,179904
49627,644,0,CV008_006,180548
49628,648,0,CV008_006,181196
49629,696,0,CV008_006,181892
49630,644,0,CV008_006,182536
49631,596,0,CV008_006,183132
49632,648,0,CV008_006,183780
49633,652,0,CV008_006,184432
49634,652,0,CV008_006,185084
49635,648,0,CV008_006,185732
49636,668,0,CV008_006,186400
49637,664,0,CV008_006,187064
49638,664,0,CV008_006,187728
49639,676,0,CV008_006,188404
49640,684,0,CV008_006,189088
49641,672,0,CV008_006,189760
49642,680,0,CV008_006,190440
49643,728,0,CV008_006,191168
49644,688,0,CV008_006,191856
49645,696,0,CV008_006,192552
49646,684,0,CV008_006,193236
49647,708,0,CV008_006,193944
49648,648,0,CV008_006,194592
49649,676,0,CV008_006,195268
49650,680,0,CV008_006,195948
49651,672,0,CV008_006,196620
49652,708,0,CV008_006,197328
49653,628,0,CV008_006,197956
49654,676,0,CV008_006,198632
49655,720,0,CV008_006,199352
49656,628,0,CV008_006,199980
49657,668,0,CV008_006,200648
49658,660,0,CV008_006,201308
49659,672,0,CV008_006,201980
49660,672,0,CV008_006,202652
49661,560,0,CV008_006,203212
49662,776,0,CV008_006,203988
49663,668,0,CV008_006,204656
49664,664,0,CV008_006,205320
49665,556,0,CV008_006,205876
49666,796,0,CV008_006,206672
49667,664,0,CV008_006,207336
49668,664,0,CV008_006,208000
49669,660,0,CV008_006,208660
49670,668,0,CV008_006,209328
49671,664,0,CV008_006,209992
49672,652,0,CV008_006,210644
49673,660,0,CV008_006,211304
49674,656,0,CV008_006,211960
49675,644,0,CV008_006,212604
49676,716,0,CV008_006,213320
49677,620,0,CV008_006,213940
49678,676,0,CV008_006,214616
49679,704,0,CV008_006,215320
49680,700,0,CV008_006,216020
49681,688,0,CV008_006,216708
49682,692,0,CV008_006,217400
49683,684,0,CV008_006,218084
49684,728,1,CV008_006,218812
49685,632,0,CV008_006,219444
49686,664,0,CV008_006,220108
49687,664,0,CV008_006,220772
49688,668,0,CV008_006,221440
49689,652,0,CV008_006,222092
49690,716,1,CV008_006,222808
49691,616,0,CV008_006,223424
49692,668,0,CV008_006,224092
49693,680,0,CV008_006,224772
49694,672,0,CV008_006,225444
49695,668,0,CV008_006,226112
49696,668,0,CV008_006,226780
49697,676,0,CV008_006,227456
49698,676,0,CV008_006,228132
49699,528,0,CV008_006,228660
49700,1484,0,CV008_006,230144
49701,672,0,CV008_006,230816
49702,1336,0,CV008_006,232152
49703,684,0,CV008_006,232836
49704,716,0,CV008_006,233552
49705,496,0,CV008_006,234048
49706,808,0,CV008_006,234856
49707,708,0,CV008_006,235564
49708,620,0,CV008_006,236184
49709,668,0,CV008_006,236852
49710,720,0,CV008_006,237572
49711,484,0,CV008_006,238056
49712,836,0,CV008_006,238892
49713,676,0,CV008_006,239568
49714,696,0,CV008_006,240264
49715,680,0,CV008_006,240944
49716,704,0,CV008_006,241648
49717,692,0,CV008_006,242340
49718,684,0,CV008_006,243024
49719,708,0,CV008_006,243732
49720,692,0,CV008_006,244424
49721,676,0,CV008_006,245100
49722,684,0,CV008_006,245784
49723,668,0,CV008_006,246452
49724,660,0,CV008_006,247112
49725,672,0,CV008_006,247784
49726,656,0,CV008_006,248440
49727,664,0,CV008_006,249104
49728,660,0,CV008_006,249764
49729,652,0,CV008_006,250416
49730,660,0,CV008_006,251076
49731,660,0,CV008_006,251736
49732,656,0,CV008_006,252392
49733,668,0,CV008_006,253060
49734,668,0,CV008_006,253728
49735,656,0,CV008_006,254384
49736,664,0,CV008_006,255048
49737,704,0,CV008_006,255752
49738,612,0,CV008_006,256364
49739,668,0,CV008_006,257032
49740,700,0,CV008_006,257732
49741,608,0,CV008_006,258340
49742,660,0,CV008_006,259000
49743,1320,0,CV008_006,260320
49744,660,0,CV008_006,260980
49745,656,0,CV008_006,261636
49746,660,0,CV008_006,262296
49747,648,0,CV008_006,262944
49748,656,0,CV008_006,263600
49749,648,0,CV008_006,264248
49750,648,0,CV008_006,264896
49751,656,0,CV008_006,265552
49752,644,0,CV008_006,266196
49753,652,0,CV008_006,266848
49754,1296,0,CV008_006,268144
49755,660,0,CV008_006,268804
49756,660,0,CV008_006,269464
49757,648,0,CV008_006,270112
49758,664,0,CV008_006,270776
49759,660,0,CV008_006,271436
49760,664,0,CV008_006,272100
49761,668,0,CV008_006,272768
49762,672,0,CV008_006,273440
49763,672,0,CV008_006,274112
49764,680,0,CV008_006,274792
49765,672,0,CV008_006,275464
49766,680,0,CV008_006,276144
49767,680,0,CV008_006,276824
49768,664,0,CV008_006,277488
49769,680,0,CV008_006,278168
49770,668,0,CV008_006,278836
49771,1340,0,CV008_006,280176
49772,664,0,CV008_006,280840
49773,1332,0,CV008_006,282172
49774,664,0,CV008_006,282836
49775,656,0,CV008_006,283492
49776,668,0,CV008_006,284160
49777,664,0,CV008_006,284824
49778,660,0,CV008_006,285484
49779,672,0,CV008_006,286156
49780,664,0,CV008_006,286820
49781,668,0,CV008_006,287488
49782,672,0,CV008_006,288160
49783,664,0,CV008_006,288824
49784,668,0,CV008_006,289492
49785,676,0,CV008_006,290168
49786,668,0,CV008_006,290836
49787,1348,0,CV008_006,292184
49788,708,0,CV008_006,292892
49789,608,0,CV008_006,293500
49790,672,0,CV008_006,294172
49791,652,0,CV008_006,294824
49792,668,0,CV008_006,295492
49793,660,0,CV008_006,296152
49794,708,0,CV008_006,296860
49795,1324,0,CV008_006,298184
49796,608,0,CV008_006,298792
49797,1376,0,CV008_006,300168
49798,612,0,CV008_006,300780
49799,660,0,CV008_006,301440
49800,704,0,CV008_006,302144
49801,500,0,CV008_006,302644
49802,780,0,CV008_006,303424
49803,708,0,CV008_006,304132
49804,612,0,CV008_006,304744
49805,660,0,CV008_006,305404
49806,656,0,CV008_006,306060
49807,664,0,CV008_006,306724
49808,656,0,CV008_006,307380
49809,668,0,CV008_006,308048
49810,664,0,CV008_006,308712
49811,660,0,CV008_006,309372
49812,668,0,CV008_006,310040
49813,656,0,CV008_006,310696
49814,656,0,CV008_006,311352
49815,648,0,CV008_006,312000
49816,648,0,CV008_006,312648
49817,644,0,CV008_006,313292
49818,640,0,CV008_006,313932
49819,684,1,CV008_006,314616
49820,592,0,CV008_006,315208
49821,636,0,CV008_006,315844
49822,632,0,CV008_006,316476
49823,636,0,CV008_006,317112
49824,636,0,CV008_006,317748
49825,628,0,CV008_006,318376
49826,136,0,CV008_006,318512
49827,508,0,CV008_006,319020
49828,648,0,CV008_006,319668
49829,648,0,CV008_006,320316
49830,196,0,CV008_006,320512
49831,504,0,CV008_006,321016
49832,608,0,CV008_006,321624
49833,660,0,CV008_006,322284
49834,668,0,CV008_006,322952
49835,656,0,CV008_006,323608
49836,660,0,CV008_006,324268
49837,236,0,CV008_006,324504
49838,424,0,CV008_006,324928
49839,1372,0,CV008_006,326300
49840,204,0,CV008_006,326504
49841,404,0,CV008_006,326908
49842,696,0,CV008_006,327604
49843,600,0,CV008_006,328204
49844,636,0,CV008_006,328840
49845,640,0,CV008_006,329480
49846,624,0,CV008_006,330104
49847,400,0,CV008_006,330504
49848,236,0,CV008_006,330740
49849,640,0,CV008_006,331380
49850,640,0,CV008_006,332020
49851,660,0,CV008_006,332680
49852,648,0,CV008_006,333328
49853,672,0,CV008_006,334000
49854,504,0,CV008_006,334504
49855,152,0,CV008_006,334656
49856,660,0,CV008_006,335316
49857,664,0,CV008_006,335980
49858,648,0,CV008_006,336628
49859,656,0,CV008_006,337284
49860,640,0,CV008_006,337924
49861,700,1,CV008_006,338624
49862,592,0,CV008_006,339216
49863,640,0,CV008_006,339856
49864,652,0,CV008_006,340508
49865,644,0,CV008_006,341152
49866,644,0,CV008_006,341796
49867,648,0,CV008_006,342444
49868,632,0,CV008_006,343076
49869,644,0,CV008_006,343720
49870,636,0,CV008_006,344356
49871,696,1,CV008_006,345052
49872,600,0,CV008_006,345652
49873,640,0,CV008_006,346292
49874,652,0,CV008_006,346944
49875,704,1,CV008_006,347648
49876,604,0,CV008_006,348252
49877,684,0,CV008_006,348936
49878,668,0,CV008_006,349604
49879,688,0,CV008_006,350292
49880,744,1,CV008_006,351036
49881,624,0,CV008_006,351660
49882,704,0,CV008_006,352364
49883,696,0,CV008_006,353060
49884,684,0,CV008_006,353744
49885,700,0,CV008_006,354444
49886,676,0,CV008_006,355120
49887,672,0,CV008_006,355792
49888,736,1,CV008_006,356528
49889,624,0,CV008_006,357152
49890,684,0,CV008_006,357836
49891,688,0,CV008_006,358524
49892,684,0,CV008_006,359208
49893,696,0,CV008_006,359904
49894,700,0,CV008_006,360604
49895,696,0,CV008_006,361300
49896,712,0,CV008_006,362012
49897,704,0,CV008_006,362716
49898,684,0,CV008_006,363400
49899,688,0,CV008_006,364088
49900,692,0,CV008_006,364780
49901,744,1,CV008_006,365524
49902,632,0,CV008_006,366156
49903,688,0,CV008_006,366844
49904,684,0,CV008_006,367528
49905,680,0,CV008_006,368208
49906,692,0,CV008_006,368900
49907,728,1,CV008_006,369628
49908,652,0,CV008_006,370280
49909,688,0,CV008_006,370968
49910,692,0,CV008_006,371660
49911,696,0,CV008_006,372356
49912,680,0,CV008_006,373036
49913,680,0,CV008_006,373716
49914,684,0,CV008_006,374400
49915,672,0,CV008_006,375072
49916,688,0,CV008_006,375760
49917,728,1,CV008_006,376488
49918,636,0,CV008_006,377124
49919,680,0,CV008_006,377804
49920,680,0,CV008_006,378484
49921,684,0,CV008_006,379168
49922,672,0,CV008_006,379840
49923,684,0,CV008_006,380524
49924,684,0,CV008_006,381208
49925,684,0,CV008_006,381892
49926,740,1,CV008_006,382632
49927,636,0,CV008_006,383268
49928,676,0,CV008_006,383944
49929,680,0,CV008_006,384624
49930,668,0,CV008_006,385292
49931,668,0,CV008_006,385960
49932,668,0,CV008_006,386628
49933,660,0,CV008_006,387288
49934,668,0,CV008_006,387956
49935,660,0,CV008_006,388616
49936,656,0,CV008_006,389272
49937,672,0,CV008_006,389944
49938,708,0,CV008_006,390652
49939,612,0,CV008_006,391264
49940,716,0,CV008_006,391980
49941,656,0,CV008_006,392636
49942,612,0,CV008_006,393248
49943,704,0,CV008_006,393952
49944,596,0,CV008_006,394548
49945,656,0,CV008_006,395204
49946,648,0,CV008_006,395852
49947,648,0,CV008_006,396500
49948,648,0,CV008_006,397148
49949,636,0,CV008_006,397784
49950,644,0,CV008_006,398428
49951,652,0,CV008_006,399080
49952,648,0,CV008_006,399728
49953,712,1,CV008_006,400440
49954,616,0,CV008_006,401056
49955,660,0,CV008_006,401716
49956,672,0,CV008_006,402388
49957,660,0,CV008_006,403048
49958,660,0,CV008_006,403708
49959,660,0,CV008_006,404368
49960,652,0,CV008_006,405020
49961,652,0,CV008_006,405672
49962,652,0,CV008_006,406324
49963,640,0,CV008_006,406964
49964,700,0,CV008_006,407664
49965,588,0,CV008_006,408252
49966,696,0,CV008_006,408948
49967,596,0,CV008_006,409544
49968,632,0,CV008_006,410176
49969,648,0,CV008_006,410824
49970,644,0,CV008_006,411468
49971,648,0,CV008_006,412116
49972,656,0,CV008_006,412772
49973,652,0,CV008_006,413424
49974,656,0,CV008_006,414080
49975,656,0,CV008_006,414736
49976,700,0,CV008_006,415436
49977,612,0,CV008_006,416048
49978,660,0,CV008_006,416708
49979,704,0,CV008_006,417412
49980,612,0,CV008_006,418024
49981,656,0,CV008_006,418680
49982,652,0,CV008_006,419332
49983,664,0,CV008_006,419996
49984,656,0,CV008_006,420652
49985,656,0,CV008_006,421308
49986,656,0,CV008_006,421964
49987,696,1,CV008_006,422660
49988,604,0,CV008_006,423264
49989,652,0,CV008_006,423916
49990,648,0,CV008_006,424564
49991,652,0,CV008_006,425216
49992,656,0,CV008_006,425872
49993,1300,0,CV008_006,427172
49994,648,0,CV008_006,427820
49995,644,0,CV008_006,428464
49996,652,0,CV008_006,429116
49997,644,0,CV008_006,429760
49998,644,0,CV008_006,430404
49999,656,0,CV008_006,431060
50000,648,0,CV008_006,431708
50001,664,0,CV008_006,432372
50002,668,0,CV008_006,433040
50003,532,0,CV008_006,433572
50004,808,0,CV008_006,434380
50005,536,0,CV008_006,434916
50006,780,0,CV008_006,435696
50007,704,0,CV008_006,436400
50008,596,0,CV008_006,436996
50009,700,0,CV008_006,437696
50010,600,0,CV008_006,438296
50011,664,0,CV008_006,438960
50012,712,0,CV008_006,439672
50013,620,0,CV008_006,440292
50014,672,0,CV008_006,440964
50015,712,0,CV008_006,441676
50016,612,0,CV008_006,442288
50017,664,0,CV008_006,442952
50018,1320,0,CV008_006,444272
50019,648,0,CV008_006,444920
50020,648,0,CV008_006,445568
50021,652,0,CV008_006,446220
50022,1292,0,CV008_006,447512
50023,644,0,CV008_006,448156
50024,636,0,CV008_006,448792
50025,648,0,CV008_006,449440
50026,652,0,CV008_006,450092
50027,676,0,CV008_006,450768
50028,672,0,CV008_006,451440
50029,680,0,CV008_006,452120
50030,1364,0,CV008_006,453484
50031,668,0,CV008_006,454152
50032,676,0,CV008_006,454828
50033,668,0,CV008_006,455496
50034,1328,0,CV008_006,456824
50035,664,0,CV008_006,457488
50036,652,0,CV008_006,458140
50037,536,0,CV008_006,458676
50038,780,0,CV008_006,459456
50039,652,0,CV008_006,460108
50040,664,0,CV008_006,460772
50041,660,0,CV008_006,461432
50042,668,0,CV008_006,462100
50043,728,1,CV008_006,462828
50044,636,0,CV008_006,463464
50045,700,0,CV008_006,464164
50046,684,0,CV008_006,464848
50047,696,0,CV008_006,465544
50048,692,0,CV008_006,466236
50049,692,0,CV008_006,466928
50050,1368,0,CV008_006,468296
50051,680,0,CV008_006,468976
50052,720,0,CV008_006,469696
50053,636,0,CV008_006,470332
50054,676,0,CV008_006,471008
50055,676,0,CV008_006,471684
50056,668,0,CV008_006,472352
50057,664,0,CV008_006,473016
50058,660,0,CV008_006,473676
50059,660,0,CV008_006,474336
50060,668,0,CV008_006,475004
50061,652,0,CV008_006,475656
50062,656,0,CV008_006,476312
50063,656,0,CV008_006,476968
50064,1308,0,CV008_006,478276
50065,644,0,CV008_006,478920
50066,664,0,CV008_006,479584
50067,644,0,CV008_006,480228
50068,652,0,CV008_006,480880
50069,652,0,CV008_006,481532
50070,644,0,CV008_006,482176
50071,656,0,CV008_006,482832
50072,652,0,CV008_006,483484
50073,664,0,CV008_006,484148
50074,660,0,CV008_006,484808
50075,656,0,CV008_006,485464
50076,660,0,CV008_006,486124
50077,656,0,CV008_006,486780
50078,660,0,CV008_006,487440
50079,664,0,CV008_006,488104
50080,652,0,CV008_006,488756
50081,664,0,CV008_006,489420
50082,656,0,CV008_006,490076
50083,704,0,CV008_006,490780
50084,608,0,CV008_006,491388
50085,700,0,CV008_006,492088
50086,604,0,CV008_006,492692
50087,668,0,CV008_006,493360
50088,672,0,CV008_006,494032
50089,664,0,CV008_006,494696
50090,664,0,CV008_006,495360
50091,660,0,CV008_006,496020
50092,660,0,CV008_006,496680
50093,664,0,CV008_006,497344
50094,668,0,CV008_006,498012
50095,664,0,CV008_006,498676
50096,652,0,CV008_006,499328
50097,656,0,CV008_006,499984
50098,704,1,CV008_006,500688
50099,600,0,CV008_006,501288
50100,656,0,CV008_006,501944
50101,652,0,CV008_006,502596
50102,652,0,CV008_006,503248
50103,660,0,CV008_006,503908
50104,652,0,CV008_006,504560
50105,708,0,CV008_006,505268
50106,608,0,CV008_006,505876
50107,656,0,CV008_006,506532
50108,1324,0,CV008_006,507856
50109,660,0,CV008_006,508516
50110,716,0,CV008_006,509232
50111,608,0,CV008_006,509840
50112,656,0,CV008_006,510496
50113,656,0,CV008_006,511152
50114,652,0,CV008_006,511804
50115,660,0,CV008_006,512464
50116,660,0,CV008_006,513124
50117,648,0,CV008_006,513772
50118,660,0,CV008_006,514432
50119,656,0,CV008_006,515088
50120,652,0,CV008_006,515740
50121,656,0,CV008_006,516396
50122,656,0,CV008_006,517052
50123,652,0,CV008_006,517704
50124,652,0,CV008_006,518356
50125,652,0,CV008_006,519008
50126,700,1,CV008_006,519708
50127,600,0,CV008_006,520308
50128,652,0,CV008_006,520960
50129,648,0,CV008_006,521608
50130,652,0,CV008_006,522260
50131,644,0,CV008_006,522904
50132,648,0,CV008_006,523552
50133,696,0,CV008_006,524248
50134,2532,0,CV008_006,526780
50135,652,0,CV008_006,527432
50136,692,0,CV008_006,528124
50137,604,0,CV008_006,528728
50138,644,0,CV008_006,529372
50139,244,0,CV008_006,529616
50140,408,0,CV008_006,530024
50141,696,0,CV008_006,530720
50142,604,0,CV008_006,531324
50143,288,0,CV008_006,531612
50144,368,0,CV008_006,531980
50145,1312,0,CV008_006,533292
50146,660,0,CV008_006,533952
50147,656,0,CV008_006,534608
50148,656,0,CV008_006,535264
50149,656,0,CV008_006,535920
50150,704,0,CV008_006,536624
50151,664,0,CV008_006,537288
50152,664,0,CV008_006,537952
50153,664,0,CV008_006,538616
50154,1984,0,CV008_006,540600
50155,648,0,CV008_006,541248
50156,600,0,CV008_006,541848
50157,700,0,CV008_006,542548
50158,640,0,CV008_006,543188
50159,592,0,CV008_006,543780
50160,692,0,CV008_006,544472
50161,596,0,CV008_006,545068
50162,520,0,CV008_006,545588
50163,776,0,CV008_006,546364
50164,648,0,CV008_006,547012
50165,704,0,CV008_006,547716
50166,600,0,CV008_006,548316
50167,644,0,CV008_006,548960
50168,656,0,CV008_006,549616
50169,648,0,CV008_006,550264
50170,652,0,CV008_006,550916
50171,648,0,CV008_006,551564
50172,636,0,CV008_006,552200
50173,648,0,CV008_006,552848
50174,644,0,CV008_006,553492
50175,640,0,CV008_006,554132
50176,640,0,CV008_006,554772
50177,644,0,CV008_006,555416
50178,640,0,CV008_006,556056
50179,640,0,CV008_006,556696
50180,640,0,CV008_006,557336
50181,640,0,CV008_006,557976
50182,640,0,CV008_006,558616
50183,644,0,CV008_006,559260
50184,640,0,CV008_006,559900
50185,648,0,CV008_006,560548
50186,640,0,CV008_006,561188
50187,648,0,CV008_006,561836
50188,644,0,CV008_006,562480
50189,660,0,CV008_006,563140
50190,652,0,CV008_006,563792
50191,648,0,CV008_006,564440
50192,700,1,CV008_006,565140
50193,600,0,CV008_006,565740
50194,652,0,CV008_006,566392
50195,644,0,CV008_006,567036
50196,700,1,CV008_006,567736
50197,592,0,CV008_006,568328
50198,636,0,CV008_006,568964
50199,636,0,CV008_006,569600
50200,632,0,CV008_006,570232
50201,628,0,CV008_006,570860
50202,636,0,CV008_006,571496
50203,628,0,CV008_006,572124
50204,620,0,CV008_006,572744
50205,632,0,CV008_006,573376
50206,624,0,CV008_006,574000
50207,636,0,CV008_006,574636
50208,628,0,CV008_006,575264
50209,624,0,CV008_006,575888
50210,632,0,CV008_006,576520
50211,684,0,CV008_006,577204
50212,580,0,CV008_006,577784
50213,620,0,CV008_006,578404
50214,1880,0,CV008_006,580284
50215,624,0,CV008_006,580908
50216,616,0,CV008_006,581524
50217,620,0,CV008_006,582144
50218,616,0,CV008_006,582760
50219,612,0,CV008_006,583372
50220,612,0,CV008_006,583984
50221,628,0,CV008_006,584612
50222,692,0,CV008_006,585304
50223,608,0,CV008_006,585912
50224,664,0,CV008_006,586576
50225,656,0,CV008_006,587232
50226,660,0,CV008_006,587892
50227,720,0,CV008_006,588612
50228,604,0,CV008_006,589216
50229,664,0,CV008_006,589880
50230,712,0,CV008_006,590592
50231,608,0,CV008_006,591200
50232,656,0,CV008_006,591856
50233,656,0,CV008_006,592512
50234,664,0,CV008_006,593176
50235,664,0,CV008_006,593840
50236,656,0,CV008_006,594496
50237,680,0,CV008_006,595176
50238,684,0,CV008_006,595860
50239,728,1,CV008_006,596588
50240,636,0,CV008_006,597224
50241,672,0,CV008_006,597896
50242,684,0,CV008_006,598580
50243,688,0,CV008_006,599268
50244,672,0,CV008_006,599940
50245,696,0,CV008_006,600636
50246,672,0,CV008_006,601308
50247,2052,0,CV008_006,603360
50248,688,0,CV008_006,604048
50249,676,0,CV008_006,604724
50250,700,0,CV008_006,605424
50251,704,0,CV008_006,606128
50252,688,0,CV008_006,606816
50253,752,1,CV008_006,607568
50254,656,0,CV008_006,608224
50255,688,0,CV008_006,608912
50256,688,0,CV008_006,609600
50257,688,0,CV008_006,610288
50258,684,0,CV008_006,610972
50259,684,0,CV008_006,611656
50260,684,0,CV008_006,612340
50261,692,0,CV008_006,613032
50262,732,1,CV008_006,613764
50263,628,0,CV008_006,614392
50264,676,0,CV008_006,615068
50265,676,0,CV008_006,615744
50266,692,0,CV008_006,616436
50267,676,0,CV008_006,617112
50268,688,0,CV008_006,617800
50269,736,1,CV008_006,618536
50270,644,0,CV008_006,619180
50271,688,0,CV008_006,619868
50272,692,0,CV008_006,620560
50273,752,1,CV008_006,621312
50274,632,0,CV008_006,621944
50275,708,0,CV008_006,622652
50276,688,0,CV008_006,623340
50277,684,0,CV008_006,624024
50278,736,1,CV008_006,624760
50279,620,0,CV008_006,625380
50280,684,0,CV008_006,626064
50281,680,0,CV008_006,626744
50282,676,0,CV008_006,627420
50283,676,0,CV008_006,628096
50284,564,0,CV008_006,628660
50285,844,0,CV008_006,629504
50286,624,0,CV008_006,630128
50287,664,0,CV008_006,630792
50288,676,0,CV008_006,631468
50289,668,0,CV008_006,632136
50290,676,0,CV008_006,632812
50291,680,0,CV008_006,633492
50292,664,0,CV008_006,634156
50293,688,0,CV008_006,634844
50294,680,0,CV008_006,635524
50295,684,0,CV008_006,636208
50296,676,0,CV008_006,636884
50297,676,0,CV008_006,637560
50298,680,0,CV008_006,638240
50299,668,0,CV008_006,638908
50300,676,0,CV008_006,639584
50301,672,0,CV008_006,640256
50302,720,0,CV008_006,640976
50303,428,0,CV008_006,641404
50304,852,0,CV008_006,642256
50305,716,0,CV008_006,642972
50306,616,0,CV008_006,643588
50307,656,0,CV008_006,644244
50308,676,0,CV008_006,644920
50309,1360,0,CV008_006,646280
50310,680,0,CV008_006,646960
50311,676,0,CV008_006,647636
50312,680,0,CV008_006,648316
50313,680,0,CV008_006,648996
50314,676,0,CV008_006,649672
50315,680,0,CV008_006,650352
50316,672,0,CV008_006,651024
50317,1356,0,CV008_006,652380
50318,672,0,CV008_006,653052
50319,736,0,CV008_006,653788
50320,680,0,CV008_006,654468
50321,624,0,CV008_006,655092
50322,680,0,CV008_006,655772
50323,672,0,CV008_006,656444
50324,672,0,CV008_006,657116
50325,664,0,CV008_006,657780
50326,668,0,CV008_006,658448
50327,660,0,CV008_006,659108
50328,660,0,CV008_006,659768
50329,668,0,CV008_006,660436
50330,672,0,CV008_006,661108
50331,672,0,CV008_006,661780
50332,676,0,CV008_006,662456
50333,1340,0,CV008_006,663796
50334,664,0,CV008_006,664460
50335,664,0,CV008_006,665124
50336,656,0,CV008_006,665780
50337,656,0,CV008_006,666436
50338,664,0,CV008_006,667100
50339,668,0,CV008_006,667768
50340,668,0,CV008_006,668436
50341,672,0,CV008_006,669108
50342,664,0,CV008_006,669772
50343,676,0,CV008_006,670448
50344,680,0,CV008_006,671128
50345,676,0,CV008_006,671804
50346,680,0,CV008_006,672484
50347,668,0,CV008_006,673152
50348,680,0,CV008_006,673832
50349,732,0,CV008_006,674564
50350,664,0,CV008_006,675228
50351,1296,0,CV008_006,676524
50352,664,0,CV008_006,677188
50353,724,0,CV008_006,677912
50354,612,0,CV008_006,678524
50355,668,0,CV008_006,679192
50356,664,0,CV008_006,679856
50357,664,0,CV008_006,680520
50358,668,0,CV008_006,681188
50359,1348,0,CV008_006,682536
50360,684,0,CV008_006,683220
50361,672,0,CV008_006,683892
50362,680,0,CV008_006,684572
50363,680,0,CV008_006,685252
50364,668,0,CV008_006,685920
50365,688,0,CV008_006,686608
50366,676,0,CV008_006,687284
50367,684,0,CV008_006,687968
50368,676,0,CV008_006,688644
50369,676,0,CV008_006,689320
50370,680,0,CV008_006,690000
50371,672,0,CV008_006,690672
50372,724,0,CV008_006,691396
50373,620,0,CV008_006,692016
50374,660,0,CV008_006,692676
50375,716,0,CV008_006,693392
50376,616,0,CV008_006,694008
50377,660,0,CV008_006,694668
50378,660,0,CV008_006,695328
50379,664,0,CV008_006,695992
50380,660,0,CV008_006,696652
50381,668,0,CV008_006,697320
50382,664,0,CV008_006,697984
50383,668,0,CV008_006,698652
50384,708,1,CV008_006,699360
50385,632,0,CV008_006,699992
50386,672,0,CV008_006,700664
50387,668,0,CV008_006,701332
50388,664,0,CV008_006,701996
50389,664,0,CV008_006,702660
50390,1324,0,CV008_006,703984
50391,664,0,CV008_006,704648
50392,704,0,CV008_006,705352
50393,612,0,CV008_006,705964
50394,1320,0,CV008_006,707284
50395,1320,0,CV008_006,708604
50396,672,0,CV008_006,709276
50397,664,0,CV008_006,709940
50398,664,0,CV008_006,710604
50399,664,0,CV008_006,711268
50400,652,0,CV008_006,711920
50401,660,0,CV008_006,712580
50402,656,0,CV008_006,713236
50403,656,0,CV008_006,713892
50404,656,0,CV008_006,714548
50405,656,0,CV008_006,715204
50406,660,0,CV008_006,715864
50407,660,0,CV008_006,716524
50408,704,1,CV008_006,717228
50409,612,0,CV008_006,717840
50410,656,0,CV008_006,718496
50411,652,0,CV008_006,719148
50412,704,0,CV008_006,719852
50413,600,0,CV008_006,720452
50414,652,0,CV008_006,721104
50415,700,0,CV008_006,721804
50416,596,0,CV008_006,722400
50417,640,0,CV008_006,723040
50418,644,0,CV008_006,723684
50419,644,0,CV008_006,724328
50420,636,0,CV008_006,724964
50421,640,0,CV008_006,725604
50422,648,0,CV008_006,726252
50423,640,0,CV008_006,726892
50424,652,0,CV008_006,727544
50425,656,0,CV008_006,728200
50426,644,0,CV008_006,728844
50427,656,0,CV008_006,729500
50428,660,0,CV008_006,730160
50429,664,0,CV008_006,730824
50430,664,0,CV008_006,731488
50431,736,1,CV008_006,732224
50432,640,0,CV008_006,732864
50433,680,0,CV008_006,733544
50434,688,0,CV008_006,734232
50435,684,0,CV008_006,734916
50436,672,0,CV008_006,735588
50437,732,1,CV008_006,736320
50438,632,0,CV008_006,736952
50439,668,0,CV008_006,737620
50440,680,0,CV008_006,738300
50441,680,0,CV008_006,738980
50442,668,0,CV008_006,739648
50443,676,0,CV008_006,740324
50444,668,0,CV008_006,740992
50445,664,0,CV008_006,741656
50446,668,0,CV008_006,742324
50447,656,0,CV008_006,742980
50448,660,0,CV008_006,743640
50449,668,0,CV008_006,744308
50450,668,0,CV008_006,744976
50451,676,0,CV008_006,745652
50452,672,0,CV008_006,746324
50453,676,0,CV008_006,747000
50454,684,0,CV008_006,747684
50455,684,0,CV008_006,748368
50456,676,0,CV008_006,749044
50457,672,0,CV008_006,749716
50458,664,0,CV008_006,750380
50459,664,0,CV008_006,751044
50460,652,0,CV008_006,751696
50461,664,0,CV008_006,752360
50462,652,0,CV008_006,753012
50463,648,0,CV008_006,753660
50464,640,0,CV008_006,754300
50465,640,0,CV008_006,754940
50466,636,0,CV008_006,755576
50467,684,1,CV008_006,756260
50468,584,0,CV008_006,756844
50469,632,0,CV008_006,757476
50470,636,0,CV008_006,758112
50471,624,0,CV008_006,758736
50472,652,0,CV008_006,759388
50473,640,0,CV008_006,760028
50474,640,0,CV008_006,760668
50475,636,0,CV008_006,761304
50476,632,0,CV008_006,761936
50477,640,0,CV008_006,762576
50478,640,0,CV008_006,763216
50479,632,0,CV008_006,763848
50480,640,0,CV008_006,764488
50481,548,0,CV008_006,765036
50482,1364,0,CV008_006,766400
50483,644,0,CV008_006,767044
50484,636,0,CV008_006,767680
50485,644,0,CV008_006,768324
50486,1332,0,CV008_006,769656
50487,596,0,CV008_006,770252
50488,640,0,CV008_006,770892
50489,648,0,CV008_006,771540
50490,696,0,CV008_006,772236
50491,644,0,CV008_006,772880
50492,656,0,CV008_006,773536
50493,604,0,CV008_006,774140
50494,696,0,CV008_006,774836
50495,604,0,CV008_006,775440
50496,648,0,CV008_006,776088
50497,648,0,CV008_006,776736
50498,644,0,CV008_006,777380
50499,636,0,CV008_006,778016
50500,720,0,CV008_006,778736
50501,624,0,CV008_006,779360
50502,600,0,CV008_006,779960
50503,656,0,CV008_006,780616
50504,664,0,CV008_006,781280
50505,656,0,CV008_006,781936
50506,668,0,CV008_006,782604
50507,664,0,CV008_006,783268
50508,652,0,CV008_006,783920
50509,660,0,CV008_006,784580
50510,660,0,CV008_006,785240
50511,656,0,CV008_006,785896
50512,664,0,CV008_006,786560
50513,668,0,CV008_006,787228
50514,660,0,CV008_006,787888
50515,676,0,CV008_006,788564
50516,672,0,CV008_006,789236
50517,668,0,CV008_006,789904
50518,664,0,CV008_006,790568
50519,652,0,CV008_006,791220
50520,648,0,CV008_006,791868
50521,648,0,CV008_006,792516
50522,692,0,CV008_006,793208
50523,652,0,CV008_006,793860
50524,644,0,CV008_006,794504
50525,604,0,CV008_006,795108
50526,652,0,CV008_006,795760
50527,656,0,CV008_006,796416
50528,680,0,CV008_006,797096
50529,1384,0,CV008_006,798480
50530,700,0,CV008_006,799180
50531,696,0,CV008_006,799876
50532,700,0,CV008_006,800576
50533,688,0,CV008_006,801264
50534,704,0,CV008_006,801968
50535,688,0,CV008_006,802656
50536,684,0,CV008_006,803340
50537,680,0,CV008_006,804020
50538,672,0,CV008_006,804692
50539,668,0,CV008_006,805360
50540,668,0,CV008_006,806028
50541,672,0,CV008_006,806700
50542,712,1,CV008_006,807412
50543,632,0,CV008_006,808044
50544,676,0,CV008_006,808720
50545,676,0,CV008_006,809396
50546,684,0,CV008_006,810080
50547,676,0,CV008_006,810756
50548,688,0,CV008_006,811444
50549,724,0,CV008_006,812168
50550,1368,0,CV008_006,813536
50551,696,0,CV008_006,814232
50552,640,0,CV008_006,814872
50553,692,0,CV008_006,815564
50554,692,0,CV008_006,816256
50555,684,0,CV008_006,816940
50556,704,0,CV008_006,817644
50557,684,0,CV008_006,818328
50558,716,0,CV008_006,819044
50559,692,0,CV008_006,819736
50560,700,0,CV008_006,820436
50561,692,0,CV008_006,821128
50562,748,1,CV008_006,821876
50563,640,0,CV008_006,822516
50564,688,0,CV008_006,823204
50565,692,0,CV008_006,823896
50566,736,1,CV008_006,824632
50567,648,0,CV008_006,825280
50568,684,0,CV008_006,825964
50569,700,0,CV008_006,826664
50570,540,0,CV008_006,827204
50571,840,0,CV008_006,828044
50572,684,0,CV008_006,828728
50573,688,0,CV008_006,829416
50574,728,0,CV008_006,830144
50575,1328,0,CV008_006,831472
50576,688,0,CV008_006,832160
50577,688,0,CV008_006,832848
50578,680,0,CV008_006,833528
50579,736,0,CV008_006,834264
50580,632,0,CV008_006,834896
50581,740,0,CV008_006,835636
50582,1312,0,CV008_006,836948
50583,680,0,CV008_006,837628
50584,672,0,CV008_006,838300
50585,676,0,CV008_006,838976
50586,664,0,CV008_006,839640
50587,672,0,CV008_006,840312
50588,664,0,CV008_006,840976
50589,688,0,CV008_006,841664
50590,668,0,CV008_006,842332
50591,680,0,CV008_006,843012
50592,672,0,CV008_006,843684
50593,680,0,CV008_006,844364
50594,672,0,CV008_006,845036
50595,684,0,CV008_006,845720
50596,724,1,CV008_006,846444
50597,628,0,CV008_006,847072
50598,672,0,CV008_006,847744
50599,680,0,CV008_006,848424
50600,676,0,CV008_006,849100
50601,684,0,CV008_006,849784
50602,676,0,CV008_006,850460
50603,676,0,CV008_006,851136
50604,1332,0,CV008_006,852468
50605,656,0,CV008_006,853124
50606,656,0,CV008_006,853780
50607,456,0,CV008_006,854236
50608,196,0,CV008_006,854432
50609,652,0,CV008_006,855084
50610,648,0,CV008_006,855732
50611,648,0,CV008_006,856380
50612,696,0,CV008_006,857076
50613,640,0,CV008_006,857716
50614,644,0,CV008_006,858360
50615,588,0,CV008_006,858948
50616,640,0,CV008_006,859588
50617,632,0,CV008_006,860220
50618,680,1,CV008_006,860900
50619,584,0,CV008_006,861484
50620,628,0,CV008_006,862112
50621,628,0,CV008_006,862740
50622,620,0,CV008_006,863360
50623,624,0,CV008_006,863984
50624,624,0,CV008_006,864608
50625,624,0,CV008_006,865232
50626,620,0,CV008_006,865852
50627,616,0,CV008_006,866468
50628,624,0,CV008_006,867092
50629,620,0,CV008_006,867712
50630,620,0,CV008_006,868332
50631,624,0,CV008_006,868956
50632,672,0,CV008_006,869628
50633,576,0,CV008_006,870204
50634,1252,0,CV008_006,871456
50635,620,0,CV008_006,872076
50636,624,0,CV008_006,872700
50637,624,0,CV008_006,873324
50638,632,0,CV008_006,873956
50639,628,0,CV008_006,874584
50640,628,0,CV008_006,875212
50641,680,1,CV008_006,875892
50642,568,0,CV008_006,876460
50643,628,0,CV008_006,877088
50644,624,0,CV008_006,877712
50645,616,0,CV008_006,878328
50646,624,0,CV008_006,878952
50647,616,0,CV008_006,879568
50648,624,0,CV008_006,880192
50649,608,0,CV008_006,880800
50650,624,0,CV008_006,881424
50651,616,0,CV008_006,882040
50652,616,0,CV008_006,882656
50653,620,0,CV008_006,883276
50654,620,0,CV008_006,883896
50655,628,0,CV008_006,884524
50656,624,0,CV008_006,885148
50657,628,0,CV008_006,885776
50658,628,0,CV008_006,886404
50659,624,0,CV008_006,887028
50660,624,0,CV008_006,887652
50661,620,0,CV008_006,888272
50662,624,0,CV008_006,888896
50663,620,0,CV008_006,889516
50664,616,0,CV008_006,890132
50665,616,0,CV008_006,890748
50666,612,0,CV008_006,891360
50667,664,1,CV008_006,892024
50668,564,0,CV008_006,892588
50669,600,0,CV008_006,893188
50670,608,0,CV008_006,893796
50671,596,0,CV008_006,894392
50672,604,0,CV008_006,894996
50673,1228,0,CV008_006,896224
50674,672,0,CV008_006,896896
50675,580,0,CV008_006,897476
50676,644,0,CV008_006,898120
50677,632,0,CV008_006,898752
50678,648,0,CV008_006,899400
50679,648,0,CV008_006,900048
50680,644,0,CV008_006,900692
50681,652,0,CV008_006,901344
50682,648,0,CV008_006,901992
50683,644,0,CV008_006,902636
50684,648,0,CV008_006,903284
50685,652,0,CV008_006,903936
50686,648,0,CV008_006,904584
50687,652,0,CV008_006,905236
50688,652,0,CV008_006,905888
50689,648,0,CV008_006,906536
50690,660,0,CV008_006,907196
50691,704,0,CV008_006,907900
50692,612,0,CV008_006,908512
50693,660,0,CV008_006,909172
50694,1324,0,CV008_006,910496
50695,660,0,CV008_006,911156
50696,656,0,CV008_006,911812
50697,676,0,CV008_006,912488
50698,656,0,CV008_006,913144
50699,664,0,CV008_006,913808
50700,664,0,CV008_006,914472
50701,660,0,CV008_006,915132
50702,676,0,CV008_006,915808
50703,664,0,CV008_006,916472
50704,716,0,CV008_006,917188
50705,620,0,CV008_006,917808
50706,704,0,CV008_006,918512
50707,1948,0,CV008_006,920460
50708,672,0,CV008_006,921132
50709,680,0,CV008_006,921812
50710,688,0,CV008_006,922500
50711,688,0,CV008_006,923188
50712,752,1,CV008_006,923940
50713,648,0,CV008_006,924588
50714,692,0,CV008_006,925280
50715,684,0,CV008_006,925964
50716,680,0,CV008_006,926644
50717,676,0,CV008_006,927320
50718,672,0,CV008_006,927992
50719,672,0,CV008_006,928664
50720,664,0,CV008_006,929328
50721,668,0,CV008_006,929996
50722,672,0,CV008_006,930668
50723,664,0,CV008_006,931332
50724,668,0,CV008_006,932000
50725,664,0,CV008_006,932664
50726,676,0,CV008_006,933340
50727,676,0,CV008_006,934016
50728,684,0,CV008_006,934700
50729,684,0,CV008_006,935384
50730,680,0,CV008_006,936064
50731,692,0,CV008_006,936756
50732,688,0,CV008_006,937444
50733,712,0,CV008_006,938156
50734,1408,0,CV008_006,939564
50735,692,0,CV008_006,940256
50736,692,0,CV008_006,940948
50737,692,0,CV008_006,941640
50738,692,0,CV008_006,942332
50739,692,0,CV008_006,943024
50740,680,0,CV008_006,943704
50741,684,0,CV008_006,944388
50742,668,0,CV008_006,945056
50743,684,0,CV008_006,945740
50744,672,0,CV008_006,946412
50745,680,0,CV008_006,947092
50746,672,0,CV008_006,947764
50747,680,0,CV008_006,948444
50748,684,0,CV008_006,949128
50749,684,0,CV008_006,949812
50750,684,0,CV008_006,950496
50751,684,0,CV008_006,951180
50752,740,1,CV008_006,951920
50753,632,0,CV008_006,952552
50754,684,0,CV008_006,953236
50755,680,0,CV008_006,953916
50756,692,0,CV008_006,954608
50757,688,0,CV008_006,955296
50758,688,0,CV008_006,955984
50759,692,0,CV008_006,956676
50760,688,0,CV008_006,957364
50761,684,0,CV008_006,958048
50762,680,0,CV008_006,958728
50763,680,0,CV008_006,959408
50764,668,0,CV008_006,960076
50765,680,0,CV008_006,960756
50766,668,0,CV008_006,961424
50767,668,0,CV008_006,962092
50768,660,0,CV008_006,962752
50769,664,0,CV008_006,963416
50770,664,0,CV008_006,964080
50771,660,0,CV008_006,964740
50772,664,0,CV008_006,965404
50773,664,0,CV008_006,966068
50774,664,0,CV008_006,966732
50775,664,0,CV008_006,967396
50776,656,0,CV008_006,968052
50777,664,0,CV008_006,968716
50778,664,0,CV008_006,969380
50779,656,0,CV008_006,970036
50780,668,0,CV008_006,970704
50781,660,0,CV008_006,971364
50782,664,0,CV008_006,972028
50783,672,0,CV008_006,972700
50784,664,0,CV008_006,973364
50785,664,0,CV008_006,974028
50786,664,0,CV008_006,974692
50787,664,0,CV008_006,975356
50788,668,0,CV008_006,976024
50789,656,0,CV008_006,976680
50790,672,0,CV008_006,977352
50791,664,0,CV008_006,978016
50792,680,0,CV008_006,978696
50793,676,0,CV008_006,979372
50794,676,0,CV008_006,980048
50795,684,0,CV008_006,980732
50796,668,0,CV008_006,981400
50797,672,0,CV008_006,982072
50798,668,0,CV008_006,982740
50799,660,0,CV008_006,983400
50800,656,0,CV008_006,984056
50801,656,0,CV008_006,984712
50802,644,0,CV008_006,985356
50803,652,0,CV008_006,986008
50804,640,0,CV008_006,986648
50805,704,1,CV008_006,987352
50806,612,0,CV008_006,987964
50807,684,0,CV008_006,988648
50808,696,0,CV008_006,989344
50809,692,0,CV008_006,990036
50810,704,0,CV008_006,990740
50811,700,0,CV008_006,991440
50812,700,0,CV008_006,992140
50813,692,0,CV008_006,992832
50814,676,0,CV008_006,993508
50815,676,0,CV008_006,994184
50816,664,0,CV008_006,994848
50817,676,0,CV008_006,995524
50818,668,0,CV008_006,996192
50819,664,0,CV008_006,996856
50820,680,0,CV008_006,997536
50821,668,0,CV008_006,998204
50822,1360,0,CV008_006,999564
50823,744,0,CV008_006,1000308
50824,648,0,CV008_006,1000956
50825,688,0,CV008_006,1001644
50826,704,0,CV008_006,1002348
50827,692,0,CV008_006,1003040
50828,760,1,CV008_006,1003800
50829,656,0,CV008_006,1004456
50830,692,0,CV008_006,1005148
50831,712,0,CV008_006,1005860
50832,692,0,CV008_006,1006552
50833,708,0,CV008_006,1007260
50834,688,0,CV008_006,1007948
50835,696,0,CV008_006,1008644
50836,684,0,CV008_006,1009328
50837,700,0,CV008_006,1010028
50838,688,0,CV008_006,1010716
50839,688,0,CV008_006,1011404
50840,692,0,CV008_006,1012096
50841,696,0,CV008_006,1012792
50842,532,0,CV008_006,1013324
50843,860,0,CV008_006,1014184
50844,684,0,CV008_006,1014868
50845,684,0,CV008_006,1015552
50846,716,0,CV008_006,1016268
50847,704,0,CV008_006,1016972
50848,704,0,CV008_006,1017676
50849,704,0,CV008_006,1018380
50850,708,0,CV008_006,1019088
50851,704,0,CV008_006,1019792
50852,708,0,CV008_006,1020500
50853,688,0,CV008_006,1021188
50854,1380,0,CV008_006,1022568
50855,672,0,CV008_006,1023240
50856,732,0,CV008_006,1023972
50857,628,0,CV008_006,1024600
50858,676,0,CV008_006,1025276
50859,684,0,CV008_006,1025960
50860,664,0,CV008_006,1026624
50861,676,0,CV008_006,1027300
50862,680,0,CV008_006,1027980
50863,668,0,CV008_006,1028648
50864,676,0,CV008_006,1029324
50865,680,0,CV008_006,1030004
50866,676,0,CV008_006,1030680
50867,696,0,CV008_006,1031376
50868,680,0,CV008_006,1032056
50869,680,0,CV008_006,1032736
50870,688,0,CV008_006,1033424
50871,688,0,CV008_006,1034112
50872,688,0,CV008_006,1034800
50873,688,0,CV008_006,1035488
50874,676,0,CV008_006,1036164
50875,692,0,CV008_006,1036856
50876,684,0,CV008_006,1037540
50877,680,0,CV008_006,1038220
50878,1364,0,CV008_006,1039584
50879,680,0,CV008_006,1040264
50880,688,0,CV008_006,1040952
50881,680,0,CV008_006,1041632
50882,696,0,CV008_006,1042328
50883,688,0,CV008_006,1043016
50884,696,0,CV008_006,1043712
50885,700,0,CV008_006,1044412
50886,696,0,CV008_006,1045108
50887,708,0,CV008_006,1045816
50888,708,0,CV008_006,1046524
50889,692,0,CV008_006,1047216
50890,756,1,CV008_006,1047972
50891,644,0,CV008_006,1048616
50892,688,0,CV008_006,1049304
50893,696,0,CV008_006,1050000
50894,684,0,CV008_006,1050684
50895,692,0,CV008_006,1051376
50896,500,0,CV008_006,1051876
50897,860,0,CV008_006,1052736
50898,672,0,CV008_006,1053408
50899,664,0,CV008_006,1054072
50900,544,0,CV008_006,1054616
50901,804,0,CV008_006,1055420
50902,664,0,CV008_006,1056084
50903,676,0,CV008_006,1056760
50904,672,0,CV008_006,1057432
50905,688,0,CV008_006,1058120
50906,684,0,CV008_006,1058804
50907,676,0,CV008_006,1059480
50908,696,0,CV008_006,1060176
50909,692,0,CV008_006,1060868
50910,696,0,CV008_006,1061564
50911,700,0,CV008_006,1062264
50912,692,0,CV008_006,1062956
50913,708,0,CV008_006,1063664
50914,704,0,CV008_006,1064368
50915,700,0,CV008_006,1065068
50916,704,0,CV008_006,1065772
50917,696,0,CV008_006,1066468
50918,704,0,CV008_006,1067172
50919,692,0,CV008_006,1067864
50920,692,0,CV008_006,1068556
50921,680,0,CV008_006,1069236
50922,1356,0,CV008_006,1070592
50923,676,0,CV008_006,1071268
50924,720,0,CV008_006,1071988
50925,612,0,CV008_006,1072600
50926,668,0,CV008_006,1073268
50927,712,0,CV008_006,1073980
50928,616,0,CV008_006,1074596
50929,668,0,CV008_006,1075264
50930,1336,0,CV008_006,1076600
50931,672,0,CV008_006,1077272
50932,728,0,CV008_006,1078000
50933,636,0,CV008_006,1078636
50934,672,0,CV008_006,1079308
50935,688,0,CV008_006,1079996
50936,688,0,CV008_006,1080684
50937,680,0,CV008_006,1081364
50938,688,0,CV008_006,1082052
50939,676,0,CV008_006,1082728
50940,684,0,CV008_006,1083412
50941,728,1,CV008_006,1084140
50942,616,0,CV008_006,1084756
50943,676,0,CV008_006,1085432
50944,680,0,CV008_006,1086112
50945,676,0,CV008_006,1086788
50946,692,0,CV008_006,1087480
50947,676,0,CV008_006,1088156
50948,684,0,CV008_006,1088840
50949,688,0,CV008_006,1089528
50950,672,0,CV008_006,1090200
50951,680,0,CV008_006,1090880
50952,672,0,CV008_006,1091552
50953,680,0,CV008_006,1092232
50954,680,0,CV008_006,1092912
50955,732,0,CV008_006,1093644
50956,632,0,CV008_006,1094276
50957,736,0,CV008_006,1095012
50958,624,0,CV008_006,1095636
50959,684,0,CV008_006,1096320
50960,688,0,CV008_006,1097008
50961,672,0,CV008_006,1097680
50962,732,1,CV008_006,1098412
50963,624,0,CV008_006,1099036
50964,676,0,CV008_006,1099712
50965,676,0,CV008_006,1100388
50966,1348,0,CV008_006,1101736
50967,684,0,CV008_006,1102420
50968,672,0,CV008_006,1103092
50969,684,0,CV008_006,1103776
50970,688,0,CV008_006,1104464
50971,676,0,CV008_006,1105140
50972,696,0,CV008_006,1105836
50973,688,0,CV008_006,1106524
50974,688,0,CV008_006,1107212
50975,696,0,CV008_006,1107908
50976,676,0,CV008_006,1108584
50977,680,0,CV008_006,1109264
50978,1344,0,CV008_006,1110608
50979,672,0,CV008_006,1111280
50980,724,0,CV008_006,1112004
50981,616,0,CV008_006,1112620
50982,676,0,CV008_006,1113296
50983,716,0,CV008_006,1114012
50984,616,0,CV008_006,1114628
50985,672,0,CV008_006,1115300
50986,716,0,CV008_006,1116016
50987,632,0,CV008_006,1116648
50988,700,0,CV008_006,1117348
50989,688,0,CV008_006,1118036
50990,716,0,CV008_006,1118752
50991,700,0,CV008_006,1119452
50992,700,0,CV008_006,1120152
50993,700,0,CV008_006,1120852
50994,688,0,CV008_006,1121540
50995,700,0,CV008_006,1122240
50996,684,0,CV008_006,1122924
50997,692,0,CV008_006,1123616
50998,684,0,CV008_006,1124300
50999,720,1,CV008_006,1125020
51000,628,0,CV008_006,1125648
51001,672,0,CV008_006,1126320
51002,688,0,CV008_006,1127008
51003,692,0,CV008_006,1127700
51004,684,0,CV008_006,1128384
51005,696,0,CV008_006,1129080
51006,688,0,CV008_006,1129768
51007,688,0,CV008_006,1130456
51008,676,0,CV008_006,1131132
51009,672,0,CV008_006,1131804
51010,1344,0,CV008_006,1133148
51011,676,0,CV008_006,1133824
51012,680,0,CV008_006,1134504
51013,668,0,CV008_006,1135172
51014,688,0,CV008_006,1135860
51015,680,0,CV008_006,1136540
51016,680,0,CV008_006,1137220
51017,684,0,CV008_006,1137904
51018,672,0,CV008_006,1138576
51019,680,0,CV008_006,1139256
51020,672,0,CV008_006,1139928
51021,668,0,CV008_006,1140596
51022,676,0,CV008_006,1141272
51023,664,0,CV008_006,1141936
51024,676,0,CV008_006,1142612
51025,664,0,CV008_006,1143276
51026,664,0,CV008_006,1143940
51027,672,0,CV008_006,1144612
51028,672,0,CV008_006,1145284
51029,1352,0,CV008_006,1146636
51030,676,0,CV008_006,1147312
51031,724,0,CV008_006,1148036
51032,616,0,CV008_006,1148652
51033,664,0,CV008_006,1149316
51034,708,0,CV008_006,1150024
51035,604,0,CV008_006,1150628
51036,660,0,CV008_006,1151288
51037,1316,0,CV008_006,1152604
51038,668,0,CV008_006,1153272
51039,660,0,CV008_006,1153932
51040,668,0,CV008_006,1154600
51041,664,0,CV008_006,1155264
51042,664,0,CV008_006,1155928
51043,668,0,CV008_006,1156596
51044,668,0,CV008_006,1157264
51045,1352,0,CV008_006,1158616
51046,684,0,CV008_006,1159300
51047,724,0,CV008_006,1160024
51048,628,0,CV008_006,1160652
51049,672,0,CV008_006,1161324
51050,724,0,CV008_006,1162048
51051,628,0,CV008_006,1162676
51052,668,0,CV008_006,1163344
51053,676,0,CV008_006,1164020
51054,660,0,CV008_006,1164680
51055,676,0,CV008_006,1165356
51056,676,0,CV008_006,1166032
51057,680,0,CV008_006,1166712
51058,696,0,CV008_006,1167408
51059,684,0,CV008_006,1168092
51060,704,0,CV008_006,1168796
51061,708,0,CV008_006,1169504
51062,692,0,CV008_006,1170196
51063,708,0,CV008_006,1170904
51064,692,0,CV008_006,1171596
51065,716,0,CV008_006,1172312
51066,708,0,CV008_006,1173020
51067,700,0,CV008_006,1173720
51068,704,0,CV008_006,1174424
51069,688,0,CV008_006,1175112
51070,692,0,CV008_006,1175804
51071,680,0,CV008_006,1176484
51072,692,0,CV008_006,1177176
51073,696,0,CV008_006,1177872
51074,680,0,CV008_006,1178552
51075,696,0,CV008_006,1179248
51076,692,0,CV008_006,1179940
51077,680,0,CV008_006,1180620
51078,692,0,CV008_006,1181312
51079,736,0,CV008_006,1182048
51080,692,0,CV008_006,1182740
51081,636,0,CV008_006,1183376
51082,680,0,CV008_006,1184056
51083,672,0,CV008_006,1184728
51084,712,0,CV008_006,1185440
51085,604,0,CV008_006,1186044
51086,656,0,CV008_006,1186700
51087,648,0,CV008_006,1187348
51088,700,0,CV008_006,1188048
51089,604,0,CV008_006,1188652
51090,660,0,CV008_006,1189312
51091,1316,0,CV008_006,1190628
51092,664,0,CV008_006,1191292
51093,652,0,CV008_006,1191944
51094,644,0,CV008_006,1192588
51095,640,0,CV008_006,1193228
51096,644,0,CV008_006,1193872
51097,644,0,CV008_006,1194516
51098,652,0,CV008_006,1195168
51099,652,0,CV008_006,1195820
51100,648,0,CV008_006,1196468
51101,656,0,CV008_006,1197124
51102,664,0,CV008_006,1197788
51103,676,0,CV008_006,1198464
51104,688,0,CV008_006,1199152
51105,680,0,CV008_006,1199832
51106,708,0,CV008_006,1200540
51107,692,0,CV008_006,1201232
51108,704,0,CV008_006,1201936
51109,708,0,CV008_006,1202644
51110,704,0,CV008_006,1203348
51111,708,0,CV008_006,1204056
51112,704,0,CV008_006,1204760
51113,700,0,CV008_006,1205460
51114,716,0,CV008_006,1206176
51115,704,0,CV008_006,1206880
51116,708,0,CV008_006,1207588
51117,696,0,CV008_006,1208284
51118,684,0,CV008_006,1208968
51119,708,0,CV008_006,1209676
51120,688,0,CV008_006,1210364
51121,692,0,CV008_006,1211056
51122,708,0,CV008_006,1211764
51123,692,0,CV008_006,1212456
51124,720,0,CV008_006,1213176
51125,712,0,CV008_006,1213888
51126,724,0,CV008_006,1214612
51127,736,0,CV008_006,1215348
51128,712,0,CV008_006,1216060
51129,720,0,CV008_006,1216780
51130,708,0,CV008_006,1217488
51131,700,0,CV008_006,1218188
51132,696,0,CV008_006,1218884
51133,680,0,CV008_006,1219564
51134,680,0,CV008_006,1220244
51135,672,0,CV008_006,1220916
51136,720,0,CV008_006,1221636
51137,624,0,CV008_006,1222260
51138,668,0,CV008_006,1222928
51139,712,0,CV008_006,1223640
51140,712,0,CV008_006,1224352
51141,772,0,CV008_006,1225124
51142,756,0,CV008_006,1225880
51143,788,0,CV008_006,1226668
51144,768,0,CV008_006,1227436
51145,760,0,CV008_006,1228196
51146,764,0,CV008_006,1228960
51147,740,0,CV008_006,1229700
51148,756,0,CV008_006,1230456
51149,732,0,CV008_006,1231188
51150,720,0,CV008_006,1231908
51151,724,0,CV008_006,1232632
51152,764,0,CV008_006,1233396
51153,692,0,CV008_006,1234088
51154,768,0,CV008_006,1234856
51155,692,0,CV008_006,1235548
51156,716,0,CV008_006,1236264
51157,1444,0,CV008_006,1237708
51158,724,0,CV008_006,1238432
51159,704,0,CV008_006,1239136
51160,700,0,CV008_006,1239836
51161,720,0,CV008_006,1240556
51162,708,0,CV008_006,1241264
51163,1476,0,CV008_006,1242740
51164,784,0,CV008_006,1243524
51165,808,0,CV008_006,1244332
51166,728,0,CV008_006,1245060
51167,756,0,CV008_006,1245816
51168,772,0,CV008_006,1246588
51169,752,0,CV008_006,1247340
51170,764,0,CV008_006,1248104
51171,740,0,CV008_006,1248844
51172,760,0,CV008_006,1249604
51173,732,0,CV008_006,1250336
51174,744,0,CV008_006,1251080
51175,724,0,CV008_006,1251804
51176,748,0,CV008_006,1252552
51177,728,0,CV008_006,1253280
51178,796,0,CV008_006,1254076
51179,684,0,CV008_006,1254760
51180,740,0,CV008_006,1255500
51181,808,0,CV008_006,1256308
51182,1476,0,CV008_006,1257784
51183,760,0,CV008_006,1258544
51184,764,0,CV008_006,1259308
51185,772,0,CV008_006,1260080
51186,740,0,CV008_006,1260820
51187,768,0,CV008_006,1261588
51188,744,0,CV008_006,1262332
51189,760,0,CV008_006,1263092
51190,752,0,CV008_006,1263844
51191,740,0,CV008_006,1264584
51192,764,0,CV008_006,1265348
51193,744,0,CV008_006,1266092
51194,776,0,CV008_006,1266868
51195,760,0,CV008_006,1267628
51196,752,0,CV008_006,1268380
51197,768,0,CV008_006,1269148
51198,740,0,CV008_006,1269888
51199,764,0,CV008_006,1270652
51200,736,0,CV008_006,1271388
51201,1488,0,CV008_006,1272876
51202,716,0,CV008_006,1273592
51203,728,0,CV008_006,1274320
51204,768,0,CV008_006,1275088
51205,680,0,CV008_006,1275768
51206,752,0,CV008_006,1276520
51207,736,0,CV008_006,1277256
51208,1512,0,CV008_006,1278768
51209,756,0,CV008_006,1279524
51210,744,0,CV008_006,1280268
51211,732,0,CV008_006,1281000
51212,736,0,CV008_006,1281736
51213,716,0,CV008_006,1282452
51214,728,0,CV008_006,1283180
51215,716,0,CV008_006,1283896
51216,724,0,CV008_006,1284620
51217,724,0,CV008_006,1285344
51218,764,1,CV008_006,1286108
51219,668,0,CV008_006,1286776
51220,708,0,CV008_006,1287484
51221,736,0,CV008_006,1288220
51222,724,0,CV008_006,1288944
51223,716,0,CV008_006,1289660
51224,720,0,CV008_006,1290380
51225,712,0,CV008_006,1291092
51226,732,0,CV008_006,1291824
51227,712,0,CV008_006,1292536
51228,728,0,CV008_006,1293264
51229,728,0,CV008_006,1293992
51230,736,0,CV008_006,1294728
51231,720,0,CV008_006,1295448
51232,708,0,CV008_006,1296156
51233,716,0,CV008_006,1296872
51234,704,0,CV008_006,1297576
51235,704,0,CV008_006,1298280
51236,704,0,CV008_006,1298984
51237,696,0,CV008_006,1299680
51238,688,0,CV008_006,1300368
51239,740,1,CV008_006,1301108
51240,624,0,CV008_006,1301732
51241,680,0,CV008_006,1302412
51242,676,0,CV008_006,1303088
51243,664,0,CV008_006,1303752
51244,668,0,CV008_006,1304420
51245,664,0,CV008_006,1305084
51246,656,0,CV008_006,1305740
51247,656,0,CV008_006,1306396
51248,1308,0,CV008_006,1307704
51249,656,0,CV008_006,1308360
51250,648,0,CV008_006,1309008
51251,696,1,CV008_006,1309704
51252,604,0,CV008_006,1310308
51253,648,0,CV008_006,1310956
51254,656,0,CV008_006,1311612
51255,660,0,CV008_006,1312272
51256,660,0,CV008_006,1312932
51257,672,0,CV008_006,1313604
51258,660,0,CV008_006,1314264
51259,668,0,CV008_006,1314932
51260,660,0,CV008_006,1315592
51261,668,0,CV008_006,1316260
51262,660,0,CV008_006,1316920
51263,664,0,CV008_006,1317584
51264,660,0,CV008_006,1318244
51265,652,0,CV008_006,1318896
51266,660,0,CV008_006,1319556
51267,652,0,CV008_006,1320208
51268,644,0,CV008_006,1320852
51269,644,0,CV008_006,1321496
51270,688,0,CV008_006,1322184
51271,584,0,CV008_006,1322768
51272,640,0,CV008_006,1323408
51273,1304,0,CV008_006,1324712
51274,684,0,CV008_006,1325396
51275,692,0,CV008_006,1326088
51276,736,0,CV008_006,1326824
51277,712,0,CV008_006,1327536
51278,736,0,CV008_006,1328272
51279,720,0,CV008_006,1328992
51280,724,0,CV008_006,1329716
51281,704,0,CV008_006,1330420
51282,708,0,CV008_006,1331128
51283,696,0,CV008_006,1331824
51284,692,0,CV008_006,1332516
51285,692,0,CV008_006,1333208
51286,680,0,CV008_006,1333888
51287,688,0,CV008_006,1334576
51288,672,0,CV008_006,1335248
51289,680,0,CV008_006,1335928
51290,728,1,CV008_006,1336656
51291,628,0,CV008_006,1337284
51292,688,0,CV008_006,1337972
51293,684,0,CV008_006,1338656
51294,692,0,CV008_006,1339348
51295,688,0,CV008_006,1340036
51296,700,0,CV008_006,1340736
51297,700,0,CV008_006,1341436
51298,696,0,CV008_006,1342132
51299,712,0,CV008_006,1342844
51300,704,0,CV008_006,1343548
51301,716,0,CV008_006,1344264
51302,708,0,CV008_006,1344972
51303,708,0,CV008_006,1345680
51304,712,0,CV008_006,1346392
51305,752,1,CV008_006,1347144
51306,668,0,CV008_006,1347812
51307,712,0,CV008_006,1348524
51308,724,0,CV008_006,1349248
51309,700,0,CV008_006,1349948
51310,724,0,CV008_006,1350672
51311,708,0,CV008_006,1351380
51312,728,0,CV008_006,1352108
51313,724,0,CV008_006,1352832
51314,204,0,CV008_006,1353036
51315,520,0,CV008_006,1353556
51316,476,0,CV008_006,1354032
51317,252,0,CV008_006,1354284
51318,716,0,CV008_006,1355000
51319,720,0,CV008_006,1355720
51320,720,0,CV008_006,1356440
51321,716,0,CV008_006,1357156
51322,712,0,CV008_006,1357868
51323,732,0,CV008_006,1358600
51324,712,0,CV008_006,1359312
51325,1456,0,CV008_006,1360768
51326,728,0,CV008_006,1361496
51327,716,0,CV008_006,1362212
51328,732,0,CV008_006,1362944
51329,720,0,CV008_006,1363664
51330,724,0,CV008_006,1364388
51331,724,0,CV008_006,1365112
51332,712,0,CV008_006,1365824
51333,724,0,CV008_006,1366548
51334,712,0,CV008_006,1367260
51335,744,0,CV008_006,1368004
51336,716,0,CV008_006,1368720
51337,740,0,CV008_006,1369460
51338,724,0,CV008_006,1370184
51339,728,0,CV008_006,1370912
51340,716,0,CV008_006,1371628
51341,712,0,CV008_006,1372340
51342,712,0,CV008_006,1373052
51343,708,0,CV008_006,1373760
51344,712,0,CV008_006,1374472
51345,696,0,CV008_006,1375168
51346,720,0,CV008_006,1375888
51347,700,0,CV008_006,1376588
51348,712,0,CV008_006,1377300
51349,712,0,CV008_006,1378012
51350,708,0,CV008_006,1378720
51351,716,0,CV008_006,1379436
51352,704,0,CV008_006,1380140
51353,724,0,CV008_006,1380864
51354,708,0,CV008_006,1381572
51355,724,0,CV008_006,1382296
51356,760,1,CV008_006,1383056
51357,664,0,CV008_006,1383720
51358,708,0,CV008_006,1384428
51359,700,0,CV008_006,1385128
51360,708,0,CV008_006,1385836
51361,744,1,CV008_006,1386580
51362,668,0,CV008_006,1387248
51363,704,0,CV008_006,1387952
51364,712,0,CV008_006,1388664
51365,716,0,CV008_006,1389380
51366,1416,0,CV008_006,1390796
51367,744,0,CV008_006,1391540
51368,676,0,CV008_006,1392216
51369,720,0,CV008_006,1392936
51370,708,0,CV008_006,1393644
51371,700,0,CV008_006,1394344
51372,684,0,CV008_006,1395028
51373,692,0,CV008_006,1395720
51374,680,0,CV008_006,1396400
51375,1380,0,CV008_006,1397780
51376,684,0,CV008_006,1398464
51377,688,0,CV008_006,1399152
51378,680,0,CV008_006,1399832
51379,680,0,CV008_006,1400512
51380,672,0,CV008_006,1401184
51381,664,0,CV008_006,1401848
51382,672,0,CV008_006,1402520
51383,664,0,CV008_006,1403184
51384,664,0,CV008_006,1403848
51385,656,0,CV008_006,1404504
51386,652,0,CV008_006,1405156
51387,652,0,CV008_006,1405808
51388,640,0,CV008_006,1406448
51389,1292,0,CV008_006,1407740
51390,644,0,CV008_006,1408384
51391,588,0,CV008_007,588
51392,1160,0,CV008_007,1748
51393,584,0,CV008_007,2332
51394,580,0,CV008_007,2912
51395,572,0,CV008_007,3484
51396,576,0,CV008_007,4060
51397,568,0,CV008_007,4628
51398,572,0,CV008_007,5200
51399,572,0,CV008_007,5772
51400,572,0,CV008_007,6344
51401,564,0,CV008_007,6908
51402,576,0,CV008_007,7484
51403,580,0,CV008_007,8064
51404,576,0,CV008_007,8640
51405,572,0,CV008_007,9212
51406,580,0,CV008_007,9792
51407,576,0,CV008_007,10368
51408,576,0,CV008_007,10944
51409,584,0,CV008_007,11528
51410,584,0,CV008_007,12112
51411,580,0,CV008_007,12692
51412,596,0,CV008_007,13288
51413,596,0,CV008_007,13884
51414,588,0,CV008_007,14472
51415,596,0,CV008_007,15068
51416,1192,0,CV008_007,16260
51417,432,0,CV008_007,16692
51418,168,0,CV008_007,16860
51419,596,0,CV008_007,17456
51420,592,0,CV008_007,18048
51421,604,0,CV008_007,18652
51422,608,0,CV008_007,19260
51423,592,0,CV008_007,19852
51424,584,0,CV008_007,20436
51425,588,0,CV008_007,21024
51426,584,0,CV008_007,21608
51427,576,0,CV008_007,22184
51428,624,1,CV008_007,22808
51429,528,0,CV008_007,23336
51430,588,0,CV008_007,23924
51431,580,0,CV008_007,24504
51432,596,0,CV008_007,25100
51433,592,0,CV008_007,25692
51434,584,0,CV008_007,26276
51435,596,0,CV008_007,26872
51436,600,0,CV008_007,27472
51437,592,0,CV008_007,28064
51438,608,0,CV008_007,28672
51439,608,0,CV008_007,29280
51440,596,0,CV008_007,29876
51441,604,0,CV008_007,30480
51442,616,0,CV008_007,31096
51443,600,0,CV008_007,31696
51444,616,0,CV008_007,32312
51445,612,0,CV008_007,32924
51446,608,0,CV008_007,33532
51447,616,0,CV008_007,34148
51448,668,1,CV008_007,34816
51449,560,0,CV008_007,35376
51450,632,0,CV008_007,36008
51451,624,0,CV008_007,36632
51452,620,0,CV008_007,37252
51453,620,0,CV008_007,37872
51454,612,0,CV008_007,38484
51455,612,0,CV008_007,39096
51456,612,0,CV008_007,39708
51457,608,0,CV008_007,40316
51458,604,0,CV008_007,40920
51459,608,0,CV008_007,41528
51460,604,0,CV008_007,42132
51461,1188,0,CV008_007,43320
51462,592,0,CV008_007,43912
51463,588,0,CV008_007,44500
51464,596,0,CV008_007,45096
51465,632,1,CV008_007,45728
51466,548,0,CV008_007,46276
51467,584,0,CV008_007,46860
51468,592,0,CV008_007,47452
51469,600,0,CV008_007,48052
51470,592,0,CV008_007,48644
51471,604,0,CV008_007,49248
51472,460,0,CV008_007,49708
51473,152,0,CV008_007,49860
51474,608,0,CV008_007,50468
51475,600,0,CV008_007,51068
51476,612,0,CV008_007,51680
51477,604,0,CV008_007,52284
51478,600,0,CV008_007,52884
51479,600,0,CV008_007,53484
51480,600,0,CV008_007,54084
51481,636,1,CV008_007,54720
51482,544,0,CV008_007,55264
51483,592,0,CV008_007,55856
51484,588,0,CV008_007,56444
51485,588,0,CV008_007,57032
51486,592,0,CV008_007,57624
51487,592,0,CV008_007,58216
51488,584,0,CV008_007,58800
51489,584,0,CV008_007,59384
51490,588,0,CV008_007,59972
51491,584,0,CV008_007,60556
51492,1168,0,CV008_007,61724
51493,588,0,CV008_007,62312
51494,584,0,CV008_007,62896
51495,584,0,CV008_007,63480
51496,588,0,CV008_007,64068
51497,584,0,CV008_007,64652
51498,580,0,CV008_007,65232
51499,592,0,CV008_007,65824
51500,588,0,CV008_007,66412
51501,588,0,CV008_007,67000
51502,596,0,CV008_007,67596
51503,600,0,CV008_007,68196
51504,600,0,CV008_007,68796
51505,596,0,CV008_007,69392
51506,600,0,CV008_007,69992
51507,600,0,CV008_007,70592
51508,596,0,CV008_007,71188
51509,644,1,CV008_007,71832
51510,544,0,CV008_007,72376
51511,588,0,CV008_007,72964
51512,592,0,CV008_007,73556
51513,588,0,CV008_007,74144
51514,584,0,CV008_007,74728
51515,592,0,CV008_007,75320
51516,400,0,CV008_007,75720
51517,200,0,CV008_007,75920
51518,596,0,CV008_007,76516
51519,592,0,CV008_007,77108
51520,604,0,CV008_007,77712
51521,592,0,CV008_007,78304
51522,592,0,CV008_007,78896
51523,600,0,CV008_007,79496
51524,596,0,CV008_007,80092
51525,592,0,CV008_007,80684
51526,608,0,CV008_007,81292
51527,592,0,CV008_007,81884
51528,596,0,CV008_007,82480
51529,592,0,CV008_007,83072
51530,592,0,CV008_007,83664
51531,588,0,CV008_007,84252
51532,592,0,CV008_007,84844
51533,600,0,CV008_007,85444
51534,592,0,CV008_007,86036
51535,596,0,CV008_007,86632
51536,596,0,CV008_007,87228
51537,592,0,CV008_007,87820
51538,588,0,CV008_007,88408
51539,592,0,CV008_007,89000
51540,588,0,CV008_007,89588
51541,588,0,CV008_007,90176
51542,644,1,CV008_007,90820
51543,536,0,CV008_007,91356
51544,588,0,CV008_007,91944
51545,596,0,CV008_007,92540
51546,592,0,CV008_007,93132
51547,592,0,CV008_007,93724
51548,588,0,CV008_007,94312
51549,520,0,CV008_007,94832
51550,660,0,CV008_007,95492
51551,636,0,CV008_007,96128
51552,540,0,CV008_007,96668
51553,580,0,CV008_007,97248
51554,600,0,CV008_007,97848
51555,1188,0,CV008_007,99036
51556,596,0,CV008_007,99632
51557,596,0,CV008_007,100228
51558,596,0,CV008_007,100824
51559,588,0,CV008_007,101412
51560,600,0,CV008_007,102012
51561,596,0,CV008_007,102608
51562,644,0,CV008_007,103252
51563,596,0,CV008_007,103848
51564,544,0,CV008_007,104392
51565,584,0,CV008_007,104976
51566,592,0,CV008_007,105568
51567,588,0,CV008_007,106156
51568,1172,0,CV008_007,107328
51569,584,0,CV008_007,107912
51570,584,0,CV008_007,108496
51571,580,0,CV008_007,109076
51572,540,0,CV008_007,109616
51573,612,0,CV008_007,110228
51574,624,0,CV008_007,110852
51575,520,0,CV008_007,111372
51576,568,0,CV008_007,111940
51577,580,0,CV008_007,112520
51578,592,0,CV008_007,113112
51579,592,0,CV008_007,113704
51580,608,0,CV008_007,114312
51581,608,0,CV008_007,114920
51582,616,0,CV008_007,115536
51583,612,0,CV008_007,116148
51584,1220,0,CV008_007,117368
51585,600,0,CV008_007,117968
51586,776,0,CV008_007,118744
51587,444,0,CV008_007,119188
51588,648,0,CV008_007,119836
51589,548,0,CV008_007,120384
51590,596,0,CV008_007,120980
51591,588,0,CV008_007,121568
51592,592,0,CV008_007,122160
51593,1200,0,CV008_007,123360
51594,600,0,CV008_007,123960
51595,524,0,CV008_007,124484
51596,700,0,CV008_007,125184
51597,656,0,CV008_007,125840
51598,552,0,CV008_007,126392
51599,604,0,CV008_007,126996
51600,604,0,CV008_007,127600
51601,604,0,CV008_007,128204
51602,620,0,CV008_007,128824
51603,612,0,CV008_007,129436
51604,1240,0,CV008_007,130676
51605,608,0,CV008_007,131284
51606,620,0,CV008_007,131904
51607,668,1,CV008_007,132572
51608,560,0,CV008_007,133132
51609,616,0,CV008_007,133748
51610,616,0,CV008_007,134364
51611,608,0,CV008_007,134972
51612,608,0,CV008_007,135580
51613,664,0,CV008_007,136244
51614,604,0,CV008_007,136848
51615,552,0,CV008_007,137400
51616,656,0,CV008_007,138056
51617,560,0,CV008_007,138616
51618,600,0,CV008_007,139216
51619,656,0,CV008_007,139872
51620,556,0,CV008_007,140428
51621,600,0,CV008_007,141028
51622,608,0,CV008_007,141636
51623,604,0,CV008_007,142240
51624,600,0,CV008_007,142840
51625,600,0,CV008_007,143440
51626,592,0,CV008_007,144032
51627,596,0,CV008_007,144628
51628,592,0,CV008_007,145220
51629,652,1,CV008_007,145872
51630,564,0,CV008_007,146436
51631,608,0,CV008_007,147044
51632,612,0,CV008_007,147656
51633,608,0,CV008_007,148264
51634,608,0,CV008_007,148872
51635,664,1,CV008_007,149536
51636,556,0,CV008_007,150092
51637,600,0,CV008_007,150692
51638,604,0,CV008_007,151296
51639,600,0,CV008_007,151896
51640,592,0,CV008_007,152488
51641,592,0,CV008_007,153080
51642,604,0,CV008_007,153684
51643,592,0,CV008_007,154276
51644,592,0,CV008_007,154868
51645,644,0,CV008_007,155512
51646,536,0,CV008_007,156048
51647,588,0,CV008_007,156636
51648,636,0,CV008_007,157272
51649,588,0,CV008_007,157860
51650,532,0,CV008_007,158392
51651,628,0,CV008_007,159020
51652,536,0,CV008_007,159556
51653,584,0,CV008_007,160140
51654,580,0,CV008_007,160720
51655,580,0,CV008_007,161300
51656,580,0,CV008_007,161880
51657,624,1,CV008_007,162504
51658,524,0,CV008_007,163028
51659,588,0,CV008_007,163616
51660,584,0,CV008_007,164200
51661,1176,0,CV008_007,165376
51662,636,0,CV008_007,166012
51663,540,0,CV008_007,166552
51664,584,0,CV008_007,167136
51665,640,0,CV008_007,167776
51666,536,0,CV008_007,168312
51667,460,0,CV008_007,168772
51668,120,0,CV008_007,168892
51669,584,0,CV008_007,169476
51670,584,0,CV008_007,170060
51671,568,0,CV008_007,170628
51672,576,0,CV008_007,171204
51673,576,0,CV008_007,171780
51674,572,0,CV008_007,172352
51675,564,0,CV008_007,172916
51676,576,0,CV008_007,173492
51677,580,0,CV008_007,174072
51678,620,0,CV008_007,174692
51679,588,0,CV008_007,175280
51680,584,0,CV008_007,175864
51681,528,0,CV008_007,176392
51682,584,0,CV008_007,176976
51683,584,0,CV008_007,177560
51684,584,0,CV008_007,178144
51685,580,0,CV008_007,178724
51686,588,0,CV008_007,179312
51687,596,0,CV008_007,179908
51688,588,0,CV008_007,180496
51689,592,0,CV008_007,181088
51690,500,0,CV008_007,181588
51691,668,0,CV008_007,182256
51692,628,0,CV008_007,182884
51693,536,0,CV008_007,183420
51694,580,0,CV008_007,184000
51695,576,0,CV008_007,184576
51696,588,0,CV008_007,185164
51697,584,0,CV008_007,185748
51698,576,0,CV008_007,186324
51699,576,0,CV008_007,186900
51700,576,0,CV008_007,187476
51701,500,0,CV008_007,187976
51702,640,0,CV008_007,188616
51703,576,0,CV008_007,189192
51704,572,0,CV008_007,189764
51705,564,0,CV008_007,190328
51706,624,1,CV008_007,190952
51707,520,0,CV008_007,191472
51708,572,0,CV008_007,192044
51709,568,0,CV008_007,192612
51710,580,0,CV008_007,193192
51711,584,0,CV008_007,193776
51712,576,0,CV008_007,194352
51713,568,0,CV008_007,194920
51714,576,0,CV008_007,195496
51715,572,0,CV008_007,196068
51716,508,0,CV008_007,196576
51717,624,0,CV008_007,197200
51718,572,0,CV008_007,197772
51719,560,0,CV008_007,198332
51720,568,0,CV008_007,198900
51721,564,0,CV008_007,199464
51722,572,0,CV008_007,200036
51723,596,0,CV008_007,200632
51724,608,0,CV008_007,201240
51725,184,0,CV008_007,201424
51726,420,0,CV008_007,201844
51727,616,0,CV008_007,202460
51728,616,0,CV008_007,203076
51729,612,0,CV008_007,203688
51730,604,0,CV008_007,204292
51731,608,0,CV008_007,204900
51732,604,0,CV008_007,205504
51733,592,0,CV008_007,206096
51734,596,0,CV008_007,206692
51735,536,0,CV008_007,207228
51736,692,0,CV008_007,207920
51737,448,0,CV008_007,208368
51738,676,0,CV008_007,209044
51739,584,0,CV008_007,209628
51740,580,0,CV008_007,210208
51741,588,0,CV008_007,210796
51742,636,1,CV008_007,211432
51743,536,0,CV008_007,211968
51744,604,0,CV008_007,212572
51745,600,0,CV008_007,213172
51746,596,0,CV008_007,213768
51747,596,0,CV008_007,214364
51748,1192,0,CV008_007,215556
51749,596,0,CV008_007,216152
51750,644,0,CV008_007,216796
51751,544,0,CV008_007,217340
51752,588,0,CV008_007,217928
51753,600,0,CV008_007,218528
51754,272,0,CV008_007,218800
51755,332,0,CV008_007,219132
51756,600,0,CV008_007,219732
51757,1220,0,CV008_007,220952
51758,604,0,CV008_007,221556
51759,600,0,CV008_007,222156
51760,600,0,CV008_007,222756
51761,604,0,CV008_007,223360
51762,600,0,CV008_007,223960
51763,1824,0,CV008_007,225784
51764,1012,0,CV008_007,226796
51765,208,0,CV008_007,227004
51766,792,0,CV008_007,227796
51767,424,0,CV008_007,228220
51768,1240,0,CV008_007,229460
51769,336,0,CV008_007,229796
51770,204,0,CV008_007,230000
51771,588,0,CV008_007,230588
51772,208,0,CV008_007,230796
51773,372,0,CV008_007,231168
51774,576,0,CV008_007,231744
51775,624,0,CV008_007,232368
51776,432,0,CV008_007,232800
51777,88,0,CV008_007,232888
51778,564,0,CV008_007,233452
51779,564,0,CV008_007,234016
51780,568,0,CV008_007,234584
51781,560,0,CV008_007,235144
51782,564,0,CV008_007,235708
51783,564,0,CV008_007,236272
51784,1128,0,CV008_007,237400
51785,556,0,CV008_007,237956
51786,572,0,CV008_007,238528
51787,564,0,CV008_007,239092
51788,616,0,CV008_007,239708
51789,508,0,CV008_007,240216
51790,1136,0,CV008_007,241352
51791,568,0,CV008_007,241920
51792,564,0,CV008_007,242484
51793,568,0,CV008_007,243052
51794,576,0,CV008_007,243628
51795,568,0,CV008_007,244196
51796,568,0,CV008_007,244764
51797,568,0,CV008_007,245332
51798,568,0,CV008_007,245900
51799,564,0,CV008_007,246464
51800,564,0,CV008_007,247028
51801,560,0,CV008_007,247588
51802,564,0,CV008_007,248152
51803,560,0,CV008_007,248712
51804,556,0,CV008_007,249268
51805,1124,0,CV008_007,250392
51806,564,0,CV008_007,250956
51807,564,0,CV008_007,251520
51808,568,0,CV008_007,252088
51809,568,0,CV008_007,252656
51810,564,0,CV008_007,253220
51811,564,0,CV008_007,253784
51812,568,0,CV008_007,254352
51813,568,0,CV008_007,254920
51814,568,0,CV008_007,255488
51815,568,0,CV008_007,256056
51816,572,0,CV008_007,256628
51817,576,0,CV008_007,257204
51818,576,0,CV008_007,257780
51819,576,0,CV008_007,258356
51820,580,0,CV008_007,258936
51821,576,0,CV008_007,259512
51822,1208,0,CV008_007,260720
51823,504,0,CV008_007,261224
51824,592,0,CV008_007,261816
51825,576,0,CV008_007,262392
51826,572,0,CV008_007,262964
51827,572,0,CV008_007,263536
51828,568,0,CV008_007,264104
51829,572,0,CV008_007,264676
51830,624,1,CV008_007,265300
51831,520,0,CV008_007,265820
51832,576,0,CV008_007,266396
51833,580,0,CV008_007,266976
51834,576,0,CV008_007,267552
51835,576,0,CV008_007,268128
51836,580,0,CV008_007,268708
51837,580,0,CV008_007,269288
51838,628,1,CV008_007,269916
51839,524,0,CV008_007,270440
51840,572,0,CV008_007,271012
51841,576,0,CV008_007,271588
51842,572,0,CV008_007,272160
51843,572,0,CV008_007,272732
51844,572,0,CV008_007,273304
51845,628,1,CV008_007,273932
51846,524,0,CV008_007,274456
51847,572,0,CV008_007,275028
51848,572,0,CV008_007,275600
51849,572,0,CV008_007,276172
51850,568,0,CV008_007,276740
51851,564,0,CV008_007,277304
51852,620,1,CV008_007,277924
51853,516,0,CV008_007,278440
51854,556,0,CV008_007,278996
51855,572,0,CV008_007,279568
51856,568,0,CV008_007,280136
51857,560,0,CV008_007,280696
51858,612,1,CV008_007,281308
51859,516,0,CV008_007,281824
51860,564,0,CV008_007,282388
51861,560,0,CV008_007,282948
51862,560,0,CV008_007,283508
51863,556,0,CV008_007,284064
51864,568,0,CV008_007,284632
51865,552,0,CV008_007,285184
51866,564,0,CV008_007,285748
51867,552,0,CV008_007,286300
51868,1120,0,CV008_007,287420
51869,552,0,CV008_007,287972
51870,552,0,CV008_007,288524
51871,552,0,CV008_007,289076
51872,552,0,CV008_007,289628
51873,548,0,CV008_007,290176
51874,596,1,CV008_007,290772
51875,496,0,CV008_007,291268
51876,552,0,CV008_007,291820
51877,544,0,CV008_007,292364
51878,544,0,CV008_007,292908
51879,544,0,CV008_007,293452
51880,548,0,CV008_007,294000
51881,548,0,CV008_007,294548
51882,544,0,CV008_007,295092
51883,544,0,CV008_007,295636
51884,544,0,CV008_007,296180
51885,548,0,CV008_007,296728
51886,548,0,CV008_007,297276
51887,548,0,CV008_007,297824
51888,548,0,CV008_007,298372
51889,548,0,CV008_007,298920
51890,548,0,CV008_007,299468
51891,544,0,CV008_007,300012
51892,548,0,CV008_007,300560
51893,544,0,CV008_007,301104
51894,548,0,CV008_007,301652
51895,552,0,CV008_007,302204
51896,548,0,CV008_007,302752
51897,544,0,CV008_007,303296
51898,544,0,CV008_007,303840
51899,544,0,CV008_007,304384
51900,548,0,CV008_007,304932
51901,548,0,CV008_007,305480
51902,548,0,CV008_007,306028
51903,552,0,CV008_007,306580
51904,556,0,CV008_007,307136
51905,556,0,CV008_007,307692
51906,552,0,CV008_007,308244
51907,560,0,CV008_007,308804
51908,556,0,CV008_007,309360
51909,556,0,CV008_007,309916
51910,552,0,CV008_007,310468
51911,556,0,CV008_007,311024
51912,556,0,CV008_007,311580
51913,552,0,CV008_007,312132
51914,548,0,CV008_007,312680
51915,556,0,CV008_007,313236
51916,548,0,CV008_007,313784
51917,548,0,CV008_007,314332
51918,1644,0,CV008_007,315976
51919,548,0,CV008_007,316524
51920,544,0,CV008_007,317068
51921,548,0,CV008_007,317616
51922,600,1,CV008_007,318216
51923,500,0,CV008_007,318716
51924,544,0,CV008_007,319260
51925,548,0,CV008_007,319808
51926,552,0,CV008_007,320360
51927,600,1,CV008_007,320960
51928,492,0,CV008_007,321452
51929,548,0,CV008_007,322000
51930,548,0,CV008_007,322548
51931,548,0,CV008_007,323096
51932,596,1,CV008_007,323692
51933,500,0,CV008_007,324192
51934,548,0,CV008_007,324740
51935,544,0,CV008_007,325284
51936,552,0,CV008_007,325836
51937,552,0,CV008_007,326388
51938,556,0,CV008_007,326944
51939,552,0,CV008_007,327496
51940,548,0,CV008_007,328044
51941,1160,0,CV008_007,329204
51942,504,0,CV008_007,329708
51943,552,0,CV008_007,330260
51944,556,0,CV008_007,330816
51945,556,0,CV008_007,331372
51946,560,0,CV008_007,331932
51947,564,0,CV008_007,332496
51948,564,0,CV008_007,333060
51949,612,1,CV008_007,333672
51950,516,0,CV008_007,334188
51951,568,0,CV008_007,334756
51952,568,0,CV008_007,335324
51953,1128,0,CV008_007,336452
51954,568,0,CV008_007,337020
51955,564,0,CV008_007,337584
51956,564,0,CV008_007,338148
51957,564,0,CV008_007,338712
51958,564,0,CV008_007,339276
51959,572,0,CV008_007,339848
51960,564,0,CV008_007,340412
51961,572,0,CV008_007,340984
51962,576,0,CV008_007,341560
51963,616,1,CV008_007,342176
51964,516,0,CV008_007,342692
51965,568,0,CV008_007,343260
51966,568,0,CV008_007,343828
51967,564,0,CV008_007,344392
51968,568,0,CV008_007,344960
51969,572,0,CV008_007,345532
51970,568,0,CV008_007,346100
51971,564,0,CV008_007,346664
51972,576,0,CV008_007,347240
51973,572,0,CV008_007,347812
51974,576,0,CV008_007,348388
51975,572,0,CV008_007,348960
51976,572,0,CV008_007,349532
51977,476,0,CV008_007,350008
51978,672,0,CV008_007,350680
51979,572,0,CV008_007,351252
51980,572,0,CV008_007,351824
51981,568,0,CV008_007,352392
51982,568,0,CV008_007,352960
51983,564,0,CV008_007,353524
51984,564,0,CV008_007,354088
51985,564,0,CV008_007,354652
51986,560,0,CV008_007,355212
51987,560,0,CV008_007,355772
51988,560,0,CV008_007,356332
51989,1116,0,CV008_007,357448
51990,556,0,CV008_007,358004
51991,556,0,CV008_007,358560
51992,556,0,CV008_007,359116
51993,552,0,CV008_007,359668
51994,556,0,CV008_007,360224
51995,560,0,CV008_007,360784
51996,560,0,CV008_007,361344
51997,1124,0,CV008_007,362468
51998,572,0,CV008_007,363040
51999,572,0,CV008_007,363612
52000,564,0,CV008_007,364176
52001,576,0,CV008_007,364752
52002,576,0,CV008_007,365328
52003,1140,0,CV008_007,366468
52004,572,0,CV008_007,367040
52005,568,0,CV008_007,367608
52006,564,0,CV008_007,368172
52007,564,0,CV008_007,368736
52008,564,0,CV008_007,369300
52009,564,0,CV008_007,369864
52010,556,0,CV008_007,370420
52011,564,0,CV008_007,370984
52012,516,0,CV008_007,371500
52013,600,0,CV008_007,372100
52014,572,0,CV008_007,372672
52015,588,0,CV008_007,373260
52016,576,0,CV008_007,373836
52017,576,0,CV008_007,374412
52018,580,0,CV008_007,374992
52019,584,0,CV008_007,375576
52020,588,0,CV008_007,376164
52021,588,0,CV008_007,376752
52022,592,0,CV008_007,377344
52023,648,1,CV008_007,377992
52024,532,0,CV008_007,378524
52025,584,0,CV008_007,379108
52026,584,0,CV008_007,379692
52027,584,0,CV008_007,380276
52028,576,0,CV008_007,380852
52029,576,0,CV008_007,381428
52030,572,0,CV008_007,382000
52031,572,0,CV008_007,382572
52032,568,0,CV008_007,383140
52033,568,0,CV008_007,383708
52034,568,0,CV008_007,384276
52035,568,0,CV008_007,384844
52036,560,0,CV008_007,385404
52037,572,0,CV008_007,385976
52038,564,0,CV008_007,386540
52039,564,0,CV008_007,387104
52040,568,0,CV008_007,387672
52041,564,0,CV008_007,388236
52042,568,0,CV008_007,388804
52043,564,0,CV008_007,389368
52044,616,0,CV008_007,389984
52045,572,0,CV008_007,390556
52046,520,0,CV008_007,391076
52047,568,0,CV008_007,391644
52048,564,0,CV008_007,392208
52049,572,0,CV008_007,392780
52050,572,0,CV008_007,393352
52051,620,0,CV008_007,393972
52052,576,0,CV008_007,394548
52053,520,0,CV008_007,395068
52054,568,0,CV008_007,395636
52055,572,0,CV008_007,396208
52056,568,0,CV008_007,396776
52057,568,0,CV008_007,397344
52058,1132,0,CV008_007,398476
52059,572,0,CV008_007,399048
52060,564,0,CV008_007,399612
52061,560,0,CV008_007,400172
52062,620,1,CV008_007,400792
52063,512,0,CV008_007,401304
52064,564,0,CV008_007,401868
52065,564,0,CV008_007,402432
52066,564,0,CV008_007,402996
52067,564,0,CV008_007,403560
52068,560,0,CV008_007,404120
52069,560,0,CV008_007,404680
52070,560,0,CV008_007,405240
52071,560,0,CV008_007,405800
52072,556,0,CV008_007,406356
52073,1120,0,CV008_007,407476
52074,556,0,CV008_007,408032
52075,556,0,CV008_007,408588
52076,560,0,CV008_007,409148
52077,564,0,CV008_007,409712
52078,560,0,CV008_007,410272
52079,564,0,CV008_007,410836
52080,568,0,CV008_007,411404
52081,616,1,CV008_007,412020
52082,520,0,CV008_007,412540
52083,568,0,CV008_007,413108
52084,572,0,CV008_007,413680
52085,572,0,CV008_007,414252
52086,568,0,CV008_007,414820
52087,576,0,CV008_007,415396
52088,624,1,CV008_007,416020
52089,524,0,CV008_007,416544
52090,568,0,CV008_007,417112
52091,572,0,CV008_007,417684
52092,568,0,CV008_007,418252
52093,564,0,CV008_007,418816
52094,568,0,CV008_007,419384
52095,624,1,CV008_007,420008
52096,524,0,CV008_007,420532
52097,568,0,CV008_007,421100
52098,576,0,CV008_007,421676
52099,572,0,CV008_007,422248
52100,568,0,CV008_007,422816
52101,568,0,CV008_007,423384
52102,620,1,CV008_007,424004
52103,512,0,CV008_007,424516
52104,568,0,CV008_007,425084
52105,564,0,CV008_007,425648
52106,568,0,CV008_007,426216
52107,560,0,CV008_007,426776
52108,572,0,CV008_007,427348
52109,1136,0,CV008_007,428484
52110,568,0,CV008_007,429052
52111,576,0,CV008_007,429628
52112,568,0,CV008_007,430196
52113,572,0,CV008_007,430768
52114,572,0,CV008_007,431340
52115,568,0,CV008_007,431908
52116,568,0,CV008_007,432476
52117,572,0,CV008_007,433048
52118,564,0,CV008_007,433612
52119,564,0,CV008_007,434176
52120,560,0,CV008_007,434736
52121,560,0,CV008_007,435296
52122,564,0,CV008_007,435860
52123,560,0,CV008_007,436420
52124,572,0,CV008_007,436992
52125,520,0,CV008_007,437512
52126,616,0,CV008_007,438128
52127,568,0,CV008_007,438696
52128,568,0,CV008_007,439264
52129,532,0,CV008_007,439796
52130,596,0,CV008_007,440392
52131,624,0,CV008_007,441016
52132,512,0,CV008_007,441528
52133,552,0,CV008_007,442080
52134,576,0,CV008_007,442656
52135,564,0,CV008_007,443220
52136,560,0,CV008_007,443780
52137,568,0,CV008_007,444348
52138,564,0,CV008_007,444912
52139,560,0,CV008_007,445472
52140,524,0,CV008_007,445996
52141,588,0,CV008_007,446584
52142,556,0,CV008_007,447140
52143,560,0,CV008_007,447700
52144,560,0,CV008_007,448260
52145,560,0,CV008_007,448820
52146,556,0,CV008_007,449376
52147,1132,0,CV008_007,450508
52148,560,0,CV008_007,451068
52149,500,0,CV008_007,451568
52150,648,0,CV008_007,452216
52151,576,0,CV008_007,452792
52152,576,0,CV008_007,453368
52153,636,1,CV008_007,454004
52154,520,0,CV008_007,454524
52155,576,0,CV008_007,455100
52156,580,0,CV008_007,455680
52157,580,0,CV008_007,456260
52158,576,0,CV008_007,456836
52159,588,0,CV008_007,457424
52160,584,0,CV008_007,458008
52161,580,0,CV008_007,458588
52162,584,0,CV008_007,459172
52163,588,0,CV008_007,459760
52164,584,0,CV008_007,460344
52165,580,0,CV008_007,460924
52166,584,0,CV008_007,461508
52167,584,0,CV008_007,462092
52168,580,0,CV008_007,462672
52169,580,0,CV008_007,463252
52170,588,0,CV008_007,463840
52171,576,0,CV008_007,464416
52172,580,0,CV008_007,464996
52173,588,0,CV008_007,465584
52174,584,0,CV008_007,466168
52175,580,0,CV008_007,466748
52176,588,0,CV008_007,467336
52177,1188,0,CV008_007,468524
52178,592,0,CV008_007,469116
52179,596,0,CV008_007,469712
52180,596,0,CV008_007,470308
52181,588,0,CV008_007,470896
52182,596,0,CV008_007,471492
52183,588,0,CV008_007,472080
52184,584,0,CV008_007,472664
52185,584,0,CV008_007,473248
52186,580,0,CV008_007,473828
52187,584,0,CV008_007,474412
52188,620,1,CV008_007,475032
52189,532,0,CV008_007,475564
52190,572,0,CV008_007,476136
52191,572,0,CV008_007,476708
52192,572,0,CV008_007,477280
52193,572,0,CV008_007,477852
52194,572,0,CV008_007,478424
52195,572,0,CV008_007,478996
52196,572,0,CV008_007,479568
52197,576,0,CV008_007,480144
52198,572,0,CV008_007,480716
52199,584,0,CV008_007,481300
52200,580,0,CV008_007,481880
52201,580,0,CV008_007,482460
52202,580,0,CV008_007,483040
52203,580,0,CV008_007,483620
52204,588,0,CV008_007,484208
52205,580,0,CV008_007,484788
52206,580,0,CV008_007,485368
52207,1164,0,CV008_007,486532
52208,588,0,CV008_007,487120
52209,596,0,CV008_007,487716
52210,596,0,CV008_007,488312
52211,596,0,CV008_007,488908
52212,592,0,CV008_007,489500
52213,596,0,CV008_007,490096
52214,592,0,CV008_007,490688
52215,588,0,CV008_007,491276
52216,580,0,CV008_007,491856
52217,584,0,CV008_007,492440
52218,580,0,CV008_007,493020
52219,576,0,CV008_007,493596
52220,568,0,CV008_007,494164
52221,572,0,CV008_007,494736
52222,568,0,CV008_007,495304
52223,568,0,CV008_007,495872
52224,564,0,CV008_007,496436
52225,616,1,CV008_007,497052
52226,512,0,CV008_007,497564
52227,564,0,CV008_007,498128
52228,568,0,CV008_007,498696
52229,568,0,CV008_007,499264
52230,568,0,CV008_007,499832
52231,576,0,CV008_007,500408
52232,628,1,CV008_007,501036
52233,520,0,CV008_007,501556
52234,588,0,CV008_007,502144
52235,580,0,CV008_007,502724
52236,632,1,CV008_007,503356
52237,524,0,CV008_007,503880
52238,584,0,CV008_007,504464
52239,572,0,CV008_007,505036
52240,636,1,CV008_007,505672
52241,520,0,CV008_007,506192
52242,572,0,CV008_007,506764
52243,576,0,CV008_007,507340
52244,576,0,CV008_007,507916
52245,576,0,CV008_007,508492
52246,576,0,CV008_007,509068
52247,588,0,CV008_007,509656
52248,588,0,CV008_007,510244
52249,592,0,CV008_007,510836
52250,596,0,CV008_007,511432
52251,628,1,CV008_007,512060
52252,544,0,CV008_007,512604
52253,592,0,CV008_007,513196
52254,584,0,CV008_007,513780
52255,584,0,CV008_007,514364
52256,588,0,CV008_007,514952
52257,584,0,CV008_007,515536
52258,580,0,CV008_007,516116
52259,584,0,CV008_007,516700
52260,584,0,CV008_007,517284
52261,576,0,CV008_007,517860
52262,576,0,CV008_007,518436
52263,1152,0,CV008_007,519588
52264,576,0,CV008_007,520164
52265,576,0,CV008_007,520740
52266,584,0,CV008_007,521324
52267,572,0,CV008_007,521896
52268,584,0,CV008_007,522480
52269,588,0,CV008_007,523068
52270,576,0,CV008_007,523644
52271,588,0,CV008_007,524232
52272,588,0,CV008_007,524820
52273,580,0,CV008_007,525400
52274,640,0,CV008_007,526040
52275,476,0,CV008_007,526516
52276,648,0,CV008_007,527164
52277,636,0,CV008_007,527800
52278,536,0,CV008_007,528336
52279,584,0,CV008_007,528920
52280,588,0,CV008_007,529508
52281,584,0,CV008_007,530092
52282,580,0,CV008_007,530672
52283,632,0,CV008_007,531304
52284,532,0,CV008_007,531836
52285,576,0,CV008_007,532412
52286,1148,0,CV008_007,533560
52287,572,0,CV008_007,534132
52288,568,0,CV008_007,534700
52289,576,0,CV008_007,535276
52290,572,0,CV008_007,535848
52291,580,0,CV008_007,536428
52292,632,1,CV008_007,537060
52293,532,0,CV008_007,537592
52294,576,0,CV008_007,538168
52295,584,0,CV008_007,538752
52296,592,0,CV008_007,539344
52297,580,0,CV008_007,539924
52298,588,0,CV008_007,540512
52299,592,0,CV008_007,541104
52300,584,0,CV008_007,541688
52301,588,0,CV008_007,542276
52302,588,0,CV008_007,542864
52303,580,0,CV008_007,543444
52304,588,0,CV008_007,544032
52305,516,0,CV008_007,544548
52306,644,0,CV008_007,545192
52307,584,0,CV008_007,545776
52308,584,0,CV008_007,546360
52309,576,0,CV008_007,546936
52310,580,0,CV008_007,547516
52311,588,0,CV008_007,548104
52312,496,0,CV008_007,548600
52313,672,0,CV008_007,549272
52314,584,0,CV008_007,549856
52315,592,0,CV008_007,550448
52316,628,0,CV008_007,551076
52317,544,0,CV008_007,551620
52318,636,0,CV008_007,552256
52319,536,0,CV008_007,552792
52320,584,0,CV008_007,553376
52321,588,0,CV008_007,553964
52322,588,0,CV008_007,554552
52323,584,0,CV008_007,555136
52324,592,0,CV008_007,555728
52325,592,0,CV008_007,556320
52326,584,0,CV008_007,556904
52327,588,0,CV008_007,557492
52328,588,0,CV008_007,558080
52329,580,0,CV008_007,558660
52330,584,0,CV008_007,559244
52331,580,0,CV008_007,559824
52332,580,0,CV008_007,560404
52333,572,0,CV008_007,560976
52334,584,0,CV008_007,561560
52335,584,0,CV008_007,562144
52336,572,0,CV008_007,562716
52337,572,0,CV008_007,563288
52338,580,0,CV008_007,563868
52339,576,0,CV008_007,564444
52340,624,1,CV008_007,565068
52341,536,0,CV008_007,565604
52342,588,0,CV008_007,566192
52343,584,0,CV008_007,566776
52344,592,0,CV008_007,567368
52345,596,0,CV008_007,567964
52346,588,0,CV008_007,568552
52347,584,0,CV008_007,569136
52348,588,0,CV008_007,569724
52349,580,0,CV008_007,570304
52350,576,0,CV008_007,570880
52351,624,0,CV008_007,571504
52352,568,0,CV008_007,572072
52353,512,0,CV008_007,572584
52354,564,0,CV008_007,573148
52355,572,0,CV008_007,573720
52356,572,0,CV008_007,574292
52357,568,0,CV008_007,574860
52358,576,0,CV008_007,575436
52359,632,1,CV008_007,576068
52360,532,0,CV008_007,576600
52361,588,0,CV008_007,577188
52362,592,0,CV008_007,577780
52363,588,0,CV008_007,578368
52364,600,0,CV008_007,578968
52365,596,0,CV008_007,579564
52366,588,0,CV008_007,580152
52367,588,0,CV008_007,580740
52368,592,0,CV008_007,581332
52369,592,0,CV008_007,581924
52370,584,0,CV008_007,582508
52371,596,0,CV008_007,583104
52372,584,0,CV008_007,583688
52373,584,0,CV008_007,584272
52374,588,0,CV008_007,584860
52375,588,0,CV008_007,585448
52376,636,1,CV008_007,586084
52377,532,0,CV008_007,586616
52378,588,0,CV008_007,587204
52379,584,0,CV008_007,587788
52380,584,0,CV008_007,588372
52381,592,0,CV008_007,588964
52382,584,0,CV008_007,589548
52383,588,0,CV008_007,590136
52384,592,0,CV008_007,590728
52385,584,0,CV008_007,591312
52386,588,0,CV008_007,591900
52387,592,0,CV008_007,592492
52388,592,0,CV008_007,593084
52389,592,0,CV008_007,593676
52390,596,0,CV008_007,594272
52391,588,0,CV008_007,594860
52392,600,0,CV008_007,595460
52393,640,0,CV008_007,596100
52394,544,0,CV008_007,596644
52395,596,0,CV008_007,597240
52396,644,0,CV008_007,597884
52397,540,0,CV008_007,598424
52398,652,0,CV008_007,599076
52399,592,0,CV008_007,599668
52400,1116,0,CV008_007,600784
52401,584,0,CV008_007,601368
52402,580,0,CV008_007,601948
52403,296,0,CV008_007,602244
52404,284,0,CV008_007,602528
52405,232,0,CV008_007,602760
52406,176,0,CV008_007,602936
52407,172,0,CV008_007,603108
52408,456,0,CV008_007,603564
52409,168,0,CV008_007,603732
52410,528,0,CV008_007,604260
52411,384,0,CV008_007,604644
52412,196,0,CV008_007,604840
52413,576,0,CV008_007,605416
52414,580,0,CV008_007,605996
52415,580,0,CV008_007,606576
52416,576,0,CV008_007,607152
52417,588,0,CV008_007,607740
52418,584,0,CV008_007,608324
52419,1176,0,CV008_007,609500
52420,632,0,CV008_007,610132
52421,532,0,CV008_007,610664
52422,580,0,CV008_007,611244
52423,576,0,CV008_007,611820
52424,584,0,CV008_007,612404
52425,136,0,CV008_007,612540
52426,444,0,CV008_007,612984
52427,568,0,CV008_007,613552
52428,632,0,CV008_007,614184
52429,528,0,CV008_007,614712
52430,576,0,CV008_007,615288
52431,584,0,CV008_007,615872
52432,400,0,CV008_007,616272
52433,720,0,CV008_007,616992
52434,628,0,CV008_007,617620
52435,588,0,CV008_007,618208
52436,624,0,CV008_007,618832
52437,540,0,CV008_007,619372
52438,588,0,CV008_007,619960
52439,76,0,CV008_007,620036
52440,504,0,CV008_007,620540
52441,216,0,CV008_007,620756
52442,372,0,CV008_007,621128
52443,584,0,CV008_007,621712
52444,588,0,CV008_007,622300
52445,584,0,CV008_007,622884
52446,584,0,CV008_007,623468
52447,632,0,CV008_007,624100
52448,528,0,CV008_007,624628
52449,580,0,CV008_007,625208
52450,528,0,CV008_007,625736
52451,628,0,CV008_007,626364
52452,580,0,CV008_007,626944
52453,580,0,CV008_007,627524
52454,576,0,CV008_007,628100
52455,580,0,CV008_007,628680
52456,584,0,CV008_007,629264
52457,572,0,CV008_007,629836
52458,580,0,CV008_007,630416
52459,588,0,CV008_007,631004
52460,624,0,CV008_007,631628
52461,532,0,CV008_007,632160
52462,632,0,CV008_007,632792
52463,524,0,CV008_007,633316
52464,592,0,CV008_007,633908
52465,588,0,CV008_007,634496
52466,584,0,CV008_007,635080
52467,576,0,CV008_007,635656
52468,580,0,CV008_007,636236
52469,584,0,CV008_007,636820
52470,576,0,CV008_007,637396
52471,584,0,CV008_007,637980
52472,588,0,CV008_007,638568
52473,584,0,CV008_007,639152
52474,588,0,CV008_007,639740
52475,576,0,CV008_007,640316
52476,580,0,CV008_007,640896
52477,596,0,CV008_007,641492
52478,632,1,CV008_007,642124
52479,536,0,CV008_007,642660
52480,580,0,CV008_007,643240
52481,584,0,CV008_007,643824
52482,580,0,CV008_007,644404
52483,576,0,CV008_007,644980
52484,628,1,CV008_007,645608
52485,524,0,CV008_007,646132
52486,576,0,CV008_007,646708
52487,580,0,CV008_007,647288
52488,576,0,CV008_007,647864
52489,580,0,CV008_007,648444
52490,572,0,CV008_007,649016
52491,584,0,CV008_007,649600
52492,584,0,CV008_007,650184
52493,576,0,CV008_007,650760
52494,584,0,CV008_007,651344
52495,580,0,CV008_007,651924
52496,584,0,CV008_007,652508
52497,576,0,CV008_007,653084
52498,584,0,CV008_007,653668
52499,584,0,CV008_007,654252
52500,580,0,CV008_007,654832
52501,576,0,CV008_007,655408
52502,628,1,CV008_007,656036
52503,540,0,CV008_007,656576
52504,580,0,CV008_007,657156
52505,584,0,CV008_007,657740
52506,588,0,CV008_007,658328
52507,588,0,CV008_007,658916
52508,584,0,CV008_007,659500
52509,640,1,CV008_007,660140
52510,532,0,CV008_007,660672
52511,580,0,CV008_007,661252
52512,580,0,CV008_007,661832
52513,584,0,CV008_007,662416
52514,580,0,CV008_007,662996
52515,584,0,CV008_007,663580
52516,584,0,CV008_007,664164
52517,584,0,CV008_007,664748
52518,580,0,CV008_007,665328
52519,580,0,CV008_007,665908
52520,632,0,CV008_007,666540
52521,580,0,CV008_007,667120
52522,528,0,CV008_007,667648
52523,572,0,CV008_007,668220
52524,580,0,CV008_007,668800
52525,580,0,CV008_007,669380
52526,576,0,CV008_007,669956
52527,576,0,CV008_007,670532
52528,580,0,CV008_007,671112
52529,580,0,CV008_007,671692
52530,572,0,CV008_007,672264
52531,580,0,CV008_007,672844
52532,580,0,CV008_007,673424
52533,576,0,CV008_007,674000
52534,568,0,CV008_007,674568
52535,576,0,CV008_007,675144
52536,572,0,CV008_007,675716
52537,568,0,CV008_007,676284
52538,568,0,CV008_007,676852
52539,572,0,CV008_007,677424
52540,576,0,CV008_007,678000
52541,572,0,CV008_007,678572
52542,572,0,CV008_007,679144
52543,580,0,CV008_007,679724
52544,580,0,CV008_007,680304
52545,584,0,CV008_007,680888
52546,624,1,CV008_007,681512
52547,524,0,CV008_007,682036
52548,576,0,CV008_007,682612
52549,576,0,CV008_007,683188
52550,576,0,CV008_007,683764
52551,572,0,CV008_007,684336
52552,576,0,CV008_007,684912
52553,572,0,CV008_007,685484
52554,1144,0,CV008_007,686628
52555,572,0,CV008_007,687200
52556,568,0,CV008_007,687768
52557,568,0,CV008_007,688336
52558,572,0,CV008_007,688908
52559,568,0,CV008_007,689476
52560,564,0,CV008_007,690040
52561,564,0,CV008_007,690604
52562,572,0,CV008_007,691176
52563,572,0,CV008_007,691748
52564,564,0,CV008_007,692312
52565,568,0,CV008_007,692880
52566,568,0,CV008_007,693448
52567,568,0,CV008_007,694016
52568,568,0,CV008_007,694584
52569,576,0,CV008_007,695160
52570,572,0,CV008_007,695732
52571,572,0,CV008_007,696304
52572,580,0,CV008_007,696884
52573,572,0,CV008_007,697456
52574,580,0,CV008_007,698036
52575,568,0,CV008_007,698604
52576,580,0,CV008_007,699184
52577,572,0,CV008_007,699756
52578,580,0,CV008_007,700336
52579,576,0,CV008_007,700912
52580,576,0,CV008_007,701488
52581,1144,0,CV008_007,702632
52582,572,0,CV008_007,703204
52583,564,0,CV008_007,703768
52584,568,0,CV008_007,704336
52585,616,1,CV008_007,704952
52586,524,0,CV008_007,705476
52587,568,0,CV008_007,706044
52588,572,0,CV008_007,706616
52589,584,0,CV008_007,707200
52590,584,0,CV008_007,707784
52591,576,0,CV008_007,708360
52592,584,0,CV008_007,708944
52593,580,0,CV008_007,709524
52594,624,1,CV008_007,710148
52595,532,0,CV008_007,710680
52596,580,0,CV008_007,711260
52597,580,0,CV008_007,711840
52598,592,0,CV008_007,712432
52599,588,0,CV008_007,713020
52600,584,0,CV008_007,713604
52601,588,0,CV008_007,714192
52602,584,0,CV008_007,714776
52603,580,0,CV008_007,715356
52604,624,1,CV008_007,715980
52605,520,0,CV008_007,716500
52606,552,0,CV008_007,717052
52607,592,0,CV008_007,717644
52608,572,0,CV008_007,718216
52609,572,0,CV008_007,718788
52610,568,0,CV008_007,719356
52611,564,0,CV008_007,719920
52612,568,0,CV008_007,720488
52613,564,0,CV008_007,721052
52614,568,0,CV008_007,721620
52615,568,0,CV008_007,722188
52616,564,0,CV008_007,722752
52617,572,0,CV008_007,723324
52618,572,0,CV008_007,723896
52619,568,0,CV008_007,724464
52620,576,0,CV008_007,725040
52621,576,0,CV008_007,725616
52622,572,0,CV008_007,726188
52623,588,0,CV008_007,726776
52624,584,0,CV008_007,727360
52625,580,0,CV008_007,727940
52626,596,0,CV008_007,728536
52627,588,0,CV008_007,729124
52628,584,0,CV008_007,729708
52629,588,0,CV008_007,730296
52630,584,0,CV008_007,730880
52631,588,0,CV008_007,731468
52632,588,0,CV008_007,732056
52633,580,0,CV008_007,732636
52634,588,0,CV008_007,733224
52635,588,0,CV008_007,733812
52636,588,0,CV008_007,734400
52637,580,0,CV008_007,734980
52638,588,0,CV008_007,735568
52639,584,0,CV008_007,736152
52640,584,0,CV008_007,736736
52641,584,0,CV008_007,737320
52642,584,0,CV008_007,737904
52643,588,0,CV008_007,738492
52644,1168,0,CV008_007,739660
52645,580,0,CV008_007,740240
52646,584,0,CV008_007,740824
52647,580,0,CV008_007,741404
52648,576,0,CV008_007,741980
52649,572,0,CV008_007,742552
52650,624,1,CV008_007,743176
52651,520,0,CV008_007,743696
52652,572,0,CV008_007,744268
52653,576,0,CV008_007,744844
52654,580,0,CV008_007,745424
52655,588,0,CV008_007,746012
52656,588,0,CV008_007,746600
52657,592,0,CV008_007,747192
52658,596,0,CV008_007,747788
52659,592,0,CV008_007,748380
52660,592,0,CV008_007,748972
52661,600,0,CV008_007,749572
52662,600,0,CV008_007,750172
52663,592,0,CV008_007,750764
52664,584,0,CV008_007,751348
52665,588,0,CV008_007,751936
52666,588,0,CV008_007,752524
52667,1160,0,CV008_007,753684
52668,580,0,CV008_007,754264
52669,580,0,CV008_007,754844
52670,576,0,CV008_007,755420
52671,572,0,CV008_007,755992
52672,572,0,CV008_007,756564
52673,616,1,CV008_007,757180
52674,516,0,CV008_007,757696
52675,560,0,CV008_007,758256
52676,560,0,CV008_007,758816
52677,564,0,CV008_007,759380
52678,564,0,CV008_007,759944
52679,560,0,CV008_007,760504
52680,568,0,CV008_007,761072
52681,576,0,CV008_007,761648
52682,572,0,CV008_007,762220
52683,576,0,CV008_007,762796
52684,580,0,CV008_007,763376
52685,584,0,CV008_007,763960
52686,580,0,CV008_007,764540
52687,628,1,CV008_007,765168
52688,532,0,CV008_007,765700
52689,576,0,CV008_007,766276
52690,576,0,CV008_007,766852
52691,572,0,CV008_007,767424
52692,580,0,CV008_007,768004
52693,568,0,CV008_007,768572
52694,580,0,CV008_007,769152
52695,572,0,CV008_007,769724
52696,572,0,CV008_007,770296
52697,576,0,CV008_007,770872
52698,576,0,CV008_007,771448
52699,572,0,CV008_007,772020
52700,580,0,CV008_007,772600
52701,588,0,CV008_007,773188
52702,588,0,CV008_007,773776
52703,580,0,CV008_007,774356
52704,584,0,CV008_007,774940
52705,580,0,CV008_007,775520
52706,1160,0,CV008_007,776680
52707,572,0,CV008_007,777252
52708,576,0,CV008_007,777828
52709,576,0,CV008_007,778404
52710,576,0,CV008_007,778980
52711,1204,0,CV008_007,780184
52712,520,0,CV008_007,780704
52713,580,0,CV008_007,781284
52714,576,0,CV008_007,781860
52715,568,0,CV008_007,782428
52716,576,0,CV008_007,783004
52717,576,0,CV008_007,783580
52718,568,0,CV008_007,784148
52719,576,0,CV008_007,784724
52720,572,0,CV008_007,785296
52721,572,0,CV008_007,785868
52722,568,0,CV008_007,786436
52723,572,0,CV008_007,787008
52724,568,0,CV008_007,787576
52725,612,1,CV008_007,788188
52726,520,0,CV008_007,788708
52727,564,0,CV008_007,789272
52728,564,0,CV008_007,789836
52729,560,0,CV008_007,790396
52730,564,0,CV008_007,790960
52731,560,0,CV008_007,791520
52732,560,0,CV008_007,792080
52733,560,0,CV008_007,792640
52734,564,0,CV008_007,793204
52735,560,0,CV008_007,793764
52736,556,0,CV008_007,794320
52737,564,0,CV008_007,794884
52738,564,0,CV008_007,795448
52739,560,0,CV008_007,796008
52740,560,0,CV008_007,796568
52741,620,0,CV008_007,797188
52742,508,0,CV008_007,797696
52743,560,0,CV008_007,798256
52744,436,0,CV008_007,798692
52745,696,0,CV008_007,799388
52746,564,0,CV008_007,799952
52747,572,0,CV008_007,800524
52748,568,0,CV008_007,801092
52749,568,0,CV008_007,801660
52750,564,0,CV008_007,802224
52751,576,0,CV008_007,802800
52752,576,0,CV008_007,803376
52753,572,0,CV008_007,803948
52754,576,0,CV008_007,804524
52755,576,0,CV008_007,805100
52756,580,0,CV008_007,805680
52757,568,0,CV008_007,806248
52758,576,0,CV008_007,806824
52759,576,0,CV008_007,807400
52760,568,0,CV008_007,807968
52761,576,0,CV008_007,808544
52762,1096,0,CV008_007,809640
52763,624,0,CV008_007,810264
52764,576,0,CV008_007,810840
52765,576,0,CV008_007,811416
52766,572,0,CV008_007,811988
52767,572,0,CV008_007,812560
52768,504,0,CV008_007,813064
52769,656,0,CV008_007,813720
52770,580,0,CV008_007,814300
52771,572,0,CV008_007,814872
52772,576,0,CV008_007,815448
52773,576,0,CV008_007,816024
52774,568,0,CV008_007,816592
52775,508,0,CV008_007,817100
52776,636,0,CV008_007,817736
52777,572,0,CV008_007,818308
52778,572,0,CV008_007,818880
52779,1152,0,CV008_007,820032
52780,572,0,CV008_007,820604
52781,624,0,CV008_007,821228
52782,1104,0,CV008_007,822332
52783,576,0,CV008_007,822908
52784,1160,0,CV008_007,824068
52785,580,0,CV008_007,824648
52786,580,0,CV008_007,825228
52787,580,0,CV008_007,825808
52788,580,0,CV008_007,826388
52789,576,0,CV008_007,826964
52790,576,0,CV008_007,827540
52791,572,0,CV008_007,828112
52792,620,0,CV008_007,828732
52793,520,0,CV008_007,829252
52794,560,0,CV008_007,829812
52795,1124,0,CV008_007,830936
52796,560,0,CV008_007,831496
52797,556,0,CV008_007,832052
52798,560,0,CV008_007,832612
52799,608,1,CV008_007,833220
52800,500,0,CV008_007,833720
52801,556,0,CV008_007,834276
52802,556,0,CV008_007,834832
52803,552,0,CV008_007,835384
52804,556,0,CV008_007,835940
52805,556,0,CV008_007,836496
52806,560,0,CV008_007,837056
52807,556,0,CV008_007,837612
52808,612,1,CV008_007,838224
52809,512,0,CV008_007,838736
52810,560,0,CV008_007,839296
52811,564,0,CV008_007,839860
52812,568,0,CV008_007,840428
52813,564,0,CV008_007,840992
52814,616,1,CV008_007,841608
52815,512,0,CV008_007,842120
52816,568,0,CV008_007,842688
52817,568,0,CV008_007,843256
52818,572,0,CV008_007,843828
52819,568,0,CV008_007,844396
52820,568,0,CV008_007,844964
52821,564,0,CV008_007,845528
52822,572,0,CV008_007,846100
52823,564,0,CV008_007,846664
52824,568,0,CV008_007,847232
52825,572,0,CV008_007,847804
52826,572,0,CV008_007,848376
52827,564,0,CV008_007,848940
52828,568,0,CV008_007,849508
52829,564,0,CV008_007,850072
52830,612,1,CV008_007,850684
52831,512,0,CV008_007,851196
52832,560,0,CV008_007,851756
52833,560,0,CV008_007,852316
52834,564,0,CV008_007,852880
52835,560,0,CV008_007,853440
52836,560,0,CV008_007,854000
52837,556,0,CV008_007,854556
52838,560,0,CV008_007,855116
52839,556,0,CV008_007,855672
52840,560,0,CV008_007,856232
52841,560,0,CV008_007,856792
52842,556,0,CV008_007,857348
52843,564,0,CV008_007,857912
52844,556,0,CV008_007,858468
52845,556,0,CV008_007,859024
52846,556,0,CV008_007,859580
52847,416,0,CV008_007,859996
52848,140,0,CV008_007,860136
52849,556,0,CV008_007,860692
52850,568,0,CV008_007,861260
52851,564,0,CV008_007,861824
52852,564,0,CV008_007,862388
52853,560,0,CV008_007,862948
52854,564,0,CV008_007,863512
52855,564,0,CV008_007,864076
52856,564,0,CV008_007,864640
52857,568,0,CV008_007,865208
52858,560,0,CV008_007,865768
52859,564,0,CV008_007,866332
52860,560,0,CV008_007,866892
52861,564,0,CV008_007,867456
52862,568,0,CV008_007,868024
52863,568,0,CV008_007,868592
52864,612,1,CV008_007,869204
52865,512,0,CV008_007,869716
52866,564,0,CV008_007,870280
52867,564,0,CV008_007,870844
52868,560,0,CV008_007,871404
52869,568,0,CV008_007,871972
52870,568,0,CV008_007,872540
52871,568,0,CV008_007,873108
52872,568,0,CV008_007,873676
52873,584,0,CV008_007,874260
52874,588,0,CV008_007,874848
52875,588,0,CV008_007,875436
52876,584,0,CV008_007,876020
52877,588,0,CV008_007,876608
52878,628,1,CV008_007,877236
52879,532,0,CV008_007,877768
52880,580,0,CV008_007,878348
52881,580,0,CV008_007,878928
52882,572,0,CV008_007,879500
52883,532,0,CV008_007,880032
52884,620,0,CV008_007,880652
52885,572,0,CV008_007,881224
52886,576,0,CV008_007,881800
52887,576,0,CV008_007,882376
52888,572,0,CV008_007,882948
52889,576,0,CV008_007,883524
52890,572,0,CV008_007,884096
52891,568,0,CV008_007,884664
52892,576,0,CV008_007,885240
52893,572,0,CV008_007,885812
52894,572,0,CV008_007,886384
52895,580,0,CV008_007,886964
52896,576,0,CV008_007,887540
52897,580,0,CV008_007,888120
52898,580,0,CV008_007,888700
52899,576,0,CV008_007,889276
52900,580,0,CV008_007,889856
52901,584,0,CV008_007,890440
52902,588,0,CV008_007,891028
52903,584,0,CV008_007,891612
52904,632,1,CV008_007,892244
52905,532,0,CV008_007,892776
52906,580,0,CV008_007,893356
52907,580,0,CV008_007,893936
52908,584,0,CV008_007,894520
52909,580,0,CV008_007,895100
52910,584,0,CV008_007,895684
52911,584,0,CV008_007,896268
52912,580,0,CV008_007,896848
52913,584,0,CV008_007,897432
52914,588,0,CV008_007,898020
52915,588,0,CV008_007,898608
52916,592,0,CV008_007,899200
52917,592,0,CV008_007,899792
52918,584,0,CV008_007,900376
52919,592,0,CV008_007,900968
52920,588,0,CV008_007,901556
52921,584,0,CV008_007,902140
52922,584,0,CV008_007,902724
52923,584,0,CV008_007,903308
52924,584,0,CV008_007,903892
52925,588,0,CV008_007,904480
52926,508,0,CV008_007,904988
52927,648,0,CV008_007,905636
52928,580,0,CV008_007,906216
52929,580,0,CV008_007,906796
52930,576,0,CV008_007,907372
52931,584,0,CV008_007,907956
52932,576,0,CV008_007,908532
52933,580,0,CV008_007,909112
52934,592,0,CV008_007,909704
52935,584,0,CV008_007,910288
52936,596,0,CV008_007,910884
52937,596,0,CV008_007,911480
52938,588,0,CV008_007,912068
52939,596,0,CV008_007,912664
52940,592,0,CV008_007,913256
52941,588,0,CV008_007,913844
52942,592,0,CV008_007,914436
52943,584,0,CV008_007,915020
52944,584,0,CV008_007,915604
52945,640,1,CV008_007,916244
52946,532,0,CV008_007,916776
52947,588,0,CV008_007,917364
52948,584,0,CV008_007,917948
52949,584,0,CV008_007,918532
52950,588,0,CV008_007,919120
52951,584,0,CV008_007,919704
52952,592,0,CV008_007,920296
52953,588,0,CV008_007,920884
52954,580,0,CV008_007,921464
52955,600,0,CV008_007,922064
52956,588,0,CV008_007,922652
52957,596,0,CV008_007,923248
52958,596,0,CV008_007,923844
52959,588,0,CV008_007,924432
52960,596,0,CV008_007,925028
52961,592,0,CV008_007,925620
52962,636,1,CV008_007,926256
52963,548,0,CV008_007,926804
52964,592,0,CV008_007,927396
52965,588,0,CV008_007,927984
52966,588,0,CV008_007,928572
52967,584,0,CV008_007,929156
52968,584,0,CV008_007,929740
52969,580,0,CV008_007,930320
52970,580,0,CV008_007,930900
52971,584,0,CV008_007,931484
52972,580,0,CV008_007,932064
52973,580,0,CV008_007,932644
52974,580,0,CV008_007,933224
52975,576,0,CV008_007,933800
52976,580,0,CV008_007,934380
52977,576,0,CV008_007,934956
52978,576,0,CV008_007,935532
52979,580,0,CV008_007,936112
52980,572,0,CV008_007,936684
52981,576,0,CV008_007,937260
52982,576,0,CV008_007,937836
52983,572,0,CV008_007,938408
52984,576,0,CV008_007,938984
52985,572,0,CV008_007,939556
52986,568,0,CV008_007,940124
52987,572,0,CV008_007,940696
52988,568,0,CV008_007,941264
52989,568,0,CV008_007,941832
52990,568,0,CV008_007,942400
52991,568,0,CV008_007,942968
52992,568,0,CV008_007,943536
52993,568,0,CV008_007,944104
52994,568,0,CV008_007,944672
52995,568,0,CV008_007,945240
52996,568,0,CV008_007,945808
52997,568,0,CV008_007,946376
52998,560,0,CV008_007,946936
52999,568,0,CV008_007,947504
53000,572,0,CV008_007,948076
53001,572,0,CV008_007,948648
53002,616,1,CV008_007,949264
53003,520,0,CV008_007,949784
53004,568,0,CV008_007,950352
53005,564,0,CV008_007,950916
53006,572,0,CV008_007,951488
53007,564,0,CV008_007,952052
53008,572,0,CV008_007,952624
53009,552,0,CV008_007,953176
53010,600,0,CV008_007,953776
53011,592,0,CV008_007,954368
53012,580,0,CV008_007,954948
53013,588,0,CV008_007,955536
53014,584,0,CV008_007,956120
53015,580,0,CV008_007,956700
53016,584,0,CV008_007,957284
53017,576,0,CV008_007,957860
53018,624,1,CV008_007,958484
53019,524,0,CV008_007,959008
53020,572,0,CV008_007,959580
53021,572,0,CV008_007,960152
53022,568,0,CV008_007,960720
53023,568,0,CV008_007,961288
53024,564,0,CV008_007,961852
53025,616,1,CV008_007,962468
53026,512,0,CV008_007,962980
53027,564,0,CV008_007,963544
53028,572,0,CV008_007,964116
53029,564,0,CV008_007,964680
53030,572,0,CV008_007,965252
53031,576,0,CV008_007,965828
53032,620,1,CV008_007,966448
53033,532,0,CV008_007,966980
53034,588,0,CV008_007,967568
53035,584,0,CV008_007,968152
53036,592,0,CV008_007,968744
53037,584,0,CV008_007,969328
53038,588,0,CV008_007,969916
53039,592,0,CV008_007,970508
53040,580,0,CV008_007,971088
53041,588,0,CV008_007,971676
53042,576,0,CV008_007,972252
53043,576,0,CV008_007,972828
53044,576,0,CV008_007,973404
53045,580,0,CV008_007,973984
53046,572,0,CV008_007,974556
53047,572,0,CV008_007,975128
53048,572,0,CV008_007,975700
53049,572,0,CV008_007,976272
53050,572,0,CV008_007,976844
53051,568,0,CV008_007,977412
53052,564,0,CV008_007,977976
53053,568,0,CV008_007,978544
53054,564,0,CV008_007,979108
53055,568,0,CV008_007,979676
53056,572,0,CV008_007,980248
53057,568,0,CV008_007,980816
53058,572,0,CV008_007,981388
53059,580,0,CV008_007,981968
53060,580,0,CV008_007,982548
53061,576,0,CV008_007,983124
53062,588,0,CV008_007,983712
53063,584,0,CV008_007,984296
53064,584,0,CV008_007,984880
53065,592,0,CV008_007,985472
53066,588,0,CV008_007,986060
53067,580,0,CV008_007,986640
53068,640,1,CV008_007,987280
53069,544,0,CV008_007,987824
53070,584,0,CV008_007,988408
53071,588,0,CV008_007,988996
53072,588,0,CV008_007,989584
53073,592,0,CV008_007,990176
53074,584,0,CV008_007,990760
53075,604,0,CV008_007,991364
53076,608,0,CV008_007,991972
53077,608,0,CV008_007,992580
53078,624,0,CV008_007,993204
53079,628,0,CV008_007,993832
53080,628,0,CV008_007,994460
53081,624,0,CV008_007,995084
53082,620,0,CV008_007,995704
53083,612,0,CV008_007,996316
53084,608,0,CV008_007,996924
53085,600,0,CV008_007,997524
53086,592,0,CV008_007,998116
53087,600,0,CV008_007,998716
53088,592,0,CV008_007,999308
53089,592,0,CV008_007,999900
53090,620,0,CV008_007,1000520
53091,640,0,CV008_007,1001160
53092,652,0,CV008_007,1001812
53093,700,0,CV008_007,1002512
53094,684,0,CV008_007,1003196
53095,724,0,CV008_007,1003920
53096,688,0,CV008_007,1004608
53097,680,0,CV008_007,1005288
53098,668,0,CV008_007,1005956
53099,664,0,CV008_007,1006620
53100,664,0,CV008_007,1007284
53101,648,0,CV008_007,1007932
53102,644,0,CV008_007,1008576
53103,1280,0,CV008_007,1009856
53104,640,0,CV008_007,1010496
53105,628,0,CV008_007,1011124
53106,624,0,CV008_007,1011748
53107,640,0,CV008_007,1012388
53108,632,0,CV008_007,1013020
53109,632,0,CV008_007,1013652
53110,636,0,CV008_007,1014288
53111,628,0,CV008_007,1014916
53112,652,0,CV008_007,1015568
53113,648,0,CV008_007,1016216
53114,664,0,CV008_007,1016880
53115,668,0,CV008_007,1017548
53116,652,0,CV008_007,1018200
53117,676,0,CV008_007,1018876
53118,652,0,CV008_007,1019528
53119,664,0,CV008_007,1020192
53120,652,0,CV008_007,1020844
53121,644,0,CV008_007,1021488
53122,652,0,CV008_007,1022140
53123,632,0,CV008_007,1022772
53124,652,0,CV008_007,1023424
53125,652,0,CV008_007,1024076
53126,664,0,CV008_007,1024740
53127,668,0,CV008_007,1025408
53128,660,0,CV008_007,1026068
53129,680,0,CV008_007,1026748
53130,668,0,CV008_007,1027416
53131,668,0,CV008_007,1028084
53132,656,0,CV008_007,1028740
53133,640,0,CV008_007,1029380
53134,644,0,CV008_007,1030024
53135,636,0,CV008_007,1030660
53136,636,0,CV008_007,1031296
53137,624,0,CV008_007,1031920
53138,616,0,CV008_007,1032536
53139,620,0,CV008_007,1033156
53140,620,0,CV008_007,1033776
53141,624,0,CV008_007,1034400
53142,620,0,CV008_007,1035020
53143,616,0,CV008_007,1035636
53144,684,1,CV008_007,1036320
53145,580,0,CV008_007,1036900
53146,636,0,CV008_007,1037536
53147,636,0,CV008_007,1038172
53148,624,0,CV008_007,1038796
53149,632,0,CV008_007,1039428
53150,624,0,CV008_007,1040052
53151,620,0,CV008_007,1040672
53152,620,0,CV008_007,1041292
53153,612,0,CV008_007,1041904
53154,620,0,CV008_007,1042524
53155,612,0,CV008_007,1043136
53156,608,0,CV008_007,1043744
53157,620,0,CV008_007,1044364
53158,612,0,CV008_007,1044976
53159,620,0,CV008_007,1045596
53160,616,0,CV008_007,1046212
53161,620,0,CV008_007,1046832
53162,628,0,CV008_007,1047460
53163,616,0,CV008_007,1048076
53164,628,0,CV008_007,1048704
53165,616,0,CV008_007,1049320
53166,616,0,CV008_007,1049936
53167,628,0,CV008_007,1050564
53168,616,0,CV008_007,1051180
53169,628,0,CV008_007,1051808
53170,620,0,CV008_007,1052428
53171,612,0,CV008_007,1053040
53172,616,0,CV008_007,1053656
53173,660,1,CV008_007,1054316
53174,572,0,CV008_007,1054888
53175,624,0,CV008_007,1055512
53176,616,0,CV008_007,1056128
53177,536,0,CV008_007,1056664
53178,708,0,CV008_007,1057372
53179,620,0,CV008_007,1057992
53180,624,0,CV008_007,1058616
53181,616,0,CV008_007,1059232
53182,624,0,CV008_007,1059856
53183,624,0,CV008_007,1060480
53184,616,0,CV008_007,1061096
53185,684,1,CV008_007,1061780
53186,580,0,CV008_007,1062360
53187,628,0,CV008_007,1062988
53188,632,0,CV008_007,1063620
53189,616,0,CV008_007,1064236
53190,632,0,CV008_007,1064868
53191,624,0,CV008_007,1065492
53192,616,0,CV008_007,1066108
53193,624,0,CV008_007,1066732
53194,616,0,CV008_007,1067348
53195,616,0,CV008_007,1067964
53196,612,0,CV008_007,1068576
53197,608,0,CV008_007,1069184
53198,616,0,CV008_007,1069800
53199,608,0,CV008_007,1070408
53200,604,0,CV008_007,1071012
53201,608,0,CV008_007,1071620
53202,604,0,CV008_007,1072224
53203,660,0,CV008_007,1072884
53204,564,0,CV008_007,1073448
53205,532,0,CV008_007,1073980
53206,700,0,CV008_007,1074680
53207,664,0,CV008_007,1075344
53208,560,0,CV008_007,1075904
53209,596,0,CV008_007,1076500
53210,520,0,CV008_007,1077020
53211,688,0,CV008_007,1077708
53212,600,0,CV008_007,1078308
53213,608,0,CV008_007,1078916
53214,600,0,CV008_007,1079516
53215,604,0,CV008_007,1080120
53216,608,0,CV008_007,1080728
53217,600,0,CV008_007,1081328
53218,620,0,CV008_007,1081948
53219,612,0,CV008_007,1082560
53220,624,0,CV008_007,1083184
53221,624,0,CV008_007,1083808
53222,616,0,CV008_007,1084424
53223,628,0,CV008_007,1085052
53224,628,0,CV008_007,1085680
53225,624,0,CV008_007,1086304
53226,628,0,CV008_007,1086932
53227,620,0,CV008_007,1087552
53228,624,0,CV008_007,1088176
53229,628,0,CV008_007,1088804
53230,548,0,CV008_007,1089352
53231,688,0,CV008_007,1090040
53232,612,0,CV008_007,1090652
53233,668,0,CV008_007,1091320
53234,564,0,CV008_007,1091884
53235,532,0,CV008_007,1092416
53236,692,0,CV008_007,1093108
53237,608,0,CV008_007,1093716
53238,632,0,CV008_007,1094348
53239,620,0,CV008_007,1094968
53240,620,0,CV008_007,1095588
53241,640,0,CV008_007,1096228
53242,632,0,CV008_007,1096860
53243,660,0,CV008_007,1097520
53244,648,0,CV008_007,1098168
53245,664,0,CV008_007,1098832
53246,660,0,CV008_007,1099492
53247,708,1,CV008_007,1100200
53248,600,0,CV008_007,1100800
53249,636,0,CV008_007,1101436
53250,640,0,CV008_007,1102076
53251,624,0,CV008_007,1102700
53252,632,0,CV008_007,1103332
53253,616,0,CV008_007,1103948
53254,612,0,CV008_007,1104560
53255,616,0,CV008_007,1105176
53256,608,0,CV008_007,1105784
53257,608,0,CV008_007,1106392
53258,604,0,CV008_007,1106996
53259,604,0,CV008_007,1107600
53260,608,0,CV008_007,1108208
53261,604,0,CV008_007,1108812
53262,624,0,CV008_007,1109436
53263,632,0,CV008_007,1110068
53264,628,0,CV008_007,1110696
53265,640,0,CV008_007,1111336
53266,628,0,CV008_007,1111964
53267,636,0,CV008_007,1112600
53268,632,0,CV008_007,1113232
53269,628,0,CV008_007,1113860
53270,636,0,CV008_007,1114496
53271,1256,0,CV008_007,1115752
53272,624,0,CV008_007,1116376
53273,616,0,CV008_007,1116992
53274,668,1,CV008_007,1117660
53275,572,0,CV008_007,1118232
53276,616,0,CV008_007,1118848
53277,624,0,CV008_007,1119472
53278,616,0,CV008_007,1120088
53279,624,0,CV008_007,1120712
53280,628,0,CV008_007,1121340
53281,628,0,CV008_007,1121968
53282,624,0,CV008_007,1122592
53283,620,0,CV008_007,1123212
53284,628,0,CV008_007,1123840
53285,616,0,CV008_007,1124456
53286,612,0,CV008_007,1125068
53287,616,0,CV008_007,1125684
53288,656,1,CV008_007,1126340
53289,568,0,CV008_007,1126908
53290,616,0,CV008_007,1127524
53291,612,0,CV008_007,1128136
53292,612,0,CV008_007,1128748
53293,604,0,CV008_007,1129352
53294,612,0,CV008_007,1129964
53295,604,0,CV008_007,1130568
53296,616,0,CV008_007,1131184
53297,604,0,CV008_007,1131788
53298,608,0,CV008_007,1132396
53299,1212,0,CV008_007,1133608
53300,600,0,CV008_007,1134208
53301,1200,0,CV008_007,1135408
53302,596,0,CV008_007,1136004
53303,604,0,CV008_007,1136608
53304,596,0,CV008_007,1137204
53305,604,0,CV008_007,1137808
53306,600,0,CV008_007,1138408
53307,608,0,CV008_007,1139016
53308,608,0,CV008_007,1139624
53309,604,0,CV008_007,1140228
53310,612,0,CV008_007,1140840
53311,524,0,CV008_007,1141364
53312,688,0,CV008_007,1142052
53313,612,0,CV008_007,1142664
53314,604,0,CV008_007,1143268
53315,604,0,CV008_007,1143872
53316,616,0,CV008_007,1144488
53317,616,0,CV008_007,1145104
53318,636,0,CV008_007,1145740
53319,628,0,CV008_007,1146368
53320,640,0,CV008_007,1147008
53321,636,0,CV008_007,1147644
53322,632,0,CV008_007,1148276
53323,636,0,CV008_007,1148912
53324,620,0,CV008_007,1149532
53325,632,0,CV008_007,1150164
53326,512,0,CV008_007,1150676
53327,740,0,CV008_007,1151416
53328,604,0,CV008_007,1152020
53329,632,0,CV008_007,1152652
53330,612,0,CV008_007,1153264
53331,604,0,CV008_007,1153868
53332,604,0,CV008_007,1154472
53333,612,0,CV008_007,1155084
53334,604,0,CV008_007,1155688
53335,1212,0,CV008_007,1156900
53336,604,0,CV008_007,1157504
53337,608,0,CV008_007,1158112
53338,604,0,CV008_007,1158716
53339,652,1,CV008_007,1159368
53340,556,0,CV008_007,1159924
53341,596,0,CV008_007,1160520
53342,604,0,CV008_007,1161124
53343,592,0,CV008_007,1161716
53344,1184,0,CV008_007,1162900
53345,588,0,CV008_007,1163488
53346,592,0,CV008_007,1164080
53347,588,0,CV008_007,1164668
53348,592,0,CV008_007,1165260
53349,592,0,CV008_007,1165852
53350,592,0,CV008_007,1166444
53351,592,0,CV008_007,1167036
53352,588,0,CV008_007,1167624
53353,596,0,CV008_007,1168220
53354,592,0,CV008_007,1168812
53355,588,0,CV008_007,1169400
53356,588,0,CV008_007,1169988
53357,588,0,CV008_007,1170576
53358,588,0,CV008_007,1171164
53359,636,0,CV008_007,1171800
53360,584,0,CV008_007,1172384
53361,544,0,CV008_007,1172928
53362,596,0,CV008_007,1173524
53363,588,0,CV008_007,1174112
53364,596,0,CV008_007,1174708
53365,588,0,CV008_007,1175296
53366,604,0,CV008_007,1175900
53367,600,0,CV008_007,1176500
53368,588,0,CV008_007,1177088
53369,600,0,CV008_007,1177688
53370,592,0,CV008_007,1178280
53371,592,0,CV008_007,1178872
53372,592,0,CV008_007,1179464
53373,588,0,CV008_007,1180052
53374,596,0,CV008_007,1180648
53375,588,0,CV008_007,1181236
53376,596,0,CV008_007,1181832
53377,592,0,CV008_007,1182424
53378,640,1,CV008_007,1183064
53379,552,0,CV008_007,1183616
53380,600,0,CV008_007,1184216
53381,604,0,CV008_007,1184820
53382,604,0,CV008_007,1185424
53383,600,0,CV008_007,1186024
53384,604,0,CV008_007,1186628
53385,600,0,CV008_007,1187228
53386,604,0,CV008_007,1187832
53387,596,0,CV008_007,1188428
53388,644,1,CV008_007,1189072
53389,548,0,CV008_007,1189620
53390,592,0,CV008_007,1190212
53391,596,0,CV008_007,1190808
53392,600,0,CV008_007,1191408
53393,596,0,CV008_007,1192004
53394,604,0,CV008_007,1192608
53395,604,0,CV008_007,1193212
53396,600,0,CV008_007,1193812
53397,600,0,CV008_007,1194412
53398,596,0,CV008_007,1195008
53399,600,0,CV008_007,1195608
53400,600,0,CV008_007,1196208
53401,608,0,CV008_007,1196816
53402,604,0,CV008_007,1197420
53403,604,0,CV008_007,1198024
53404,604,0,CV008_007,1198628
53405,608,0,CV008_007,1199236
53406,608,0,CV008_007,1199844
53407,608,0,CV008_007,1200452
53408,600,0,CV008_007,1201052
53409,604,0,CV008_007,1201656
53410,600,0,CV008_007,1202256
53411,596,0,CV008_007,1202852
53412,648,1,CV008_007,1203500
53413,544,0,CV008_007,1204044
53414,588,0,CV008_007,1204632
53415,588,0,CV008_007,1205220
53416,588,0,CV008_007,1205808
53417,584,0,CV008_007,1206392
53418,584,0,CV008_007,1206976
53419,584,0,CV008_007,1207560
53420,580,0,CV008_007,1208140
53421,580,0,CV008_007,1208720
53422,580,0,CV008_007,1209300
53423,576,0,CV008_007,1209876
53424,572,0,CV008_007,1210448
53425,580,0,CV008_007,1211028
53426,572,0,CV008_007,1211600
53427,568,0,CV008_007,1212168
53428,576,0,CV008_007,1212744
53429,568,0,CV008_007,1213312
53430,576,0,CV008_007,1213888
53431,568,0,CV008_007,1214456
53432,572,0,CV008_007,1215028
53433,568,0,CV008_007,1215596
53434,568,0,CV008_007,1216164
53435,568,0,CV008_007,1216732
53436,572,0,CV008_007,1217304
53437,568,0,CV008_007,1217872
53438,568,0,CV008_007,1218440
53439,568,0,CV008_007,1219008
53440,568,0,CV008_007,1219576
53441,564,0,CV008_007,1220140
53442,572,0,CV008_007,1220712
53443,568,0,CV008_007,1221280
53444,512,0,CV008_007,1221792
53445,620,0,CV008_007,1222412
53446,568,0,CV008_007,1222980
53447,528,0,CV008_007,1223508
53448,616,0,CV008_007,1224124
53449,572,0,CV008_007,1224696
53450,572,0,CV008_007,1225268
53451,564,0,CV008_007,1225832
53452,616,1,CV008_007,1226448
53453,508,0,CV008_007,1226956
53454,560,0,CV008_007,1227516
53455,556,0,CV008_007,1228072
53456,552,0,CV008_007,1228624
53457,556,0,CV008_007,1229180
53458,580,0,CV008_007,1229760
53459,596,0,CV008_007,1230356
53460,612,0,CV008_007,1230968
53461,624,0,CV008_007,1231592
53462,612,0,CV008_007,1232204
53463,624,0,CV008_007,1232828
53464,640,0,CV008_007,1233468
53465,624,0,CV008_007,1234092
53466,620,0,CV008_007,1234712
53467,612,0,CV008_007,1235324
53468,616,0,CV008_007,1235940
53469,604,0,CV008_007,1236544
53470,604,0,CV008_007,1237148
53471,600,0,CV008_007,1237748
53472,1192,0,CV008_007,1238940
53473,596,0,CV008_007,1239536
53474,592,0,CV008_007,1240128
53475,592,0,CV008_007,1240720
53476,596,0,CV008_007,1241316
53477,592,0,CV008_007,1241908
53478,588,0,CV008_007,1242496
53479,604,0,CV008_007,1243100
53480,604,0,CV008_007,1243704
53481,600,0,CV008_007,1244304
53482,608,0,CV008_007,1244912
53483,608,0,CV008_007,1245520
53484,600,0,CV008_007,1246120
53485,612,0,CV008_007,1246732
53486,676,1,CV008_007,1247408
53487,564,0,CV008_007,1247972
53488,624,0,CV008_007,1248596
53489,632,0,CV008_007,1249228
53490,624,0,CV008_007,1249852
53491,632,0,CV008_007,1250484
53492,636,0,CV008_007,1251120
53493,624,0,CV008_007,1251744
53494,680,1,CV008_007,1252424
53495,580,0,CV008_007,1253004
53496,628,0,CV008_007,1253632
53497,624,0,CV008_007,1254256
53498,640,0,CV008_007,1254896
53499,632,0,CV008_007,1255528
53500,628,0,CV008_007,1256156
53501,640,0,CV008_007,1256796
53502,632,0,CV008_007,1257428
53503,632,0,CV008_007,1258060
53504,640,0,CV008_007,1258700
53505,624,0,CV008_007,1259324
53506,636,0,CV008_007,1259960
53507,636,0,CV008_007,1260596
53508,624,0,CV008_007,1261220
53509,680,1,CV008_007,1261900
53510,584,0,CV008_007,1262484
53511,628,0,CV008_007,1263112
53512,624,0,CV008_007,1263736
53513,676,1,CV008_007,1264412
53514,568,0,CV008_007,1264980
53515,628,0,CV008_007,1265608
53516,624,0,CV008_007,1266232
53517,620,0,CV008_007,1266852
53518,628,0,CV008_007,1267480
53519,632,0,CV008_007,1268112
53520,620,0,CV008_007,1268732
53521,680,1,CV008_007,1269412
53522,568,0,CV008_007,1269980
53523,624,0,CV008_007,1270604
53524,624,0,CV008_007,1271228
53525,624,0,CV008_007,1271852
53526,616,0,CV008_007,1272468
53527,628,0,CV008_007,1273096
53528,608,0,CV008_007,1273704
53529,624,0,CV008_007,1274328
53530,620,0,CV008_007,1274948
53531,612,0,CV008_007,1275560
53532,628,0,CV008_007,1276188
53533,672,1,CV008_007,1276860
53534,568,0,CV008_007,1277428
53535,620,0,CV008_007,1278048
53536,612,0,CV008_007,1278660
53537,616,0,CV008_007,1279276
53538,620,0,CV008_007,1279896
53539,608,0,CV008_007,1280504
53540,608,0,CV008_007,1281112
53541,612,0,CV008_007,1281724
53542,600,0,CV008_007,1282324
53543,604,0,CV008_007,1282928
53544,612,0,CV008_007,1283540
53545,604,0,CV008_007,1284144
53546,620,0,CV008_007,1284764
53547,668,1,CV008_007,1285432
53548,560,0,CV008_007,1285992
53549,616,0,CV008_007,1286608
53550,616,0,CV008_007,1287224
53551,600,0,CV008_007,1287824
53552,612,0,CV008_007,1288436
53553,604,0,CV008_007,1289040
53554,596,0,CV008_007,1289636
53555,600,0,CV008_007,1290236
53556,596,0,CV008_007,1290832
53557,588,0,CV008_007,1291420
53558,592,0,CV008_007,1292012
53559,588,0,CV008_007,1292600
53560,588,0,CV008_007,1293188
53561,592,0,CV008_007,1293780
53562,1176,0,CV008_007,1294956
53563,596,0,CV008_007,1295552
53564,596,0,CV008_007,1296148
53565,592,0,CV008_007,1296740
53566,604,0,CV008_007,1297344
53567,612,0,CV008_007,1297956
53568,608,0,CV008_007,1298564
53569,620,0,CV008_007,1299184
53570,620,0,CV008_007,1299804
53571,620,0,CV008_007,1300424
53572,632,0,CV008_007,1301056
53573,640,0,CV008_007,1301696
53574,628,0,CV008_007,1302324
53575,644,0,CV008_007,1302968
53576,640,0,CV008_007,1303608
53577,628,0,CV008_007,1304236
53578,636,0,CV008_007,1304872
53579,624,0,CV008_007,1305496
53580,628,0,CV008_007,1306124
53581,624,0,CV008_007,1306748
53582,616,0,CV008_007,1307364
53583,624,0,CV008_007,1307988
53584,628,0,CV008_007,1308616
53585,616,0,CV008_007,1309232
53586,620,0,CV008_007,1309852
53587,628,0,CV008_007,1310480
53588,620,0,CV008_007,1311100
53589,520,0,CV008_007,1311620
53590,1388,0,CV008_007,1313008
53591,640,0,CV008_007,1313648
53592,636,0,CV008_007,1314284
53593,628,0,CV008_007,1314912
53594,636,0,CV008_007,1315548
53595,640,0,CV008_007,1316188
53596,624,0,CV008_007,1316812
53597,648,0,CV008_007,1317460
53598,640,0,CV008_007,1318100
53599,636,0,CV008_007,1318736
53600,696,1,CV008_007,1319432
53601,584,0,CV008_007,1320016
53602,624,0,CV008_007,1320640
53603,632,0,CV008_007,1321272
53604,620,0,CV008_007,1321892
53605,620,0,CV008_007,1322512
53606,1264,0,CV008_007,1323776
53607,672,0,CV008_007,1324448
53608,588,0,CV008_007,1325036
53609,636,0,CV008_007,1325672
53610,624,0,CV008_007,1326296
53611,636,0,CV008_007,1326932
53612,640,0,CV008_007,1327572
53613,632,0,CV008_007,1328204
53614,648,0,CV008_007,1328852
53615,656,0,CV008_007,1329508
53616,636,0,CV008_007,1330144
53617,656,0,CV008_007,1330800
53618,660,0,CV008_007,1331460
53619,644,0,CV008_007,1332104
53620,644,0,CV008_007,1332748
53621,700,0,CV008_007,1333448
53622,592,0,CV008_007,1334040
53623,632,0,CV008_007,1334672
53624,1264,0,CV008_007,1335936
53625,624,0,CV008_007,1336560
53626,624,0,CV008_007,1337184
53627,620,0,CV008_007,1337804
53628,668,1,CV008_007,1338472
53629,592,0,CV008_007,1339064
53630,644,0,CV008_007,1339708
53631,632,0,CV008_007,1340340
53632,664,0,CV008_007,1341004
53633,648,0,CV008_007,1341652
53634,636,0,CV008_007,1342288
53635,644,0,CV008_007,1342932
53636,636,0,CV008_007,1343568
53637,632,0,CV008_007,1344200
53638,624,0,CV008_007,1344824
53639,544,0,CV008_007,1345368
53640,708,0,CV008_007,1346076
53641,620,0,CV008_007,1346696
53642,624,0,CV008_007,1347320
53643,612,0,CV008_007,1347932
53644,608,0,CV008_007,1348540
53645,608,0,CV008_007,1349148
53646,604,0,CV008_007,1349752
53647,608,0,CV008_007,1350360
53648,604,0,CV008_007,1350964
53649,596,0,CV008_007,1351560
53650,652,1,CV008_007,1352212
53651,548,0,CV008_007,1352760
53652,592,0,CV008_007,1353352
53653,596,0,CV008_007,1353948
53654,592,0,CV008_007,1354540
53655,588,0,CV008_007,1355128
53656,592,0,CV008_007,1355720
53657,584,0,CV008_007,1356304
53658,584,0,CV008_007,1356888
53659,584,0,CV008_007,1357472
53660,576,0,CV008_007,1358048
53661,580,0,CV008_007,1358628
53662,580,0,CV008_007,1359208
53663,572,0,CV008_007,1359780
53664,580,0,CV008_007,1360360
53665,572,0,CV008_007,1360932
53666,568,0,CV008_007,1361500
53667,580,0,CV008_007,1362080
53668,628,0,CV008_007,1362708
53669,524,0,CV008_007,1363232
53670,580,0,CV008_007,1363812
53671,640,0,CV008_007,1364452
53672,532,0,CV008_007,1364984
53673,588,0,CV008_007,1365572
53674,588,0,CV008_007,1366160
53675,584,0,CV008_007,1366744
53676,584,0,CV008_007,1367328
53677,588,0,CV008_007,1367916
53678,580,0,CV008_007,1368496
53679,584,0,CV008_007,1369080
53680,584,0,CV008_007,1369664
53681,572,0,CV008_007,1370236
53682,580,0,CV008_007,1370816
53683,576,0,CV008_007,1371392
53684,576,0,CV008_007,1371968
53685,572,0,CV008_007,1372540
53686,576,0,CV008_007,1373116
53687,572,0,CV008_007,1373688
53688,572,0,CV008_007,1374260
53689,572,0,CV008_007,1374832
53690,564,0,CV008_007,1375396
53691,572,0,CV008_007,1375968
53692,576,0,CV008_007,1376544
53693,572,0,CV008_007,1377116
53694,572,0,CV008_007,1377688
53695,576,0,CV008_007,1378264
53696,572,0,CV008_007,1378836
53697,556,0,CV008_007,1379392
53698,592,0,CV008_007,1379984
53699,572,0,CV008_007,1380556
53700,572,0,CV008_007,1381128
53701,580,0,CV008_007,1381708
53702,580,0,CV008_007,1382288
53703,576,0,CV008_007,1382864
53704,584,0,CV008_007,1383448
53705,580,0,CV008_007,1384028
53706,580,0,CV008_007,1384608
53707,588,0,CV008_007,1385196
53708,576,0,CV008_007,1385772
53709,580,0,CV008_007,1386352
53710,584,0,CV008_007,1386936
53711,580,0,CV008_007,1387516
53712,572,0,CV008_007,1388088
53713,576,0,CV008_007,1388664
53714,572,0,CV008_007,1389236
53715,564,0,CV008_007,1389800
53716,576,0,CV008_007,1390376
53717,568,0,CV008_007,1390944
53718,564,0,CV008_007,1391508
53719,628,1,CV008_007,1392136
53720,524,0,CV008_007,1392660
53721,572,0,CV008_007,1393232
53722,576,0,CV008_007,1393808
53723,580,0,CV008_007,1394388
53724,572,0,CV008_007,1394960
53725,584,0,CV008_007,1395544
53726,580,0,CV008_007,1396124
53727,580,0,CV008_007,1396704
53728,1184,0,CV008_007,1397888
53729,592,0,CV008_007,1398480
53730,584,0,CV008_007,1399064
53731,592,0,CV008_007,1399656
53732,592,0,CV008_007,1400248
53733,580,0,CV008_007,1400828
53734,576,0,CV008_007,1401404
53735,608,0,CV008_007,1402012
53736,580,0,CV008_007,1402592
53737,588,0,CV008_007,1403180
53738,588,0,CV008_007,1403768
53739,584,0,CV008_007,1404352
53740,588,0,CV008_007,1404940
53741,588,0,CV008_007,1405528
53742,580,0,CV008_007,1406108
53743,584,0,CV008_007,1406692
53744,588,0,CV008_007,1407280
53745,588,0,CV008_007,1407868
53746,628,1,CV008_007,1408496
53747,544,0,CV008_007,1409040
53748,592,0,CV008_007,1409632
53749,580,0,CV008_007,1410212
53750,592,0,CV008_007,1410804
53751,592,0,CV008_007,1411396
53752,584,0,CV008_007,1411980
53753,592,0,CV008_007,1412572
53754,592,0,CV008_007,1413164
53755,584,0,CV008_007,1413748
53756,584,0,CV008_007,1414332
53757,588,0,CV008_007,1414920
53758,584,0,CV008_007,1415504
53759,576,0,CV008_007,1416080
53760,584,0,CV008_007,1416664
53761,580,0,CV008_007,1417244
53762,572,0,CV008_007,1417816
53763,588,0,CV008_007,1418404
53764,584,0,CV008_007,1418988
53765,576,0,CV008_007,1419564
53766,588,0,CV008_007,1420152
53767,588,0,CV008_007,1420740
53768,588,0,CV008_007,1421328
53769,600,0,CV008_007,1421928
53770,604,0,CV008_007,1422532
53771,596,0,CV008_007,1423128
53772,612,0,CV008_007,1423740
53773,624,0,CV008_007,1424364
53774,608,0,CV008_007,1424972
53775,624,0,CV008_007,1425596
53776,620,0,CV008_007,1426216
53777,608,0,CV008_007,1426824
53778,1220,0,CV008_007,1428044
53779,600,0,CV008_007,1428644
53780,600,0,CV008_007,1429244
53781,592,0,CV008_007,1429836
53782,1200,0,CV008_007,1431036
53783,596,0,CV008_007,1431632
53784,592,0,CV008_007,1432224
53785,596,0,CV008_007,1432820
53786,592,0,CV008_007,1433412
53787,588,0,CV008_007,1434000
53788,592,0,CV008_007,1434592
53789,592,0,CV008_007,1435184
53790,584,0,CV008_007,1435768
53791,584,0,CV008_007,1436352
53792,584,0,CV008_007,1436936
53793,588,0,CV008_007,1437524
53794,580,0,CV008_007,1438104
53795,584,0,CV008_007,1438688
53796,576,0,CV008_007,1439264
53797,576,0,CV008_007,1439840
53798,580,0,CV008_007,1440420
53799,576,0,CV008_007,1440996
53800,576,0,CV008_007,1441572
53801,572,0,CV008_007,1442144
53802,572,0,CV008_007,1442716
53803,572,0,CV008_007,1443288
53804,572,0,CV008_007,1443860
53805,1148,0,CV008_007,1445008
53806,576,0,CV008_007,1445584
53807,580,0,CV008_007,1446164
53808,576,0,CV008_007,1446740
53809,576,0,CV008_007,1447316
53810,580,0,CV008_007,1447896
53811,628,1,CV008_007,1448524
53812,524,0,CV008_007,1449048
53813,580,0,CV008_007,1449628
53814,576,0,CV008_007,1450204
53815,572,0,CV008_007,1450776
53816,576,0,CV008_007,1451352
53817,576,0,CV008_007,1451928
53818,572,0,CV008_007,1452500
53819,568,0,CV008_007,1453068
53820,572,0,CV008_007,1453640
53821,576,0,CV008_007,1454216
53822,572,0,CV008_007,1454788
53823,572,0,CV008_007,1455360
53824,576,0,CV008_007,1455936
53825,576,0,CV008_007,1456512
53826,576,0,CV008_007,1457088
53827,576,0,CV008_007,1457664
53828,576,0,CV008_007,1458240
53829,576,0,CV008_007,1458816
53830,584,0,CV008_007,1459400
53831,584,0,CV008_007,1459984
53832,580,0,CV008_007,1460564
53833,588,0,CV008_007,1461152
53834,588,0,CV008_007,1461740
53835,580,0,CV008_007,1462320
53836,584,0,CV008_007,1462904
53837,632,1,CV008_007,1463536
53838,532,0,CV008_007,1464068
53839,580,0,CV008_007,1464648
53840,580,0,CV008_007,1465228
53841,580,0,CV008_007,1465808
53842,576,0,CV008_007,1466384
53843,580,0,CV008_007,1466964
53844,576,0,CV008_007,1467540
53845,572,0,CV008_007,1468112
53846,576,0,CV008_007,1468688
53847,580,0,CV008_007,1469268
53848,580,0,CV008_007,1469848
53849,580,0,CV008_007,1470428
53850,592,0,CV008_007,1471020
53851,592,0,CV008_007,1471612
53852,592,0,CV008_007,1472204
53853,596,0,CV008_007,1472800
53854,600,0,CV008_007,1473400
53855,588,0,CV008_007,1473988
53856,596,0,CV008_007,1474584
53857,592,0,CV008_007,1475176
53858,588,0,CV008_007,1475764
53859,592,0,CV008_007,1476356
53860,580,0,CV008_007,1476936
53861,580,0,CV008_007,1477516
53862,576,0,CV008_007,1478092
53863,580,0,CV008_007,1478672
53864,580,0,CV008_007,1479252
53865,572,0,CV008_007,1479824
53866,572,0,CV008_007,1480396
53867,580,0,CV008_007,1480976
53868,576,0,CV008_007,1481552
53869,572,0,CV008_007,1482124
53870,576,0,CV008_007,1482700
53871,572,0,CV008_007,1483272
53872,576,0,CV008_007,1483848
53873,572,0,CV008_007,1484420
53874,572,0,CV008_007,1484992
53875,572,0,CV008_007,1485564
53876,572,0,CV008_007,1486136
53877,568,0,CV008_007,1486704
53878,568,0,CV008_007,1487272
53879,568,0,CV008_007,1487840
53880,560,0,CV008_007,1488400
53881,564,0,CV008_007,1488964
53882,560,0,CV008_007,1489524
53883,556,0,CV008_007,1490080
53884,552,0,CV008_007,1490632
53885,556,0,CV008_007,1491188
53886,548,0,CV008_007,1491736
53887,548,0,CV008_007,1492284
53888,552,0,CV008_007,1492836
53889,544,0,CV008_007,1493380
53890,556,0,CV008_007,1493936
53891,608,1,CV008_007,1494544
53892,500,0,CV008_007,1495044
53893,548,0,CV008_007,1495592
53894,556,0,CV008_007,1496148
53895,560,0,CV008_007,1496708
53896,556,0,CV008_007,1497264
53897,556,0,CV008_007,1497820
53898,552,0,CV008_007,1498372
53899,556,0,CV008_007,1498928
53900,1108,0,CV008_007,1500036
53901,556,0,CV008_007,1500592
53902,556,0,CV008_007,1501148
53903,548,0,CV008_007,1501696
53904,556,0,CV008_007,1502252
53905,556,0,CV008_007,1502808
53906,548,0,CV008_007,1503356
53907,552,0,CV008_007,1503908
53908,552,0,CV008_007,1504460
53909,560,0,CV008_007,1505020
53910,560,0,CV008_007,1505580
53911,556,0,CV008_007,1506136
53912,560,0,CV008_007,1506696
53913,552,0,CV008_007,1507248
53914,560,0,CV008_007,1507808
53915,556,0,CV008_007,1508364
53916,556,0,CV008_007,1508920
53917,1120,0,CV008_007,1510040
53918,560,0,CV008_007,1510600
53919,560,0,CV008_007,1511160
53920,556,0,CV008_007,1511716
53921,560,0,CV008_007,1512276
53922,560,0,CV008_007,1512836
53923,552,0,CV008_007,1513388
53924,560,0,CV008_007,1513948
53925,604,1,CV008_007,1514552
53926,504,0,CV008_007,1515056
53927,552,0,CV008_007,1515608
53928,552,0,CV008_007,1516160
53929,552,0,CV008_007,1516712
53930,556,0,CV008_007,1517268
53931,552,0,CV008_007,1517820
53932,624,0,CV008_008,624
53933,620,0,CV008_008,1244
53934,616,0,CV008_008,1860
53935,608,0,CV008_008,2468
53936,664,1,CV008_008,3132
53937,560,0,CV008_008,3692
53938,612,0,CV008_008,4304
53939,608,0,CV008_008,4912
53940,620,0,CV008_008,5532
53941,620,0,CV008_008,6152
53942,616,0,CV008_008,6768
53943,620,0,CV008_008,7388
53944,628,0,CV008_008,8016
53945,628,0,CV008_008,8644
53946,624,0,CV008_008,9268
53947,628,0,CV008_008,9896
53948,632,0,CV008_008,10528
53949,632,0,CV008_008,11160
53950,620,0,CV008_008,11780
53951,624,0,CV008_008,12404
53952,620,0,CV008_008,13024
53953,620,0,CV008_008,13644
53954,612,0,CV008_008,14256
53955,620,0,CV008_008,14876
53956,620,0,CV008_008,15496
53957,616,0,CV008_008,16112
53958,680,0,CV008_008,16792
53959,632,0,CV008_008,17424
53960,580,0,CV008_008,18004
53961,628,0,CV008_008,18632
53962,628,0,CV008_008,19260
53963,676,0,CV008_008,19936
53964,576,0,CV008_008,20512
53965,612,0,CV008_008,21124
53966,672,0,CV008_008,21796
53967,616,0,CV008_008,22412
53968,564,0,CV008_008,22976
53969,664,0,CV008_008,23640
53970,624,0,CV008_008,24264
53971,1196,0,CV008_008,25460
53972,632,0,CV008_008,26092
53973,688,0,CV008_008,26780
53974,632,0,CV008_008,27412
53975,580,0,CV008_008,27992
53976,640,0,CV008_008,28632
53977,636,0,CV008_008,29268
53978,636,0,CV008_008,29904
53979,628,0,CV008_008,30532
53980,636,0,CV008_008,31168
53981,636,0,CV008_008,31804
53982,632,0,CV008_008,32436
53983,636,0,CV008_008,33072
53984,636,0,CV008_008,33708
53985,1272,0,CV008_008,34980
53986,640,0,CV008_008,35620
53987,644,0,CV008_008,36264
53988,632,0,CV008_008,36896
53989,684,0,CV008_008,37580
53990,588,0,CV008_008,38168
53991,688,0,CV008_008,38856
53992,580,0,CV008_008,39436
53993,684,0,CV008_008,40120
53994,636,0,CV008_008,40756
53995,340,0,CV008_008,41096
53996,872,0,CV008_008,41968
53997,184,0,CV008_008,42152
53998,512,0,CV008_008,42664
53999,580,0,CV008_008,43244
54000,632,0,CV008_008,43876
54001,644,0,CV008_008,44520
54002,248,0,CV008_008,44768
54003,444,0,CV008_008,45212
54004,592,0,CV008_008,45804
54005,52,0,CV008_008,45856
54006,592,0,CV008_008,46448
54007,636,0,CV008_008,47084
54008,640,0,CV008_008,47724
54009,1320,0,CV008_008,49044
54010,584,0,CV008_008,49628
54011,636,0,CV008_008,50264
54012,628,0,CV008_008,50892
54013,640,0,CV008_008,51532
54014,644,0,CV008_008,52176
54015,636,0,CV008_008,52812
54016,636,0,CV008_008,53448
54017,544,0,CV008_008,53992
54018,780,0,CV008_008,54772
54019,1252,0,CV008_008,56024
54020,584,0,CV008_008,56608
54021,624,0,CV008_008,57232
54022,628,0,CV008_008,57860
54023,632,0,CV008_008,58492
54024,644,0,CV008_008,59136
54025,652,0,CV008_008,59788
54026,652,0,CV008_008,60440
54027,652,0,CV008_008,61092
54028,660,0,CV008_008,61752
54029,664,0,CV008_008,62416
54030,652,0,CV008_008,63068
54031,468,0,CV008_008,63536
54032,168,0,CV008_008,63704
54033,1292,0,CV008_008,64996
54034,640,0,CV008_008,65636
54035,628,0,CV008_008,66264
54036,628,0,CV008_008,66892
54037,440,0,CV008_008,67332
54038,240,0,CV008_008,67572
54039,456,0,CV008_008,68028
54040,164,0,CV008_008,68192
54041,224,0,CV008_008,68416
54042,360,0,CV008_008,68776
54043,632,0,CV008_008,69408
54044,624,0,CV008_008,70032
54045,116,0,CV008_008,70148
54046,512,0,CV008_008,70660
54047,632,0,CV008_008,71292
54048,148,0,CV008_008,71440
54049,268,0,CV008_008,71708
54050,852,0,CV008_008,72560
54051,636,0,CV008_008,73196
54052,636,0,CV008_008,73832
54053,448,0,CV008_008,74280
54054,192,0,CV008_008,74472
54055,152,0,CV008_008,74624
54056,384,0,CV008_008,75008
54057,92,0,CV008_008,75100
54058,236,0,CV008_008,75336
54059,396,0,CV008_008,75732
54060,476,0,CV008_008,76208
54061,788,0,CV008_008,76996
54062,636,0,CV008_008,77632
54063,632,0,CV008_008,78264
54064,628,0,CV008_008,78892
54065,636,0,CV008_008,79528
54066,636,0,CV008_008,80164
54067,632,0,CV008_008,80796
54068,644,0,CV008_008,81440
54069,640,0,CV008_008,82080
54070,632,0,CV008_008,82712
54071,1280,0,CV008_008,83992
54072,628,0,CV008_008,84620
54073,628,0,CV008_008,85248
54074,628,0,CV008_008,85876
54075,612,0,CV008_008,86488
54076,620,0,CV008_008,87108
54077,624,0,CV008_008,87732
54078,620,0,CV008_008,88352
54079,676,1,CV008_008,89028
54080,580,0,CV008_008,89608
54081,624,0,CV008_008,90232
54082,636,0,CV008_008,90868
54083,556,0,CV008_008,91424
54084,684,0,CV008_008,92108
54085,624,0,CV008_008,92732
54086,448,0,CV008_008,93180
54087,648,0,CV008_008,93828
54088,152,0,CV008_008,93980
54089,1260,0,CV008_008,95240
54090,624,0,CV008_008,95864
54091,492,0,CV008_008,96356
54092,140,0,CV008_008,96496
54093,632,0,CV008_008,97128
54094,224,0,CV008_008,97352
54095,408,0,CV008_008,97760
54096,1268,0,CV008_008,99028
54097,636,0,CV008_008,99664
54098,636,0,CV008_008,100300
54099,636,0,CV008_008,100936
54100,636,0,CV008_008,101572
54101,636,0,CV008_008,102208
54102,144,0,CV008_008,102352
54103,484,0,CV008_008,102836
54104,632,0,CV008_008,103468
54105,628,0,CV008_008,104096
54106,252,0,CV008_008,104348
54107,372,0,CV008_008,104720
54108,624,0,CV008_008,105344
54109,628,0,CV008_008,105972
54110,624,0,CV008_008,106596
54111,624,0,CV008_008,107220
54112,128,0,CV008_008,107348
54113,500,0,CV008_008,107848
54114,632,0,CV008_008,108480
54115,628,0,CV008_008,109108
54116,248,0,CV008_008,109356
54117,372,0,CV008_008,109728
54118,624,0,CV008_008,110352
54119,628,0,CV008_008,110980
54120,672,0,CV008_008,111652
54121,576,0,CV008_008,112228
54122,688,0,CV008_008,112916
54123,584,0,CV008_008,113500
54124,628,0,CV008_008,114128
54125,688,0,CV008_008,114816
54126,628,0,CV008_008,115444
54127,576,0,CV008_008,116020
54128,624,0,CV008_008,116644
54129,624,0,CV008_008,117268
54130,668,0,CV008_008,117936
54131,568,0,CV008_008,118504
54132,676,0,CV008_008,119180
54133,576,0,CV008_008,119756
54134,620,0,CV008_008,120376
54135,688,0,CV008_008,121064
54136,592,0,CV008_008,121656
54137,636,0,CV008_008,122292
54138,644,0,CV008_008,122936
54139,644,0,CV008_008,123580
54140,648,0,CV008_008,124228
54141,640,0,CV008_008,124868
54142,648,0,CV008_008,125516
54143,648,0,CV008_008,126164
54144,640,0,CV008_008,126804
54145,648,0,CV008_008,127452
54146,640,0,CV008_008,128092
54147,640,0,CV008_008,128732
54148,640,0,CV008_008,129372
54149,648,0,CV008_008,130020
54150,636,0,CV008_008,130656
54151,644,0,CV008_008,131300
54152,652,0,CV008_008,131952
54153,640,0,CV008_008,132592
54154,644,0,CV008_008,133236
54155,696,0,CV008_008,133932
54156,596,0,CV008_008,134528
54157,640,0,CV008_008,135168
54158,696,0,CV008_008,135864
54159,600,0,CV008_008,136464
54160,640,0,CV008_008,137104
54161,644,0,CV008_008,137748
54162,1276,0,CV008_008,139024
54163,632,0,CV008_008,139656
54164,628,0,CV008_008,140284
54165,636,0,CV008_008,140920
54166,632,0,CV008_008,141552
54167,680,0,CV008_008,142232
54168,636,0,CV008_008,142868
54169,632,0,CV008_008,143500
54170,584,0,CV008_008,144084
54171,632,0,CV008_008,144716
54172,640,0,CV008_008,145356
54173,632,0,CV008_008,145988
54174,636,0,CV008_008,146624
54175,636,0,CV008_008,147260
54176,636,0,CV008_008,147896
54177,636,0,CV008_008,148532
54178,636,0,CV008_008,149168
54179,684,0,CV008_008,149852
54180,636,0,CV008_008,150488
54181,576,0,CV008_008,151064
54182,632,0,CV008_008,151696
54183,632,0,CV008_008,152328
54184,628,0,CV008_008,152956
54185,628,0,CV008_008,153584
54186,636,0,CV008_008,154220
54187,624,0,CV008_008,154844
54188,624,0,CV008_008,155468
54189,624,0,CV008_008,156092
54190,624,0,CV008_008,156716
54191,620,0,CV008_008,157336
54192,664,0,CV008_008,158000
54193,620,0,CV008_008,158620
54194,624,0,CV008_008,159244
54195,624,0,CV008_008,159868
54196,628,0,CV008_008,160496
54197,628,0,CV008_008,161124
54198,632,0,CV008_008,161756
54199,572,0,CV008_008,162328
54200,632,0,CV008_008,162960
54201,628,0,CV008_008,163588
54202,620,0,CV008_008,164208
54203,628,0,CV008_008,164836
54204,676,1,CV008_008,165512
54205,572,0,CV008_008,166084
54206,616,0,CV008_008,166700
54207,620,0,CV008_008,167320
54208,620,0,CV008_008,167940
54209,624,0,CV008_008,168564
54210,620,0,CV008_008,169184
54211,620,0,CV008_008,169804
54212,672,1,CV008_008,170476
54213,572,0,CV008_008,171048
54214,624,0,CV008_008,171672
54215,624,0,CV008_008,172296
54216,620,0,CV008_008,172916
54217,616,0,CV008_008,173532
54218,624,0,CV008_008,174156
54219,668,1,CV008_008,174824
54220,564,0,CV008_008,175388
54221,612,0,CV008_008,176000
54222,612,0,CV008_008,176612
54223,608,0,CV008_008,177220
54224,612,0,CV008_008,177832
54225,660,1,CV008_008,178492
54226,564,0,CV008_008,179056
54227,608,0,CV008_008,179664
54228,612,0,CV008_008,180276
54229,616,0,CV008_008,180892
54230,612,0,CV008_008,181504
54231,612,0,CV008_008,182116
54232,668,1,CV008_008,182784
54233,568,0,CV008_008,183352
54234,616,0,CV008_008,183968
54235,616,0,CV008_008,184584
54236,616,0,CV008_008,185200
54237,620,0,CV008_008,185820
54238,1232,0,CV008_008,187052
54239,620,0,CV008_008,187672
54240,616,0,CV008_008,188288
54241,620,0,CV008_008,188908
54242,620,0,CV008_008,189528
54243,620,0,CV008_008,190148
54244,616,0,CV008_008,190764
54245,624,0,CV008_008,191388
54246,620,0,CV008_008,192008
54247,620,0,CV008_008,192628
54248,620,0,CV008_008,193248
54249,624,0,CV008_008,193872
54250,616,0,CV008_008,194488
54251,616,0,CV008_008,195104
54252,672,1,CV008_008,195776
54253,572,0,CV008_008,196348
54254,620,0,CV008_008,196968
54255,628,0,CV008_008,197596
54256,680,0,CV008_008,198276
54257,576,0,CV008_008,198852
54258,680,0,CV008_008,199532
54259,580,0,CV008_008,200112
54260,628,0,CV008_008,200740
54261,624,0,CV008_008,201364
54262,632,0,CV008_008,201996
54263,624,0,CV008_008,202620
54264,624,0,CV008_008,203244
54265,628,0,CV008_008,203872
54266,628,0,CV008_008,204500
54267,624,0,CV008_008,205124
54268,540,0,CV008_008,205664
54269,724,0,CV008_008,206388
54270,676,0,CV008_008,207064
54271,580,0,CV008_008,207644
54272,632,0,CV008_008,208276
54273,624,0,CV008_008,208900
54274,620,0,CV008_008,209520
54275,636,0,CV008_008,210156
54276,632,0,CV008_008,210788
54277,628,0,CV008_008,211416
54278,1284,0,CV008_008,212700
54279,636,0,CV008_008,213336
54280,628,0,CV008_008,213964
54281,640,0,CV008_008,214604
54282,640,0,CV008_008,215244
54283,636,0,CV008_008,215880
54284,520,0,CV008_008,216400
54285,820,0,CV008_008,217220
54286,592,0,CV008_008,217812
54287,692,0,CV008_008,218504
54288,604,0,CV008_008,219108
54289,652,0,CV008_008,219760
54290,652,0,CV008_008,220412
54291,1328,0,CV008_008,221740
54292,648,0,CV008_008,222388
54293,1300,0,CV008_008,223688
54294,640,0,CV008_008,224328
54295,644,0,CV008_008,224972
54296,644,0,CV008_008,225616
54297,660,0,CV008_008,226276
54298,672,0,CV008_008,226948
54299,680,0,CV008_008,227628
54300,684,0,CV008_008,228312
54301,688,0,CV008_008,229000
54302,556,0,CV008_008,229556
54303,796,0,CV008_008,230352
54304,664,0,CV008_008,231016
54305,580,0,CV008_008,231596
54306,732,0,CV008_008,232328
54307,652,0,CV008_008,232980
54308,696,0,CV008_008,233676
54309,592,0,CV008_008,234268
54310,648,0,CV008_008,234916
54311,652,0,CV008_008,235568
54312,656,0,CV008_008,236224
54313,652,0,CV008_008,236876
54314,660,0,CV008_008,237536
54315,660,0,CV008_008,238196
54316,656,0,CV008_008,238852
54317,660,0,CV008_008,239512
54318,656,0,CV008_008,240168
54319,704,0,CV008_008,240872
54320,652,0,CV008_008,241524
54321,648,0,CV008_008,242172
54322,600,0,CV008_008,242772
54323,648,0,CV008_008,243420
54324,644,0,CV008_008,244064
54325,640,0,CV008_008,244704
54326,640,0,CV008_008,245344
54327,640,0,CV008_008,245984
54328,644,0,CV008_008,246628
54329,636,0,CV008_008,247264
54330,636,0,CV008_008,247900
54331,636,0,CV008_008,248536
54332,632,0,CV008_008,249168
54333,632,0,CV008_008,249800
54334,636,0,CV008_008,250436
54335,640,0,CV008_008,251076
54336,632,0,CV008_008,251708
54337,644,0,CV008_008,252352
54338,648,0,CV008_008,253000
54339,640,0,CV008_008,253640
54340,652,0,CV008_008,254292
54341,652,0,CV008_008,254944
54342,648,0,CV008_008,255592
54343,652,0,CV008_008,256244
54344,652,0,CV008_008,256896
54345,648,0,CV008_008,257544
54346,640,0,CV008_008,258184
54347,648,0,CV008_008,258832
54348,696,1,CV008_008,259528
54349,596,0,CV008_008,260124
54350,648,0,CV008_008,260772
54351,648,0,CV008_008,261420
54352,636,0,CV008_008,262056
54353,644,0,CV008_008,262700
54354,644,0,CV008_008,263344
54355,640,0,CV008_008,263984
54356,648,0,CV008_008,264632
54357,644,0,CV008_008,265276
54358,640,0,CV008_008,265916
54359,692,0,CV008_008,266608
54360,596,0,CV008_008,267204
54361,700,0,CV008_008,267904
54362,640,0,CV008_008,268544
54363,592,0,CV008_008,269136
54364,640,0,CV008_008,269776
54365,632,0,CV008_008,270408
54366,636,0,CV008_008,271044
54367,636,0,CV008_008,271680
54368,628,0,CV008_008,272308
54369,624,0,CV008_008,272932
54370,680,1,CV008_008,273612
54371,576,0,CV008_008,274188
54372,628,0,CV008_008,274816
54373,628,0,CV008_008,275444
54374,676,1,CV008_008,276120
54375,572,0,CV008_008,276692
54376,624,0,CV008_008,277316
54377,624,0,CV008_008,277940
54378,628,0,CV008_008,278568
54379,624,0,CV008_008,279192
54380,632,0,CV008_008,279824
54381,1272,0,CV008_008,281096
54382,632,0,CV008_008,281728
54383,632,0,CV008_008,282360
54384,636,0,CV008_008,282996
54385,624,0,CV008_008,283620
54386,624,0,CV008_008,284244
54387,628,0,CV008_008,284872
54388,676,1,CV008_008,285548
54389,572,0,CV008_008,286120
54390,624,0,CV008_008,286744
54391,620,0,CV008_008,287364
54392,620,0,CV008_008,287984
54393,616,0,CV008_008,288600
54394,624,0,CV008_008,289224
54395,620,0,CV008_008,289844
54396,616,0,CV008_008,290460
54397,628,0,CV008_008,291088
54398,672,1,CV008_008,291760
54399,576,0,CV008_008,292336
54400,620,0,CV008_008,292956
54401,628,0,CV008_008,293584
54402,628,0,CV008_008,294212
54403,624,0,CV008_008,294836
54404,624,0,CV008_008,295460
54405,516,0,CV008_008,295976
54406,736,0,CV008_008,296712
54407,620,0,CV008_008,297332
54408,624,0,CV008_008,297956
54409,624,0,CV008_008,298580
54410,620,0,CV008_008,299200
54411,620,0,CV008_008,299820
54412,628,0,CV008_008,300448
54413,624,0,CV008_008,301072
54414,620,0,CV008_008,301692
54415,632,0,CV008_008,302324
54416,636,0,CV008_008,302960
54417,628,0,CV008_008,303588
54418,632,0,CV008_008,304220
54419,628,0,CV008_008,304848
54420,1252,0,CV008_008,306100
54421,624,0,CV008_008,306724
54422,624,0,CV008_008,307348
54423,628,0,CV008_008,307976
54424,628,0,CV008_008,308604
54425,632,0,CV008_008,309236
54426,628,0,CV008_008,309864
54427,1256,0,CV008_008,311120
54428,628,0,CV008_008,311748
54429,628,0,CV008_008,312376
54430,632,0,CV008_008,313008
54431,628,0,CV008_008,313636
54432,628,0,CV008_008,314264
54433,624,0,CV008_008,314888
54434,680,1,CV008_008,315568
54435,580,0,CV008_008,316148
54436,624,0,CV008_008,316772
54437,636,0,CV008_008,317408
54438,628,0,CV008_008,318036
54439,632,0,CV008_008,318668
54440,628,0,CV008_008,319296
54441,636,0,CV008_008,319932
54442,636,0,CV008_008,320568
54443,628,0,CV008_008,321196
54444,636,0,CV008_008,321832
54445,636,0,CV008_008,322468
54446,632,0,CV008_008,323100
54447,632,0,CV008_008,323732
54448,636,0,CV008_008,324368
54449,628,0,CV008_008,324996
54450,628,0,CV008_008,325624
54451,636,0,CV008_008,326260
54452,632,0,CV008_008,326892
54453,680,1,CV008_008,327572
54454,584,0,CV008_008,328156
54455,632,0,CV008_008,328788
54456,628,0,CV008_008,329416
54457,632,0,CV008_008,330048
54458,632,0,CV008_008,330680
54459,632,0,CV008_008,331312
54460,672,1,CV008_008,331984
54461,576,0,CV008_008,332560
54462,632,0,CV008_008,333192
54463,632,0,CV008_008,333824
54464,632,0,CV008_008,334456
54465,628,0,CV008_008,335084
54466,636,0,CV008_008,335720
54467,628,0,CV008_008,336348
54468,632,0,CV008_008,336980
54469,636,0,CV008_008,337616
54470,632,0,CV008_008,338248
54471,628,0,CV008_008,338876
54472,684,1,CV008_008,339560
54473,584,0,CV008_008,340144
54474,624,0,CV008_008,340768
54475,636,0,CV008_008,341404
54476,632,0,CV008_008,342036
54477,436,0,CV008_008,342472
54478,192,0,CV008_008,342664
54479,628,0,CV008_008,343292
54480,684,0,CV008_008,343976
54481,580,0,CV008_008,344556
54482,628,0,CV008_008,345184
54483,632,0,CV008_008,345816
54484,632,0,CV008_008,346448
54485,636,0,CV008_008,347084
54486,632,0,CV008_008,347716
54487,644,0,CV008_008,348360
54488,636,0,CV008_008,348996
54489,636,0,CV008_008,349632
54490,644,0,CV008_008,350276
54491,648,0,CV008_008,350924
54492,636,0,CV008_008,351560
54493,648,0,CV008_008,352208
54494,640,0,CV008_008,352848
54495,640,0,CV008_008,353488
54496,640,0,CV008_008,354128
54497,644,0,CV008_008,354772
54498,636,0,CV008_008,355408
54499,636,0,CV008_008,356044
54500,644,0,CV008_008,356688
54501,640,0,CV008_008,357328
54502,636,0,CV008_008,357964
54503,640,0,CV008_008,358604
54504,644,0,CV008_008,359248
54505,636,0,CV008_008,359884
54506,688,1,CV008_008,360572
54507,596,0,CV008_008,361168
54508,636,0,CV008_008,361804
54509,636,0,CV008_008,362440
54510,636,0,CV008_008,363076
54511,692,1,CV008_008,363768
54512,588,0,CV008_008,364356
54513,644,0,CV008_008,365000
54514,644,0,CV008_008,365644
54515,648,0,CV008_008,366292
54516,640,0,CV008_008,366932
54517,648,0,CV008_008,367580
54518,644,0,CV008_008,368224
54519,632,0,CV008_008,368856
54520,636,0,CV008_008,369492
54521,684,0,CV008_008,370176
54522,588,0,CV008_008,370764
54523,684,0,CV008_008,371448
54524,588,0,CV008_008,372036
54525,636,0,CV008_008,372672
54526,636,0,CV008_008,373308
54527,632,0,CV008_008,373940
54528,640,0,CV008_008,374580
54529,636,0,CV008_008,375216
54530,1272,0,CV008_008,376488
54531,636,0,CV008_008,377124
54532,632,0,CV008_008,377756
54533,636,0,CV008_008,378392
54534,636,0,CV008_008,379028
54535,636,0,CV008_008,379664
54536,636,0,CV008_008,380300
54537,636,0,CV008_008,380936
54538,636,0,CV008_008,381572
54539,632,0,CV008_008,382204
54540,692,1,CV008_008,382896
54541,592,0,CV008_008,383488
54542,632,0,CV008_008,384120
54543,644,0,CV008_008,384764
54544,636,0,CV008_008,385400
54545,688,0,CV008_008,386088
54546,592,0,CV008_008,386680
54547,688,0,CV008_008,387368
54548,588,0,CV008_008,387956
54549,640,0,CV008_008,388596
54550,644,0,CV008_008,389240
54551,644,0,CV008_008,389884
54552,1284,0,CV008_008,391168
54553,636,0,CV008_008,391804
54554,640,0,CV008_008,392444
54555,640,0,CV008_008,393084
54556,648,0,CV008_008,393732
54557,644,0,CV008_008,394376
54558,644,0,CV008_008,395020
54559,644,0,CV008_008,395664
54560,644,0,CV008_008,396308
54561,648,0,CV008_008,396956
54562,644,0,CV008_008,397600
54563,644,0,CV008_008,398244
54564,644,0,CV008_008,398888
54565,1280,0,CV008_008,400168
54566,644,0,CV008_008,400812
54567,636,0,CV008_008,401448
54568,632,0,CV008_008,402080
54569,636,0,CV008_008,402716
54570,636,0,CV008_008,403352
54571,564,0,CV008_008,403916
54572,744,0,CV008_008,404660
54573,1836,0,CV008_008,406496
54574,620,0,CV008_008,407116
54575,564,0,CV008_008,407680
54576,692,0,CV008_008,408372
54577,624,0,CV008_008,408996
54578,636,0,CV008_008,409632
54579,648,0,CV008_008,410280
54580,648,0,CV008_008,410928
54581,668,0,CV008_008,411596
54582,664,0,CV008_008,412260
54583,660,0,CV008_008,412920
54584,660,0,CV008_008,413580
54585,660,0,CV008_008,414240
54586,648,0,CV008_008,414888
54587,1308,0,CV008_008,416196
54588,644,0,CV008_008,416840
54589,636,0,CV008_008,417476
54590,640,0,CV008_008,418116
54591,632,0,CV008_008,418748
54592,632,0,CV008_008,419380
54593,628,0,CV008_008,420008
54594,628,0,CV008_008,420636
54595,680,0,CV008_008,421316
54596,580,0,CV008_008,421896
54597,1268,0,CV008_008,423164
54598,632,0,CV008_008,423796
54599,644,0,CV008_008,424440
54600,636,0,CV008_008,425076
54601,636,0,CV008_008,425712
54602,640,0,CV008_008,426352
54603,640,0,CV008_008,426992
54604,636,0,CV008_008,427628
54605,640,0,CV008_008,428268
54606,644,0,CV008_008,428912
54607,700,1,CV008_008,429612
54608,600,0,CV008_008,430212
54609,648,0,CV008_008,430860
54610,644,0,CV008_008,431504
54611,636,0,CV008_008,432140
54612,688,1,CV008_008,432828
54613,576,0,CV008_008,433404
54614,632,0,CV008_008,434036
54615,624,0,CV008_008,434660
54616,624,0,CV008_008,435284
54617,628,0,CV008_008,435912
54618,692,0,CV008_008,436604
54619,592,0,CV008_008,437196
54620,644,0,CV008_008,437840
54621,692,0,CV008_008,438532
54622,596,0,CV008_008,439128
54623,636,0,CV008_008,439764
54624,640,0,CV008_008,440404
54625,636,0,CV008_008,441040
54626,632,0,CV008_008,441672
54627,684,0,CV008_008,442356
54628,580,0,CV008_008,442936
54629,680,0,CV008_008,443616
54630,584,0,CV008_008,444200
54631,632,0,CV008_008,444832
54632,636,0,CV008_008,445468
54633,636,0,CV008_008,446104
54634,696,0,CV008_008,446800
54635,640,0,CV008_008,447440
54636,588,0,CV008_008,448028
54637,648,0,CV008_008,448676
54638,700,0,CV008_008,449376
54639,596,0,CV008_008,449972
54640,644,0,CV008_008,450616
54641,652,0,CV008_008,451268
54642,648,0,CV008_008,451916
54643,1340,0,CV008_008,453256
54644,600,0,CV008_008,453856
54645,648,0,CV008_008,454504
54646,640,0,CV008_008,455144
54647,648,0,CV008_008,455792
54648,640,0,CV008_008,456432
54649,640,0,CV008_008,457072
54650,688,1,CV008_008,457760
54651,596,0,CV008_008,458356
54652,644,0,CV008_008,459000
54653,640,0,CV008_008,459640
54654,648,0,CV008_008,460288
54655,656,0,CV008_008,460944
54656,700,0,CV008_008,461644
54657,604,0,CV008_008,462248
54658,656,0,CV008_008,462904
54659,704,0,CV008_008,463608
54660,608,0,CV008_008,464216
54661,656,0,CV008_008,464872
54662,648,0,CV008_008,465520
54663,640,0,CV008_008,466160
54664,648,0,CV008_008,466808
54665,640,0,CV008_008,467448
54666,644,0,CV008_008,468092
54667,636,0,CV008_008,468728
54668,632,0,CV008_008,469360
54669,632,0,CV008_008,469992
54670,632,0,CV008_008,470624
54671,628,0,CV008_008,471252
54672,636,0,CV008_008,471888
54673,640,0,CV008_008,472528
54674,684,1,CV008_008,473212
54675,584,0,CV008_008,473796
54676,632,0,CV008_008,474428
54677,636,0,CV008_008,475064
54678,632,0,CV008_008,475696
54679,636,0,CV008_008,476332
54680,628,0,CV008_008,476960
54681,580,0,CV008_008,477540
54682,668,0,CV008_008,478208
54683,620,0,CV008_008,478828
54684,620,0,CV008_008,479448
54685,620,0,CV008_008,480068
54686,616,0,CV008_008,480684
54687,620,0,CV008_008,481304
54688,628,0,CV008_008,481932
54689,688,1,CV008_008,482620
54690,592,0,CV008_008,483212
54691,652,0,CV008_008,483864
54692,652,0,CV008_008,484516
54693,656,0,CV008_008,485172
54694,652,0,CV008_008,485824
54695,648,0,CV008_008,486472
54696,644,0,CV008_008,487116
54697,640,0,CV008_008,487756
54698,640,0,CV008_008,488396
54699,632,0,CV008_008,489028
54700,628,0,CV008_008,489656
54701,628,0,CV008_008,490284
54702,628,0,CV008_008,490912
54703,628,0,CV008_008,491540
54704,628,0,CV008_008,492168
54705,688,1,CV008_008,492856
54706,584,0,CV008_008,493440
54707,636,0,CV008_008,494076
54708,640,0,CV008_008,494716
54709,644,0,CV008_008,495360
54710,636,0,CV008_008,495996
54711,692,1,CV008_008,496688
54712,596,0,CV008_008,497284
54713,640,0,CV008_008,497924
54714,640,0,CV008_008,498564
54715,644,0,CV008_008,499208
54716,644,0,CV008_008,499852
54717,640,0,CV008_008,500492
54718,692,1,CV008_008,501184
54719,592,0,CV008_008,501776
54720,636,0,CV008_008,502412
54721,640,0,CV008_008,503052
54722,636,0,CV008_008,503688
54723,632,0,CV008_008,504320
54724,684,0,CV008_008,505004
54725,640,0,CV008_008,505644
54726,580,0,CV008_008,506224
54727,636,0,CV008_008,506860
54728,636,0,CV008_008,507496
54729,640,0,CV008_008,508136
54730,636,0,CV008_008,508772
54731,644,0,CV008_008,509416
54732,640,0,CV008_008,510056
54733,632,0,CV008_008,510688
54734,648,0,CV008_008,511336
54735,644,0,CV008_008,511980
54736,684,1,CV008_008,512664
54737,596,0,CV008_008,513260
54738,640,0,CV008_008,513900
54739,640,0,CV008_008,514540
54740,640,0,CV008_008,515180
54741,640,0,CV008_008,515820
54742,640,0,CV008_008,516460
54743,628,0,CV008_008,517088
54744,640,0,CV008_008,517728
54745,636,0,CV008_008,518364
54746,632,0,CV008_008,518996
54747,640,0,CV008_008,519636
54748,652,0,CV008_008,520288
54749,652,0,CV008_008,520940
54750,704,1,CV008_008,521644
54751,600,0,CV008_008,522244
54752,656,0,CV008_008,522900
54753,648,0,CV008_008,523548
54754,648,0,CV008_008,524196
54755,652,0,CV008_008,524848
54756,644,0,CV008_008,525492
54757,644,0,CV008_008,526136
54758,652,0,CV008_008,526788
54759,644,0,CV008_008,527432
54760,648,0,CV008_008,528080
54761,644,0,CV008_008,528724
54762,652,0,CV008_008,529376
54763,644,0,CV008_008,530020
54764,648,0,CV008_008,530668
54765,648,0,CV008_008,531316
54766,640,0,CV008_008,531956
54767,704,1,CV008_008,532660
54768,596,0,CV008_008,533256
54769,640,0,CV008_008,533896
54770,640,0,CV008_008,534536
54771,644,0,CV008_008,535180
54772,636,0,CV008_008,535816
54773,644,0,CV008_008,536460
54774,644,0,CV008_008,537104
54775,644,0,CV008_008,537748
54776,648,0,CV008_008,538396
54777,696,0,CV008_008,539092
54778,600,0,CV008_008,539692
54779,1348,0,CV008_008,541040
54780,644,0,CV008_008,541684
54781,592,0,CV008_008,542276
54782,640,0,CV008_008,542916
54783,644,0,CV008_008,543560
54784,632,0,CV008_008,544192
54785,640,0,CV008_008,544832
54786,644,0,CV008_008,545476
54787,648,0,CV008_008,546124
54788,648,0,CV008_008,546772
54789,648,0,CV008_008,547420
54790,640,0,CV008_008,548060
54791,516,0,CV008_008,548576
54792,772,0,CV008_008,549348
54793,636,0,CV008_008,549984
54794,688,0,CV008_008,550672
54795,588,0,CV008_008,551260
54796,632,0,CV008_008,551892
54797,688,0,CV008_008,552580
54798,588,0,CV008_008,553168
54799,636,0,CV008_008,553804
54800,636,0,CV008_008,554440
54801,640,0,CV008_008,555080
54802,632,0,CV008_008,555712
54803,688,0,CV008_008,556400
54804,588,0,CV008_008,556988
54805,680,0,CV008_008,557668
54806,584,0,CV008_008,558252
54807,636,0,CV008_008,558888
54808,684,0,CV008_008,559572
54809,584,0,CV008_008,560156
54810,640,0,CV008_008,560796
54811,644,0,CV008_008,561440
54812,1272,0,CV008_008,562712
54813,636,0,CV008_008,563348
54814,632,0,CV008_008,563980
54815,684,1,CV008_008,564664
54816,584,0,CV008_008,565248
54817,632,0,CV008_008,565880
54818,628,0,CV008_008,566508
54819,636,0,CV008_008,567144
54820,640,0,CV008_008,567784
54821,632,0,CV008_008,568416
54822,640,0,CV008_008,569056
54823,636,0,CV008_008,569692
54824,636,0,CV008_008,570328
54825,632,0,CV008_008,570960
54826,636,0,CV008_008,571596
54827,632,0,CV008_008,572228
54828,632,0,CV008_008,572860
54829,632,0,CV008_008,573492
54830,628,0,CV008_008,574120
54831,640,0,CV008_008,574760
54832,632,0,CV008_008,575392
54833,628,0,CV008_008,576020
54834,636,0,CV008_008,576656
54835,632,0,CV008_008,577288
54836,640,0,CV008_008,577928
54837,640,0,CV008_008,578568
54838,632,0,CV008_008,579200
54839,636,0,CV008_008,579836
54840,688,0,CV008_008,580524
54841,580,0,CV008_008,581104
54842,1272,0,CV008_008,582376
54843,632,0,CV008_008,583008
54844,692,0,CV008_008,583700
54845,592,0,CV008_008,584292
54846,636,0,CV008_008,584928
54847,656,0,CV008_008,585584
54848,660,0,CV008_008,586244
54849,660,0,CV008_008,586904
54850,660,0,CV008_008,587564
54851,652,0,CV008_008,588216
54852,652,0,CV008_008,588868
54853,652,0,CV008_008,589520
54854,648,0,CV008_008,590168
54855,640,0,CV008_008,590808
54856,696,1,CV008_008,591504
54857,596,0,CV008_008,592100
54858,636,0,CV008_008,592736
54859,640,0,CV008_008,593376
54860,640,0,CV008_008,594016
54861,688,0,CV008_008,594704
54862,584,0,CV008_008,595288
54863,688,0,CV008_008,595976
54864,592,0,CV008_008,596568
54865,636,0,CV008_008,597204
54866,692,0,CV008_008,597896
54867,596,0,CV008_008,598492
54868,644,0,CV008_008,599136
54869,648,0,CV008_008,599784
54870,700,0,CV008_008,600484
54871,652,0,CV008_008,601136
54872,600,0,CV008_008,601736
54873,652,0,CV008_008,602388
54874,656,0,CV008_008,603044
54875,652,0,CV008_008,603696
54876,648,0,CV008_008,604344
54877,656,0,CV008_008,605000
54878,696,0,CV008_008,605696
54879,596,0,CV008_008,606292
54880,688,0,CV008_008,606980
54881,592,0,CV008_008,607572
54882,636,0,CV008_008,608208
54883,636,0,CV008_008,608844
54884,640,0,CV008_008,609484
54885,640,0,CV008_008,610124
54886,636,0,CV008_008,610760
54887,688,1,CV008_008,611448
54888,592,0,CV008_008,612040
54889,640,0,CV008_008,612680
54890,640,0,CV008_008,613320
54891,644,0,CV008_008,613964
54892,640,0,CV008_008,614604
54893,632,0,CV008_008,615236
54894,636,0,CV008_008,615872
54895,636,0,CV008_008,616508
54896,628,0,CV008_008,617136
54897,636,0,CV008_008,617772
54898,680,0,CV008_008,618452
54899,588,0,CV008_008,619040
54900,680,0,CV008_008,619720
54901,584,0,CV008_008,620304
54902,640,0,CV008_008,620944
54903,632,0,CV008_008,621576
54904,636,0,CV008_008,622212
54905,640,0,CV008_008,622852
54906,636,0,CV008_008,623488
54907,636,0,CV008_008,624124
54908,640,0,CV008_008,624764
54909,648,0,CV008_008,625412
54910,640,0,CV008_008,626052
54911,648,0,CV008_008,626700
54912,644,0,CV008_008,627344
54913,648,0,CV008_008,627992
54914,636,0,CV008_008,628628
54915,648,0,CV008_008,629276
54916,640,0,CV008_008,629916
54917,640,0,CV008_008,630556
54918,644,0,CV008_008,631200
54919,644,0,CV008_008,631844
54920,640,0,CV008_008,632484
54921,644,0,CV008_008,633128
54922,652,0,CV008_008,633780
54923,640,0,CV008_008,634420
54924,640,0,CV008_008,635060
54925,644,0,CV008_008,635704
54926,632,0,CV008_008,636336
54927,636,0,CV008_008,636972
54928,640,0,CV008_008,637612
54929,632,0,CV008_008,638244
54930,680,1,CV008_008,638924
54931,580,0,CV008_008,639504
54932,628,0,CV008_008,640132
54933,632,0,CV008_008,640764
54934,628,0,CV008_008,641392
54935,632,0,CV008_008,642024
54936,676,1,CV008_008,642700
54937,580,0,CV008_008,643280
54938,632,0,CV008_008,643912
54939,628,0,CV008_008,644540
54940,628,0,CV008_008,645168
54941,632,0,CV008_008,645800
54942,632,0,CV008_008,646432
54943,632,0,CV008_008,647064
54944,676,1,CV008_008,647740
54945,584,0,CV008_008,648324
54946,632,0,CV008_008,648956
54947,632,0,CV008_008,649588
54948,636,0,CV008_008,650224
54949,688,1,CV008_008,650912
54950,584,0,CV008_008,651496
54951,640,0,CV008_008,652136
54952,636,0,CV008_008,652772
54953,636,0,CV008_008,653408
54954,632,0,CV008_008,654040
54955,684,1,CV008_008,654724
54956,576,0,CV008_008,655300
54957,632,0,CV008_008,655932
54958,632,0,CV008_008,656564
54959,628,0,CV008_008,657192
54960,628,0,CV008_008,657820
54961,628,0,CV008_008,658448
54962,636,0,CV008_008,659084
54963,632,0,CV008_008,659716
54964,632,0,CV008_008,660348
54965,632,0,CV008_008,660980
54966,632,0,CV008_008,661612
54967,632,0,CV008_008,662244
54968,632,0,CV008_008,662876
54969,636,0,CV008_008,663512
54970,644,0,CV008_008,664156
54971,692,1,CV008_008,664848
54972,596,0,CV008_008,665444
54973,652,0,CV008_008,666096
54974,652,0,CV008_008,666748
54975,660,0,CV008_008,667408
54976,660,0,CV008_008,668068
54977,660,0,CV008_008,668728
54978,660,0,CV008_008,669388
54979,704,0,CV008_008,670092
54980,656,0,CV008_008,670748
54981,600,0,CV008_008,671348
54982,652,0,CV008_008,672000
54983,648,0,CV008_008,672648
54984,700,1,CV008_008,673348
54985,604,0,CV008_008,673952
54986,648,0,CV008_008,674600
54987,648,0,CV008_008,675248
54988,704,1,CV008_008,675952
54989,600,0,CV008_008,676552
54990,648,0,CV008_008,677200
54991,652,0,CV008_008,677852
54992,692,1,CV008_008,678544
54993,592,0,CV008_008,679136
54994,644,0,CV008_008,679780
54995,640,0,CV008_008,680420
54996,636,0,CV008_008,681056
54997,684,0,CV008_008,681740
54998,592,0,CV008_008,682332
54999,632,0,CV008_008,682964
55000,684,0,CV008_008,683648
55001,592,0,CV008_008,684240
55002,640,0,CV008_008,684880
55003,644,0,CV008_008,685524
55004,648,0,CV008_008,686172
55005,648,0,CV008_008,686820
55006,644,0,CV008_008,687464
55007,648,0,CV008_008,688112
55008,696,0,CV008_008,688808
55009,600,0,CV008_008,689408
55010,652,0,CV008_008,690060
55011,692,0,CV008_008,690752
55012,588,0,CV008_008,691340
55013,644,0,CV008_008,691984
55014,636,0,CV008_008,692620
55015,684,1,CV008_008,693304
55016,588,0,CV008_008,693892
55017,644,0,CV008_008,694536
55018,636,0,CV008_008,695172
55019,644,0,CV008_008,695816
55020,644,0,CV008_008,696460
55021,640,0,CV008_008,697100
55022,692,1,CV008_008,697792
55023,596,0,CV008_008,698388
55024,644,0,CV008_008,699032
55025,636,0,CV008_008,699668
55026,648,0,CV008_008,700316
55027,644,0,CV008_008,700960
55028,640,0,CV008_008,701600
55029,692,0,CV008_008,702292
55030,1280,0,CV008_008,703572
55031,1240,0,CV008_008,704812
55032,636,0,CV008_008,705448
55033,644,0,CV008_008,706092
55034,692,1,CV008_008,706784
55035,592,0,CV008_008,707376
55036,640,0,CV008_008,708016
55037,644,0,CV008_008,708660
55038,640,0,CV008_008,709300
55039,644,0,CV008_008,709944
55040,644,0,CV008_008,710588
55041,692,1,CV008_008,711280
55042,596,0,CV008_008,711876
55043,636,0,CV008_008,712512
55044,640,0,CV008_008,713152
55045,640,0,CV008_008,713792
55046,632,0,CV008_008,714424
55047,640,0,CV008_008,715064
55048,696,1,CV008_008,715760
55049,592,0,CV008_008,716352
55050,644,0,CV008_008,716996
55051,644,0,CV008_008,717640
55052,640,0,CV008_008,718280
55053,648,0,CV008_008,718928
55054,636,0,CV008_008,719564
55055,692,0,CV008_008,720256
55056,592,0,CV008_008,720848
55057,1276,0,CV008_008,722124
55058,640,0,CV008_008,722764
55059,632,0,CV008_008,723396
55060,628,0,CV008_008,724024
55061,636,0,CV008_008,724660
55062,628,0,CV008_008,725288
55063,636,0,CV008_008,725924
55064,628,0,CV008_008,726552
55065,632,0,CV008_008,727184
55066,640,0,CV008_008,727824
55067,640,0,CV008_008,728464
55068,640,0,CV008_008,729104
55069,644,0,CV008_008,729748
55070,644,0,CV008_008,730392
55071,636,0,CV008_008,731028
55072,640,0,CV008_008,731668
55073,640,0,CV008_008,732308
55074,636,0,CV008_008,732944
55075,632,0,CV008_008,733576
55076,680,0,CV008_008,734256
55077,628,0,CV008_008,734884
55078,628,0,CV008_008,735512
55079,624,0,CV008_008,736136
55080,624,0,CV008_008,736760
55081,624,0,CV008_008,737384
55082,572,0,CV008_008,737956
55083,668,0,CV008_008,738624
55084,624,0,CV008_008,739248
55085,624,0,CV008_008,739872
55086,568,0,CV008_008,740440
55087,672,0,CV008_008,741112
55088,572,0,CV008_008,741684
55089,628,0,CV008_008,742312
55090,624,0,CV008_008,742936
55091,624,0,CV008_008,743560
55092,620,0,CV008_008,744180
55093,620,0,CV008_008,744800
55094,620,0,CV008_008,745420
55095,624,0,CV008_008,746044
55096,620,0,CV008_008,746664
55097,620,0,CV008_008,747284
55098,620,0,CV008_008,747904
55099,620,0,CV008_008,748524
55100,668,1,CV008_008,749192
55101,576,0,CV008_008,749768
55102,628,0,CV008_008,750396
55103,624,0,CV008_008,751020
55104,624,0,CV008_008,751644
55105,624,0,CV008_008,752268
55106,624,0,CV008_008,752892
55107,668,0,CV008_008,753560
55108,616,0,CV008_008,754176
55109,616,0,CV008_008,754792
55110,568,0,CV008_008,755360
55111,620,0,CV008_008,755980
55112,612,0,CV008_008,756592
55113,624,0,CV008_008,757216
55114,624,0,CV008_008,757840
55115,624,0,CV008_008,758464
55116,624,0,CV008_008,759088
55117,676,1,CV008_008,759764
55118,572,0,CV008_008,760336
55119,620,0,CV008_008,760956
55120,624,0,CV008_008,761580
55121,616,0,CV008_008,762196
55122,620,0,CV008_008,762816
55123,612,0,CV008_008,763428
55124,624,0,CV008_008,764052
55125,620,0,CV008_008,764672
55126,620,0,CV008_008,765292
55127,628,0,CV008_008,765920
55128,628,0,CV008_008,766548
55129,632,0,CV008_008,767180
55130,632,0,CV008_008,767812
55131,636,0,CV008_008,768448
55132,632,0,CV008_008,769080
55133,684,1,CV008_008,769764
55134,584,0,CV008_008,770348
55135,632,0,CV008_008,770980
55136,628,0,CV008_008,771608
55137,624,0,CV008_008,772232
55138,624,0,CV008_008,772856
55139,624,0,CV008_008,773480
55140,668,0,CV008_008,774148
55141,624,0,CV008_008,774772
55142,576,0,CV008_008,775348
55143,624,0,CV008_008,775972
55144,632,0,CV008_008,776604
55145,632,0,CV008_008,777236
55146,632,0,CV008_008,777868
55147,640,0,CV008_008,778508
55148,640,0,CV008_008,779148
55149,636,0,CV008_008,779784
55150,640,0,CV008_008,780424
55151,636,0,CV008_008,781060
55152,632,0,CV008_008,781692
55153,632,0,CV008_008,782324
55154,684,0,CV008_008,783008
55155,632,0,CV008_008,783640
55156,576,0,CV008_008,784216
55157,632,0,CV008_008,784848
55158,624,0,CV008_008,785472
55159,628,0,CV008_008,786100
55160,680,0,CV008_008,786780
55161,508,0,CV008_008,787288
55162,692,0,CV008_008,787980
55163,624,0,CV008_008,788604
55164,616,0,CV008_008,789220
55165,616,0,CV008_008,789836
55166,620,0,CV008_008,790456
55167,668,0,CV008_008,791124
55168,572,0,CV008_008,791696
55169,640,0,CV008_008,792336
55170,576,0,CV008_008,792912
55171,708,0,CV008_008,793620
55172,640,0,CV008_008,794260
55173,648,0,CV008_008,794908
55174,688,1,CV008_008,795596
55175,596,0,CV008_008,796192
55176,648,0,CV008_008,796840
55177,656,0,CV008_008,797496
55178,648,0,CV008_008,798144
55179,656,0,CV008_008,798800
55180,652,0,CV008_008,799452
55181,652,0,CV008_008,800104
55182,696,0,CV008_008,800800
55183,600,0,CV008_008,801400
55184,692,0,CV008_008,802092
55185,600,0,CV008_008,802692
55186,648,0,CV008_008,803340
55187,640,0,CV008_008,803980
55188,648,0,CV008_008,804628
55189,648,0,CV008_008,805276
55190,652,0,CV008_008,805928
55191,648,0,CV008_008,806576
55192,652,0,CV008_008,807228
55193,652,0,CV008_008,807880
55194,648,0,CV008_008,808528
55195,660,0,CV008_008,809188
55196,656,0,CV008_008,809844
55197,652,0,CV008_008,810496
55198,716,1,CV008_008,811212
55199,604,0,CV008_008,811816
55200,652,0,CV008_008,812468
55201,660,0,CV008_008,813128
55202,660,0,CV008_008,813788
55203,656,0,CV008_008,814444
55204,660,0,CV008_008,815104
55205,708,1,CV008_008,815812
55206,608,0,CV008_008,816420
55207,656,0,CV008_008,817076
55208,652,0,CV008_008,817728
55209,664,0,CV008_008,818392
55210,328,0,CV008_008,818720
55211,328,0,CV008_008,819048
55212,660,0,CV008_008,819708
55213,656,0,CV008_008,820364
55214,660,0,CV008_008,821024
55215,652,0,CV008_008,821676
55216,656,0,CV008_008,822332
55217,704,1,CV008_008,823036
55218,604,0,CV008_008,823640
55219,652,0,CV008_008,824292
55220,664,0,CV008_008,824956
55221,652,0,CV008_008,825608
55222,656,0,CV008_008,826264
55223,656,0,CV008_008,826920
55224,656,0,CV008_008,827576
55225,648,0,CV008_008,828224
55226,652,0,CV008_008,828876
55227,648,0,CV008_008,829524
55228,644,0,CV008_008,830168
55229,644,0,CV008_008,830812
55230,644,0,CV008_008,831456
55231,648,0,CV008_008,832104
55232,692,1,CV008_008,832796
55233,604,0,CV008_008,833400
55234,644,0,CV008_008,834044
55235,644,0,CV008_008,834688
55236,640,0,CV008_008,835328
55237,688,1,CV008_008,836016
55238,588,0,CV008_008,836604
55239,640,0,CV008_008,837244
55240,636,0,CV008_008,837880
55241,640,0,CV008_008,838520
55242,644,0,CV008_008,839164
55243,644,0,CV008_008,839808
55244,644,0,CV008_008,840452
55245,648,0,CV008_008,841100
55246,700,0,CV008_008,841800
55247,600,0,CV008_008,842400
55248,644,0,CV008_008,843044
55249,696,0,CV008_008,843740
55250,600,0,CV008_008,844340
55251,640,0,CV008_008,844980
55252,640,0,CV008_008,845620
55253,640,0,CV008_008,846260
55254,632,0,CV008_008,846892
55255,636,0,CV008_008,847528
55256,636,0,CV008_008,848164
55257,628,0,CV008_008,848792
55258,628,0,CV008_008,849420
55259,632,0,CV008_008,850052
55260,628,0,CV008_008,850680
55261,620,0,CV008_008,851300
55262,624,0,CV008_008,851924
55263,628,0,CV008_008,852552
55264,620,0,CV008_008,853172
55265,668,1,CV008_008,853840
55266,572,0,CV008_008,854412
55267,620,0,CV008_008,855032
55268,620,0,CV008_008,855652
55269,620,0,CV008_008,856272
55270,624,0,CV008_008,856896
55271,620,0,CV008_008,857516
55272,672,0,CV008_008,858188
55273,620,0,CV008_008,858808
55274,576,0,CV008_008,859384
55275,620,0,CV008_008,860004
55276,624,0,CV008_008,860628
55277,1236,0,CV008_008,861864
55278,620,0,CV008_008,862484
55279,616,0,CV008_008,863100
55280,620,0,CV008_008,863720
55281,616,0,CV008_008,864336
55282,620,0,CV008_008,864956
55283,620,0,CV008_008,865576
55284,536,0,CV008_008,866112
55285,760,0,CV008_008,866872
55286,620,0,CV008_008,867492
55287,568,0,CV008_008,868060
55288,620,0,CV008_008,868680
55289,668,0,CV008_008,869348
55290,524,0,CV008_008,869872
55291,664,0,CV008_008,870536
55292,672,0,CV008_008,871208
55293,532,0,CV008_008,871740
55294,716,0,CV008_008,872456
55295,572,0,CV008_008,873028
55296,1260,0,CV008_008,874288
55297,628,0,CV008_008,874916
55298,576,0,CV008_008,875492
55299,692,0,CV008_008,876184
55300,632,0,CV008_008,876816
55301,636,0,CV008_008,877452
55302,648,0,CV008_008,878100
55303,652,0,CV008_008,878752
55304,704,0,CV008_008,879456
55305,608,0,CV008_008,880064
55306,656,0,CV008_008,880720
55307,708,0,CV008_008,881428
55308,604,0,CV008_008,882032
55309,652,0,CV008_008,882684
55310,652,0,CV008_008,883336
55311,704,0,CV008_008,884040
55312,600,0,CV008_008,884640
55313,700,0,CV008_008,885340
55314,600,0,CV008_008,885940
55315,648,0,CV008_008,886588
55316,640,0,CV008_008,887228
55317,636,0,CV008_008,887864
55318,636,0,CV008_008,888500
55319,632,0,CV008_008,889132
55320,632,0,CV008_008,889764
55321,632,0,CV008_008,890396
55322,628,0,CV008_008,891024
55323,624,0,CV008_008,891648
55324,628,0,CV008_008,892276
55325,624,0,CV008_008,892900
55326,620,0,CV008_008,893520
55327,620,0,CV008_008,894140
55328,620,0,CV008_008,894760
55329,620,0,CV008_008,895380
55330,612,0,CV008_008,895992
55331,664,1,CV008_008,896656
55332,572,0,CV008_008,897228
55333,612,0,CV008_008,897840
55334,612,0,CV008_008,898452
55335,612,0,CV008_008,899064
55336,616,0,CV008_008,899680
55337,616,0,CV008_008,900296
55338,612,0,CV008_008,900908
55339,616,0,CV008_008,901524
55340,616,0,CV008_008,902140
55341,616,0,CV008_008,902756
55342,656,0,CV008_008,903412
55343,564,0,CV008_008,903976
55344,656,0,CV008_008,904632
55345,608,0,CV008_008,905240
55346,608,0,CV008_008,905848
55347,556,0,CV008_008,906404
55348,652,0,CV008_008,907056
55349,552,0,CV008_008,907608
55350,612,0,CV008_008,908220
55351,660,0,CV008_008,908880
55352,560,0,CV008_008,909440
55353,616,0,CV008_008,910056
55354,612,0,CV008_008,910668
55355,620,0,CV008_008,911288
55356,620,0,CV008_008,911908
55357,620,0,CV008_008,912528
55358,624,0,CV008_008,913152
55359,620,0,CV008_008,913772
55360,620,0,CV008_008,914392
55361,624,0,CV008_008,915016
55362,628,0,CV008_008,915644
55363,624,0,CV008_008,916268
55364,624,0,CV008_008,916892
55365,628,0,CV008_008,917520
55366,632,0,CV008_008,918152
55367,624,0,CV008_008,918776
55368,632,0,CV008_008,919408
55369,628,0,CV008_008,920036
55370,632,0,CV008_008,920668
55371,628,0,CV008_008,921296
55372,636,0,CV008_008,921932
55373,632,0,CV008_008,922564
55374,636,0,CV008_008,923200
55375,632,0,CV008_008,923832
55376,632,0,CV008_008,924464
55377,632,0,CV008_008,925096
55378,628,0,CV008_008,925724
55379,624,0,CV008_008,926348
55380,624,0,CV008_008,926972
55381,624,0,CV008_008,927596
55382,624,0,CV008_008,928220
55383,620,0,CV008_008,928840
55384,620,0,CV008_008,929460
55385,616,0,CV008_008,930076
55386,620,0,CV008_008,930696
55387,616,0,CV008_008,931312
55388,620,0,CV008_008,931932
55389,612,0,CV008_008,932544
55390,608,0,CV008_008,933152
55391,612,0,CV008_008,933764
55392,620,0,CV008_008,934384
55393,616,0,CV008_008,935000
55394,620,0,CV008_008,935620
55395,624,0,CV008_008,936244
55396,624,0,CV008_008,936868
55397,628,0,CV008_008,937496
55398,632,0,CV008_008,938128
55399,624,0,CV008_008,938752
55400,632,0,CV008_008,939384
55401,628,0,CV008_008,940012
55402,632,0,CV008_008,940644
55403,688,1,CV008_008,941332
55404,580,0,CV008_008,941912
55405,640,0,CV008_008,942552
55406,632,0,CV008_008,943184
55407,688,1,CV008_008,943872
55408,584,0,CV008_008,944456
55409,636,0,CV008_008,945092
55410,644,0,CV008_008,945736
55411,644,0,CV008_008,946380
55412,644,0,CV008_008,947024
55413,652,0,CV008_008,947676
55414,644,0,CV008_008,948320
55415,648,0,CV008_008,948968
55416,660,0,CV008_008,949628
55417,656,0,CV008_008,950284
55418,656,0,CV008_008,950940
55419,656,0,CV008_008,951596
55420,704,1,CV008_008,952300
55421,600,0,CV008_008,952900
55422,660,0,CV008_008,953560
55423,656,0,CV008_008,954216
55424,652,0,CV008_008,954868
55425,656,0,CV008_008,955524
55426,648,0,CV008_008,956172
55427,696,1,CV008_008,956868
55428,596,0,CV008_008,957464
55429,648,0,CV008_008,958112
55430,640,0,CV008_008,958752
55431,648,0,CV008_008,959400
55432,644,0,CV008_008,960044
55433,644,0,CV008_008,960688
55434,652,0,CV008_008,961340
55435,664,0,CV008_008,962004
55436,656,0,CV008_008,962660
55437,664,0,CV008_008,963324
55438,664,0,CV008_008,963988
55439,664,0,CV008_008,964652
55440,664,0,CV008_008,965316
55441,668,0,CV008_008,965984
55442,656,0,CV008_008,966640
55443,656,0,CV008_008,967296
55444,656,0,CV008_008,967952
55445,700,1,CV008_008,968652
55446,596,0,CV008_008,969248
55447,648,0,CV008_008,969896
55448,644,0,CV008_008,970540
55449,640,0,CV008_008,971180
55450,692,1,CV008_008,971872
55451,592,0,CV008_008,972464
55452,644,0,CV008_008,973108
55453,648,0,CV008_008,973756
55454,656,0,CV008_008,974412
55455,656,0,CV008_008,975068
55456,660,0,CV008_008,975728
55457,672,0,CV008_008,976400
55458,664,0,CV008_008,977064
55459,664,0,CV008_008,977728
55460,660,0,CV008_008,978388
55461,712,0,CV008_008,979100
55462,652,0,CV008_008,979752
55463,600,0,CV008_008,980352
55464,648,0,CV008_008,981000
55465,648,0,CV008_008,981648
55466,636,0,CV008_008,982284
55467,640,0,CV008_008,982924
55468,636,0,CV008_008,983560
55469,636,0,CV008_008,984196
55470,684,1,CV008_008,984880
55471,588,0,CV008_008,985468
55472,632,0,CV008_008,986100
55473,640,0,CV008_008,986740
55474,640,0,CV008_008,987380
55475,644,0,CV008_008,988024
55476,696,1,CV008_008,988720
55477,596,0,CV008_008,989316
55478,652,0,CV008_008,989968
55479,652,0,CV008_008,990620
55480,644,0,CV008_008,991264
55481,652,0,CV008_008,991916
55482,648,0,CV008_008,992564
55483,644,0,CV008_008,993208
55484,696,1,CV008_008,993904
55485,600,0,CV008_008,994504
55486,640,0,CV008_008,995144
55487,648,0,CV008_008,995792
55488,652,0,CV008_008,996444
55489,648,0,CV008_008,997092
55490,644,0,CV008_008,997736
55491,648,0,CV008_008,998384
55492,644,0,CV008_008,999028
55493,640,0,CV008_008,999668
55494,640,0,CV008_008,1000308
55495,644,0,CV008_008,1000952
55496,636,0,CV008_008,1001588
55497,636,0,CV008_008,1002224
55498,688,1,CV008_008,1002912
55499,588,0,CV008_008,1003500
55500,636,0,CV008_008,1004136
55501,636,0,CV008_008,1004772
55502,640,0,CV008_008,1005412
55503,640,0,CV008_008,1006052
55504,636,0,CV008_008,1006688
55505,644,0,CV008_008,1007332
55506,640,0,CV008_008,1007972
55507,640,0,CV008_008,1008612
55508,648,0,CV008_008,1009260
55509,644,0,CV008_008,1009904
55510,644,0,CV008_008,1010548
55511,640,0,CV008_008,1011188
55512,636,0,CV008_008,1011824
55513,632,0,CV008_008,1012456
55514,640,0,CV008_008,1013096
55515,636,0,CV008_008,1013732
55516,628,0,CV008_008,1014360
55517,636,0,CV008_008,1014996
55518,684,1,CV008_008,1015680
55519,584,0,CV008_008,1016264
55520,636,0,CV008_008,1016900
55521,640,0,CV008_008,1017540
55522,640,0,CV008_008,1018180
55523,644,0,CV008_008,1018824
55524,656,0,CV008_008,1019480
55525,700,1,CV008_008,1020180
55526,600,0,CV008_008,1020780
55527,656,0,CV008_008,1021436
55528,648,0,CV008_008,1022084
55529,648,0,CV008_008,1022732
55530,648,0,CV008_008,1023380
55531,644,0,CV008_008,1024024
55532,640,0,CV008_008,1024664
55533,636,0,CV008_008,1025300
55534,648,0,CV008_008,1025948
55535,636,0,CV008_008,1026584
55536,644,0,CV008_008,1027228
55537,692,1,CV008_008,1027920
55538,600,0,CV008_008,1028520
55539,640,0,CV008_008,1029160
55540,644,0,CV008_008,1029804
55541,652,0,CV008_008,1030456
55542,700,1,CV008_008,1031156
55543,604,0,CV008_008,1031760
55544,652,0,CV008_008,1032412
55545,652,0,CV008_008,1033064
55546,656,0,CV008_008,1033720
55547,656,0,CV008_008,1034376
55548,660,0,CV008_008,1035036
55549,656,0,CV008_008,1035692
55550,656,0,CV008_008,1036348
55551,664,0,CV008_008,1037012
55552,664,0,CV008_008,1037676
55553,656,0,CV008_008,1038332
55554,660,0,CV008_008,1038992
55555,660,0,CV008_008,1039652
55556,656,0,CV008_008,1040308
55557,652,0,CV008_008,1040960
55558,664,0,CV008_008,1041624
55559,664,0,CV008_008,1042288
55560,656,0,CV008_008,1042944
55561,668,0,CV008_008,1043612
55562,672,0,CV008_008,1044284
55563,672,0,CV008_008,1044956
55564,668,0,CV008_008,1045624
55565,664,0,CV008_008,1046288
55566,668,0,CV008_008,1046956
55567,660,0,CV008_008,1047616
55568,656,0,CV008_008,1048272
55569,664,0,CV008_008,1048936
55570,660,0,CV008_008,1049596
55571,648,0,CV008_008,1050244
55572,652,0,CV008_008,1050896
55573,1308,0,CV008_008,1052204
55574,644,0,CV008_008,1052848
55575,656,0,CV008_008,1053504
55576,652,0,CV008_008,1054156
55577,648,0,CV008_008,1054804
55578,660,0,CV008_008,1055464
55579,668,0,CV008_008,1056132
55580,660,0,CV008_008,1056792
55581,680,0,CV008_008,1057472
55582,672,0,CV008_008,1058144
55583,664,0,CV008_008,1058808
55584,1324,0,CV008_008,1060132
55585,652,0,CV008_008,1060784
55586,652,0,CV008_008,1061436
55587,652,0,CV008_008,1062088
55588,644,0,CV008_008,1062732
55589,652,0,CV008_008,1063384
55590,648,0,CV008_008,1064032
55591,652,0,CV008_008,1064684
55592,656,0,CV008_008,1065340
55593,660,0,CV008_008,1066000
55594,660,0,CV008_008,1066660
55595,668,0,CV008_008,1067328
55596,672,0,CV008_008,1068000
55597,664,0,CV008_008,1068664
55598,668,0,CV008_008,1069332
55599,672,0,CV008_008,1070004
55600,664,0,CV008_008,1070668
55601,716,1,CV008_008,1071384
55602,612,0,CV008_008,1071996
55603,656,0,CV008_008,1072652
55604,656,0,CV008_008,1073308
55605,652,0,CV008_008,1073960
55606,644,0,CV008_008,1074604
55607,644,0,CV008_008,1075248
55608,696,1,CV008_008,1075944
55609,596,0,CV008_008,1076540
55610,644,0,CV008_008,1077184
55611,648,0,CV008_008,1077832
55612,644,0,CV008_008,1078476
55613,652,0,CV008_008,1079128
55614,656,0,CV008_008,1079784
55615,656,0,CV008_008,1080440
55616,656,0,CV008_008,1081096
55617,668,0,CV008_008,1081764
55618,664,0,CV008_008,1082428
55619,660,0,CV008_008,1083088
55620,660,0,CV008_008,1083748
55621,656,0,CV008_008,1084404
55622,656,0,CV008_008,1085060
55623,652,0,CV008_008,1085712
55624,648,0,CV008_008,1086360
55625,648,0,CV008_008,1087008
55626,636,0,CV008_008,1087644
55627,640,0,CV008_008,1088284
55628,640,0,CV008_008,1088924
55629,632,0,CV008_008,1089556
55630,632,0,CV008_008,1090188
55631,636,0,CV008_008,1090824
55632,632,0,CV008_008,1091456
55633,640,0,CV008_008,1092096
55634,640,0,CV008_008,1092736
55635,640,0,CV008_008,1093376
55636,644,0,CV008_008,1094020
55637,644,0,CV008_008,1094664
55638,644,0,CV008_008,1095308
55639,640,0,CV008_008,1095948
55640,648,0,CV008_008,1096596
55641,640,0,CV008_008,1097236
55642,632,0,CV008_008,1097868
55643,644,0,CV008_008,1098512
55644,636,0,CV008_008,1099148
55645,640,0,CV008_008,1099788
55646,640,0,CV008_008,1100428
55647,632,0,CV008_008,1101060
55648,632,0,CV008_008,1101692
55649,636,0,CV008_008,1102328
55650,636,0,CV008_008,1102964
55651,640,0,CV008_008,1103604
55652,640,0,CV008_008,1104244
55653,636,0,CV008_008,1104880
55654,640,0,CV008_008,1105520
55655,644,0,CV008_008,1106164
55656,636,0,CV008_008,1106800
55657,636,0,CV008_008,1107436
55658,636,0,CV008_008,1108072
55659,644,0,CV008_008,1108716
55660,640,0,CV008_008,1109356
55661,632,0,CV008_008,1109988
55662,644,0,CV008_008,1110632
55663,644,0,CV008_008,1111276
55664,688,1,CV008_008,1111964
55665,592,0,CV008_008,1112556
55666,640,0,CV008_008,1113196
55667,636,0,CV008_008,1113832
55668,640,0,CV008_008,1114472
55669,640,0,CV008_008,1115112
55670,644,0,CV008_008,1115756
55671,644,0,CV008_008,1116400
55672,648,0,CV008_008,1117048
55673,648,0,CV008_008,1117696
55674,644,0,CV008_008,1118340
55675,648,0,CV008_008,1118988
55676,648,0,CV008_008,1119636
55677,648,0,CV008_008,1120284
55678,692,1,CV008_008,1120976
55679,600,0,CV008_008,1121576
55680,640,0,CV008_008,1122216
55681,640,0,CV008_008,1122856
55682,640,0,CV008_008,1123496
55683,640,0,CV008_008,1124136
55684,632,0,CV008_008,1124768
55685,692,1,CV008_008,1125460
55686,592,0,CV008_008,1126052
55687,636,0,CV008_008,1126688
55688,656,0,CV008_008,1127344
55689,652,0,CV008_008,1127996
55690,656,0,CV008_008,1128652
55691,656,0,CV008_008,1129308
55692,660,0,CV008_008,1129968
55693,652,0,CV008_008,1130620
55694,656,0,CV008_008,1131276
55695,700,1,CV008_008,1131976
55696,600,0,CV008_008,1132576
55697,648,0,CV008_008,1133224
55698,652,0,CV008_008,1133876
55699,652,0,CV008_008,1134528
55700,644,0,CV008_008,1135172
55701,652,0,CV008_008,1135824
55702,648,0,CV008_008,1136472
55703,648,0,CV008_008,1137120
55704,652,0,CV008_008,1137772
55705,664,0,CV008_008,1138436
55706,656,0,CV008_008,1139092
55707,660,0,CV008_008,1139752
55708,664,0,CV008_008,1140416
55709,664,0,CV008_008,1141080
55710,652,0,CV008_008,1141732
55711,656,0,CV008_008,1142388
55712,656,0,CV008_008,1143044
55713,648,0,CV008_008,1143692
55714,656,0,CV008_008,1144348
55715,660,0,CV008_008,1145008
55716,660,0,CV008_008,1145668
55717,668,0,CV008_008,1146336
55718,656,0,CV008_008,1146992
55719,656,0,CV008_008,1147648
55720,664,0,CV008_008,1148312
55721,664,0,CV008_008,1148976
55722,656,0,CV008_008,1149632
55723,600,0,CV008_008,1150232
55724,720,0,CV008_008,1150952
55725,652,0,CV008_008,1151604
55726,652,0,CV008_008,1152256
55727,704,1,CV008_008,1152960
55728,604,0,CV008_008,1153564
55729,652,0,CV008_008,1154216
55730,668,0,CV008_008,1154884
55731,664,0,CV008_008,1155548
55732,672,0,CV008_008,1156220
55733,676,0,CV008_008,1156896
55734,680,0,CV008_008,1157576
55735,676,0,CV008_008,1158252
55736,724,0,CV008_008,1158976
55737,620,0,CV008_008,1159596
55738,676,0,CV008_008,1160272
55739,720,0,CV008_008,1160992
55740,616,0,CV008_008,1161608
55741,668,0,CV008_008,1162276
55742,716,0,CV008_008,1162992
55743,608,0,CV008_008,1163600
55744,668,0,CV008_008,1164268
55745,712,0,CV008_008,1164980
55746,612,0,CV008_008,1165592
55747,660,0,CV008_008,1166252
55748,712,0,CV008_008,1166964
55749,608,0,CV008_008,1167572
55750,656,0,CV008_008,1168228
55751,660,0,CV008_008,1168888
55752,652,0,CV008_008,1169540
55753,652,0,CV008_008,1170192
55754,700,1,CV008_008,1170892
55755,600,0,CV008_008,1171492
55756,648,0,CV008_008,1172140
55757,656,0,CV008_008,1172796
55758,656,0,CV008_008,1173452
55759,652,0,CV008_008,1174104
55760,660,0,CV008_008,1174764
55761,664,0,CV008_008,1175428
55762,656,0,CV008_008,1176084
55763,660,0,CV008_008,1176744
55764,660,0,CV008_008,1177404
55765,652,0,CV008_008,1178056
55766,664,0,CV008_008,1178720
55767,660,0,CV008_008,1179380
55768,660,0,CV008_008,1180040
55769,660,0,CV008_008,1180700
55770,660,0,CV008_008,1181360
55771,656,0,CV008_008,1182016
55772,652,0,CV008_008,1182668
55773,708,1,CV008_008,1183376
55774,604,0,CV008_008,1183980
55775,652,0,CV008_008,1184632
55776,656,0,CV008_008,1185288
55777,700,1,CV008_008,1185988
55778,604,0,CV008_008,1186592
55779,652,0,CV008_008,1187244
55780,656,0,CV008_008,1187900
55781,648,0,CV008_008,1188548
55782,656,0,CV008_008,1189204
55783,656,0,CV008_008,1189860
55784,652,0,CV008_008,1190512
55785,656,0,CV008_008,1191168
55786,704,0,CV008_008,1191872
55787,600,0,CV008_008,1192472
55788,704,0,CV008_008,1193176
55789,660,0,CV008_008,1193836
55790,600,0,CV008_008,1194436
55791,656,0,CV008_008,1195092
55792,656,0,CV008_008,1195748
55793,652,0,CV008_008,1196400
55794,652,0,CV008_008,1197052
55795,652,0,CV008_008,1197704
55796,660,0,CV008_008,1198364
55797,652,0,CV008_008,1199016
55798,660,0,CV008_008,1199676
55799,664,0,CV008_008,1200340
55800,656,0,CV008_008,1200996
55801,648,0,CV008_008,1201644
55802,656,0,CV008_008,1202300
55803,704,1,CV008_008,1203004
55804,604,0,CV008_008,1203608
55805,656,0,CV008_008,1204264
55806,652,0,CV008_008,1204916
55807,656,0,CV008_008,1205572
55808,652,0,CV008_008,1206224
55809,648,0,CV008_008,1206872
55810,652,0,CV008_008,1207524
55811,644,0,CV008_008,1208168
55812,644,0,CV008_008,1208812
55813,644,0,CV008_008,1209456
55814,640,0,CV008_008,1210096
55815,632,0,CV008_008,1210728
55816,640,0,CV008_008,1211368
55817,640,0,CV008_008,1212008
55818,636,0,CV008_008,1212644
55819,644,0,CV008_008,1213288
55820,636,0,CV008_008,1213924
55821,644,0,CV008_008,1214568
55822,644,0,CV008_008,1215212
55823,644,0,CV008_008,1215856
55824,640,0,CV008_008,1216496
55825,640,0,CV008_008,1217136
55826,648,0,CV008_008,1217784
55827,644,0,CV008_008,1218428
55828,648,0,CV008_008,1219076
55829,648,0,CV008_008,1219724
55830,648,0,CV008_008,1220372
55831,652,0,CV008_008,1221024
55832,652,0,CV008_008,1221676
55833,644,0,CV008_008,1222320
55834,704,1,CV008_008,1223024
55835,600,0,CV008_008,1223624
55836,648,0,CV008_008,1224272
55837,648,0,CV008_008,1224920
55838,652,0,CV008_008,1225572
55839,696,1,CV008_008,1226268
55840,596,0,CV008_008,1226864
55841,652,0,CV008_008,1227516
55842,648,0,CV008_008,1228164
55843,648,0,CV008_008,1228812
55844,652,0,CV008_008,1229464
55845,648,0,CV008_008,1230112
55846,652,0,CV008_008,1230764
55847,652,0,CV008_008,1231416
55848,648,0,CV008_008,1232064
55849,700,1,CV008_008,1232764
55850,600,0,CV008_008,1233364
55851,652,0,CV008_008,1234016
55852,648,0,CV008_008,1234664
55853,652,0,CV008_008,1235316
55854,704,0,CV008_008,1236020
55855,608,0,CV008_008,1236628
55856,664,0,CV008_008,1237292
55857,716,0,CV008_008,1238008
55858,616,0,CV008_008,1238624
55859,664,0,CV008_008,1239288
55860,716,0,CV008_008,1240004
55861,616,0,CV008_008,1240620
55862,660,0,CV008_008,1241280
55863,720,0,CV008_008,1242000
55864,608,0,CV008_008,1242608
55865,656,0,CV008_008,1243264
55866,656,0,CV008_008,1243920
55867,648,0,CV008_008,1244568
55868,652,0,CV008_008,1245220
55869,652,0,CV008_008,1245872
55870,652,0,CV008_008,1246524
55871,644,0,CV008_008,1247168
55872,656,0,CV008_008,1247824
55873,656,0,CV008_008,1248480
55874,656,0,CV008_008,1249136
55875,652,0,CV008_008,1249788
55876,660,0,CV008_008,1250448
55877,660,0,CV008_008,1251108
55878,656,0,CV008_008,1251764
55879,656,0,CV008_008,1252420
55880,648,0,CV008_008,1253068
55881,644,0,CV008_008,1253712
55882,644,0,CV008_008,1254356
55883,644,0,CV008_008,1255000
55884,640,0,CV008_008,1255640
55885,652,0,CV008_008,1256292
55886,648,0,CV008_008,1256940
55887,648,0,CV008_008,1257588
55888,648,0,CV008_008,1258236
55889,660,0,CV008_008,1258896
55890,652,0,CV008_008,1259548
55891,652,0,CV008_008,1260200
55892,656,0,CV008_008,1260856
55893,652,0,CV008_008,1261508
55894,696,1,CV008_008,1262204
55895,600,0,CV008_008,1262804
55896,644,0,CV008_008,1263448
55897,636,0,CV008_008,1264084
55898,636,0,CV008_008,1264720
55899,628,0,CV008_008,1265348
55900,680,1,CV008_008,1266028
55901,584,0,CV008_008,1266612
55902,628,0,CV008_008,1267240
55903,628,0,CV008_008,1267868
55904,628,0,CV008_008,1268496
55905,624,0,CV008_008,1269120
55906,632,0,CV008_008,1269752
55907,628,0,CV008_008,1270380
55908,636,0,CV008_008,1271016
55909,632,0,CV008_008,1271648
55910,636,0,CV008_008,1272284
55911,636,0,CV008_008,1272920
55912,636,0,CV008_008,1273556
55913,636,0,CV008_008,1274192
55914,632,0,CV008_008,1274824
55915,628,0,CV008_008,1275452
55916,636,0,CV008_008,1276088
55917,636,0,CV008_008,1276724
55918,640,0,CV008_008,1277364
55919,684,1,CV008_008,1278048
55920,584,0,CV008_008,1278632
55921,636,0,CV008_008,1279268
55922,632,0,CV008_008,1279900
55923,632,0,CV008_008,1280532
55924,632,0,CV008_008,1281164
55925,680,0,CV008_008,1281844
55926,572,0,CV008_008,1282416
55927,628,0,CV008_008,1283044
55928,676,0,CV008_008,1283720
55929,628,0,CV008_008,1284348
55930,584,0,CV008_008,1284932
55931,636,0,CV008_008,1285568
55932,636,0,CV008_008,1286204
55933,640,0,CV008_008,1286844
55934,644,0,CV008_008,1287488
55935,640,0,CV008_008,1288128
55936,644,0,CV008_008,1288772
55937,644,0,CV008_008,1289416
55938,648,0,CV008_008,1290064
55939,652,0,CV008_008,1290716
55940,644,0,CV008_008,1291360
55941,700,1,CV008_008,1292060
55942,600,0,CV008_008,1292660
55943,652,0,CV008_008,1293312
55944,644,0,CV008_008,1293956
55945,696,1,CV008_008,1294652
55946,588,0,CV008_008,1295240
55947,636,0,CV008_008,1295876
55948,632,0,CV008_008,1296508
55949,624,0,CV008_008,1297132
55950,672,0,CV008_008,1297804
55951,572,0,CV008_008,1298376
55952,664,0,CV008_008,1299040
55953,616,0,CV008_008,1299656
55954,580,0,CV008_008,1300236
55955,628,0,CV008_008,1300864
55956,628,0,CV008_008,1301492
55957,632,0,CV008_008,1302124
55958,632,0,CV008_008,1302756
55959,636,0,CV008_008,1303392
55960,632,0,CV008_008,1304024
55961,644,0,CV008_008,1304668
55962,644,0,CV008_008,1305312
55963,644,0,CV008_008,1305956
55964,652,0,CV008_008,1306608
55965,652,0,CV008_008,1307260
55966,664,0,CV008_008,1307924
55967,660,0,CV008_008,1308584
55968,664,0,CV008_008,1309248
55969,664,0,CV008_008,1309912
55970,708,0,CV008_008,1310620
55971,608,0,CV008_008,1311228
55972,708,0,CV008_008,1311936
55973,656,0,CV008_008,1312592
55974,656,0,CV008_008,1313248
55975,612,0,CV008_008,1313860
55976,664,0,CV008_008,1314524
55977,660,0,CV008_008,1315184
55978,668,0,CV008_008,1315852
55979,668,0,CV008_008,1316520
55980,668,0,CV008_008,1317188
55981,664,0,CV008_008,1317852
55982,664,0,CV008_008,1318516
55983,660,0,CV008_008,1319176
55984,660,0,CV008_008,1319836
55985,664,0,CV008_008,1320500
55986,664,0,CV008_008,1321164
55987,660,0,CV008_008,1321824
55988,660,0,CV008_008,1322484
55989,660,0,CV008_008,1323144
55990,660,0,CV008_008,1323804
55991,652,0,CV008_008,1324456
55992,656,0,CV008_008,1325112
55993,648,0,CV008_008,1325760
55994,652,0,CV008_008,1326412
55995,652,0,CV008_008,1327064
55996,656,0,CV008_008,1327720
55997,652,0,CV008_008,1328372
55998,700,1,CV008_008,1329072
55999,608,0,CV008_008,1329680
56000,652,0,CV008_008,1330332
56001,648,0,CV008_008,1330980
56002,660,0,CV008_008,1331640
56003,656,0,CV008_008,1332296
56004,656,0,CV008_008,1332952
56005,656,0,CV008_008,1333608
56006,660,0,CV008_008,1334268
56007,656,0,CV008_008,1334924
56008,656,0,CV008_008,1335580
56009,660,0,CV008_008,1336240
56010,656,0,CV008_008,1336896
56011,656,0,CV008_008,1337552
56012,652,0,CV008_008,1338204
56013,656,0,CV008_008,1338860
56014,652,0,CV008_008,1339512
56015,644,0,CV008_008,1340156
56016,652,0,CV008_008,1340808
56017,644,0,CV008_008,1341452
56018,644,0,CV008_008,1342096
56019,648,0,CV008_008,1342744
56020,644,0,CV008_008,1343388
56021,684,1,CV008_008,1344072
56022,584,0,CV008_008,1344656
56023,636,0,CV008_008,1345292
56024,636,0,CV008_008,1345928
56025,632,0,CV008_008,1346560
56026,640,0,CV008_008,1347200
56027,640,0,CV008_008,1347840
56028,640,0,CV008_008,1348480
56029,640,0,CV008_008,1349120
56030,652,0,CV008_008,1349772
56031,644,0,CV008_008,1350416
56032,644,0,CV008_008,1351060
56033,648,0,CV008_008,1351708
56034,644,0,CV008_008,1352352
56035,644,0,CV008_008,1352996
56036,640,0,CV008_008,1353636
56037,644,0,CV008_008,1354280
56038,640,0,CV008_008,1354920
56039,628,0,CV008_008,1355548
56040,632,0,CV008_008,1356180
56041,636,0,CV008_008,1356816
56042,628,0,CV008_008,1357444
56043,628,0,CV008_008,1358072
56044,628,0,CV008_008,1358700
56045,632,0,CV008_008,1359332
56046,632,0,CV008_008,1359964
56047,640,0,CV008_008,1360604
56048,644,0,CV008_008,1361248
56049,644,0,CV008_008,1361892
56050,656,0,CV008_008,1362548
56051,660,0,CV008_008,1363208
56052,660,0,CV008_008,1363868
56053,664,0,CV008_008,1364532
56054,664,0,CV008_008,1365196
56055,660,0,CV008_008,1365856
56056,660,0,CV008_008,1366516
56057,660,0,CV008_008,1367176
56058,656,0,CV008_008,1367832
56059,652,0,CV008_008,1368484
56060,652,0,CV008_008,1369136
56061,652,0,CV008_008,1369788
56062,648,0,CV008_008,1370436
56063,656,0,CV008_008,1371092
56064,648,0,CV008_008,1371740
56065,648,0,CV008_008,1372388
56066,696,1,CV008_008,1373084
56067,608,0,CV008_008,1373692
56068,656,0,CV008_008,1374348
56069,652,0,CV008_008,1375000
56070,652,0,CV008_008,1375652
56071,664,0,CV008_008,1376316
56072,668,0,CV008_008,1376984
56073,656,0,CV008_008,1377640
56074,664,0,CV008_008,1378304
56075,664,0,CV008_008,1378968
56076,664,0,CV008_008,1379632
56077,664,0,CV008_008,1380296
56078,668,0,CV008_008,1380964
56079,664,0,CV008_008,1381628
56080,660,0,CV008_008,1382288
56081,668,0,CV008_008,1382956
56082,664,0,CV008_008,1383620
56083,708,0,CV008_008,1384328
56084,664,0,CV008_008,1384992
56085,608,0,CV008_008,1385600
56086,656,0,CV008_008,1386256
56087,652,0,CV008_008,1386908
56088,652,0,CV008_008,1387560
56089,648,0,CV008_008,1388208
56090,640,0,CV008_008,1388848
56091,640,0,CV008_008,1389488
56092,640,0,CV008_008,1390128
56093,636,0,CV008_008,1390764
56094,692,0,CV008_008,1391456
56095,648,0,CV008_008,1392104
56096,580,0,CV008_008,1392684
56097,636,0,CV008_008,1393320
56098,632,0,CV008_008,1393952
56099,636,0,CV008_008,1394588
56100,632,0,CV008_008,1395220
56101,632,0,CV008_008,1395852
56102,640,0,CV008_008,1396492
56103,632,0,CV008_008,1397124
56104,628,0,CV008_008,1397752
56105,636,0,CV008_008,1398388
56106,636,0,CV008_008,1399024
56107,636,0,CV008_008,1399660
56108,640,0,CV008_008,1400300
56109,640,0,CV008_008,1400940
56110,636,0,CV008_008,1401576
56111,636,0,CV008_008,1402212
56112,636,0,CV008_008,1402848
56113,628,0,CV008_008,1403476
56114,628,0,CV008_008,1404104
56115,628,0,CV008_008,1404732
56116,628,0,CV008_008,1405360
56117,628,0,CV008_008,1405988
56118,628,0,CV008_008,1406616
56119,636,0,CV008_008,1407252
56120,636,0,CV008_008,1407888
56121,632,0,CV008_008,1408520
56122,640,0,CV008_008,1409160
56123,640,0,CV008_008,1409800
56124,632,0,CV008_008,1410432
56125,676,1,CV008_008,1411108
56126,576,0,CV008_008,1411684
56127,624,0,CV008_008,1412308
56128,628,0,CV008_008,1412936
56129,636,0,CV008_008,1413572
56130,652,0,CV008_008,1414224
56131,696,1,CV008_008,1414920
56132,596,0,CV008_008,1415516
56133,652,0,CV008_008,1416168
56134,656,0,CV008_008,1416824
56135,648,0,CV008_008,1417472
56136,648,0,CV008_008,1418120
56137,648,0,CV008_008,1418768
56138,644,0,CV008_008,1419412
56139,692,1,CV008_008,1420104
56140,588,0,CV008_008,1420692
56141,632,0,CV008_008,1421324
56142,636,0,CV008_008,1421960
56143,636,0,CV008_008,1422596
56144,632,0,CV008_008,1423228
56145,680,1,CV008_008,1423908
56146,580,0,CV008_008,1424488
56147,628,0,CV008_008,1425116
56148,632,0,CV008_008,1425748
56149,644,0,CV008_008,1426392
56150,648,0,CV008_008,1427040
56151,652,0,CV008_008,1427692
56152,668,0,CV008_008,1428360
56153,664,0,CV008_008,1429024
56154,664,0,CV008_008,1429688
56155,672,0,CV008_008,1430360
56156,668,0,CV008_008,1431028
56157,676,0,CV008_008,1431704
56158,664,0,CV008_008,1432368
56159,660,0,CV008_008,1433028
56160,668,0,CV008_008,1433696
56161,660,0,CV008_008,1434356
56162,668,0,CV008_008,1435024
56163,700,0,CV008_008,1435724
56164,656,0,CV008_008,1436380
56165,620,0,CV008_008,1437000
56166,668,0,CV008_008,1437668
56167,708,0,CV008_008,1438376
56168,612,0,CV008_008,1438988
56169,668,0,CV008_008,1439656
56170,716,0,CV008_008,1440372
56171,628,0,CV008_008,1441000
56172,668,0,CV008_008,1441668
56173,672,0,CV008_008,1442340
56174,676,0,CV008_008,1443016
56175,680,0,CV008_008,1443696
56176,672,0,CV008_008,1444368
56177,672,0,CV008_008,1445040
56178,664,0,CV008_008,1445704
56179,660,0,CV008_008,1446364
56180,660,0,CV008_008,1447024
56181,656,0,CV008_008,1447680
56182,660,0,CV008_008,1448340
56183,660,0,CV008_008,1449000
56184,652,0,CV008_008,1449652
56185,660,0,CV008_008,1450312
56186,656,0,CV008_008,1450968
56187,660,0,CV008_008,1451628
56188,668,0,CV008_008,1452296
56189,672,0,CV008_008,1452968
56190,664,0,CV008_008,1453632
56191,708,0,CV008_008,1454340
56192,616,0,CV008_008,1454956
56193,668,0,CV008_008,1455624
56194,704,0,CV008_008,1456328
56195,612,0,CV008_008,1456940
56196,656,0,CV008_008,1457596
56197,648,0,CV008_008,1458244
56198,648,0,CV008_008,1458892
56199,648,0,CV008_008,1459540
56200,644,0,CV008_008,1460184
56201,648,0,CV008_008,1460832
56202,648,0,CV008_008,1461480
56203,652,0,CV008_008,1462132
56204,644,0,CV008_008,1462776
56205,652,0,CV008_008,1463428
56206,700,1,CV008_008,1464128
56207,596,0,CV008_008,1464724
56208,648,0,CV008_008,1465372
56209,644,0,CV008_008,1466016
56210,640,0,CV008_008,1466656
56211,644,0,CV008_008,1467300
56212,644,0,CV008_008,1467944
56213,644,0,CV008_008,1468588
56214,640,0,CV008_008,1469228
56215,652,0,CV008_008,1469880
56216,644,0,CV008_008,1470524
56217,644,0,CV008_008,1471168
56218,652,0,CV008_008,1471820
56219,656,0,CV008_008,1472476
56220,656,0,CV008_008,1473132
56221,652,0,CV008_008,1473784
56222,656,0,CV008_008,1474440
56223,700,0,CV008_008,1475140
56224,644,0,CV008_008,1475784
56225,600,0,CV008_008,1476384
56226,640,0,CV008_008,1477024
56227,636,0,CV008_008,1477660
56228,636,0,CV008_008,1478296
56229,280,0,CV008_008,1478576
56230,352,0,CV008_008,1478928
56231,628,0,CV008_008,1479556
56232,620,0,CV008_008,1480176
56233,624,0,CV008_008,1480800
56234,628,0,CV008_008,1481428
56235,624,0,CV008_008,1482052
56236,640,0,CV008_008,1482692
56237,636,0,CV008_008,1483328
56238,636,0,CV008_008,1483964
56239,636,0,CV008_008,1484600
56240,628,0,CV008_008,1485228
56241,632,0,CV008_008,1485860
56242,632,0,CV008_008,1486492
56243,628,0,CV008_008,1487120
56244,628,0,CV008_008,1487748
56245,628,0,CV008_008,1488376
56246,628,0,CV008_008,1489004
56247,624,0,CV008_008,1489628
56248,628,0,CV008_008,1490256
56249,628,0,CV008_008,1490884
56250,624,0,CV008_008,1491508
56251,628,0,CV008_008,1492136
56252,628,0,CV008_008,1492764
56253,628,0,CV008_008,1493392
56254,632,0,CV008_008,1494024
56255,628,0,CV008_008,1494652
56256,632,0,CV008_008,1495284
56257,652,0,CV008_008,1495936
56258,660,0,CV008_008,1496596
56259,668,0,CV008_008,1497264
56260,656,0,CV008_008,1497920
56261,668,0,CV008_008,1498588
56262,672,0,CV008_008,1499260
56263,668,0,CV008_008,1499928
56264,672,0,CV008_008,1500600
56265,668,0,CV008_008,1501268
56266,660,0,CV008_008,1501928
56267,660,0,CV008_008,1502588
56268,660,0,CV008_008,1503248
56269,652,0,CV008_008,1503900
56270,652,0,CV008_008,1504552
56271,652,0,CV008_008,1505204
56272,656,0,CV008_008,1505860
56273,652,0,CV008_008,1506512
56274,652,0,CV008_008,1507164
56275,660,0,CV008_008,1507824
56276,652,0,CV008_008,1508476
56277,652,0,CV008_008,1509128
56278,648,0,CV008_008,1509776
56279,652,0,CV008_008,1510428
56280,644,0,CV008_008,1511072
56281,656,0,CV008_008,1511728
56282,656,0,CV008_008,1512384
56283,656,0,CV008_008,1513040
56284,652,0,CV008_008,1513692
56285,656,0,CV008_008,1514348
56286,656,0,CV008_008,1515004
56287,652,0,CV008_008,1515656
56288,660,0,CV008_008,1516316
56289,652,0,CV008_008,1516968
56290,648,0,CV008_008,1517616
56291,652,0,CV008_008,1518268
56292,648,0,CV008_008,1518916
56293,648,0,CV008_008,1519564
56294,652,0,CV008_008,1520216
56295,652,0,CV008_008,1520868
56296,648,0,CV008_008,1521516
56297,656,0,CV008_008,1522172
56298,644,0,CV008_008,1522816
56299,648,0,CV008_008,1523464
56300,692,1,CV008_008,1524156
56301,612,0,CV008_008,1524768
56302,660,0,CV008_008,1525428
56303,656,0,CV008_008,1526084
56304,1312,0,CV008_008,1527396
56305,652,0,CV008_008,1528048
56306,648,0,CV008_008,1528696
56307,648,0,CV008_008,1529344
56308,640,0,CV008_008,1529984
56309,640,0,CV008_008,1530624
56310,648,0,CV008_008,1531272
56311,652,0,CV008_008,1531924
56312,660,0,CV008_008,1532584
56313,664,0,CV008_008,1533248
56314,656,0,CV008_008,1533904
56315,656,0,CV008_008,1534560
56316,656,0,CV008_008,1535216
56317,648,0,CV008_008,1535864
56318,652,0,CV008_008,1536516
56319,652,0,CV008_008,1537168
56320,644,0,CV008_008,1537812
56321,644,0,CV008_008,1538456
56322,640,0,CV008_008,1539096
56323,636,0,CV008_008,1539732
56324,636,0,CV008_008,1540368
56325,632,0,CV008_008,1541000
56326,672,1,CV008_008,1541672
56327,572,0,CV008_008,1542244
56328,624,0,CV008_008,1542868
56329,624,0,CV008_008,1543492
56330,684,1,CV008_008,1544176
56331,588,0,CV008_008,1544764
56332,640,0,CV008_008,1545404
56333,644,0,CV008_008,1546048
56334,648,0,CV008_008,1546696
56335,648,0,CV008_008,1547344
56336,648,0,CV008_008,1547992
56337,648,0,CV008_008,1548640
56338,644,0,CV008_008,1549284
56339,652,0,CV008_008,1549936
56340,648,0,CV008_008,1550584
56341,648,0,CV008_008,1551232
56342,644,0,CV008_008,1551876
56343,652,0,CV008_008,1552528
56344,648,0,CV008_008,1553176
56345,648,0,CV008_008,1553824
56346,648,0,CV008_008,1554472
56347,688,1,CV008_008,1555160
56348,600,0,CV008_008,1555760
56349,652,0,CV008_008,1556412
56350,648,0,CV008_008,1557060
56351,648,0,CV008_008,1557708
56352,700,1,CV008_008,1558408
56353,600,0,CV008_008,1559008
56354,644,0,CV008_008,1559652
56355,644,0,CV008_008,1560296
56356,640,0,CV008_008,1560936
56357,636,0,CV008_008,1561572
56358,636,0,CV008_008,1562208
56359,640,0,CV008_008,1562848
56360,636,0,CV008_008,1563484
56361,684,1,CV008_008,1564168
56362,592,0,CV008_008,1564760
56363,640,0,CV008_008,1565400
56364,636,0,CV008_008,1566036
56365,644,0,CV008_008,1566680
56366,640,0,CV008_008,1567320
56367,640,0,CV008_008,1567960
56368,636,0,CV008_008,1568596
56369,632,0,CV008_008,1569228
56370,632,0,CV008_008,1569860
56371,632,0,CV008_008,1570492
56372,684,1,CV008_008,1571176
56373,584,0,CV008_008,1571760
56374,632,0,CV008_008,1572392
56375,632,0,CV008_008,1573024
56376,628,0,CV008_008,1573652
56377,628,0,CV008_008,1574280
56378,628,0,CV008_008,1574908
56379,624,0,CV008_008,1575532
56380,668,1,CV008_008,1576200
56381,568,0,CV008_008,1576768
56382,612,0,CV008_008,1577380
56383,616,0,CV008_008,1577996
56384,608,0,CV008_008,1578604
56385,616,0,CV008_008,1579220
56386,608,0,CV008_008,1579828
56387,616,0,CV008_008,1580444
56388,620,0,CV008_008,1581064
56389,616,0,CV008_008,1581680
56390,620,0,CV008_008,1582300
56391,620,0,CV008_008,1582920
56392,620,0,CV008_008,1583540
56393,668,1,CV008_008,1584208
56394,572,0,CV008_008,1584780
56395,620,0,CV008_008,1585400
56396,620,0,CV008_008,1586020
56397,620,0,CV008_008,1586640
56398,624,0,CV008_008,1587264
56399,616,0,CV008_008,1587880
56400,620,0,CV008_008,1588500
56401,616,0,CV008_008,1589116
56402,624,0,CV008_008,1589740
56403,620,0,CV008_008,1590360
56404,628,0,CV008_008,1590988
56405,620,0,CV008_008,1591608
56406,624,0,CV008_008,1592232
56407,628,0,CV008_008,1592860
56408,628,0,CV008_008,1593488
56409,632,0,CV008_008,1594120
56410,640,0,CV008_008,1594760
56411,640,0,CV008_008,1595400
56412,640,0,CV008_008,1596040
56413,640,0,CV008_008,1596680
56414,644,0,CV008_008,1597324
56415,640,0,CV008_008,1597964
56416,1276,0,CV008_009,1276
56417,1240,0,CV008_009,2516
56418,676,0,CV008_009,3192
56419,628,0,CV008_009,3820
56420,620,0,CV008_009,4440
56421,568,0,CV008_009,5008
56422,668,0,CV008_009,5676
56423,616,0,CV008_009,6292
56424,560,0,CV008_009,6852
56425,664,0,CV008_009,7516
56426,556,0,CV008_009,8072
56427,608,0,CV008_009,8680
56428,628,0,CV008_009,9308
56429,632,0,CV008_009,9940
56430,624,0,CV008_009,10564
56431,640,0,CV008_009,11204
56432,540,0,CV008_009,11744
56433,716,0,CV008_009,12460
56434,620,0,CV008_009,13080
56435,1240,0,CV008_009,14320
56436,612,0,CV008_009,14932
56437,620,0,CV008_009,15552
56438,620,0,CV008_009,16172
56439,608,0,CV008_009,16780
56440,620,0,CV008_009,17400
56441,612,0,CV008_009,18012
56442,608,0,CV008_009,18620
56443,628,0,CV008_009,19248
56444,428,0,CV008_009,19676
56445,248,0,CV008_009,19924
56446,572,0,CV008_009,20496
56447,636,0,CV008_009,21132
56448,156,0,CV008_009,21288
56449,344,0,CV008_009,21632
56450,132,0,CV008_009,21764
56451,628,0,CV008_009,22392
56452,636,0,CV008_009,23028
56453,636,0,CV008_009,23664
56454,616,0,CV008_009,24280
56455,620,0,CV008_009,24900
56456,616,0,CV008_009,25516
56457,608,0,CV008_009,26124
56458,652,1,CV008_009,26776
56459,556,0,CV008_009,27332
56460,600,0,CV008_009,27932
56461,596,0,CV008_009,28528
56462,600,0,CV008_009,29128
56463,648,0,CV008_009,29776
56464,608,0,CV008_009,30384
56465,552,0,CV008_009,30936
56466,616,0,CV008_009,31552
56467,676,0,CV008_009,32228
56468,216,0,CV008_009,32444
56469,244,0,CV008_009,32688
56470,112,0,CV008_009,32800
56471,664,0,CV008_009,33464
56472,704,0,CV008_009,34168
56473,600,0,CV008_009,34768
56474,656,0,CV008_009,35424
56475,700,0,CV008_009,36124
56476,1280,0,CV008_009,37404
56477,588,0,CV008_009,37992
56478,628,0,CV008_009,38620
56479,628,0,CV008_009,39248
56480,624,0,CV008_009,39872
56481,620,0,CV008_009,40492
56482,616,0,CV008_009,41108
56483,580,0,CV008_009,41688
56484,664,0,CV008_009,42352
56485,612,0,CV008_009,42964
56486,660,0,CV008_009,43624
56487,556,0,CV008_009,44180
56488,448,0,CV008_009,44628
56489,156,0,CV008_009,44784
56490,1276,0,CV008_009,46060
56491,624,0,CV008_009,46684
56492,636,0,CV008_009,47320
56493,684,1,CV008_009,48004
56494,588,0,CV008_009,48592
56495,640,0,CV008_009,49232
56496,648,0,CV008_009,49880
56497,652,0,CV008_009,50532
56498,644,0,CV008_009,51176
56499,676,0,CV008_009,51852
56500,664,0,CV008_009,52516
56501,652,0,CV008_009,53168
56502,652,0,CV008_009,53820
56503,652,0,CV008_009,54472
56504,692,0,CV008_009,55164
56505,644,0,CV008_009,55808
56506,596,0,CV008_009,56404
56507,644,0,CV008_009,57048
56508,652,0,CV008_009,57700
56509,648,0,CV008_009,58348
56510,640,0,CV008_009,58988
56511,644,0,CV008_009,59632
56512,692,1,CV008_009,60324
56513,580,0,CV008_009,60904
56514,640,0,CV008_009,61544
56515,632,0,CV008_009,62176
56516,632,0,CV008_009,62808
56517,640,0,CV008_009,63448
56518,640,0,CV008_009,64088
56519,1268,0,CV008_009,65356
56520,640,0,CV008_009,65996
56521,632,0,CV008_009,66628
56522,648,0,CV008_009,67276
56523,656,0,CV008_009,67932
56524,660,0,CV008_009,68592
56525,664,0,CV008_009,69256
56526,680,0,CV008_009,69936
56527,664,0,CV008_009,70600
56528,712,1,CV008_009,71312
56529,624,0,CV008_009,71936
56530,672,0,CV008_009,72608
56531,652,0,CV008_009,73260
56532,716,1,CV008_009,73976
56533,604,0,CV008_009,74580
56534,648,0,CV008_009,75228
56535,656,0,CV008_009,75884
56536,652,0,CV008_009,76536
56537,644,0,CV008_009,77180
56538,644,0,CV008_009,77824
56539,652,0,CV008_009,78476
56540,640,0,CV008_009,79116
56541,688,0,CV008_009,79804
56542,600,0,CV008_009,80404
56543,640,0,CV008_009,81044
56544,1276,0,CV008_009,82320
56545,640,0,CV008_009,82960
56546,632,0,CV008_009,83592
56547,688,1,CV008_009,84280
56548,592,0,CV008_009,84872
56549,644,0,CV008_009,85516
56550,640,0,CV008_009,86156
56551,644,0,CV008_009,86800
56552,640,0,CV008_009,87440
56553,632,0,CV008_009,88072
56554,636,0,CV008_009,88708
56555,628,0,CV008_009,89336
56556,624,0,CV008_009,89960
56557,628,0,CV008_009,90588
56558,672,1,CV008_009,91260
56559,568,0,CV008_009,91828
56560,624,0,CV008_009,92452
56561,620,0,CV008_009,93072
56562,612,0,CV008_009,93684
56563,616,0,CV008_009,94300
56564,664,0,CV008_009,94964
56565,568,0,CV008_009,95532
56566,616,0,CV008_009,96148
56567,680,0,CV008_009,96828
56568,576,0,CV008_009,97404
56569,624,0,CV008_009,98028
56570,632,0,CV008_009,98660
56571,628,0,CV008_009,99288
56572,628,0,CV008_009,99916
56573,640,0,CV008_009,100556
56574,680,1,CV008_009,101236
56575,580,0,CV008_009,101816
56576,628,0,CV008_009,102444
56577,628,0,CV008_009,103072
56578,660,1,CV008_009,103732
56579,572,0,CV008_009,104304
56580,620,0,CV008_009,104924
56581,616,0,CV008_009,105540
56582,620,0,CV008_009,106160
56583,668,1,CV008_009,106828
56584,568,0,CV008_009,107396
56585,616,0,CV008_009,108012
56586,624,0,CV008_009,108636
56587,616,0,CV008_009,109252
56588,612,0,CV008_009,109864
56589,620,0,CV008_009,110484
56590,612,0,CV008_009,111096
56591,648,0,CV008_009,111744
56592,560,0,CV008_009,112304
56593,1192,0,CV008_009,113496
56594,596,0,CV008_009,114092
56595,596,0,CV008_009,114688
56596,596,0,CV008_009,115284
56597,604,0,CV008_009,115888
56598,604,0,CV008_009,116492
56599,600,0,CV008_009,117092
56600,608,0,CV008_009,117700
56601,612,0,CV008_009,118312
56602,608,0,CV008_009,118920
56603,608,0,CV008_009,119528
56604,620,0,CV008_009,120148
56605,676,0,CV008_009,120824
56606,568,0,CV008_009,121392
56607,624,0,CV008_009,122016
56608,680,0,CV008_009,122696
56609,568,0,CV008_009,123264
56610,632,0,CV008_009,123896
56611,632,0,CV008_009,124528
56612,676,0,CV008_009,125204
56613,628,0,CV008_009,125832
56614,568,0,CV008_009,126400
56615,632,0,CV008_009,127032
56616,672,0,CV008_009,127704
56617,572,0,CV008_009,128276
56618,616,0,CV008_009,128892
56619,616,0,CV008_009,129508
56620,608,0,CV008_009,130116
56621,612,0,CV008_009,130728
56622,612,0,CV008_009,131340
56623,608,0,CV008_009,131948
56624,600,0,CV008_009,132548
56625,604,0,CV008_009,133152
56626,1204,0,CV008_009,134356
56627,596,0,CV008_009,134952
56628,596,0,CV008_009,135548
56629,592,0,CV008_009,136140
56630,596,0,CV008_009,136736
56631,604,0,CV008_009,137340
56632,608,0,CV008_009,137948
56633,624,0,CV008_009,138572
56634,636,0,CV008_009,139208
56635,632,0,CV008_009,139840
56636,644,0,CV008_009,140484
56637,660,0,CV008_009,141144
56638,700,0,CV008_009,141844
56639,600,0,CV008_009,142444
56640,660,0,CV008_009,143104
56641,1320,0,CV008_009,144424
56642,652,0,CV008_009,145076
56643,652,0,CV008_009,145728
56644,644,0,CV008_009,146372
56645,648,0,CV008_009,147020
56646,640,0,CV008_009,147660
56647,636,0,CV008_009,148296
56648,640,0,CV008_009,148936
56649,648,0,CV008_009,149584
56650,640,0,CV008_009,150224
56651,636,0,CV008_009,150860
56652,636,0,CV008_009,151496
56653,632,0,CV008_009,152128
56654,1284,0,CV008_009,153412
56655,632,0,CV008_009,154044
56656,648,0,CV008_009,154692
56657,644,0,CV008_009,155336
56658,640,0,CV008_009,155976
56659,692,0,CV008_009,156668
56660,592,0,CV008_009,157260
56661,636,0,CV008_009,157896
56662,1272,0,CV008_009,159168
56663,676,0,CV008_009,159844
56664,580,0,CV008_009,160424
56665,632,0,CV008_009,161056
56666,632,0,CV008_009,161688
56667,688,0,CV008_009,162376
56668,644,0,CV008_009,163020
56669,600,0,CV008_009,163620
56670,652,0,CV008_009,164272
56671,656,0,CV008_009,164928
56672,708,0,CV008_009,165636
56673,112,0,CV008_009,165748
56674,500,0,CV008_009,166248
56675,672,0,CV008_009,166920
56676,708,0,CV008_009,167628
56677,608,0,CV008_009,168236
56678,652,0,CV008_009,168888
56679,640,0,CV008_009,169528
56680,232,0,CV008_009,169760
56681,404,0,CV008_009,170164
56682,676,0,CV008_009,170840
56683,572,0,CV008_009,171412
56684,612,0,CV008_009,172024
56685,640,0,CV008_009,172664
56686,620,0,CV008_009,173284
56687,1228,0,CV008_009,174512
56688,612,0,CV008_009,175124
56689,1220,0,CV008_009,176344
56690,604,0,CV008_009,176948
56691,648,0,CV008_009,177596
56692,556,0,CV008_009,178152
56693,604,0,CV008_009,178756
56694,612,0,CV008_009,179368
56695,612,0,CV008_009,179980
56696,624,0,CV008_009,180604
56697,624,0,CV008_009,181228
56698,628,0,CV008_009,181856
56699,628,0,CV008_009,182484
56700,628,0,CV008_009,183112
56701,636,0,CV008_009,183748
56702,632,0,CV008_009,184380
56703,652,0,CV008_009,185032
56704,648,0,CV008_009,185680
56705,648,0,CV008_009,186328
56706,648,0,CV008_009,186976
56707,644,0,CV008_009,187620
56708,644,0,CV008_009,188264
56709,640,0,CV008_009,188904
56710,684,0,CV008_009,189588
56711,584,0,CV008_009,190172
56712,1876,0,CV008_009,192048
56713,616,0,CV008_009,192664
56714,616,0,CV008_009,193280
56715,1252,0,CV008_009,194532
56716,620,0,CV008_009,195152
56717,720,0,CV008_009,195872
56718,692,0,CV008_009,196564
56719,660,0,CV008_009,197224
56720,756,0,CV008_009,197980
56721,748,0,CV008_009,198728
56722,740,0,CV008_009,199468
56723,748,0,CV008_009,200216
56724,724,0,CV008_009,200940
56725,712,0,CV008_009,201652
56726,696,0,CV008_009,202348
56727,692,0,CV008_009,203040
56728,680,0,CV008_009,203720
56729,664,0,CV008_009,204384
56730,676,0,CV008_009,205060
56731,672,0,CV008_009,205732
56732,664,0,CV008_009,206396
56733,664,0,CV008_009,207060
56734,660,0,CV008_009,207720
56735,648,0,CV008_009,208368
56736,648,0,CV008_009,209016
56737,652,0,CV008_009,209668
56738,652,0,CV008_009,210320
56739,640,0,CV008_009,210960
56740,664,0,CV008_009,211624
56741,660,0,CV008_009,212284
56742,660,0,CV008_009,212944
56743,656,0,CV008_009,213600
56744,660,0,CV008_009,214260
56745,660,0,CV008_009,214920
56746,664,0,CV008_009,215584
56747,676,0,CV008_009,216260
56748,668,0,CV008_009,216928
56749,656,0,CV008_009,217584
56750,672,0,CV008_009,218256
56751,676,0,CV008_009,218932
56752,668,0,CV008_009,219600
56753,676,0,CV008_009,220276
56754,680,0,CV008_009,220956
56755,668,0,CV008_009,221624
56756,676,0,CV008_009,222300
56757,720,0,CV008_009,223020
56758,612,0,CV008_009,223632
56759,668,0,CV008_009,224300
56760,720,0,CV008_009,225020
56761,604,0,CV008_009,225624
56762,652,0,CV008_009,226276
56763,664,0,CV008_009,226940
56764,660,0,CV008_009,227600
56765,652,0,CV008_009,228252
56766,664,0,CV008_009,228916
56767,664,0,CV008_009,229580
56768,660,0,CV008_009,230240
56769,668,0,CV008_009,230908
56770,660,0,CV008_009,231568
56771,676,0,CV008_009,232244
56772,660,0,CV008_009,232904
56773,668,0,CV008_009,233572
56774,656,0,CV008_009,234228
56775,652,0,CV008_009,234880
56776,656,0,CV008_009,235536
56777,660,0,CV008_009,236196
56778,700,1,CV008_009,236896
56779,600,0,CV008_009,237496
56780,652,0,CV008_009,238148
56781,644,0,CV008_009,238792
56782,700,1,CV008_009,239492
56783,600,0,CV008_009,240092
56784,648,0,CV008_009,240740
56785,648,0,CV008_009,241388
56786,660,0,CV008_009,242048
56787,652,0,CV008_009,242700
56788,648,0,CV008_009,243348
56789,656,0,CV008_009,244004
56790,644,0,CV008_009,244648
56791,656,0,CV008_009,245304
56792,656,0,CV008_009,245960
56793,656,0,CV008_009,246616
56794,668,0,CV008_009,247284
56795,672,0,CV008_009,247956
56796,660,0,CV008_009,248616
56797,664,0,CV008_009,249280
56798,656,0,CV008_009,249936
56799,644,0,CV008_009,250580
56800,644,0,CV008_009,251224
56801,640,0,CV008_009,251864
56802,628,0,CV008_009,252492
56803,636,0,CV008_009,253128
56804,636,0,CV008_009,253764
56805,676,1,CV008_009,254440
56806,584,0,CV008_009,255024
56807,636,0,CV008_009,255660
56808,632,0,CV008_009,256292
56809,640,0,CV008_009,256932
56810,648,0,CV008_009,257580
56811,640,0,CV008_009,258220
56812,644,0,CV008_009,258864
56813,652,0,CV008_009,259516
56814,648,0,CV008_009,260164
56815,1316,0,CV008_009,261480
56816,648,0,CV008_009,262128
56817,656,0,CV008_009,262784
56818,648,0,CV008_009,263432
56819,648,0,CV008_009,264080
56820,656,0,CV008_009,264736
56821,700,1,CV008_009,265436
56822,608,0,CV008_009,266044
56823,648,0,CV008_009,266692
56824,652,0,CV008_009,267344
56825,640,0,CV008_009,267984
56826,636,0,CV008_009,268620
56827,636,0,CV008_009,269256
56828,676,0,CV008_009,269932
56829,576,0,CV008_009,270508
56830,616,0,CV008_009,271124
56831,616,0,CV008_009,271740
56832,684,0,CV008_009,272424
56833,596,0,CV008_009,273020
56834,648,0,CV008_009,273668
56835,668,0,CV008_009,274336
56836,668,0,CV008_009,275004
56837,672,0,CV008_009,275676
56838,668,0,CV008_009,276344
56839,676,0,CV008_009,277020
56840,664,0,CV008_009,277684
56841,656,0,CV008_009,278340
56842,664,0,CV008_009,279004
56843,656,0,CV008_009,279660
56844,652,0,CV008_009,280312
56845,652,0,CV008_009,280964
56846,656,0,CV008_009,281620
56847,648,0,CV008_009,282268
56848,656,0,CV008_009,282924
56849,660,0,CV008_009,283584
56850,656,0,CV008_009,284240
56851,668,0,CV008_009,284908
56852,696,0,CV008_009,285604
56853,676,0,CV008_009,286280
56854,680,0,CV008_009,286960
56855,688,0,CV008_009,287648
56856,732,1,CV008_009,288380
56857,628,0,CV008_009,289008
56858,692,0,CV008_009,289700
56859,692,0,CV008_009,290392
56860,672,0,CV008_009,291064
56861,684,0,CV008_009,291748
56862,680,0,CV008_009,292428
56863,668,0,CV008_009,293096
56864,676,0,CV008_009,293772
56865,728,0,CV008_009,294500
56866,672,0,CV008_009,295172
56867,632,0,CV008_009,295804
56868,688,0,CV008_009,296492
56869,680,0,CV008_009,297172
56870,732,0,CV008_009,297904
56871,628,0,CV008_009,298532
56872,672,0,CV008_009,299204
56873,716,0,CV008_009,299920
56874,624,0,CV008_009,300544
56875,672,0,CV008_009,301216
56876,716,0,CV008_009,301932
56877,620,0,CV008_009,302552
56878,668,0,CV008_009,303220
56879,672,0,CV008_009,303892
56880,664,0,CV008_009,304556
56881,680,0,CV008_009,305236
56882,680,0,CV008_009,305916
56883,672,0,CV008_009,306588
56884,680,0,CV008_009,307268
56885,676,0,CV008_009,307944
56886,676,0,CV008_009,308620
56887,724,0,CV008_009,309344
56888,628,0,CV008_009,309972
56889,672,0,CV008_009,310644
56890,728,0,CV008_009,311372
56891,628,0,CV008_009,312000
56892,672,0,CV008_009,312672
56893,676,0,CV008_009,313348
56894,676,0,CV008_009,314024
56895,680,0,CV008_009,314704
56896,668,0,CV008_009,315372
56897,680,0,CV008_009,316052
56898,680,0,CV008_009,316732
56899,664,0,CV008_009,317396
56900,672,0,CV008_009,318068
56901,672,0,CV008_009,318740
56902,664,0,CV008_009,319404
56903,668,0,CV008_009,320072
56904,668,0,CV008_009,320740
56905,664,0,CV008_009,321404
56906,660,0,CV008_009,322064
56907,668,0,CV008_009,322732
56908,668,0,CV008_009,323400
56909,664,0,CV008_009,324064
56910,668,0,CV008_009,324732
56911,668,0,CV008_009,325400
56912,708,1,CV008_009,326108
56913,616,0,CV008_009,326724
56914,668,0,CV008_009,327392
56915,656,0,CV008_009,328048
56916,668,0,CV008_009,328716
56917,664,0,CV008_009,329380
56918,652,0,CV008_009,330032
56919,660,0,CV008_009,330692
56920,652,0,CV008_009,331344
56921,656,0,CV008_009,332000
56922,652,0,CV008_009,332652
56923,656,0,CV008_009,333308
56924,652,0,CV008_009,333960
56925,644,0,CV008_009,334604
56926,704,1,CV008_009,335308
56927,608,0,CV008_009,335916
56928,652,0,CV008_009,336568
56929,652,0,CV008_009,337220
56930,716,0,CV008_009,337936
56931,612,0,CV008_009,338548
56932,664,0,CV008_009,339212
56933,724,0,CV008_009,339936
56934,620,0,CV008_009,340556
56935,660,0,CV008_009,341216
56936,724,0,CV008_009,341940
56937,620,0,CV008_009,342560
56938,712,0,CV008_009,343272
56939,664,0,CV008_009,343936
56940,608,0,CV008_009,344544
56941,648,0,CV008_009,345192
56942,656,0,CV008_009,345848
56943,656,0,CV008_009,346504
56944,648,0,CV008_009,347152
56945,660,0,CV008_009,347812
56946,664,0,CV008_009,348476
56947,656,0,CV008_009,349132
56948,660,0,CV008_009,349792
56949,668,0,CV008_009,350460
56950,664,0,CV008_009,351124
56951,660,0,CV008_009,351784
56952,668,0,CV008_009,352452
56953,668,0,CV008_009,353120
56954,660,0,CV008_009,353780
56955,720,1,CV008_009,354500
56956,620,0,CV008_009,355120
56957,660,0,CV008_009,355780
56958,668,0,CV008_009,356448
56959,668,0,CV008_009,357116
56960,672,0,CV008_009,357788
56961,668,0,CV008_009,358456
56962,676,0,CV008_009,359132
56963,676,0,CV008_009,359808
56964,716,0,CV008_009,360524
56965,1336,0,CV008_009,361860
56966,660,0,CV008_009,362520
56967,1332,0,CV008_009,363852
56968,660,0,CV008_009,364512
56969,1340,0,CV008_009,365852
56970,1296,0,CV008_009,367148
56971,716,0,CV008_009,367864
56972,672,0,CV008_009,368536
56973,612,0,CV008_009,369148
56974,712,0,CV008_009,369860
56975,664,0,CV008_009,370524
56976,1312,0,CV008_009,371836
56977,608,0,CV008_009,372444
56978,652,0,CV008_009,373096
56979,664,0,CV008_009,373760
56980,660,0,CV008_009,374420
56981,664,0,CV008_009,375084
56982,672,0,CV008_009,375756
56983,684,0,CV008_009,376440
56984,680,0,CV008_009,377120
56985,664,0,CV008_009,377784
56986,736,0,CV008_009,378520
56987,684,0,CV008_009,379204
56988,672,0,CV008_009,379876
56989,640,0,CV008_009,380516
56990,680,0,CV008_009,381196
56991,672,0,CV008_009,381868
56992,740,0,CV008_009,382608
56993,628,0,CV008_009,383236
56994,720,0,CV008_009,383956
56995,620,0,CV008_009,384576
56996,680,0,CV008_009,385256
56997,720,0,CV008_009,385976
56998,624,0,CV008_009,386600
56999,672,0,CV008_009,387272
57000,668,0,CV008_009,387940
57001,672,0,CV008_009,388612
57002,672,0,CV008_009,389284
57003,668,0,CV008_009,389952
57004,668,0,CV008_009,390620
57005,668,0,CV008_009,391288
57006,668,0,CV008_009,391956
57007,664,0,CV008_009,392620
57008,664,0,CV008_009,393284
57009,664,0,CV008_009,393948
57010,652,0,CV008_009,394600
57011,664,0,CV008_009,395264
57012,700,1,CV008_009,395964
57013,596,0,CV008_009,396560
57014,660,0,CV008_009,397220
57015,656,0,CV008_009,397876
57016,668,0,CV008_009,398544
57017,672,0,CV008_009,399216
57018,1372,0,CV008_009,400588
57019,680,0,CV008_009,401268
57020,680,0,CV008_009,401948
57021,728,0,CV008_009,402676
57022,616,0,CV008_009,403292
57023,672,0,CV008_009,403964
57024,704,0,CV008_009,404668
57025,616,0,CV008_009,405284
57026,660,0,CV008_009,405944
57027,644,0,CV008_009,406588
57028,652,0,CV008_009,407240
57029,644,0,CV008_009,407884
57030,644,0,CV008_009,408528
57031,648,0,CV008_009,409176
57032,640,0,CV008_009,409816
57033,648,0,CV008_009,410464
57034,656,0,CV008_009,411120
57035,652,0,CV008_009,411772
57036,656,0,CV008_009,412428
57037,712,0,CV008_009,413140
57038,604,0,CV008_009,413744
57039,664,0,CV008_009,414408
57040,724,0,CV008_009,415132
57041,616,0,CV008_009,415748
57042,664,0,CV008_009,416412
57043,668,0,CV008_009,417080
57044,668,0,CV008_009,417748
57045,664,0,CV008_009,418412
57046,724,1,CV008_009,419136
57047,628,0,CV008_009,419764
57048,664,0,CV008_009,420428
57049,680,0,CV008_009,421108
57050,676,0,CV008_009,421784
57051,672,0,CV008_009,422456
57052,672,0,CV008_009,423128
57053,672,0,CV008_009,423800
57054,660,0,CV008_009,424460
57055,668,0,CV008_009,425128
57056,664,0,CV008_009,425792
57057,664,0,CV008_009,426456
57058,664,0,CV008_009,427120
57059,672,0,CV008_009,427792
57060,672,0,CV008_009,428464
57061,668,0,CV008_009,429132
57062,676,0,CV008_009,429808
57063,664,0,CV008_009,430472
57064,664,0,CV008_009,431136
57065,672,0,CV008_009,431808
57066,668,0,CV008_009,432476
57067,660,0,CV008_009,433136
57068,668,0,CV008_009,433804
57069,660,0,CV008_009,434464
57070,652,0,CV008_009,435116
57071,656,0,CV008_009,435772
57072,648,0,CV008_009,436420
57073,644,0,CV008_009,437064
57074,652,0,CV008_009,437716
57075,656,0,CV008_009,438372
57076,652,0,CV008_009,439024
57077,652,0,CV008_009,439676
57078,656,0,CV008_009,440332
57079,656,0,CV008_009,440988
57080,648,0,CV008_009,441636
57081,656,0,CV008_009,442292
57082,700,1,CV008_009,442992
57083,592,0,CV008_009,443584
57084,648,0,CV008_009,444232
57085,644,0,CV008_009,444876
57086,640,0,CV008_009,445516
57087,640,0,CV008_009,446156
57088,652,0,CV008_009,446808
57089,652,0,CV008_009,447460
57090,644,0,CV008_009,448104
57091,660,0,CV008_009,448764
57092,648,0,CV008_009,449412
57093,648,0,CV008_009,450060
57094,648,0,CV008_009,450708
57095,656,0,CV008_009,451364
57096,652,0,CV008_009,452016
57097,652,0,CV008_009,452668
57098,664,0,CV008_009,453332
57099,652,0,CV008_009,453984
57100,652,0,CV008_009,454636
57101,652,0,CV008_009,455288
57102,696,1,CV008_009,455984
57103,596,0,CV008_009,456580
57104,648,0,CV008_009,457228
57105,648,0,CV008_009,457876
57106,688,1,CV008_009,458564
57107,600,0,CV008_009,459164
57108,648,0,CV008_009,459812
57109,648,0,CV008_009,460460
57110,648,0,CV008_009,461108
57111,652,0,CV008_009,461760
57112,652,0,CV008_009,462412
57113,644,0,CV008_009,463056
57114,648,0,CV008_009,463704
57115,648,0,CV008_009,464352
57116,688,1,CV008_009,465040
57117,592,0,CV008_009,465632
57118,644,0,CV008_009,466276
57119,644,0,CV008_009,466920
57120,648,0,CV008_009,467568
57121,664,0,CV008_009,468232
57122,668,0,CV008_009,468900
57123,660,0,CV008_009,469560
57124,672,0,CV008_009,470232
57125,672,0,CV008_009,470904
57126,664,0,CV008_009,471568
57127,712,1,CV008_009,472280
57128,616,0,CV008_009,472896
57129,652,0,CV008_009,473548
57130,648,0,CV008_009,474196
57131,652,0,CV008_009,474848
57132,696,0,CV008_009,475544
57133,600,0,CV008_009,476144
57134,652,0,CV008_009,476796
57135,712,0,CV008_009,477508
57136,612,0,CV008_009,478120
57137,660,0,CV008_009,478780
57138,672,0,CV008_009,479452
57139,688,0,CV008_009,480140
57140,680,0,CV008_009,480820
57141,728,1,CV008_009,481548
57142,636,0,CV008_009,482184
57143,680,0,CV008_009,482864
57144,668,0,CV008_009,483532
57145,716,0,CV008_009,484248
57146,612,0,CV008_009,484860
57147,708,0,CV008_009,485568
57148,612,0,CV008_009,486180
57149,656,0,CV008_009,486836
57150,652,0,CV008_009,487488
57151,652,0,CV008_009,488140
57152,648,0,CV008_009,488788
57153,128,0,CV008_009,488916
57154,516,0,CV008_009,489432
57155,652,0,CV008_009,490084
57156,672,0,CV008_009,490756
57157,156,0,CV008_009,490912
57158,512,0,CV008_009,491424
57159,676,0,CV008_009,492100
57160,684,0,CV008_009,492784
57161,688,0,CV008_009,493472
57162,736,0,CV008_009,494208
57163,696,0,CV008_009,494904
57164,628,0,CV008_009,495532
57165,680,0,CV008_009,496212
57166,680,0,CV008_009,496892
57167,672,0,CV008_009,497564
57168,664,0,CV008_009,498228
57169,672,0,CV008_009,498900
57170,668,0,CV008_009,499568
57171,664,0,CV008_009,500232
57172,668,0,CV008_009,500900
57173,668,0,CV008_009,501568
57174,672,0,CV008_009,502240
57175,676,0,CV008_009,502916
57176,684,0,CV008_009,503600
57177,676,0,CV008_009,504276
57178,732,0,CV008_009,505008
57179,632,0,CV008_009,505640
57180,676,0,CV008_009,506316
57181,724,0,CV008_009,507040
57182,624,0,CV008_009,507664
57183,672,0,CV008_009,508336
57184,676,0,CV008_009,509012
57185,672,0,CV008_009,509684
57186,676,0,CV008_009,510360
57187,672,0,CV008_009,511032
57188,688,0,CV008_009,511720
57189,736,1,CV008_009,512456
57190,624,0,CV008_009,513080
57191,684,0,CV008_009,513764
57192,676,0,CV008_009,514440
57193,664,0,CV008_009,515104
57194,672,0,CV008_009,515776
57195,672,0,CV008_009,516448
57196,660,0,CV008_009,517108
57197,676,0,CV008_009,517784
57198,676,0,CV008_009,518460
57199,680,0,CV008_009,519140
57200,676,0,CV008_009,519816
57201,688,0,CV008_009,520504
57202,680,0,CV008_009,521184
57203,672,0,CV008_009,521856
57204,676,0,CV008_009,522532
57205,724,0,CV008_009,523256
57206,672,0,CV008_009,523928
57207,636,0,CV008_009,524564
57208,688,0,CV008_009,525252
57209,676,0,CV008_009,525928
57210,676,0,CV008_009,526604
57211,680,0,CV008_009,527284
57212,664,0,CV008_009,527948
57213,720,0,CV008_009,528668
57214,668,0,CV008_009,529336
57215,612,0,CV008_009,529948
57216,664,0,CV008_009,530612
57217,724,0,CV008_009,531336
57218,1284,0,CV008_009,532620
57219,680,0,CV008_009,533300
57220,728,0,CV008_009,534028
57221,620,0,CV008_009,534648
57222,676,0,CV008_009,535324
57223,728,0,CV008_009,536052
57224,624,0,CV008_009,536676
57225,724,0,CV008_009,537400
57226,624,0,CV008_009,538024
57227,668,0,CV008_009,538692
57228,720,0,CV008_009,539412
57229,620,0,CV008_009,540032
57230,660,0,CV008_009,540692
57231,716,0,CV008_009,541408
57232,620,0,CV008_009,542028
57233,660,0,CV008_009,542688
57234,712,0,CV008_009,543400
57235,616,0,CV008_009,544016
57236,656,0,CV008_009,544672
57237,720,0,CV008_009,545392
57238,660,0,CV008_009,546052
57239,612,0,CV008_009,546664
57240,716,0,CV008_009,547380
57241,672,0,CV008_009,548052
57242,624,0,CV008_009,548676
57243,720,0,CV008_009,549396
57244,620,0,CV008_009,550016
57245,660,0,CV008_009,550676
57246,708,0,CV008_009,551384
57247,1312,0,CV008_009,552696
57248,596,0,CV008_009,553292
57249,652,0,CV008_009,553944
57250,648,0,CV008_009,554592
57251,652,0,CV008_009,555244
57252,656,0,CV008_009,555900
57253,664,0,CV008_009,556564
57254,656,0,CV008_009,557220
57255,700,0,CV008_009,557920
57256,660,0,CV008_009,558580
57257,604,0,CV008_009,559184
57258,700,0,CV008_009,559884
57259,604,0,CV008_009,560488
57260,652,0,CV008_009,561140
57261,644,0,CV008_009,561784
57262,660,0,CV008_009,562444
57263,652,0,CV008_009,563096
57264,652,0,CV008_009,563748
57265,656,0,CV008_009,564404
57266,648,0,CV008_009,565052
57267,656,0,CV008_009,565708
57268,648,0,CV008_009,566356
57269,708,0,CV008_009,567064
57270,612,0,CV008_009,567676
57271,656,0,CV008_009,568332
57272,716,0,CV008_009,569048
57273,612,0,CV008_009,569660
57274,704,0,CV008_009,570364
57275,600,0,CV008_009,570964
57276,660,0,CV008_009,571624
57277,648,0,CV008_009,572272
57278,648,0,CV008_009,572920
57279,648,0,CV008_009,573568
57280,648,0,CV008_009,574216
57281,640,0,CV008_009,574856
57282,648,0,CV008_009,575504
57283,652,0,CV008_009,576156
57284,644,0,CV008_009,576800
57285,652,0,CV008_009,577452
57286,644,0,CV008_009,578096
57287,644,0,CV008_009,578740
57288,644,0,CV008_009,579384
57289,696,0,CV008_009,580080
57290,604,0,CV008_009,580684
57291,656,0,CV008_009,581340
57292,708,0,CV008_009,582048
57293,668,0,CV008_009,582716
57294,616,0,CV008_009,583332
57295,1324,0,CV008_009,584656
57296,660,0,CV008_009,585316
57297,660,0,CV008_009,585976
57298,668,0,CV008_009,586644
57299,660,0,CV008_009,587304
57300,652,0,CV008_009,587956
57301,656,0,CV008_009,588612
57302,700,1,CV008_009,589312
57303,600,0,CV008_009,589912
57304,648,0,CV008_009,590560
57305,644,0,CV008_009,591204
57306,636,0,CV008_009,591840
57307,684,0,CV008_009,592524
57308,580,0,CV008_009,593104
57309,676,0,CV008_009,593780
57310,576,0,CV008_009,594356
57311,620,0,CV008_009,594976
57312,620,0,CV008_009,595596
57313,620,0,CV008_009,596216
57314,620,0,CV008_009,596836
57315,624,0,CV008_009,597460
57316,636,0,CV008_009,598096
57317,628,0,CV008_009,598724
57318,644,0,CV008_009,599368
57319,692,1,CV008_009,600060
57320,604,0,CV008_009,600664
57321,656,0,CV008_009,601320
57322,648,0,CV008_009,601968
57323,656,0,CV008_009,602624
57324,656,0,CV008_009,603280
57325,700,0,CV008_009,603980
57326,656,0,CV008_009,604636
57327,656,0,CV008_009,605292
57328,656,0,CV008_009,605948
57329,652,0,CV008_009,606600
57330,656,0,CV008_009,607256
57331,596,0,CV008_009,607852
57332,696,0,CV008_009,608548
57333,604,0,CV008_009,609152
57334,636,0,CV008_009,609788
57335,640,0,CV008_009,610428
57336,632,0,CV008_009,611060
57337,624,0,CV008_009,611684
57338,636,0,CV008_009,612320
57339,640,0,CV008_009,612960
57340,640,0,CV008_009,613600
57341,640,0,CV008_009,614240
57342,656,0,CV008_009,614896
57343,660,0,CV008_009,615556
57344,660,0,CV008_009,616216
57345,664,0,CV008_009,616880
57346,668,0,CV008_009,617548
57347,672,0,CV008_009,618220
57348,656,0,CV008_009,618876
57349,660,0,CV008_009,619536
57350,712,1,CV008_009,620248
57351,604,0,CV008_009,620852
57352,648,0,CV008_009,621500
57353,656,0,CV008_009,622156
57354,648,0,CV008_009,622804
57355,648,0,CV008_009,623452
57356,656,0,CV008_009,624108
57357,660,0,CV008_009,624768
57358,660,0,CV008_009,625428
57359,664,0,CV008_009,626092
57360,672,0,CV008_009,626764
57361,668,0,CV008_009,627432
57362,668,0,CV008_009,628100
57363,720,0,CV008_009,628820
57364,624,0,CV008_009,629444
57365,668,0,CV008_009,630112
57366,712,0,CV008_009,630824
57367,616,0,CV008_009,631440
57368,656,0,CV008_009,632096
57369,708,0,CV008_009,632804
57370,652,0,CV008_009,633456
57371,648,0,CV008_009,634104
57372,648,0,CV008_009,634752
57373,592,0,CV008_009,635344
57374,652,0,CV008_009,635996
57375,708,0,CV008_009,636704
57376,612,0,CV008_009,637316
57377,672,0,CV008_009,637988
57378,716,0,CV008_009,638704
57379,612,0,CV008_009,639316
57380,668,0,CV008_009,639984
57381,656,0,CV008_009,640640
57382,664,0,CV008_009,641304
57383,668,0,CV008_009,641972
57384,668,0,CV008_009,642640
57385,668,0,CV008_009,643308
57386,664,0,CV008_009,643972
57387,720,1,CV008_009,644692
57388,616,0,CV008_009,645308
57389,660,0,CV008_009,645968
57390,664,0,CV008_009,646632
57391,660,0,CV008_009,647292
57392,652,0,CV008_009,647944
57393,664,0,CV008_009,648608
57394,668,0,CV008_009,649276
57395,668,0,CV008_009,649944
57396,664,0,CV008_009,650608
57397,660,0,CV008_009,651268
57398,652,0,CV008_009,651920
57399,636,0,CV008_009,652556
57400,640,0,CV008_009,653196
57401,632,0,CV008_009,653828
57402,624,0,CV008_009,654452
57403,636,0,CV008_009,655088
57404,660,0,CV008_009,655748
57405,656,0,CV008_009,656404
57406,664,0,CV008_009,657068
57407,668,0,CV008_009,657736
57408,676,0,CV008_009,658412
57409,680,0,CV008_009,659092
57410,668,0,CV008_009,659760
57411,668,0,CV008_009,660428
57412,660,0,CV008_009,661088
57413,656,0,CV008_009,661744
57414,660,0,CV008_009,662404
57415,1308,0,CV008_009,663712
57416,660,0,CV008_009,664372
57417,1316,0,CV008_009,665688
57418,664,0,CV008_009,666352
57419,1344,0,CV008_009,667696
57420,684,0,CV008_009,668380
57421,728,0,CV008_009,669108
57422,624,0,CV008_009,669732
57423,688,0,CV008_009,670420
57424,684,0,CV008_009,671104
57425,672,0,CV008_009,671776
57426,688,0,CV008_009,672464
57427,680,0,CV008_009,673144
57428,676,0,CV008_009,673820
57429,684,0,CV008_009,674504
57430,668,0,CV008_009,675172
57431,668,0,CV008_009,675840
57432,668,0,CV008_009,676508
57433,668,0,CV008_009,677176
57434,656,0,CV008_009,677832
57435,668,0,CV008_009,678500
57436,668,0,CV008_009,679168
57437,712,0,CV008_009,679880
57438,668,0,CV008_009,680548
57439,620,0,CV008_009,681168
57440,712,0,CV008_009,681880
57441,668,0,CV008_009,682548
57442,620,0,CV008_009,683168
57443,712,0,CV008_009,683880
57444,660,0,CV008_009,684540
57445,612,0,CV008_009,685152
57446,652,0,CV008_009,685804
57447,700,0,CV008_009,686504
57448,648,0,CV008_009,687152
57449,644,0,CV008_009,687796
57450,588,0,CV008_009,688384
57451,640,0,CV008_009,689024
57452,636,0,CV008_009,689660
57453,636,0,CV008_009,690296
57454,652,0,CV008_009,690948
57455,696,0,CV008_009,691644
57456,600,0,CV008_009,692244
57457,656,0,CV008_009,692900
57458,708,0,CV008_009,693608
57459,612,0,CV008_009,694220
57460,672,0,CV008_009,694892
57461,668,0,CV008_009,695560
57462,664,0,CV008_009,696224
57463,668,0,CV008_009,696892
57464,672,0,CV008_009,697564
57465,656,0,CV008_009,698220
57466,672,0,CV008_009,698892
57467,716,0,CV008_009,699608
57468,616,0,CV008_009,700224
57469,660,0,CV008_009,700884
57470,1320,0,CV008_009,702204
57471,664,0,CV008_009,702868
57472,716,0,CV008_009,703584
57473,616,0,CV008_009,704200
57474,656,0,CV008_009,704856
57475,652,0,CV008_009,705508
57476,652,0,CV008_009,706160
57477,640,0,CV008_009,706800
57478,656,0,CV008_009,707456
57479,660,0,CV008_009,708116
57480,652,0,CV008_009,708768
57481,664,0,CV008_009,709432
57482,712,0,CV008_009,710144
57483,616,0,CV008_009,710760
57484,668,0,CV008_009,711428
57485,712,0,CV008_009,712140
57486,656,0,CV008_009,712796
57487,608,0,CV008_009,713404
57488,704,0,CV008_009,714108
57489,612,0,CV008_009,714720
57490,656,0,CV008_009,715376
57491,656,0,CV008_009,716032
57492,660,0,CV008_009,716692
57493,656,0,CV008_009,717348
57494,672,0,CV008_009,718020
57495,664,0,CV008_009,718684
57496,660,0,CV008_009,719344
57497,704,1,CV008_009,720048
57498,620,0,CV008_009,720668
57499,656,0,CV008_009,721324
57500,652,0,CV008_009,721976
57501,664,0,CV008_009,722640
57502,656,0,CV008_009,723296
57503,652,0,CV008_009,723948
57504,656,0,CV008_009,724604
57505,652,0,CV008_009,725256
57506,652,0,CV008_009,725908
57507,660,0,CV008_009,726568
57508,660,0,CV008_009,727228
57509,652,0,CV008_009,727880
57510,660,0,CV008_009,728540
57511,676,0,CV008_009,729216
57512,680,0,CV008_009,729896
57513,680,0,CV008_009,730576
57514,700,0,CV008_009,731276
57515,748,1,CV008_009,732024
57516,636,0,CV008_009,732660
57517,692,0,CV008_009,733352
57518,688,0,CV008_009,734040
57519,684,0,CV008_009,734724
57520,680,0,CV008_009,735404
57521,732,0,CV008_009,736136
57522,616,0,CV008_009,736752
57523,684,0,CV008_009,737436
57524,724,0,CV008_009,738160
57525,620,0,CV008_009,738780
57526,724,0,CV008_009,739504
57527,620,0,CV008_009,740124
57528,664,0,CV008_009,740788
57529,664,0,CV008_009,741452
57530,660,0,CV008_009,742112
57531,664,0,CV008_009,742776
57532,660,0,CV008_009,743436
57533,708,0,CV008_009,744144
57534,628,0,CV008_009,744772
57535,660,0,CV008_009,745432
57536,728,0,CV008_009,746160
57537,624,0,CV008_009,746784
57538,716,0,CV008_009,747500
57539,628,0,CV008_009,748128
57540,680,0,CV008_009,748808
57541,672,0,CV008_009,749480
57542,680,0,CV008_009,750160
57543,672,0,CV008_009,750832
57544,668,0,CV008_009,751500
57545,672,0,CV008_009,752172
57546,664,0,CV008_009,752836
57547,664,0,CV008_009,753500
57548,660,0,CV008_009,754160
57549,660,0,CV008_009,754820
57550,660,0,CV008_009,755480
57551,668,0,CV008_009,756148
57552,656,0,CV008_009,756804
57553,672,0,CV008_009,757476
57554,676,0,CV008_009,758152
57555,668,0,CV008_009,758820
57556,680,0,CV008_009,759500
57557,680,0,CV008_009,760180
57558,672,0,CV008_009,760852
57559,684,0,CV008_009,761536
57560,676,0,CV008_009,762212
57561,672,0,CV008_009,762884
57562,672,0,CV008_009,763556
57563,676,0,CV008_009,764232
57564,672,0,CV008_009,764904
57565,688,0,CV008_009,765592
57566,684,0,CV008_009,766276
57567,668,0,CV008_009,766944
57568,672,0,CV008_009,767616
57569,660,0,CV008_009,768276
57570,664,0,CV008_009,768940
57571,664,0,CV008_009,769604
57572,656,0,CV008_009,770260
57573,676,0,CV008_009,770936
57574,676,0,CV008_009,771612
57575,676,0,CV008_009,772288
57576,676,0,CV008_009,772964
57577,680,0,CV008_009,773644
57578,672,0,CV008_009,774316
57579,680,0,CV008_009,774996
57580,680,0,CV008_009,775676
57581,668,0,CV008_009,776344
57582,672,0,CV008_009,777016
57583,672,0,CV008_009,777688
57584,1372,0,CV008_009,779060
57585,652,0,CV008_009,779712
57586,1348,0,CV008_009,781060
57587,604,0,CV008_009,781664
57588,1396,0,CV008_009,783060
57589,608,0,CV008_009,783668
57590,1372,0,CV008_009,785040
57591,660,0,CV008_009,785700
57592,608,0,CV008_009,786308
57593,656,0,CV008_009,786964
57594,648,0,CV008_009,787612
57595,640,0,CV008_009,788252
57596,656,0,CV008_009,788908
57597,660,0,CV008_009,789568
57598,656,0,CV008_009,790224
57599,700,0,CV008_009,790924
57600,616,0,CV008_009,791540
57601,672,0,CV008_009,792212
57602,712,0,CV008_009,792924
57603,672,0,CV008_009,793596
57604,620,0,CV008_009,794216
57605,668,0,CV008_009,794884
57606,676,0,CV008_009,795560
57607,684,0,CV008_009,796244
57608,684,0,CV008_009,796928
57609,672,0,CV008_009,797600
57610,684,0,CV008_009,798284
57611,672,0,CV008_009,798956
57612,664,0,CV008_009,799620
57613,704,1,CV008_009,800324
57614,612,0,CV008_009,800936
57615,648,0,CV008_009,801584
57616,648,0,CV008_009,802232
57617,640,0,CV008_009,802872
57618,636,0,CV008_009,803508
57619,644,0,CV008_009,804152
57620,644,0,CV008_009,804796
57621,636,0,CV008_009,805432
57622,644,0,CV008_009,806076
57623,648,0,CV008_009,806724
57624,644,0,CV008_009,807368
57625,648,0,CV008_009,808016
57626,656,0,CV008_009,808672
57627,652,0,CV008_009,809324
57628,656,0,CV008_009,809980
57629,652,0,CV008_009,810632
57630,652,0,CV008_009,811284
57631,656,0,CV008_009,811940
57632,664,0,CV008_009,812604
57633,656,0,CV008_009,813260
57634,656,0,CV008_009,813916
57635,652,0,CV008_009,814568
57636,644,0,CV008_009,815212
57637,652,0,CV008_009,815864
57638,648,0,CV008_009,816512
57639,652,0,CV008_009,817164
57640,660,0,CV008_009,817824
57641,656,0,CV008_009,818480
57642,708,1,CV008_009,819188
57643,604,0,CV008_009,819792
57644,656,0,CV008_009,820448
57645,644,0,CV008_009,821092
57646,1312,0,CV008_009,822404
57647,640,0,CV008_009,823044
57648,640,0,CV008_009,823684
57649,688,1,CV008_009,824372
57650,588,0,CV008_009,824960
57651,632,0,CV008_009,825592
57652,640,0,CV008_009,826232
57653,640,0,CV008_009,826872
57654,640,0,CV008_009,827512
57655,648,0,CV008_009,828160
57656,696,1,CV008_009,828856
57657,600,0,CV008_009,829456
57658,644,0,CV008_009,830100
57659,648,0,CV008_009,830748
57660,648,0,CV008_009,831396
57661,648,0,CV008_009,832044
57662,652,0,CV008_009,832696
57663,660,0,CV008_009,833356
57664,656,0,CV008_009,834012
57665,660,0,CV008_009,834672
57666,656,0,CV008_009,835328
57667,660,0,CV008_009,835988
57668,664,0,CV008_009,836652
57669,660,0,CV008_009,837312
57670,660,0,CV008_009,837972
57671,664,0,CV008_009,838636
57672,708,0,CV008_009,839344
57673,608,0,CV008_009,839952
57674,660,0,CV008_009,840612
57675,712,0,CV008_009,841324
57676,616,0,CV008_009,841940
57677,664,0,CV008_009,842604
57678,712,0,CV008_009,843316
57679,612,0,CV008_009,843928
57680,664,0,CV008_009,844592
57681,664,0,CV008_009,845256
57682,668,0,CV008_009,845924
57683,664,0,CV008_009,846588
57684,656,0,CV008_009,847244
57685,664,0,CV008_009,847908
57686,660,0,CV008_009,848568
57687,660,0,CV008_009,849228
57688,656,0,CV008_009,849884
57689,652,0,CV008_009,850536
57690,644,0,CV008_009,851180
57691,640,0,CV008_009,851820
57692,644,0,CV008_009,852464
57693,644,0,CV008_009,853108
57694,692,1,CV008_009,853800
57695,600,0,CV008_009,854400
57696,648,0,CV008_009,855048
57697,640,0,CV008_009,855688
57698,700,0,CV008_009,856388
57699,640,0,CV008_009,857028
57700,636,0,CV008_009,857664
57701,592,0,CV008_009,858256
57702,632,0,CV008_009,858888
57703,636,0,CV008_009,859524
57704,688,1,CV008_009,860212
57705,596,0,CV008_009,860808
57706,648,0,CV008_009,861456
57707,656,0,CV008_009,862112
57708,1376,0,CV008_009,863488
57709,612,0,CV008_009,864100
57710,652,0,CV008_009,864752
57711,660,0,CV008_009,865412
57712,656,0,CV008_009,866068
57713,696,0,CV008_009,866764
57714,600,0,CV008_009,867364
57715,700,0,CV008_009,868064
57716,644,0,CV008_009,868708
57717,656,0,CV008_009,869364
57718,600,0,CV008_009,869964
57719,656,0,CV008_009,870620
57720,664,0,CV008_009,871284
57721,652,0,CV008_009,871936
57722,704,1,CV008_009,872640
57723,620,0,CV008_009,873260
57724,664,0,CV008_009,873924
57725,668,0,CV008_009,874592
57726,672,0,CV008_009,875264
57727,664,0,CV008_009,875928
57728,672,0,CV008_009,876600
57729,664,0,CV008_009,877264
57730,660,0,CV008_009,877924
57731,672,0,CV008_009,878596
57732,660,0,CV008_009,879256
57733,656,0,CV008_009,879912
57734,660,0,CV008_009,880572
57735,660,0,CV008_009,881232
57736,652,0,CV008_009,881884
57737,660,0,CV008_009,882544
57738,700,0,CV008_009,883244
57739,608,0,CV008_009,883852
57740,656,0,CV008_009,884508
57741,700,0,CV008_009,885208
57742,608,0,CV008_009,885816
57743,648,0,CV008_009,886464
57744,640,0,CV008_009,887104
57745,648,0,CV008_009,887752
57746,652,0,CV008_009,888404
57747,648,0,CV008_009,889052
57748,648,0,CV008_009,889700
57749,660,0,CV008_009,890360
57750,664,0,CV008_009,891024
57751,704,1,CV008_009,891728
57752,608,0,CV008_009,892336
57753,652,0,CV008_009,892988
57754,648,0,CV008_009,893636
57755,652,0,CV008_009,894288
57756,652,0,CV008_009,894940
57757,648,0,CV008_009,895588
57758,652,0,CV008_009,896240
57759,656,0,CV008_009,896896
57760,656,0,CV008_009,897552
57761,660,0,CV008_009,898212
57762,660,0,CV008_009,898872
57763,704,0,CV008_009,899576
57764,664,0,CV008_009,900240
57765,616,0,CV008_009,900856
57766,652,0,CV008_009,901508
57767,712,0,CV008_009,902220
57768,604,0,CV008_009,902824
57769,660,0,CV008_009,903484
57770,652,0,CV008_009,904136
57771,672,0,CV008_009,904808
57772,660,0,CV008_009,905468
57773,664,0,CV008_009,906132
57774,664,0,CV008_009,906796
57775,660,0,CV008_009,907456
57776,660,0,CV008_009,908116
57777,664,0,CV008_009,908780
57778,680,0,CV008_009,909460
57779,668,0,CV008_009,910128
57780,672,0,CV008_009,910800
57781,676,0,CV008_009,911476
57782,720,0,CV008_009,912196
57783,612,0,CV008_009,912808
57784,716,0,CV008_009,913524
57785,612,0,CV008_009,914136
57786,664,0,CV008_009,914800
57787,664,0,CV008_009,915464
57788,668,0,CV008_009,916132
57789,656,0,CV008_009,916788
57790,660,0,CV008_009,917448
57791,660,0,CV008_009,918108
57792,660,0,CV008_009,918768
57793,664,0,CV008_009,919432
57794,668,0,CV008_009,920100
57795,672,0,CV008_009,920772
57796,672,0,CV008_009,921444
57797,672,0,CV008_009,922116
57798,664,0,CV008_009,922780
57799,672,0,CV008_009,923452
57800,672,0,CV008_009,924124
57801,664,0,CV008_009,924788
57802,668,0,CV008_009,925456
57803,672,0,CV008_009,926128
57804,660,0,CV008_009,926788
57805,672,0,CV008_009,927460
57806,676,0,CV008_009,928136
57807,672,0,CV008_009,928808
57808,676,0,CV008_009,929484
57809,732,0,CV008_009,930216
57810,624,0,CV008_009,930840
57811,672,0,CV008_009,931512
57812,724,0,CV008_009,932236
57813,624,0,CV008_009,932860
57814,672,0,CV008_009,933532
57815,724,0,CV008_009,934256
57816,636,0,CV008_009,934892
57817,668,0,CV008_009,935560
57818,684,0,CV008_009,936244
57819,684,0,CV008_009,936928
57820,676,0,CV008_009,937604
57821,684,0,CV008_009,938288
57822,680,0,CV008_009,938968
57823,668,0,CV008_009,939636
57824,668,0,CV008_009,940304
57825,668,0,CV008_009,940972
57826,660,0,CV008_009,941632
57827,664,0,CV008_009,942296
57828,668,0,CV008_009,942964
57829,656,0,CV008_009,943620
57830,656,0,CV008_009,944276
57831,660,0,CV008_009,944936
57832,704,0,CV008_009,945640
57833,604,0,CV008_009,946244
57834,668,0,CV008_009,946912
57835,712,0,CV008_009,947624
57836,616,0,CV008_009,948240
57837,668,0,CV008_009,948908
57838,712,0,CV008_009,949620
57839,608,0,CV008_009,950228
57840,664,0,CV008_009,950892
57841,712,0,CV008_009,951604
57842,656,0,CV008_009,952260
57843,616,0,CV008_009,952876
57844,660,0,CV008_009,953536
57845,704,0,CV008_009,954240
57846,608,0,CV008_009,954848
57847,652,0,CV008_009,955500
57848,648,0,CV008_009,956148
57849,648,0,CV008_009,956796
57850,652,0,CV008_009,957448
57851,648,0,CV008_009,958096
57852,644,0,CV008_009,958740
57853,656,0,CV008_009,959396
57854,696,0,CV008_009,960092
57855,664,0,CV008_009,960756
57856,656,0,CV008_009,961412
57857,664,0,CV008_009,962076
57858,608,0,CV008_009,962684
57859,664,0,CV008_009,963348
57860,656,0,CV008_009,964004
57861,648,0,CV008_009,964652
57862,660,0,CV008_009,965312
57863,664,0,CV008_009,965976
57864,648,0,CV008_009,966624
57865,656,0,CV008_009,967280
57866,652,0,CV008_009,967932
57867,648,0,CV008_009,968580
57868,648,0,CV008_009,969228
57869,644,0,CV008_009,969872
57870,692,1,CV008_009,970564
57871,596,0,CV008_009,971160
57872,640,0,CV008_009,971800
57873,640,0,CV008_009,972440
57874,648,0,CV008_009,973088
57875,652,0,CV008_009,973740
57876,704,0,CV008_009,974444
57877,608,0,CV008_009,975052
57878,704,0,CV008_009,975756
57879,612,0,CV008_009,976368
57880,708,0,CV008_009,977076
57881,616,0,CV008_009,977692
57882,656,0,CV008_009,978348
57883,708,0,CV008_009,979056
57884,600,0,CV008_009,979656
57885,644,0,CV008_009,980300
57886,640,0,CV008_009,980940
57887,636,0,CV008_009,981576
57888,684,1,CV008_009,982260
57889,580,0,CV008_009,982840
57890,632,0,CV008_009,983472
57891,632,0,CV008_009,984104
57892,632,0,CV008_009,984736
57893,644,0,CV008_009,985380
57894,640,0,CV008_009,986020
57895,636,0,CV008_009,986656
57896,648,0,CV008_009,987304
57897,656,0,CV008_009,987960
57898,652,0,CV008_009,988612
57899,660,0,CV008_009,989272
57900,660,0,CV008_009,989932
57901,652,0,CV008_009,990584
57902,664,0,CV008_009,991248
57903,668,0,CV008_009,991916
57904,660,0,CV008_009,992576
57905,672,0,CV008_009,993248
57906,664,0,CV008_009,993912
57907,664,0,CV008_009,994576
57908,672,0,CV008_009,995248
57909,660,0,CV008_009,995908
57910,660,0,CV008_009,996568
57911,712,0,CV008_009,997280
57912,612,0,CV008_009,997892
57913,656,0,CV008_009,998548
57914,716,0,CV008_009,999264
57915,616,0,CV008_009,999880
57916,660,0,CV008_009,1000540
57917,712,0,CV008_009,1001252
57918,612,0,CV008_009,1001864
57919,660,0,CV008_009,1002524
57920,660,0,CV008_009,1003184
57921,660,0,CV008_009,1003844
57922,656,0,CV008_009,1004500
57923,652,0,CV008_009,1005152
57924,652,0,CV008_009,1005804
57925,636,0,CV008_009,1006440
57926,648,0,CV008_009,1007088
57927,648,0,CV008_009,1007736
57928,640,0,CV008_009,1008376
57929,648,0,CV008_009,1009024
57930,652,0,CV008_009,1009676
57931,648,0,CV008_009,1010324
57932,656,0,CV008_009,1010980
57933,668,0,CV008_009,1011648
57934,668,0,CV008_009,1012316
57935,664,0,CV008_009,1012980
57936,672,0,CV008_009,1013652
57937,660,0,CV008_009,1014312
57938,660,0,CV008_009,1014972
57939,660,0,CV008_009,1015632
57940,656,0,CV008_009,1016288
57941,700,1,CV008_009,1016988
57942,608,0,CV008_009,1017596
57943,656,0,CV008_009,1018252
57944,648,0,CV008_009,1018900
57945,656,0,CV008_009,1019556
57946,708,1,CV008_009,1020264
57947,608,0,CV008_009,1020872
57948,664,0,CV008_009,1021536
57949,664,0,CV008_009,1022200
57950,668,0,CV008_009,1022868
57951,668,0,CV008_009,1023536
57952,664,0,CV008_009,1024200
57953,660,0,CV008_009,1024860
57954,660,0,CV008_009,1025520
57955,660,0,CV008_009,1026180
57956,648,0,CV008_009,1026828
57957,652,0,CV008_009,1027480
57958,648,0,CV008_009,1028128
57959,648,0,CV008_009,1028776
57960,648,0,CV008_009,1029424
57961,656,0,CV008_009,1030080
57962,652,0,CV008_009,1030732
57963,652,0,CV008_009,1031384
57964,664,0,CV008_009,1032048
57965,656,0,CV008_009,1032704
57966,660,0,CV008_009,1033364
57967,668,0,CV008_009,1034032
57968,652,0,CV008_009,1034684
57969,656,0,CV008_009,1035340
57970,660,0,CV008_009,1036000
57971,660,0,CV008_009,1036660
57972,660,0,CV008_009,1037320
57973,664,0,CV008_009,1037984
57974,664,0,CV008_009,1038648
57975,664,0,CV008_009,1039312
57976,668,0,CV008_009,1039980
57977,708,1,CV008_009,1040688
57978,608,0,CV008_009,1041296
57979,660,0,CV008_009,1041956
57980,656,0,CV008_009,1042612
57981,708,0,CV008_009,1043320
57982,608,0,CV008_009,1043928
57983,648,0,CV008_009,1044576
57984,700,0,CV008_009,1045276
57985,652,0,CV008_009,1045928
57986,604,0,CV008_009,1046532
57987,652,0,CV008_009,1047184
57988,656,0,CV008_009,1047840
57989,652,0,CV008_009,1048492
57990,648,0,CV008_009,1049140
57991,656,0,CV008_009,1049796
57992,660,0,CV008_009,1050456
57993,656,0,CV008_009,1051112
57994,668,0,CV008_009,1051780
57995,664,0,CV008_009,1052444
57996,652,0,CV008_009,1053096
57997,664,0,CV008_009,1053760
57998,660,0,CV008_009,1054420
57999,652,0,CV008_009,1055072
58000,648,0,CV008_009,1055720
58001,648,0,CV008_009,1056368
58002,644,0,CV008_009,1057012
58003,644,0,CV008_009,1057656
58004,652,0,CV008_009,1058308
58005,648,0,CV008_009,1058956
58006,652,0,CV008_009,1059608
58007,664,0,CV008_009,1060272
58008,664,0,CV008_009,1060936
58009,660,0,CV008_009,1061596
58010,720,0,CV008_009,1062316
58011,620,0,CV008_009,1062936
58012,656,0,CV008_009,1063592
58013,712,0,CV008_009,1064304
58014,656,0,CV008_009,1064960
58015,656,0,CV008_009,1065616
58016,604,0,CV008_009,1066220
58017,712,0,CV008_009,1066932
58018,652,0,CV008_009,1067584
58019,608,0,CV008_009,1068192
58020,1320,0,CV008_009,1069512
58021,644,0,CV008_009,1070156
58022,652,0,CV008_009,1070808
58023,656,0,CV008_009,1071464
58024,644,0,CV008_009,1072108
58025,652,0,CV008_009,1072760
58026,664,0,CV008_009,1073424
58027,668,0,CV008_009,1074092
58028,684,0,CV008_009,1074776
58029,696,0,CV008_009,1075472
58030,684,0,CV008_009,1076156
58031,696,0,CV008_009,1076852
58032,704,0,CV008_009,1077556
58033,1396,0,CV008_009,1078952
58034,688,0,CV008_009,1079640
58035,684,0,CV008_009,1080324
58036,680,0,CV008_009,1081004
58037,680,0,CV008_009,1081684
58038,672,0,CV008_009,1082356
58039,680,0,CV008_009,1083036
58040,684,0,CV008_009,1083720
58041,680,0,CV008_009,1084400
58042,680,0,CV008_009,1085080
58043,672,0,CV008_009,1085752
58044,680,0,CV008_009,1086432
58045,672,0,CV008_009,1087104
58046,664,0,CV008_009,1087768
58047,708,1,CV008_009,1088476
58048,616,0,CV008_009,1089092
58049,656,0,CV008_009,1089748
58050,664,0,CV008_009,1090412
58051,664,0,CV008_009,1091076
58052,660,0,CV008_009,1091736
58053,668,0,CV008_009,1092404
58054,664,0,CV008_009,1093068
58055,668,0,CV008_009,1093736
58056,676,0,CV008_009,1094412
58057,680,0,CV008_009,1095092
58058,668,0,CV008_009,1095760
58059,668,0,CV008_009,1096428
58060,660,0,CV008_009,1097088
58061,652,0,CV008_009,1097740
58062,640,0,CV008_009,1098380
58063,644,0,CV008_009,1099024
58064,632,0,CV008_009,1099656
58065,676,1,CV008_009,1100332
58066,588,0,CV008_009,1100920
58067,652,0,CV008_009,1101572
58068,648,0,CV008_009,1102220
58069,656,0,CV008_009,1102876
58070,656,0,CV008_009,1103532
58071,672,0,CV008_009,1104204
58072,664,0,CV008_009,1104868
58073,668,0,CV008_009,1105536
58074,668,0,CV008_009,1106204
58075,652,0,CV008_009,1106856
58076,652,0,CV008_009,1107508
58077,644,0,CV008_009,1108152
58078,648,0,CV008_009,1108800
58079,640,0,CV008_009,1109440
58080,636,0,CV008_009,1110076
58081,648,0,CV008_009,1110724
58082,656,0,CV008_009,1111380
58083,656,0,CV008_009,1112036
58084,668,0,CV008_009,1112704
58085,680,0,CV008_009,1113384
58086,676,0,CV008_009,1114060
58087,672,0,CV008_009,1114732
58088,688,0,CV008_009,1115420
58089,684,0,CV008_009,1116104
58090,668,0,CV008_009,1116772
58091,676,0,CV008_009,1117448
58092,676,0,CV008_009,1118124
58093,676,0,CV008_009,1118800
58094,672,0,CV008_009,1119472
58095,676,0,CV008_009,1120148
58096,672,0,CV008_009,1120820
58097,664,0,CV008_009,1121484
58098,676,0,CV008_009,1122160
58099,680,0,CV008_009,1122840
58100,676,0,CV008_009,1123516
58101,664,0,CV008_009,1124180
58102,676,0,CV008_009,1124856
58103,668,0,CV008_009,1125524
58104,664,0,CV008_009,1126188
58105,672,0,CV008_009,1126860
58106,716,0,CV008_009,1127576
58107,624,0,CV008_009,1128200
58108,664,0,CV008_009,1128864
58109,720,0,CV008_009,1129584
58110,620,0,CV008_009,1130204
58111,720,0,CV008_009,1130924
58112,632,0,CV008_009,1131556
58113,1336,0,CV008_009,1132892
58114,672,0,CV008_009,1133564
58115,672,0,CV008_009,1134236
58116,664,0,CV008_009,1134900
58117,668,0,CV008_009,1135568
58118,668,0,CV008_009,1136236
58119,656,0,CV008_009,1136892
58120,672,0,CV008_009,1137564
58121,676,0,CV008_009,1138240
58122,672,0,CV008_009,1138912
58123,672,0,CV008_009,1139584
58124,672,0,CV008_009,1140256
58125,676,0,CV008_009,1140932
58126,668,0,CV008_009,1141600
58127,1356,0,CV008_009,1142956
58128,672,0,CV008_009,1143628
58129,712,0,CV008_009,1144340
58130,620,0,CV008_009,1144960
58131,664,0,CV008_009,1145624
58132,704,0,CV008_009,1146328
58133,616,0,CV008_009,1146944
58134,664,0,CV008_009,1147608
58135,652,0,CV008_009,1148260
58136,656,0,CV008_009,1148916
58137,656,0,CV008_009,1149572
58138,652,0,CV008_009,1150224
58139,656,0,CV008_009,1150880
58140,660,0,CV008_009,1151540
58141,660,0,CV008_009,1152200
58142,652,0,CV008_009,1152852
58143,656,0,CV008_009,1153508
58144,704,0,CV008_009,1154212
58145,656,0,CV008_009,1154868
58146,604,0,CV008_009,1155472
58147,656,0,CV008_009,1156128
58148,656,0,CV008_009,1156784
58149,652,0,CV008_009,1157436
58150,660,0,CV008_009,1158096
58151,680,0,CV008_009,1158776
58152,668,0,CV008_009,1159444
58153,664,0,CV008_009,1160108
58154,672,0,CV008_009,1160780
58155,672,0,CV008_009,1161452
58156,664,0,CV008_009,1162116
58157,668,0,CV008_009,1162784
58158,664,0,CV008_009,1163448
58159,664,0,CV008_009,1164112
58160,656,0,CV008_009,1164768
58161,664,0,CV008_009,1165432
58162,664,0,CV008_009,1166096
58163,664,0,CV008_009,1166760
58164,664,0,CV008_009,1167424
58165,660,0,CV008_009,1168084
58166,656,0,CV008_009,1168740
58167,660,0,CV008_009,1169400
58168,656,0,CV008_009,1170056
58169,652,0,CV008_009,1170708
58170,660,0,CV008_009,1171368
58171,660,0,CV008_009,1172028
58172,660,0,CV008_009,1172688
58173,656,0,CV008_009,1173344
58174,664,0,CV008_009,1174008
58175,668,0,CV008_009,1174676
58176,660,0,CV008_009,1175336
58177,664,0,CV008_009,1176000
58178,660,0,CV008_009,1176660
58179,704,0,CV008_009,1177364
58180,604,0,CV008_009,1177968
58181,712,0,CV008_009,1178680
58182,604,0,CV008_009,1179284
58183,656,0,CV008_009,1179940
58184,660,0,CV008_009,1180600
58185,668,0,CV008_009,1181268
58186,668,0,CV008_009,1181936
58187,660,0,CV008_009,1182596
58188,676,0,CV008_009,1183272
58189,664,0,CV008_009,1183936
58190,656,0,CV008_009,1184592
58191,664,0,CV008_009,1185256
58192,656,0,CV008_009,1185912
58193,652,0,CV008_009,1186564
58194,652,0,CV008_009,1187216
58195,652,0,CV008_009,1187868
58196,652,0,CV008_009,1188520
58197,648,0,CV008_009,1189168
58198,704,0,CV008_009,1189872
58199,660,0,CV008_009,1190532
58200,656,0,CV008_009,1191188
58201,608,0,CV008_009,1191796
58202,656,0,CV008_009,1192452
58203,704,0,CV008_009,1193156
58204,608,0,CV008_009,1193764
58205,668,0,CV008_009,1194432
58206,712,0,CV008_009,1195144
58207,608,0,CV008_009,1195752
58208,668,0,CV008_009,1196420
58209,724,0,CV008_009,1197144
58210,628,0,CV008_009,1197772
58211,668,0,CV008_009,1198440
58212,684,0,CV008_009,1199124
58213,676,0,CV008_009,1199800
58214,664,0,CV008_009,1200464
58215,672,0,CV008_009,1201136
58216,672,0,CV008_009,1201808
58217,672,0,CV008_009,1202480
58218,668,0,CV008_009,1203148
58219,672,0,CV008_009,1203820
58220,672,0,CV008_009,1204492
58221,668,0,CV008_009,1205160
58222,676,0,CV008_009,1205836
58223,676,0,CV008_009,1206512
58224,672,0,CV008_009,1207184
58225,676,0,CV008_009,1207860
58226,676,0,CV008_009,1208536
58227,668,0,CV008_009,1209204
58228,676,0,CV008_009,1209880
58229,736,0,CV008_009,1210616
58230,624,0,CV008_009,1211240
58231,672,0,CV008_009,1211912
58232,716,0,CV008_009,1212628
58233,624,0,CV008_009,1213252
58234,660,0,CV008_009,1213912
58235,676,0,CV008_009,1214588
58236,672,0,CV008_009,1215260
58237,660,0,CV008_009,1215920
58238,668,0,CV008_009,1216588
58239,664,0,CV008_009,1217252
58240,656,0,CV008_009,1217908
58241,680,0,CV008_009,1218588
58242,676,0,CV008_009,1219264
58243,668,0,CV008_009,1219932
58244,672,0,CV008_009,1220604
58245,672,0,CV008_009,1221276
58246,668,0,CV008_009,1221944
58247,672,0,CV008_009,1222616
58248,676,0,CV008_009,1223292
58249,676,0,CV008_009,1223968
58250,664,0,CV008_009,1224632
58251,668,0,CV008_009,1225300
58252,672,0,CV008_009,1225972
58253,660,0,CV008_009,1226632
58254,656,0,CV008_009,1227288
58255,664,0,CV008_009,1227952
58256,656,0,CV008_009,1228608
58257,652,0,CV008_009,1229260
58258,652,0,CV008_009,1229912
58259,656,0,CV008_009,1230568
58260,652,0,CV008_009,1231220
58261,652,0,CV008_009,1231872
58262,712,1,CV008_009,1232584
58263,608,0,CV008_009,1233192
58264,652,0,CV008_009,1233844
58265,656,0,CV008_009,1234500
58266,660,0,CV008_009,1235160
58267,660,0,CV008_009,1235820
58268,656,0,CV008_009,1236476
58269,668,0,CV008_009,1237144
58270,672,0,CV008_009,1237816
58271,664,0,CV008_009,1238480
58272,676,0,CV008_009,1239156
58273,668,0,CV008_009,1239824
58274,668,0,CV008_009,1240492
58275,672,0,CV008_009,1241164
58276,676,0,CV008_009,1241840
58277,716,1,CV008_009,1242556
58278,620,0,CV008_009,1243176
58279,680,0,CV008_009,1243856
58280,676,0,CV008_009,1244532
58281,676,0,CV008_009,1245208
58282,680,0,CV008_009,1245888
58283,680,0,CV008_009,1246568
58284,676,0,CV008_009,1247244
58285,700,0,CV008_009,1247944
58286,700,0,CV008_009,1248644
58287,740,0,CV008_009,1249384
58288,680,0,CV008_009,1250064
58289,680,0,CV008_009,1250744
58290,668,0,CV008_009,1251412
58291,620,0,CV008_009,1252032
58292,672,0,CV008_009,1252704
58293,712,0,CV008_009,1253416
58294,616,0,CV008_009,1254032
58295,668,0,CV008_009,1254700
58296,704,0,CV008_009,1255404
58297,616,0,CV008_009,1256020
58298,664,0,CV008_009,1256684
58299,704,0,CV008_009,1257388
58300,608,0,CV008_009,1257996
58301,656,0,CV008_009,1258652
58302,648,0,CV008_009,1259300
58303,648,0,CV008_009,1259948
58304,648,0,CV008_009,1260596
58305,644,0,CV008_009,1261240
58306,640,0,CV008_009,1261880
58307,644,0,CV008_009,1262524
58308,652,0,CV008_009,1263176
58309,644,0,CV008_009,1263820
58310,708,1,CV008_009,1264528
58311,604,0,CV008_009,1265132
58312,656,0,CV008_009,1265788
58313,648,0,CV008_009,1266436
58314,660,0,CV008_009,1267096
58315,652,0,CV008_009,1267748
58316,656,0,CV008_009,1268404
58317,644,0,CV008_009,1269048
58318,656,0,CV008_009,1269704
58319,696,1,CV008_009,1270400
58320,600,0,CV008_009,1271000
58321,644,0,CV008_009,1271644
58322,652,0,CV008_009,1272296
58323,652,0,CV008_009,1272948
58324,664,0,CV008_009,1273612
58325,656,0,CV008_009,1274268
58326,716,1,CV008_009,1274984
58327,616,0,CV008_009,1275600
58328,652,0,CV008_009,1276252
58329,648,0,CV008_009,1276900
58330,648,0,CV008_009,1277548
58331,700,1,CV008_009,1278248
58332,600,0,CV008_009,1278848
58333,648,0,CV008_009,1279496
58334,660,0,CV008_009,1280156
58335,656,0,CV008_009,1280812
58336,660,0,CV008_009,1281472
58337,660,0,CV008_009,1282132
58338,672,0,CV008_009,1282804
58339,672,0,CV008_009,1283476
58340,664,0,CV008_009,1284140
58341,668,0,CV008_009,1284808
58342,672,0,CV008_009,1285480
58343,672,0,CV008_009,1286152
58344,664,0,CV008_009,1286816
58345,668,0,CV008_009,1287484
58346,660,0,CV008_009,1288144
58347,652,0,CV008_009,1288796
58348,656,0,CV008_009,1289452
58349,660,0,CV008_009,1290112
58350,652,0,CV008_009,1290764
58351,656,0,CV008_009,1291420
58352,664,0,CV008_009,1292084
58353,668,0,CV008_009,1292752
58354,660,0,CV008_009,1293412
58355,672,0,CV008_009,1294084
58356,668,0,CV008_009,1294752
58357,672,0,CV008_009,1295424
58358,676,0,CV008_009,1296100
58359,676,0,CV008_009,1296776
58360,668,0,CV008_009,1297444
58361,668,0,CV008_009,1298112
58362,664,0,CV008_009,1298776
58363,660,0,CV008_009,1299436
58364,664,0,CV008_009,1300100
58365,664,0,CV008_009,1300764
58366,656,0,CV008_009,1301420
58367,652,0,CV008_009,1302072
58368,652,0,CV008_009,1302724
58369,700,1,CV008_009,1303424
58370,596,0,CV008_009,1304020
58371,656,0,CV008_009,1304676
58372,652,0,CV008_009,1305328
58373,652,0,CV008_009,1305980
58374,652,0,CV008_009,1306632
58375,676,0,CV008_009,1307308
58376,676,0,CV008_009,1307984
58377,672,0,CV008_009,1308656
58378,680,0,CV008_009,1309336
58379,672,0,CV008_009,1310008
58380,668,0,CV008_009,1310676
58381,664,0,CV008_009,1311340
58382,660,0,CV008_009,1312000
58383,648,0,CV008_009,1312648
58384,648,0,CV008_009,1313296
58385,224,0,CV008_009,1313520
58386,264,0,CV008_009,1313784
58387,788,0,CV008_009,1314572
58388,632,0,CV008_009,1315204
58389,484,0,CV008_009,1315688
58390,148,0,CV008_009,1315836
58391,628,0,CV008_009,1316464
58392,624,0,CV008_009,1317088
58393,304,0,CV008_009,1317392
58394,64,0,CV008_009,1317456
58395,240,0,CV008_009,1317696
58396,640,0,CV008_009,1318336
58397,644,0,CV008_009,1318980
58398,644,0,CV008_009,1319624
58399,644,0,CV008_009,1320268
58400,656,0,CV008_009,1320924
58401,448,0,CV008_009,1321372
58402,152,0,CV008_009,1321524
58403,700,0,CV008_009,1322224
58404,700,0,CV008_009,1322924
58405,644,0,CV008_009,1323568
58406,592,0,CV008_009,1324160
58407,632,0,CV008_009,1324792
58408,284,0,CV008_009,1325076
58409,204,0,CV008_009,1325280
58410,192,0,CV008_009,1325472
58411,576,0,CV008_009,1326048
58412,624,0,CV008_009,1326672
58413,620,0,CV008_009,1327292
58414,468,0,CV008_009,1327760
58415,148,0,CV008_009,1327908
58416,620,0,CV008_009,1328528
58417,620,0,CV008_009,1329148
58418,620,0,CV008_009,1329768
58419,632,0,CV008_009,1330400
58420,692,0,CV008_009,1331092
58421,604,0,CV008_009,1331696
58422,660,0,CV008_009,1332356
58423,320,0,CV008_009,1332676
58424,348,0,CV008_009,1333024
58425,668,0,CV008_009,1333692
58426,660,0,CV008_009,1334352
58427,668,0,CV008_009,1335020
58428,676,0,CV008_009,1335696
58429,660,0,CV008_009,1336356
58430,676,0,CV008_009,1337032
58431,672,0,CV008_009,1337704
58432,664,0,CV008_009,1338368
58433,680,0,CV008_009,1339048
58434,672,0,CV008_009,1339720
58435,1336,0,CV008_009,1341056
58436,672,0,CV008_009,1341728
58437,684,0,CV008_009,1342412
58438,680,0,CV008_009,1343092
58439,680,0,CV008_009,1343772
58440,684,0,CV008_009,1344456
58441,696,0,CV008_009,1345152
58442,724,0,CV008_009,1345876
58443,640,0,CV008_009,1346516
58444,720,0,CV008_009,1347236
58445,680,0,CV008_009,1347916
58446,628,0,CV008_009,1348544
58447,664,0,CV008_009,1349208
58448,660,0,CV008_009,1349868
58449,660,0,CV008_009,1350528
58450,656,0,CV008_009,1351184
58451,656,0,CV008_009,1351840
58452,656,0,CV008_009,1352496
58453,656,0,CV008_009,1353152
58454,652,0,CV008_009,1353804
58455,664,0,CV008_009,1354468
58456,660,0,CV008_009,1355128
58457,708,1,CV008_009,1355836
58458,628,0,CV008_009,1356464
58459,672,0,CV008_009,1357136
58460,664,0,CV008_009,1357800
58461,680,0,CV008_009,1358480
58462,676,0,CV008_009,1359156
58463,668,0,CV008_009,1359824
58464,680,0,CV008_009,1360504
58465,676,0,CV008_009,1361180
58466,664,0,CV008_009,1361844
58467,680,0,CV008_009,1362524
58468,664,0,CV008_009,1363188
58469,656,0,CV008_009,1363844
58470,664,0,CV008_009,1364508
58471,656,0,CV008_009,1365164
58472,648,0,CV008_009,1365812
58473,652,0,CV008_009,1366464
58474,652,0,CV008_009,1367116
58475,640,0,CV008_009,1367756
58476,1284,0,CV008_009,1369040
58477,624,0,CV008_009,1369664
58478,640,0,CV008_009,1370304
58479,632,0,CV008_009,1370936
58480,628,0,CV008_009,1371564
58481,632,0,CV008_009,1372196
58482,632,0,CV008_009,1372828
58483,640,0,CV008_009,1373468
58484,636,0,CV008_009,1374104
58485,636,0,CV008_009,1374740
58486,636,0,CV008_009,1375376
58487,648,0,CV008_009,1376024
58488,636,0,CV008_009,1376660
58489,644,0,CV008_009,1377304
58490,648,0,CV008_009,1377952
58491,644,0,CV008_009,1378596
58492,696,1,CV008_009,1379292
58493,600,0,CV008_009,1379892
58494,644,0,CV008_009,1380536
58495,648,0,CV008_009,1381184
58496,644,0,CV008_009,1381828
58497,636,0,CV008_009,1382464
58498,632,0,CV008_009,1383096
58499,680,1,CV008_009,1383776
58500,580,0,CV008_009,1384356
58501,624,0,CV008_009,1384980
58502,628,0,CV008_009,1385608
58503,628,0,CV008_009,1386236
58504,628,0,CV008_009,1386864
58505,640,0,CV008_009,1387504
58506,644,0,CV008_009,1388148
58507,636,0,CV008_009,1388784
58508,696,0,CV008_009,1389480
58509,604,0,CV008_009,1390084
58510,692,0,CV008_009,1390776
58511,604,0,CV008_009,1391380
58512,652,0,CV008_009,1392032
58513,648,0,CV008_009,1392680
58514,644,0,CV008_009,1393324
58515,648,0,CV008_009,1393972
58516,644,0,CV008_009,1394616
58517,652,0,CV008_009,1395268
58518,656,0,CV008_009,1395924
58519,648,0,CV008_009,1396572
58520,660,0,CV008_009,1397232
58521,656,0,CV008_009,1397888
58522,660,0,CV008_009,1398548
58523,672,0,CV008_009,1399220
58524,664,0,CV008_009,1399884
58525,664,0,CV008_009,1400548
58526,668,0,CV008_009,1401216
58527,672,0,CV008_009,1401888
58528,672,0,CV008_009,1402560
58529,672,0,CV008_009,1403232
58530,672,0,CV008_009,1403904
58531,668,0,CV008_009,1404572
58532,672,0,CV008_009,1405244
58533,664,0,CV008_009,1405908
58534,656,0,CV008_009,1406564
58535,668,0,CV008_009,1407232
58536,668,0,CV008_009,1407900
58537,664,0,CV008_009,1408564
58538,664,0,CV008_009,1409228
58539,672,0,CV008_009,1409900
58540,668,0,CV008_009,1410568
58541,676,0,CV008_009,1411244
58542,676,0,CV008_009,1411920
58543,672,0,CV008_009,1412592
58544,680,0,CV008_009,1413272
58545,680,0,CV008_009,1413952
58546,672,0,CV008_009,1414624
58547,668,0,CV008_009,1415292
58548,668,0,CV008_009,1415960
58549,672,0,CV008_009,1416632
58550,656,0,CV008_009,1417288
58551,656,0,CV008_009,1417944
58552,652,0,CV008_009,1418596
58553,644,0,CV008_009,1419240
58554,648,0,CV008_009,1419888
58555,688,0,CV008_009,1420576
58556,644,0,CV008_009,1421220
58557,584,0,CV008_009,1421804
58558,676,0,CV008_009,1422480
58559,588,0,CV008_009,1423068
58560,648,0,CV008_009,1423716
58561,644,0,CV008_009,1424360
58562,652,0,CV008_009,1425012
58563,704,0,CV008_009,1425716
58564,612,0,CV008_009,1426328
58565,660,0,CV008_009,1426988
58566,568,0,CV008_009,1427556
58567,756,0,CV008_009,1428312
58568,652,0,CV008_009,1428964
58569,656,0,CV008_009,1429620
58570,660,0,CV008_009,1430280
58571,648,0,CV008_009,1430928
58572,660,0,CV008_009,1431588
58573,648,0,CV008_009,1432236
58574,648,0,CV008_009,1432884
58575,652,0,CV008_009,1433536
58576,656,0,CV008_009,1434192
58577,664,0,CV008_009,1434856
58578,660,0,CV008_009,1435516
58579,684,0,CV008_009,1436200
58580,672,0,CV008_009,1436872
58581,680,0,CV008_009,1437552
58582,680,0,CV008_009,1438232
58583,1364,0,CV008_009,1439596
58584,688,0,CV008_009,1440284
58585,680,0,CV008_009,1440964
58586,716,0,CV008_009,1441680
58587,628,0,CV008_009,1442308
58588,672,0,CV008_009,1442980
58589,264,0,CV008_009,1443244
58590,396,0,CV008_009,1443640
58591,660,0,CV008_009,1444300
58592,664,0,CV008_009,1444964
58593,704,1,CV008_009,1445668
58594,604,0,CV008_009,1446272
58595,652,0,CV008_009,1446924
58596,648,0,CV008_009,1447572
58597,640,0,CV008_009,1448212
58598,640,0,CV008_009,1448852
58599,640,0,CV008_009,1449492
58600,640,0,CV008_009,1450132
58601,636,0,CV008_009,1450768
58602,636,0,CV008_009,1451404
58603,628,0,CV008_009,1452032
58604,632,0,CV008_009,1452664
58605,264,0,CV008_009,1452928
58606,356,0,CV008_009,1453284
58607,612,0,CV008_009,1453896
58608,616,0,CV008_009,1454512
58609,804,0,CV008_009,1455316
58610,416,0,CV008_009,1455732
58611,196,0,CV008_009,1455928
58612,420,0,CV008_009,1456348
58613,620,0,CV008_009,1456968
58614,672,0,CV008_009,1457640
58615,564,0,CV008_009,1458204
58616,488,0,CV008_009,1458692
58617,308,0,CV008_009,1459000
58618,160,0,CV008_009,1459160
58619,388,0,CV008_009,1459548
58620,44,0,CV008_009,1459592
58621,272,0,CV008_009,1459864
58622,264,0,CV008_009,1460128
58623,292,0,CV008_009,1460420
58624,340,0,CV008_009,1460760
58625,632,0,CV008_009,1461392
58626,188,0,CV008_009,1461580
58627,436,0,CV008_009,1462016
58628,628,0,CV008_009,1462644
58629,628,0,CV008_009,1463272
58630,624,0,CV008_009,1463896
58631,620,0,CV008_009,1464516
58632,620,0,CV008_009,1465136
58633,616,0,CV008_009,1465752
58634,616,0,CV008_009,1466368
58635,620,0,CV008_009,1466988
58636,608,0,CV008_009,1467596
58637,620,0,CV008_009,1468216
58638,388,0,CV008_009,1468604
58639,232,0,CV008_009,1468836
58640,668,0,CV008_009,1469504
58641,580,0,CV008_009,1470084
58642,636,0,CV008_009,1470720
58643,640,0,CV008_009,1471360
58644,648,0,CV008_009,1472008
58645,652,0,CV008_009,1472660
58646,648,0,CV008_009,1473308
58647,648,0,CV008_009,1473956
58648,640,0,CV008_009,1474596
58649,636,0,CV008_009,1475232
58650,624,0,CV008_009,1475856
58651,1232,0,CV008_009,1477088
58652,604,0,CV008_009,1477692
58653,600,0,CV008_009,1478292
58654,596,0,CV008_009,1478888
58655,636,0,CV008_009,1479524
58656,584,0,CV008_009,1480108
58657,536,0,CV008_009,1480644
58658,580,0,CV008_009,1481224
58659,364,0,CV008_009,1481588
58660,268,0,CV008_009,1481856
58661,400,0,CV008_009,1482256
58662,184,0,CV008_009,1482440
58663,540,0,CV008_009,1482980
58664,592,0,CV008_009,1483572
58665,596,0,CV008_009,1484168
58666,604,0,CV008_009,1484772
58667,604,0,CV008_009,1485376
58668,604,0,CV008_009,1485980
58669,608,0,CV008_009,1486588
58670,608,0,CV008_009,1487196
58671,608,0,CV008_009,1487804
58672,608,0,CV008_009,1488412
58673,600,0,CV008_009,1489012
58674,608,0,CV008_009,1489620
58675,604,0,CV008_009,1490224
58676,604,0,CV008_009,1490828
58677,604,0,CV008_009,1491432
58678,660,1,CV008_009,1492092
58679,564,0,CV008_009,1492656
58680,612,0,CV008_009,1493268
58681,616,0,CV008_009,1493884
58682,620,0,CV008_009,1494504
58683,624,0,CV008_009,1495128
58684,624,0,CV008_009,1495752
58685,624,0,CV008_009,1496376
58686,620,0,CV008_009,1496996
58687,628,0,CV008_009,1497624
58688,624,0,CV008_009,1498248
58689,624,0,CV008_009,1498872
58690,628,0,CV008_009,1499500
58691,632,0,CV008_009,1500132
58692,624,0,CV008_009,1500756
58693,628,0,CV008_009,1501384
58694,680,0,CV008_009,1502064
58695,636,0,CV008_009,1502700
58696,580,0,CV008_009,1503280
58697,628,0,CV008_009,1503908
58698,636,0,CV008_009,1504544
58699,632,0,CV008_009,1505176
58700,636,0,CV008_009,1505812
58701,628,0,CV008_009,1506440
58702,644,0,CV008_009,1507084
58703,632,0,CV008_009,1507716
58704,636,0,CV008_009,1508352
58705,632,0,CV008_009,1508984
58706,636,0,CV008_009,1509620
58707,632,0,CV008_009,1510252
58708,636,0,CV008_009,1510888
58709,636,0,CV008_009,1511524
58710,636,0,CV008_009,1512160
58711,636,0,CV008_009,1512796
58712,636,0,CV008_009,1513432
58713,628,0,CV008_009,1514060
58714,672,1,CV008_009,1514732
58715,564,0,CV008_009,1515296
58716,620,0,CV008_009,1515916
58717,612,0,CV008_009,1516528
58718,620,0,CV008_009,1517148
58719,620,0,CV008_009,1517768
58720,636,0,CV008_009,1518404
58721,660,0,CV008_009,1519064
58722,676,0,CV008_009,1519740
58723,712,0,CV008_009,1520452
58724,632,0,CV008_009,1521084
58725,304,0,CV008_009,1521388
58726,372,0,CV008_009,1521760
58727,676,0,CV008_009,1522436
58728,524,0,CV008_009,1522960
58729,312,0,CV008_009,1523272
58730,92,0,CV008_009,1523364
58731,396,0,CV008_009,1523760
58732,668,0,CV008_009,1524428
58733,660,0,CV008_009,1525088
58734,660,0,CV008_009,1525748
58735,652,0,CV008_009,1526400
58736,664,0,CV008_009,1527064
58737,664,0,CV008_009,1527728
58738,672,0,CV008_009,1528400
58739,672,0,CV008_009,1529072
58740,312,0,CV008_009,1529384
58741,372,0,CV008_009,1529756
58742,680,0,CV008_009,1530436
58743,660,0,CV008_009,1531096
58744,688,0,CV008_009,1531784
58745,732,1,CV008_009,1532516
58746,624,0,CV008_009,1533140
58747,688,0,CV008_009,1533828
58748,692,0,CV008_009,1534520
58749,684,0,CV008_009,1535204
58750,684,0,CV008_009,1535888
58751,684,0,CV008_009,1536572
58752,672,0,CV008_009,1537244
58753,680,0,CV008_009,1537924
58754,696,0,CV008_009,1538620
58755,704,0,CV008_009,1539324
58756,704,0,CV008_009,1540028
58757,692,0,CV008_009,1540720
58758,680,0,CV008_009,1541400
58759,696,0,CV008_009,1542096
58760,680,0,CV008_009,1542776
58761,676,0,CV008_009,1543452
58762,688,0,CV008_009,1544140
58763,676,0,CV008_009,1544816
58764,720,0,CV008_009,1545536
58765,632,0,CV008_009,1546168
58766,676,0,CV008_009,1546844
58767,716,0,CV008_009,1547560
58768,624,0,CV008_009,1548184
58769,676,0,CV008_009,1548860
58770,672,0,CV008_009,1549532
58771,664,0,CV008_009,1550196
58772,660,0,CV008_009,1550856
58773,708,0,CV008_009,1551564
58774,612,0,CV008_009,1552176
58775,652,0,CV008_009,1552828
58776,708,0,CV008_009,1553536
58777,612,0,CV008_009,1554148
58778,664,0,CV008_009,1554812
58779,720,0,CV008_009,1555532
58780,616,0,CV008_009,1556148
58781,664,0,CV008_009,1556812
58782,660,0,CV008_009,1557472
58783,664,0,CV008_009,1558136
58784,660,0,CV008_009,1558796
58785,656,0,CV008_009,1559452
58786,704,0,CV008_009,1560156
58787,604,0,CV008_009,1560760
58788,696,0,CV008_009,1561456
58789,660,0,CV008_009,1562116
58790,652,0,CV008_009,1562768
58791,608,0,CV008_009,1563376
58792,660,0,CV008_009,1564036
58793,676,0,CV008_009,1564712
58794,720,1,CV008_009,1565432
58795,628,0,CV008_009,1566060
58796,688,0,CV008_009,1566748
58797,680,0,CV008_009,1567428
58798,692,0,CV008_009,1568120
58799,680,0,CV008_009,1568800
58800,1348,0,CV008_009,1570148
58801,672,0,CV008_009,1570820
58802,660,0,CV008_009,1571480
58803,672,0,CV008_009,1572152
58804,664,0,CV008_009,1572816
58805,664,0,CV008_009,1573480
58806,668,0,CV008_009,1574148
58807,676,0,CV008_009,1574824
58808,1356,0,CV008_009,1576180
58809,680,0,CV008_009,1576860
58810,676,0,CV008_009,1577536
58811,664,0,CV008_009,1578200
58812,716,0,CV008_009,1578916
58813,664,0,CV008_009,1579580
58814,616,0,CV008_009,1580196
58815,712,0,CV008_009,1580908
58816,660,0,CV008_009,1581568
58817,616,0,CV008_009,1582184
58818,704,0,CV008_009,1582888
58819,660,0,CV008_009,1583548
58820,612,0,CV008_009,1584160
58821,656,0,CV008_009,1584816
58822,660,0,CV008_009,1585476
58823,660,0,CV008_009,1586136
58824,672,0,CV008_009,1586808
58825,660,0,CV008_009,1587468
58826,664,0,CV008_009,1588132
58827,664,0,CV008_009,1588796
58828,652,0,CV008_009,1589448
58829,668,0,CV008_009,1590116
58830,672,0,CV008_009,1590788
58831,672,0,CV008_009,1591460
58832,664,0,CV008_009,1592124
58833,676,0,CV008_009,1592800
58834,676,0,CV008_009,1593476
58835,660,0,CV008_009,1594136
58836,664,0,CV008_009,1594800
58837,668,0,CV008_009,1595468
58838,652,0,CV008_009,1596120
58839,660,0,CV008_009,1596780
58840,656,0,CV008_009,1597436
58841,656,0,CV008_009,1598092
58842,660,0,CV008_009,1598752
58843,704,1,CV008_009,1599456
58844,608,0,CV008_009,1600064
58845,656,0,CV008_009,1600720
58846,672,0,CV008_009,1601392
58847,664,0,CV008_009,1602056
58848,668,0,CV008_009,1602724
58849,664,0,CV008_009,1603388
58850,672,0,CV008_009,1604060
58851,664,0,CV008_009,1604724
58852,656,0,CV008_009,1605380
58853,664,0,CV008_009,1606044
58854,660,0,CV008_009,1606704
58855,652,0,CV008_009,1607356
58856,656,0,CV008_009,1608012
58857,668,0,CV008_009,1608680
58858,668,0,CV008_009,1609348
58859,680,0,CV008_009,1610028
58860,688,0,CV008_009,1610716
58861,676,0,CV008_009,1611392
58862,684,0,CV008_009,1612076
58863,680,0,CV008_009,1612756
58864,716,1,CV008_009,1613472
58865,620,0,CV008_009,1614092
58866,664,0,CV008_009,1614756
58867,660,0,CV008_009,1615416
58868,704,1,CV008_009,1616120
58869,612,0,CV008_009,1616732
58870,656,0,CV008_009,1617388
58871,660,0,CV008_009,1618048
58872,652,0,CV008_009,1618700
58873,652,0,CV008_009,1619352
58874,656,0,CV008_009,1620008
58875,656,0,CV008_009,1620664
58876,664,0,CV008_009,1621328
58877,660,0,CV008_009,1621988
58878,656,0,CV008_009,1622644
58879,664,0,CV008_009,1623308
58880,660,0,CV008_009,1623968
58881,656,0,CV008_009,1624624
58882,660,0,CV008_009,1625284
58883,664,0,CV008_009,1625948
58884,664,0,CV008_009,1626612
58885,652,0,CV008_009,1627264
58886,668,0,CV008_009,1627932
58887,676,0,CV008_009,1628608
58888,672,0,CV008_009,1629280
58889,672,0,CV008_009,1629952
58890,672,0,CV008_009,1630624
58891,664,0,CV008_009,1631288
58892,672,0,CV008_009,1631960
58893,676,0,CV008_009,1632636
58894,664,0,CV008_009,1633300
58895,660,0,CV008_009,1633960
58896,668,0,CV008_009,1634628
58897,660,0,CV008_009,1635288
58898,672,0,CV008_009,1635960
58899,684,0,CV008_009,1636644
58900,680,0,CV008_009,1637324
58901,676,0,CV008_009,1638000
58902,676,0,CV008_009,1638676
58903,668,0,CV008_009,1639344
58904,664,0,CV008_009,1640008
58905,668,0,CV008_009,1640676
58906,656,0,CV008_009,1641332
58907,656,0,CV008_009,1641988
58908,652,0,CV008_009,1642640
58909,656,0,CV008_009,1643296
58910,652,0,CV008_009,1643948
58911,648,0,CV008_009,1644596
58912,660,0,CV008_009,1645256
58913,660,0,CV008_009,1645916
58914,660,0,CV008_009,1646576
58915,708,0,CV008_009,1647284
58916,616,0,CV008_009,1647900
58917,716,0,CV008_009,1648616
58918,664,0,CV008_009,1649280
58919,616,0,CV008_009,1649896
58920,720,0,CV008_009,1650616
58921,628,0,CV008_009,1651244
58922,676,0,CV008_009,1651920
58923,672,0,CV008_009,1652592
58924,668,0,CV008_009,1653260
58925,668,0,CV008_009,1653928
58926,676,0,CV008_009,1654604
58927,672,0,CV008_009,1655276
58928,816,1,CV008_009,1656092
58929,524,0,CV008_009,1656616
58930,664,0,CV008_009,1657280
58931,656,0,CV008_009,1657936
58932,652,0,CV008_009,1658588
58933,652,0,CV008_009,1659240
58934,240,0,CV008_009,1659480
58935,408,0,CV008_009,1659888
58936,688,0,CV008_009,1660576
58937,596,0,CV008_009,1661172
58938,644,0,CV008_009,1661816
58939,648,0,CV008_009,1662464
58940,652,0,CV008_009,1663116
58941,652,0,CV008_009,1663768
58942,656,0,CV008_009,1664424
58943,648,0,CV008_009,1665072
58944,644,0,CV008_009,1665716
58945,700,0,CV008_009,1666416
58946,652,0,CV008_009,1667068
58947,596,0,CV008_009,1667664
58948,1336,0,CV008_009,1669000
58949,636,0,CV008_009,1669636
58950,592,0,CV008_009,1670228
58951,636,0,CV008_009,1670864
58952,1260,0,CV008_009,1672124
58953,592,0,CV008_009,1672716
58954,660,0,CV008_009,1673376
58955,628,0,CV008_009,1674004
58956,632,0,CV008_009,1674636
58957,636,0,CV008_009,1675272
58958,232,0,CV008_009,1675504
58959,412,0,CV008_009,1675916
58960,704,0,CV008_009,1676620
58961,600,0,CV008_009,1677220
58962,652,0,CV008_009,1677872
58963,652,0,CV008_009,1678524
58964,652,0,CV008_009,1679176
58965,344,0,CV008_009,1679520
58966,304,0,CV008_009,1679824
58967,300,0,CV008_009,1680124
58968,348,0,CV008_009,1680472
58969,656,0,CV008_009,1681128
58970,660,0,CV008_009,1681788
58971,656,0,CV008_009,1682444
58972,712,1,CV008_009,1683156
58973,616,0,CV008_009,1683772
58974,664,0,CV008_009,1684436
58975,664,0,CV008_009,1685100
58976,656,0,CV008_009,1685756
58977,660,0,CV008_009,1686416
58978,196,0,CV008_009,1686612
58979,468,0,CV008_009,1687080
58980,664,0,CV008_009,1687744
58981,612,0,CV008_009,1688356
58982,704,0,CV008_009,1689060
58983,644,0,CV008_009,1689704
58984,640,0,CV008_009,1690344
58985,648,0,CV008_009,1690992
58986,648,0,CV008_009,1691640
58987,644,0,CV008_009,1692284
58988,652,0,CV008_009,1692936
58989,648,0,CV008_009,1693584
58990,644,0,CV008_009,1694228
58991,652,0,CV008_009,1694880
58992,652,0,CV008_009,1695532
58993,652,0,CV008_009,1696184
58994,652,0,CV008_009,1696836
58995,648,0,CV008_009,1697484
58996,652,0,CV008_009,1698136
58997,648,0,CV008_009,1698784
58998,660,0,CV008_009,1699444
58999,652,0,CV008_009,1700096
59000,660,0,CV008_009,1700756
59001,664,0,CV008_009,1701420
59002,668,0,CV008_009,1702088
59003,668,0,CV008_009,1702756
59004,664,0,CV008_009,1703420
59005,672,0,CV008_009,1704092
59006,672,0,CV008_009,1704764
59007,660,0,CV008_009,1705424
59008,668,0,CV008_009,1706092
59009,664,0,CV008_009,1706756
59010,660,0,CV008_009,1707416
59011,668,0,CV008_009,1708084
59012,676,0,CV008_009,1708760
59013,668,0,CV008_009,1709428
59014,668,0,CV008_009,1710096
59015,672,0,CV008_009,1710768
59016,660,0,CV008_009,1711428
59017,720,1,CV008_009,1712148
59018,624,0,CV008_009,1712772
59019,672,0,CV008_009,1713444
59020,680,0,CV008_009,1714124
59021,684,0,CV008_009,1714808
59022,680,0,CV008_009,1715488
59023,724,0,CV008_009,1716212
59024,624,0,CV008_009,1716836
59025,716,0,CV008_009,1717552
59026,672,0,CV008_009,1718224
59027,668,0,CV008_009,1718892
59028,1292,0,CV008_009,1720184
59029,660,0,CV008_009,1720844
59030,660,0,CV008_009,1721504
59031,652,0,CV008_009,1722156
59032,652,0,CV008_009,1722808
59033,652,0,CV008_009,1723460
59034,652,0,CV008_009,1724112
59035,696,1,CV008_009,1724808
59036,600,0,CV008_009,1725408
59037,644,0,CV008_009,1726052
59038,648,0,CV008_009,1726700
59039,648,0,CV008_009,1727348
59040,648,0,CV008_009,1727996
59041,644,0,CV008_009,1728640
59042,640,0,CV008_009,1729280
59043,640,0,CV008_009,1729920
59044,632,0,CV008_009,1730552
59045,644,0,CV008_009,1731196
59046,640,0,CV008_009,1731836
59047,644,0,CV008_009,1732480
59048,648,0,CV008_009,1733128
59049,644,0,CV008_009,1733772
59050,648,0,CV008_009,1734420
59051,696,1,CV008_009,1735116
59052,600,0,CV008_009,1735716
59053,648,0,CV008_009,1736364
59054,648,0,CV008_009,1737012
59055,640,0,CV008_009,1737652
59056,636,0,CV008_009,1738288
59057,640,0,CV008_009,1738928
59058,632,0,CV008_009,1739560
59059,636,0,CV008_009,1740196
59060,628,0,CV008_009,1740824
59061,632,0,CV008_009,1741456
59062,628,0,CV008_009,1742084
59063,624,0,CV008_009,1742708
59064,628,0,CV008_009,1743336
59065,628,0,CV008_009,1743964
59066,680,1,CV008_009,1744644
59067,576,0,CV008_009,1745220
59068,624,0,CV008_009,1745844
59069,612,0,CV008_009,1746456
59070,616,0,CV008_009,1747072
59071,616,0,CV008_009,1747688
59072,664,0,CV008_009,1748352
59073,560,0,CV008_009,1748912
59074,1232,0,CV008_009,1750144
59075,616,0,CV008_009,1750760
59076,620,0,CV008_009,1751380
59077,616,0,CV008_009,1751996
59078,620,0,CV008_009,1752616
59079,624,0,CV008_009,1753240
59080,624,0,CV008_009,1753864
59081,620,0,CV008_009,1754484
59082,628,0,CV008_009,1755112
59083,636,0,CV008_009,1755748
59084,640,0,CV008_009,1756388
59085,684,1,CV008_009,1757072
59086,596,0,CV008_009,1757668
59087,648,0,CV008_009,1758316
59088,648,0,CV008_009,1758964
59089,692,1,CV008_009,1759656
59090,596,0,CV008_009,1760252
59091,648,0,CV008_009,1760900
59092,640,0,CV008_009,1761540
59093,644,0,CV008_009,1762184
59094,636,0,CV008_009,1762820
59095,636,0,CV008_009,1763456
59096,632,0,CV008_009,1764088
59097,632,0,CV008_009,1764720
59098,632,0,CV008_009,1765352
59099,628,0,CV008_009,1765980
59100,680,1,CV008_009,1766660
59101,588,0,CV008_009,1767248
59102,640,0,CV008_009,1767888
59103,636,0,CV008_009,1768524
59104,652,0,CV008_009,1769176
59105,648,0,CV008_009,1769824
59106,648,0,CV008_009,1770472
59107,700,0,CV008_009,1771172
59108,588,0,CV009_001,588
59109,496,0,CV009_001,1084
59110,496,0,CV009_001,1580
59111,92,0,CV009_001,1672
59112,484,0,CV009_001,2156
59113,600,0,CV009_001,2756
59114,488,0,CV009_001,3244
59115,536,0,CV009_001,3780
59116,544,0,CV009_001,4324
59117,256,0,CV009_001,4580
59118,288,0,CV009_001,4868
59119,588,0,CV009_001,5456
59120,492,0,CV009_001,5948
59121,540,0,CV009_001,6488
59122,548,0,CV009_001,7036
59123,548,0,CV009_001,7584
59124,540,0,CV009_001,8124
59125,600,1,CV009_001,8724
59126,500,0,CV009_001,9224
59127,552,0,CV009_001,9776
59128,544,0,CV009_001,10320
59129,264,0,CV009_001,10584
59130,292,0,CV009_001,10876
59131,548,0,CV009_001,11424
59132,160,0,CV009_001,11584
59133,396,0,CV009_001,11980
59134,552,0,CV009_001,12532
59135,52,0,CV009_001,12584
59136,496,0,CV009_001,13080
59137,500,0,CV009_001,13580
59138,664,0,CV009_001,14244
59139,344,0,CV009_001,14588
59140,700,0,CV009_001,15288
59141,560,0,CV009_001,15848
59142,552,0,CV009_001,16400
59143,180,0,CV009_001,16580
59144,364,0,CV009_001,16944
59145,552,0,CV009_001,17496
59146,552,0,CV009_001,18048
59147,540,0,CV009_001,18588
59148,1096,0,CV009_001,19684
59149,604,0,CV009_001,20288
59150,488,0,CV009_001,20776
59151,344,0,CV009_001,21120
59152,196,0,CV009_001,21316
59153,548,0,CV009_001,21864
59154,548,0,CV009_001,22412
59155,592,1,CV009_001,23004
59156,492,0,CV009_001,23496
59157,548,0,CV009_001,24044
59158,548,0,CV009_001,24592
59159,596,0,CV009_001,25188
59160,500,0,CV009_001,25688
59161,608,0,CV009_001,26296
59162,500,0,CV009_001,26796
59163,556,0,CV009_001,27352
59164,548,0,CV009_001,27900
59165,544,0,CV009_001,28444
59166,556,0,CV009_001,29000
59167,536,0,CV009_001,29536
59168,552,0,CV009_001,30088
59169,600,1,CV009_001,30688
59170,488,0,CV009_001,31176
59171,544,0,CV009_001,31720
59172,548,0,CV009_001,32268
59173,544,0,CV009_001,32812
59174,552,0,CV009_001,33364
59175,544,0,CV009_001,33908
59176,540,0,CV009_001,34448
59177,548,0,CV009_001,34996
59178,552,0,CV009_001,35548
59179,540,0,CV009_001,36088
59180,600,0,CV009_001,36688
59181,544,0,CV009_001,37232
59182,552,0,CV009_001,37784
59183,544,0,CV009_001,38328
59184,264,0,CV009_001,38592
59185,1392,0,CV009_001,39984
59186,548,0,CV009_001,40532
59187,64,0,CV009_001,40596
59188,484,0,CV009_001,41080
59189,500,0,CV009_001,41580
59190,604,0,CV009_001,42184
59191,548,0,CV009_001,42732
59192,552,0,CV009_001,43284
59193,552,0,CV009_001,43836
59194,556,0,CV009_001,44392
59195,552,0,CV009_001,44944
59196,552,0,CV009_001,45496
59197,564,0,CV009_001,46060
59198,544,0,CV009_001,46604
59199,556,0,CV009_001,47160
59200,1112,0,CV009_001,48272
59201,560,0,CV009_001,48832
59202,548,0,CV009_001,49380
59203,556,0,CV009_001,49936
59204,556,0,CV009_001,50492
59205,564,0,CV009_001,51056
59206,500,0,CV009_001,51556
59207,600,0,CV009_001,52156
59208,556,0,CV009_001,52712
59209,1112,0,CV009_001,53824
59210,556,0,CV009_001,54380
59211,560,0,CV009_001,54940
59212,548,0,CV009_001,55488
59213,560,0,CV009_001,56048
59214,500,0,CV009_001,56548
59215,604,0,CV009_001,57152
59216,548,0,CV009_001,57700
59217,548,0,CV009_001,58248
59218,496,0,CV009_001,58744
59219,604,0,CV009_001,59348
59220,540,0,CV009_001,59888
59221,540,0,CV009_001,60428
59222,184,0,CV009_001,60612
59223,364,0,CV009_001,60976
59224,548,0,CV009_001,61524
59225,1088,0,CV009_001,62612
59226,500,0,CV009_001,63112
59227,600,0,CV009_001,63712
59228,500,0,CV009_001,64212
59229,396,0,CV009_001,64608
59230,148,0,CV009_001,64756
59231,548,0,CV009_001,65304
59232,548,0,CV009_001,65852
59233,552,0,CV009_001,66404
59234,556,0,CV009_001,66960
59235,556,0,CV009_001,67516
59236,600,1,CV009_001,68116
59237,500,0,CV009_001,68616
59238,560,0,CV009_001,69176
59239,544,0,CV009_001,69720
59240,544,0,CV009_001,70264
59241,544,0,CV009_001,70808
59242,548,0,CV009_001,71356
59243,256,0,CV009_001,71612
59244,340,0,CV009_001,71952
59245,488,0,CV009_001,72440
59246,536,0,CV009_001,72976
59247,544,0,CV009_001,73520
59248,592,0,CV009_001,74112
59249,480,0,CV009_001,74592
59250,540,0,CV009_001,75132
59251,588,0,CV009_001,75720
59252,484,0,CV009_001,76204
59253,532,0,CV009_001,76736
59254,584,0,CV009_001,77320
59255,480,0,CV009_001,77800
59256,528,0,CV009_001,78328
59257,532,0,CV009_001,78860
59258,532,0,CV009_001,79392
59259,580,0,CV009_001,79972
59260,536,0,CV009_001,80508
59261,488,0,CV009_001,80996
59262,580,0,CV009_001,81576
59263,536,0,CV009_001,82112
59264,1068,0,CV009_001,83180
59265,536,0,CV009_001,83716
59266,480,0,CV009_001,84196
59267,420,0,CV009_001,84616
59268,120,0,CV009_001,84736
59269,580,0,CV009_001,85316
59270,480,0,CV009_001,85796
59271,524,0,CV009_001,86320
59272,528,0,CV009_001,86848
59273,532,0,CV009_001,87380
59274,240,0,CV009_001,87620
59275,288,0,CV009_001,87908
59276,584,0,CV009_001,88492
59277,1000,0,CV009_001,89492
59278,584,0,CV009_001,90076
59279,544,0,CV009_001,90620
59280,512,0,CV009_001,91132
59281,484,0,CV009_001,91616
59282,576,0,CV009_001,92192
59283,536,0,CV009_001,92728
59284,520,0,CV009_001,93248
59285,476,0,CV009_001,93724
59286,580,0,CV009_001,94304
59287,484,0,CV009_001,94788
59288,580,0,CV009_001,95368
59289,524,0,CV009_001,95892
59290,532,0,CV009_001,96424
59291,524,0,CV009_001,96948
59292,472,0,CV009_001,97420
59293,1060,0,CV009_001,98480
59294,588,0,CV009_001,99068
59295,532,0,CV009_001,99600
59296,536,0,CV009_001,100136
59297,488,0,CV009_001,100624
59298,588,0,CV009_001,101212
59299,536,0,CV009_001,101748
59300,540,0,CV009_001,102288
59301,540,0,CV009_001,102828
59302,536,0,CV009_001,103364
59303,544,0,CV009_001,103908
59304,496,0,CV009_001,104404
59305,1124,0,CV009_001,105528
59306,540,0,CV009_001,106068
59307,548,0,CV009_001,106616
59308,532,0,CV009_001,107148
59309,484,0,CV009_001,107632
59310,588,0,CV009_001,108220
59311,536,0,CV009_001,108756
59312,536,0,CV009_001,109292
59313,488,0,CV009_001,109780
59314,588,0,CV009_001,110368
59315,264,0,CV009_001,110632
59316,272,0,CV009_001,110904
59317,488,0,CV009_001,111392
59318,244,0,CV009_001,111636
59319,296,0,CV009_001,111932
59320,588,0,CV009_001,112520
59321,540,0,CV009_001,113060
59322,540,0,CV009_001,113600
59323,484,0,CV009_001,114084
59324,548,0,CV009_001,114632
59325,588,0,CV009_001,115220
59326,416,0,CV009_001,115636
59327,132,0,CV009_001,115768
59328,548,0,CV009_001,116316
59329,544,0,CV009_001,116860
59330,548,0,CV009_001,117408
59331,536,0,CV009_001,117944
59332,492,0,CV009_001,118436
59333,600,0,CV009_001,119036
59334,548,0,CV009_001,119584
59335,488,0,CV009_001,120072
59336,1084,0,CV009_001,121156
59337,596,0,CV009_001,121752
59338,484,0,CV009_001,122236
59339,532,0,CV009_001,122768
59340,592,0,CV009_001,123360
59341,540,0,CV009_001,123900
59342,532,0,CV009_001,124432
59343,208,0,CV009_001,124640
59344,280,0,CV009_001,124920
59345,600,0,CV009_001,125520
59346,120,0,CV009_001,125640
59347,424,0,CV009_001,126064
59348,492,0,CV009_001,126556
59349,548,0,CV009_001,127104
59350,1104,0,CV009_001,128208
59351,560,0,CV009_001,128768
59352,560,0,CV009_001,129328
59353,552,0,CV009_001,129880
59354,612,0,CV009_001,130492
59355,148,0,CV009_001,130640
59356,368,0,CV009_001,131008
59357,552,0,CV009_001,131560
59358,560,0,CV009_001,132120
59359,616,0,CV009_001,132736
59360,508,0,CV009_001,133244
59361,552,0,CV009_001,133796
59362,560,0,CV009_001,134356
59363,288,0,CV009_001,134644
59364,256,0,CV009_001,134900
59365,276,0,CV009_001,135176
59366,268,0,CV009_001,135444
59367,204,0,CV009_001,135648
59368,372,0,CV009_001,136020
59369,560,0,CV009_001,136580
59370,548,0,CV009_001,137128
59371,612,0,CV009_001,137740
59372,496,0,CV009_001,138236
59373,412,0,CV009_001,138648
59374,140,0,CV009_001,138788
59375,552,0,CV009_001,139340
59376,308,0,CV009_001,139648
59377,244,0,CV009_001,139892
59378,600,0,CV009_001,140492
59379,156,0,CV009_001,140648
59380,344,0,CV009_001,140992
59381,556,0,CV009_001,141548
59382,548,0,CV009_001,142096
59383,552,0,CV009_001,142648
59384,548,0,CV009_001,143196
59385,452,0,CV009_001,143648
59386,104,0,CV009_001,143752
59387,596,0,CV009_001,144348
59388,544,0,CV009_001,144892
59389,500,0,CV009_001,145392
59390,600,0,CV009_001,145992
59391,544,0,CV009_001,146536
59392,548,0,CV009_001,147084
59393,564,0,CV009_001,147648
59394,536,0,CV009_001,148184
59395,1048,0,CV009_001,149232
59396,604,0,CV009_001,149836
59397,544,0,CV009_001,150380
59398,500,0,CV009_001,150880
59399,612,0,CV009_001,151492
59400,548,0,CV009_001,152040
59401,500,0,CV009_001,152540
59402,556,0,CV009_001,153096
59403,556,0,CV009_001,153652
59404,600,0,CV009_001,154252
59405,504,0,CV009_001,154756
59406,604,0,CV009_001,155360
59407,500,0,CV009_001,155860
59408,604,0,CV009_001,156464
59409,556,0,CV009_001,157020
59410,544,0,CV009_001,157564
59411,552,0,CV009_001,158116
59412,500,0,CV009_001,158616
59413,600,0,CV009_001,159216
59414,552,0,CV009_001,159768
59415,552,0,CV009_001,160320
59416,540,0,CV009_001,160860
59417,492,0,CV009_001,161352
59418,596,0,CV009_001,161948
59419,556,0,CV009_001,162504
59420,540,0,CV009_001,163044
59421,540,0,CV009_001,163584
59422,544,0,CV009_001,164128
59423,500,0,CV009_001,164628
59424,604,0,CV009_001,165232
59425,548,0,CV009_001,165780
59426,556,0,CV009_001,166336
59427,508,0,CV009_001,166844
59428,608,0,CV009_001,167452
59429,556,0,CV009_001,168008
59430,512,0,CV009_001,168520
59431,560,0,CV009_001,169080
59432,568,0,CV009_001,169648
59433,552,0,CV009_001,170200
59434,560,0,CV009_001,170760
59435,564,0,CV009_001,171324
59436,340,0,CV009_001,171664
59437,268,0,CV009_001,171932
59438,508,0,CV009_001,172440
59439,552,0,CV009_001,172992
59440,556,0,CV009_001,173548
59441,556,0,CV009_001,174104
59442,564,0,CV009_001,174668
59443,556,0,CV009_001,175224
59444,440,0,CV009_001,175664
59445,112,0,CV009_001,175776
59446,552,0,CV009_001,176328
59447,564,0,CV009_001,176892
59448,560,0,CV009_001,177452
59449,552,0,CV009_001,178004
59450,552,0,CV009_001,178556
59451,556,0,CV009_001,179112
59452,1120,0,CV009_001,180232
59453,440,0,CV009_001,180672
59454,116,0,CV009_001,180788
59455,612,0,CV009_001,181400
59456,268,0,CV009_001,181668
59457,800,0,CV009_001,182468
59458,564,0,CV009_001,183032
59459,560,0,CV009_001,183592
59460,568,0,CV009_001,184160
59461,512,0,CV009_001,184672
59462,608,0,CV009_001,185280
59463,612,0,CV009_001,185892
59464,516,0,CV009_001,186408
59465,264,0,CV009_001,186672
59466,296,0,CV009_001,186968
59467,560,0,CV009_001,187528
59468,612,0,CV009_001,188140
59469,516,0,CV009_001,188656
59470,612,0,CV009_001,189268
59471,512,0,CV009_001,189780
59472,612,0,CV009_001,190392
59473,284,0,CV009_001,190676
59474,228,0,CV009_001,190904
59475,620,0,CV009_001,191524
59476,148,0,CV009_001,191672
59477,360,0,CV009_001,192032
59478,560,0,CV009_001,192592
59479,560,0,CV009_001,193152
59480,624,0,CV009_001,193776
59481,508,0,CV009_001,194284
59482,608,0,CV009_001,194892
59483,560,0,CV009_001,195452
59484,568,0,CV009_001,196020
59485,560,0,CV009_001,196580
59486,560,0,CV009_001,197140
59487,1128,0,CV009_001,198268
59488,508,0,CV009_001,198776
59489,612,0,CV009_001,199388
59490,512,0,CV009_001,199900
59491,564,0,CV009_001,200464
59492,620,0,CV009_001,201084
59493,560,0,CV009_001,201644
59494,560,0,CV009_001,202204
59495,568,0,CV009_001,202772
59496,568,0,CV009_001,203340
59497,508,0,CV009_001,203848
59498,564,0,CV009_001,204412
59499,564,0,CV009_001,204976
59500,568,0,CV009_001,205544
59501,608,0,CV009_001,206152
59502,1072,0,CV009_001,207224
59503,616,0,CV009_001,207840
59504,556,0,CV009_001,208396
59505,512,0,CV009_001,208908
59506,564,0,CV009_001,209472
59507,564,0,CV009_001,210036
59508,552,0,CV009_001,210588
59509,564,0,CV009_001,211152
59510,1176,0,CV009_001,212328
59511,508,0,CV009_001,212836
59512,560,0,CV009_001,213396
59513,560,0,CV009_001,213956
59514,612,0,CV009_001,214568
59515,556,0,CV009_001,215124
59516,508,0,CV009_001,215632
59517,612,0,CV009_001,216244
59518,568,0,CV009_001,216812
59519,556,0,CV009_001,217368
59520,564,0,CV009_001,217932
59521,2192,0,CV009_001,220124
59522,564,0,CV009_001,220688
59523,552,0,CV009_001,221240
59524,564,0,CV009_001,221804
59525,560,0,CV009_001,222364
59526,612,0,CV009_001,222976
59527,548,0,CV009_001,223524
59528,508,0,CV009_001,224032
59529,556,0,CV009_001,224588
59530,560,0,CV009_001,225148
59531,548,0,CV009_001,225696
59532,604,0,CV009_001,226300
59533,504,0,CV009_001,226804
59534,608,0,CV009_001,227412
59535,500,0,CV009_001,227912
59536,552,0,CV009_001,228464
59537,228,0,CV009_001,228692
59538,332,0,CV009_001,229024
59539,556,0,CV009_001,229580
59540,608,0,CV009_001,230188
59541,504,0,CV009_001,230692
59542,608,0,CV009_001,231300
59543,392,0,CV009_001,231692
59544,124,0,CV009_001,231816
59545,608,0,CV009_001,232424
59546,272,0,CV009_001,232696
59547,284,0,CV009_001,232980
59548,504,0,CV009_001,233484
59549,216,0,CV009_001,233700
59550,400,0,CV009_001,234100
59551,556,0,CV009_001,234656
59552,552,0,CV009_001,235208
59553,1108,0,CV009_001,236316
59554,384,0,CV009_001,236700
59555,120,0,CV009_001,236820
59556,600,0,CV009_001,237420
59557,280,0,CV009_001,237700
59558,272,0,CV009_001,237972
59559,500,0,CV009_001,238472
59560,556,0,CV009_001,239028
59561,600,0,CV009_001,239628
59562,500,0,CV009_001,240128
59563,560,0,CV009_001,240688
59564,596,0,CV009_001,241284
59565,500,0,CV009_001,241784
59566,548,0,CV009_001,242332
59567,556,0,CV009_001,242888
59568,544,0,CV009_001,243432
59569,552,0,CV009_001,243984
59570,552,0,CV009_001,244536
59571,160,0,CV009_001,244696
59572,440,0,CV009_001,245136
59573,492,0,CV009_001,245628
59574,556,0,CV009_001,246184
59575,1144,0,CV009_001,247328
59576,544,0,CV009_001,247872
59577,552,0,CV009_001,248424
59578,544,0,CV009_001,248968
59579,540,0,CV009_001,249508
59580,544,0,CV009_001,250052
59581,496,0,CV009_001,250548
59582,592,0,CV009_001,251140
59583,492,0,CV009_001,251632
59584,548,0,CV009_001,252180
59585,604,0,CV009_001,252784
59586,544,0,CV009_001,253328
59587,496,0,CV009_001,253824
59588,596,0,CV009_001,254420
59589,552,0,CV009_001,254972
59590,548,0,CV009_001,255520
59591,544,0,CV009_001,256064
59592,500,0,CV009_001,256564
59593,552,0,CV009_001,257116
59594,548,0,CV009_001,257664
59595,596,0,CV009_001,258260
59596,548,0,CV009_001,258808
59597,548,0,CV009_001,259356
59598,552,0,CV009_001,259908
59599,544,0,CV009_001,260452
59600,544,0,CV009_001,260996
59601,548,0,CV009_001,261544
59602,552,0,CV009_001,262096
59603,496,0,CV009_001,262592
59604,1136,0,CV009_001,263728
59605,552,0,CV009_001,264280
59606,552,0,CV009_001,264832
59607,544,0,CV009_001,265376
59608,492,0,CV009_001,265868
59609,592,0,CV009_001,266460
59610,544,0,CV009_001,267004
59611,544,0,CV009_001,267548
59612,536,0,CV009_001,268084
59613,540,0,CV009_001,268624
59614,540,0,CV009_001,269164
59615,548,0,CV009_001,269712
59616,540,0,CV009_001,270252
59617,1080,0,CV009_001,271332
59618,492,0,CV009_001,271824
59619,600,0,CV009_001,272424
59620,544,0,CV009_001,272968
59621,540,0,CV009_001,273508
59622,212,0,CV009_001,273720
59623,284,0,CV009_001,274004
59624,548,0,CV009_001,274552
59625,592,0,CV009_001,275144
59626,488,0,CV009_001,275632
59627,604,0,CV009_001,276236
59628,1040,0,CV009_001,277276
59629,548,0,CV009_001,277824
59630,600,0,CV009_001,278424
59631,548,0,CV009_001,278972
59632,544,0,CV009_001,279516
59633,544,0,CV009_001,280060
59634,496,0,CV009_001,280556
59635,552,0,CV009_001,281108
59636,604,0,CV009_001,281712
59637,488,0,CV009_001,282200
59638,684,0,CV009_001,282884
59639,408,0,CV009_001,283292
59640,540,0,CV009_001,283832
59641,588,0,CV009_001,284420
59642,488,0,CV009_001,284908
59643,544,0,CV009_001,285452
59644,540,0,CV009_001,285992
59645,536,0,CV009_001,286528
59646,540,0,CV009_001,287068
59647,540,0,CV009_001,287608
59648,596,0,CV009_001,288204
59649,492,0,CV009_001,288696
59650,540,0,CV009_001,289236
59651,596,0,CV009_001,289832
59652,496,0,CV009_001,290328
59653,548,0,CV009_001,290876
59654,544,0,CV009_001,291420
59655,548,0,CV009_001,291968
59656,552,0,CV009_001,292520
59657,552,0,CV009_001,293072
59658,600,1,CV009_001,293672
59659,496,0,CV009_001,294168
59660,552,0,CV009_001,294720
59661,552,0,CV009_001,295272
59662,548,0,CV009_001,295820
59663,596,0,CV009_001,296416
59664,548,0,CV009_001,296964
59665,552,0,CV009_001,297516
59666,540,0,CV009_001,298056
59667,540,0,CV009_001,298596
59668,492,0,CV009_001,299088
59669,596,0,CV009_001,299684
59670,548,0,CV009_001,300232
59671,496,0,CV009_001,300728
59672,588,0,CV009_001,301316
59673,540,0,CV009_001,301856
59674,552,0,CV009_001,302408
59675,540,0,CV009_001,302948
59676,540,0,CV009_001,303488
59677,540,0,CV009_001,304028
59678,544,0,CV009_001,304572
59679,492,0,CV009_001,305064
59680,596,0,CV009_001,305660
59681,536,0,CV009_001,306196
59682,544,0,CV009_001,306740
59683,500,0,CV009_001,307240
59684,596,0,CV009_001,307836
59685,1084,0,CV009_001,308920
59686,544,0,CV009_001,309464
59687,548,0,CV009_001,310012
59688,324,0,CV009_001,310336
59689,220,0,CV009_001,310556
59690,1084,0,CV009_001,311640
59691,548,0,CV009_001,312188
59692,544,0,CV009_001,312732
59693,536,0,CV009_001,313268
59694,1084,0,CV009_001,314352
59695,496,0,CV009_001,314848
59696,596,0,CV009_001,315444
59697,540,0,CV009_001,315984
59698,496,0,CV009_001,316480
59699,552,0,CV009_001,317032
59700,604,0,CV009_001,317636
59701,496,0,CV009_001,318132
59702,548,0,CV009_001,318680
59703,552,0,CV009_001,319232
59704,600,0,CV009_001,319832
59705,500,0,CV009_001,320332
59706,404,0,CV009_001,320736
59707,144,0,CV009_001,320880
59708,540,0,CV009_001,321420
59709,320,0,CV009_001,321740
59710,224,0,CV009_001,321964
59711,596,0,CV009_001,322560
59712,552,0,CV009_001,323112
59713,540,0,CV009_001,323652
59714,488,0,CV009_001,324140
59715,544,0,CV009_001,324684
59716,548,0,CV009_001,325232
59717,1088,0,CV009_001,326320
59718,548,0,CV009_001,326868
59719,552,0,CV009_001,327420
59720,560,0,CV009_001,327980
59721,552,0,CV009_001,328532
59722,604,0,CV009_001,329136
59723,504,0,CV009_001,329640
59724,564,0,CV009_001,330204
59725,1108,0,CV009_001,331312
59726,556,0,CV009_001,331868
59727,560,0,CV009_001,332428
59728,316,0,CV009_001,332744
59729,236,0,CV009_001,332980
59730,548,0,CV009_001,333528
59731,216,0,CV009_001,333744
59732,392,0,CV009_001,334136
59733,552,0,CV009_001,334688
59734,556,0,CV009_001,335244
59735,500,0,CV009_001,335744
59736,1156,0,CV009_001,336900
59737,556,0,CV009_001,337456
59738,552,0,CV009_001,338008
59739,500,0,CV009_001,338508
59740,600,0,CV009_001,339108
59741,556,0,CV009_001,339664
59742,556,0,CV009_001,340220
59743,540,0,CV009_001,340760
59744,560,0,CV009_001,341320
59745,556,0,CV009_001,341876
59746,504,0,CV009_001,342380
59747,608,0,CV009_001,342988
59748,500,0,CV009_001,343488
59749,604,0,CV009_001,344092
59750,556,0,CV009_001,344648
59751,560,0,CV009_001,345208
59752,552,0,CV009_001,345760
59753,556,0,CV009_001,346316
59754,556,0,CV009_001,346872
59755,508,0,CV009_001,347380
59756,608,0,CV009_001,347988
59757,504,0,CV009_001,348492
59758,608,0,CV009_001,349100
59759,552,0,CV009_001,349652
59760,564,0,CV009_001,350216
59761,548,0,CV009_001,350764
59762,560,0,CV009_001,351324
59763,560,0,CV009_001,351884
59764,560,0,CV009_001,352444
59765,564,0,CV009_001,353008
59766,556,0,CV009_001,353564
59767,556,0,CV009_001,354120
59768,568,0,CV009_001,354688
59769,556,0,CV009_001,355244
59770,508,0,CV009_001,355752
59771,604,0,CV009_001,356356
59772,556,0,CV009_001,356912
59773,564,0,CV009_001,357476
59774,1668,0,CV009_001,359144
59775,560,0,CV009_001,359704
59776,552,0,CV009_001,360256
59777,504,0,CV009_001,360760
59778,608,0,CV009_001,361368
59779,504,0,CV009_001,361872
59780,612,0,CV009_001,362484
59781,560,0,CV009_001,363044
59782,500,0,CV009_001,363544
59783,608,0,CV009_001,364152
59784,512,0,CV009_001,364664
59785,608,0,CV009_001,365272
59786,496,0,CV009_001,365768
59787,612,0,CV009_001,366380
59788,512,0,CV009_001,366892
59789,556,0,CV009_001,367448
59790,604,0,CV009_001,368052
59791,504,0,CV009_001,368556
59792,552,0,CV009_001,369108
59793,608,0,CV009_001,369716
59794,500,0,CV009_001,370216
59795,552,0,CV009_001,370768
59796,556,0,CV009_001,371324
59797,560,0,CV009_001,371884
59798,556,0,CV009_001,372440
59799,600,1,CV009_001,373040
59800,508,0,CV009_001,373548
59801,556,0,CV009_001,374104
59802,564,0,CV009_001,374668
59803,556,0,CV009_001,375224
59804,1120,0,CV009_001,376344
59805,564,0,CV009_001,376908
59806,612,0,CV009_001,377520
59807,508,0,CV009_001,378028
59808,556,0,CV009_001,378584
59809,564,0,CV009_001,379148
59810,556,0,CV009_001,379704
59811,556,0,CV009_001,380260
59812,612,0,CV009_001,380872
59813,512,0,CV009_001,381384
59814,1168,0,CV009_001,382552
59815,560,0,CV009_001,383112
59816,568,0,CV009_001,383680
59817,1680,0,CV009_001,385360
59818,560,0,CV009_001,385920
59819,568,0,CV009_001,386488
59820,556,0,CV009_001,387044
59821,1684,0,CV009_001,388728
59822,556,0,CV009_001,389284
59823,1072,0,CV009_001,390356
59824,560,0,CV009_001,390916
59825,616,0,CV009_001,391532
59826,560,0,CV009_001,392092
59827,512,0,CV009_001,392604
59828,560,0,CV009_001,393164
59829,608,0,CV009_001,393772
59830,556,0,CV009_001,394328
59831,568,0,CV009_001,394896
59832,500,0,CV009_001,395396
59833,616,0,CV009_001,396012
59834,556,0,CV009_001,396568
59835,560,0,CV009_001,397128
59836,560,0,CV009_001,397688
59837,568,0,CV009_001,398256
59838,508,0,CV009_001,398764
59839,608,0,CV009_001,399372
59840,512,0,CV009_001,399884
59841,612,0,CV009_001,400496
59842,288,0,CV009_001,400784
59843,264,0,CV009_001,401048
59844,504,0,CV009_001,401552
59845,608,0,CV009_001,402160
59846,560,0,CV009_001,402720
59847,552,0,CV009_001,403272
59848,508,0,CV009_001,403780
59849,608,0,CV009_001,404388
59850,500,0,CV009_001,404888
59851,608,0,CV009_001,405496
59852,560,0,CV009_001,406056
59853,560,0,CV009_001,406616
59854,552,0,CV009_001,407168
59855,556,0,CV009_001,407724
59856,560,0,CV009_001,408284
59857,508,0,CV009_001,408792
59858,1168,0,CV009_001,409960
59859,512,0,CV009_001,410472
59860,612,0,CV009_001,411084
59861,556,0,CV009_001,411640
59862,560,0,CV009_001,412200
59863,508,0,CV009_001,412708
59864,612,0,CV009_001,413320
59865,1056,0,CV009_001,414376
59866,564,0,CV009_001,414940
59867,556,0,CV009_001,415496
59868,552,0,CV009_001,416048
59869,604,0,CV009_001,416652
59870,500,0,CV009_001,417152
59871,564,0,CV009_001,417716
59872,600,0,CV009_001,418316
59873,552,0,CV009_001,418868
59874,556,0,CV009_001,419424
59875,512,0,CV009_001,419936
59876,604,0,CV009_001,420540
59877,504,0,CV009_001,421044
59878,604,0,CV009_001,421648
59879,508,0,CV009_001,422156
59880,632,0,CV009_001,422788
59881,536,0,CV009_001,423324
59882,560,0,CV009_001,423884
59883,568,0,CV009_001,424452
59884,504,0,CV009_001,424956
59885,604,0,CV009_001,425560
59886,552,0,CV009_001,426112
59887,560,0,CV009_001,426672
59888,560,0,CV009_001,427232
59889,556,0,CV009_001,427788
59890,552,0,CV009_001,428340
59891,560,0,CV009_001,428900
59892,564,0,CV009_001,429464
59893,556,0,CV009_001,430020
59894,556,0,CV009_001,430576
59895,560,0,CV009_001,431136
59896,568,0,CV009_001,431704
59897,556,0,CV009_001,432260
59898,556,0,CV009_001,432816
59899,512,0,CV009_001,433328
59900,568,0,CV009_001,433896
59901,608,0,CV009_001,434504
59902,556,0,CV009_001,435060
59903,508,0,CV009_001,435568
59904,616,0,CV009_001,436184
59905,556,0,CV009_001,436740
59906,556,0,CV009_001,437296
59907,512,0,CV009_001,437808
59908,612,0,CV009_001,438420
59909,504,0,CV009_001,438924
59910,560,0,CV009_001,439484
59911,564,0,CV009_001,440048
59912,52,0,CV009_001,440100
59913,560,0,CV009_001,440660
59914,504,0,CV009_001,441164
59915,564,0,CV009_001,441728
59916,564,0,CV009_001,442292
59917,616,1,CV009_001,442908
59918,508,0,CV009_001,443416
59919,560,0,CV009_001,443976
59920,568,0,CV009_001,444544
59921,260,0,CV009_001,444804
59922,304,0,CV009_001,445108
59923,556,0,CV009_001,445664
59924,136,0,CV009_001,445800
59925,428,0,CV009_001,446228
59926,572,0,CV009_001,446800
59927,604,0,CV009_001,447404
59928,508,0,CV009_001,447912
59929,560,0,CV009_001,448472
59930,568,0,CV009_001,449040
59931,560,0,CV009_001,449600
59932,612,0,CV009_001,450212
59933,564,0,CV009_001,450776
59934,516,0,CV009_001,451292
59935,604,0,CV009_001,451896
59936,512,0,CV009_001,452408
59937,620,0,CV009_001,453028
59938,564,0,CV009_001,453592
59939,560,0,CV009_001,454152
59940,564,0,CV009_001,454716
59941,568,0,CV009_001,455284
59942,508,0,CV009_001,455792
59943,612,0,CV009_001,456404
59944,560,0,CV009_001,456964
59945,564,0,CV009_001,457528
59946,556,0,CV009_001,458084
59947,1120,0,CV009_001,459204
59948,564,0,CV009_001,459768
59949,508,0,CV009_001,460276
59950,612,0,CV009_001,460888
59951,512,0,CV009_001,461400
59952,616,0,CV009_001,462016
59953,560,0,CV009_001,462576
59954,564,0,CV009_001,463140
59955,568,0,CV009_001,463708
59956,560,0,CV009_001,464268
59957,508,0,CV009_001,464776
59958,568,0,CV009_001,465344
59959,568,0,CV009_001,465912
59960,604,0,CV009_001,466516
59961,564,0,CV009_001,467080
59962,564,0,CV009_001,467644
59963,560,0,CV009_001,468204
59964,560,0,CV009_001,468764
59965,568,0,CV009_001,469332
59966,568,0,CV009_001,469900
59967,508,0,CV009_001,470408
59968,560,0,CV009_001,470968
59969,564,0,CV009_001,471532
59970,616,0,CV009_001,472148
59971,556,0,CV009_001,472704
59972,560,0,CV009_001,473264
59973,568,0,CV009_001,473832
59974,564,0,CV009_001,474396
59975,508,0,CV009_001,474904
59976,616,0,CV009_001,475520
59977,516,0,CV009_001,476036
59978,556,0,CV009_001,476592
59979,616,0,CV009_001,477208
59980,572,0,CV009_001,477780
59981,560,0,CV009_001,478340
59982,1072,0,CV009_001,479412
59983,564,0,CV009_001,479976
59984,608,0,CV009_001,480584
59985,512,0,CV009_001,481096
59986,564,0,CV009_001,481660
59987,568,0,CV009_001,482228
59988,600,0,CV009_001,482828
59989,568,0,CV009_001,483396
59990,516,0,CV009_001,483912
59991,612,0,CV009_001,484524
59992,560,0,CV009_001,485084
59993,564,0,CV009_001,485648
59994,572,0,CV009_001,486220
59995,504,0,CV009_001,486724
59996,616,0,CV009_001,487340
59997,568,0,CV009_001,487908
59998,520,0,CV009_001,488428
59999,608,0,CV009_001,489036
60000,568,0,CV009_001,489604
60001,572,0,CV009_001,490176
60002,560,0,CV009_001,490736
60003,564,0,CV009_001,491300
60004,516,0,CV009_001,491816
60005,616,0,CV009_001,492432
60006,512,0,CV009_001,492944
60007,608,0,CV009_001,493552
60008,564,0,CV009_001,494116
60009,572,0,CV009_001,494688
60010,508,0,CV009_001,495196
60011,624,0,CV009_001,495820
60012,564,0,CV009_001,496384
60013,564,0,CV009_001,496948
60014,564,0,CV009_001,497512
60015,564,0,CV009_001,498076
60016,564,0,CV009_001,498640
60017,564,0,CV009_001,499204
60018,564,0,CV009_001,499768
60019,568,0,CV009_001,500336
60020,496,0,CV009_001,500832
60021,632,0,CV009_001,501464
60022,564,0,CV009_001,502028
60023,572,0,CV009_001,502600
60024,560,0,CV009_001,503160
60025,1128,0,CV009_001,504288
60026,564,0,CV009_001,504852
60027,568,0,CV009_001,505420
60028,508,0,CV009_001,505928
60029,612,0,CV009_001,506540
60030,568,0,CV009_001,507108
60031,560,0,CV009_001,507668
60032,512,0,CV009_001,508180
60033,608,0,CV009_001,508788
60034,568,0,CV009_001,509356
60035,1116,0,CV009_001,510472
60036,516,0,CV009_001,510988
60037,616,0,CV009_001,511604
60038,564,0,CV009_001,512168
60039,508,0,CV009_001,512676
60040,616,0,CV009_001,513292
60041,560,0,CV009_001,513852
60042,560,0,CV009_001,514412
60043,512,0,CV009_001,514924
60044,616,0,CV009_001,515540
60045,560,0,CV009_001,516100
60046,560,0,CV009_001,516660
60047,508,0,CV009_001,517168
60048,616,0,CV009_001,517784
60049,556,0,CV009_001,518340
60050,504,0,CV009_001,518844
60051,612,0,CV009_001,519456
60052,568,0,CV009_001,520024
60053,556,0,CV009_001,520580
60054,556,0,CV009_001,521136
60055,1124,0,CV009_001,522260
60056,556,0,CV009_001,522816
60057,560,0,CV009_001,523376
60058,564,0,CV009_001,523940
60059,508,0,CV009_001,524448
60060,612,0,CV009_001,525060
60061,560,0,CV009_001,525620
60062,520,0,CV009_001,526140
60063,612,0,CV009_001,526752
60064,560,0,CV009_001,527312
60065,512,0,CV009_001,527824
60066,568,0,CV009_001,528392
60067,560,0,CV009_001,528952
60068,560,0,CV009_001,529512
60069,612,0,CV009_001,530124
60070,516,0,CV009_001,530640
60071,604,0,CV009_001,531244
60072,560,0,CV009_001,531804
60073,508,0,CV009_001,532312
60074,1120,0,CV009_001,533432
60075,560,0,CV009_001,533992
60076,612,0,CV009_001,534604
60077,556,0,CV009_001,535160
60078,556,0,CV009_001,535716
60079,560,0,CV009_001,536276
60080,568,0,CV009_001,536844
60081,552,0,CV009_001,537396
60082,560,0,CV009_001,537956
60083,564,0,CV009_001,538520
60084,564,0,CV009_001,539084
60085,552,0,CV009_001,539636
60086,564,0,CV009_001,540200
60087,564,0,CV009_001,540764
60088,564,0,CV009_001,541328
60089,1124,0,CV009_001,542452
60090,516,0,CV009_001,542968
60091,608,0,CV009_001,543576
60092,556,0,CV009_001,544132
60093,564,0,CV009_001,544696
60094,564,0,CV009_001,545260
60095,560,0,CV009_001,545820
60096,560,0,CV009_001,546380
60097,564,0,CV009_001,546944
60098,564,0,CV009_001,547508
60099,556,0,CV009_001,548064
60100,560,0,CV009_001,548624
60101,568,0,CV009_001,549192
60102,564,0,CV009_001,549756
60103,556,0,CV009_001,550312
60104,560,0,CV009_001,550872
60105,572,0,CV009_001,551444
60106,508,0,CV009_001,551952
60107,612,0,CV009_001,552564
60108,560,0,CV009_001,553124
60109,564,0,CV009_001,553688
60110,560,0,CV009_001,554248
60111,560,0,CV009_001,554808
60112,508,0,CV009_001,555316
60113,1172,0,CV009_001,556488
60114,508,0,CV009_001,556996
60115,564,0,CV009_001,557560
60116,612,0,CV009_001,558172
60117,508,0,CV009_001,558680
60118,564,0,CV009_001,559244
60119,564,0,CV009_001,559808
60120,560,0,CV009_001,560368
60121,608,0,CV009_001,560976
60122,512,0,CV009_001,561488
60123,568,0,CV009_001,562056
60124,612,0,CV009_001,562668
60125,512,0,CV009_001,563180
60126,564,0,CV009_001,563744
60127,568,0,CV009_001,564312
60128,560,0,CV009_001,564872
60129,564,0,CV009_001,565436
60130,568,0,CV009_001,566004
60131,568,0,CV009_001,566572
60132,556,0,CV009_001,567128
60133,568,0,CV009_001,567696
60134,568,0,CV009_001,568264
60135,608,0,CV009_001,568872
60136,564,0,CV009_001,569436
60137,512,0,CV009_001,569948
60138,620,0,CV009_001,570568
60139,560,0,CV009_001,571128
60140,512,0,CV009_001,571640
60141,612,0,CV009_001,572252
60142,564,0,CV009_001,572816
60143,556,0,CV009_001,573372
60144,504,0,CV009_001,573876
60145,620,0,CV009_001,574496
60146,560,0,CV009_001,575056
60147,504,0,CV009_001,575560
60148,616,0,CV009_001,576176
60149,564,0,CV009_001,576740
60150,560,0,CV009_001,577300
60151,568,0,CV009_001,577868
60152,568,0,CV009_001,578436
60153,568,0,CV009_001,579004
60154,1132,0,CV009_001,580136
60155,576,0,CV009_001,580712
60156,564,0,CV009_001,581276
60157,564,0,CV009_001,581840
60158,572,0,CV009_001,582412
60159,568,0,CV009_001,582980
60160,556,0,CV009_001,583536
60161,504,0,CV009_001,584040
60162,616,0,CV009_001,584656
60163,556,0,CV009_001,585212
60164,552,0,CV009_001,585764
60165,560,0,CV009_001,586324
60166,556,0,CV009_001,586880
60167,552,0,CV009_001,587432
60168,564,0,CV009_001,587996
60169,556,0,CV009_001,588552
60170,560,0,CV009_001,589112
60171,556,0,CV009_001,589668
60172,560,0,CV009_001,590228
60173,560,0,CV009_001,590788
60174,556,0,CV009_001,591344
60175,1072,0,CV009_001,592416
60176,568,0,CV009_001,592984
60177,608,0,CV009_001,593592
60178,560,0,CV009_001,594152
60179,564,0,CV009_001,594716
60180,560,0,CV009_001,595276
60181,556,0,CV009_001,595832
60182,564,0,CV009_001,596396
60183,1112,0,CV009_001,597508
60184,504,0,CV009_001,598012
60185,608,0,CV009_001,598620
60186,556,0,CV009_001,599176
60187,556,0,CV009_001,599732
60188,556,0,CV009_001,600288
60189,560,0,CV009_001,600848
60190,552,0,CV009_001,601400
60191,560,0,CV009_001,601960
60192,560,0,CV009_001,602520
60193,564,0,CV009_001,603084
60194,556,0,CV009_001,603640
60195,560,0,CV009_001,604200
60196,564,0,CV009_001,604764
60197,556,0,CV009_001,605320
60198,512,0,CV009_001,605832
60199,616,0,CV009_001,606448
60200,560,0,CV009_001,607008
60201,560,0,CV009_001,607568
60202,564,0,CV009_001,608132
60203,564,0,CV009_001,608696
60204,564,0,CV009_001,609260
60205,560,0,CV009_001,609820
60206,560,0,CV009_001,610380
60207,512,0,CV009_001,610892
60208,608,0,CV009_001,611500
60209,564,0,CV009_001,612064
60210,564,0,CV009_001,612628
60211,556,0,CV009_001,613184
60212,508,0,CV009_001,613692
60213,608,0,CV009_001,614300
60214,560,0,CV009_001,614860
60215,556,0,CV009_001,615416
60216,564,0,CV009_001,615980
60217,564,0,CV009_001,616544
60218,564,0,CV009_001,617108
60219,556,0,CV009_001,617664
60220,564,0,CV009_001,618228
60221,564,0,CV009_001,618792
60222,568,0,CV009_001,619360
60223,1128,0,CV009_001,620488
60224,568,0,CV009_001,621056
60225,572,0,CV009_001,621628
60226,564,0,CV009_001,622192
60227,564,0,CV009_001,622756
60228,572,0,CV009_001,623328
60229,568,0,CV009_001,623896
60230,568,0,CV009_001,624464
60231,568,0,CV009_001,625032
60232,572,0,CV009_001,625604
60233,560,0,CV009_001,626164
60234,572,0,CV009_001,626736
60235,572,0,CV009_001,627308
60236,564,0,CV009_001,627872
60237,564,0,CV009_001,628436
60238,568,0,CV009_001,629004
60239,572,0,CV009_001,629576
60240,564,0,CV009_001,630140
60241,564,0,CV009_001,630704
60242,520,0,CV009_001,631224
60243,620,0,CV009_001,631844
60244,568,0,CV009_001,632412
60245,1136,0,CV009_001,633548
60246,568,0,CV009_001,634116
60247,564,0,CV009_001,634680
60248,568,0,CV009_001,635248
60249,572,0,CV009_001,635820
60250,568,0,CV009_001,636388
60251,516,0,CV009_001,636904
60252,624,0,CV009_001,637528
60253,520,0,CV009_001,638048
60254,616,0,CV009_001,638664
60255,572,0,CV009_001,639236
60256,572,0,CV009_001,639808
60257,568,0,CV009_001,640376
60258,516,0,CV009_001,640892
60259,616,0,CV009_001,641508
60260,520,0,CV009_001,642028
60261,616,0,CV009_001,642644
60262,564,0,CV009_001,643208
60263,568,0,CV009_001,643776
60264,564,0,CV009_001,644340
60265,560,0,CV009_001,644900
60266,512,0,CV009_001,645412
60267,620,0,CV009_001,646032
60268,560,0,CV009_001,646592
60269,560,0,CV009_001,647152
60270,564,0,CV009_001,647716
60271,568,0,CV009_001,648284
60272,556,0,CV009_001,648840
60273,564,0,CV009_001,649404
60274,508,0,CV009_001,649912
60275,616,0,CV009_001,650528
60276,560,0,CV009_001,651088
60277,564,0,CV009_001,651652
60278,256,0,CV009_001,651908
60279,308,0,CV009_001,652216
60280,560,0,CV009_001,652776
60281,560,0,CV009_001,653336
60282,568,0,CV009_001,653904
60283,504,0,CV009_001,654408
60284,608,0,CV009_001,655016
60285,564,0,CV009_001,655580
60286,568,0,CV009_001,656148
60287,508,0,CV009_001,656656
60288,560,0,CV009_001,657216
60289,620,0,CV009_001,657836
60290,560,0,CV009_001,658396
60291,508,0,CV009_001,658904
60292,612,0,CV009_001,659516
60293,564,0,CV009_001,660080
60294,556,0,CV009_001,660636
60295,564,0,CV009_001,661200
60296,560,0,CV009_001,661760
60297,560,0,CV009_001,662320
60298,556,0,CV009_001,662876
60299,508,0,CV009_001,663384
60300,616,0,CV009_001,664000
60301,552,0,CV009_001,664552
60302,508,0,CV009_001,665060
60303,612,0,CV009_001,665672
60304,564,0,CV009_001,666236
60305,556,0,CV009_001,666792
60306,560,0,CV009_001,667352
60307,520,0,CV009_001,667872
60308,612,0,CV009_001,668484
60309,560,0,CV009_001,669044
60310,568,0,CV009_001,669612
60311,564,0,CV009_001,670176
60312,560,0,CV009_001,670736
60313,568,0,CV009_001,671304
60314,564,0,CV009_001,671868
60315,564,0,CV009_001,672432
60316,564,0,CV009_001,672996
60317,560,0,CV009_001,673556
60318,568,0,CV009_001,674124
60319,564,0,CV009_001,674688
60320,556,0,CV009_001,675244
60321,564,0,CV009_001,675808
60322,560,0,CV009_001,676368
60323,560,0,CV009_001,676928
60324,560,0,CV009_001,677488
60325,568,0,CV009_001,678056
60326,560,0,CV009_001,678616
60327,564,0,CV009_001,679180
60328,560,0,CV009_001,679740
60329,576,0,CV009_001,680316
60330,564,0,CV009_001,680880
60331,560,0,CV009_001,681440
60332,572,0,CV009_001,682012
60333,564,0,CV009_001,682576
60334,564,0,CV009_001,683140
60335,560,0,CV009_001,683700
60336,572,0,CV009_001,684272
60337,568,0,CV009_001,684840
60338,508,0,CV009_001,685348
60339,568,0,CV009_001,685916
60340,616,0,CV009_001,686532
60341,560,0,CV009_001,687092
60342,560,0,CV009_001,687652
60343,560,0,CV009_001,688212
60344,568,0,CV009_001,688780
60345,560,0,CV009_001,689340
60346,560,0,CV009_001,689900
60347,568,0,CV009_001,690468
60348,564,0,CV009_001,691032
60349,556,0,CV009_001,691588
60350,564,0,CV009_001,692152
60351,516,0,CV009_001,692668
60352,612,0,CV009_001,693280
60353,560,0,CV009_001,693840
60354,572,0,CV009_001,694412
60355,516,0,CV009_001,694928
60356,612,0,CV009_001,695540
60357,568,0,CV009_001,696108
60358,568,0,CV009_001,696676
60359,568,0,CV009_001,697244
60360,560,0,CV009_001,697804
60361,512,0,CV009_001,698316
60362,616,0,CV009_001,698932
60363,556,0,CV009_001,699488
60364,556,0,CV009_001,700044
60365,560,0,CV009_001,700604
60366,516,0,CV009_001,701120
60367,608,0,CV009_001,701728
60368,560,0,CV009_001,702288
60369,512,0,CV009_001,702800
60370,612,0,CV009_001,703412
60371,508,0,CV009_001,703920
60372,608,0,CV009_001,704528
60373,516,0,CV009_001,705044
60374,608,0,CV009_001,705652
60375,556,0,CV009_001,706208
60376,556,0,CV009_001,706764
60377,564,0,CV009_001,707328
60378,556,0,CV009_001,707884
60379,560,0,CV009_001,708444
60380,568,0,CV009_001,709012
60381,560,0,CV009_001,709572
60382,520,0,CV009_001,710092
60383,572,0,CV009_001,710664
60384,564,0,CV009_001,711228
60385,564,0,CV009_001,711792
60386,620,0,CV009_001,712412
60387,524,0,CV009_001,712936
60388,612,0,CV009_001,713548
60389,568,0,CV009_001,714116
60390,572,0,CV009_001,714688
60391,568,0,CV009_001,715256
60392,560,0,CV009_001,715816
60393,568,0,CV009_001,716384
60394,568,0,CV009_001,716952
60395,564,0,CV009_001,717516
60396,568,0,CV009_001,718084
60397,512,0,CV009_001,718596
60398,620,0,CV009_001,719216
60399,560,0,CV009_001,719776
60400,568,0,CV009_001,720344
60401,568,0,CV009_001,720912
60402,564,0,CV009_001,721476
60403,560,0,CV009_001,722036
60404,516,0,CV009_001,722552
60405,620,0,CV009_001,723172
60406,564,0,CV009_001,723736
60407,564,0,CV009_001,724300
60408,568,0,CV009_001,724868
60409,560,0,CV009_001,725428
60410,512,0,CV009_001,725940
60411,608,0,CV009_001,726548
60412,512,0,CV009_001,727060
60413,604,0,CV009_001,727664
60414,516,0,CV009_001,728180
60415,612,0,CV009_001,728792
60416,560,0,CV009_001,729352
60417,560,0,CV009_001,729912
60418,512,0,CV009_001,730424
60419,612,0,CV009_001,731036
60420,508,0,CV009_001,731544
60421,560,0,CV009_001,732104
60422,612,0,CV009_001,732716
60423,548,0,CV009_001,733264
60424,564,0,CV009_001,733828
60425,556,0,CV009_001,734384
60426,560,0,CV009_001,734944
60427,544,0,CV009_001,735488
60428,560,0,CV009_001,736048
60429,556,0,CV009_001,736604
60430,548,0,CV009_001,737152
60431,556,0,CV009_001,737708
60432,552,0,CV009_001,738260
60433,556,0,CV009_001,738816
60434,548,0,CV009_001,739364
60435,556,0,CV009_001,739920
60436,556,0,CV009_001,740476
60437,552,0,CV009_001,741028
60438,552,0,CV009_001,741580
60439,508,0,CV009_001,742088
60440,604,0,CV009_001,742692
60441,552,0,CV009_001,743244
60442,556,0,CV009_001,743800
60443,512,0,CV009_001,744312
60444,600,0,CV009_001,744912
60445,500,0,CV009_001,745412
60446,552,0,CV009_001,745964
60447,612,0,CV009_001,746576
60448,552,0,CV009_001,747128
60449,552,0,CV009_001,747680
60450,508,0,CV009_001,748188
60451,608,0,CV009_001,748796
60452,500,0,CV009_001,749296
60453,560,0,CV009_001,749856
60454,564,0,CV009_001,750420
60455,544,0,CV009_001,750964
60456,568,0,CV009_001,751532
60457,560,0,CV009_001,752092
60458,564,0,CV009_001,752656
60459,560,0,CV009_001,753216
60460,552,0,CV009_001,753768
60461,616,0,CV009_001,754384
60462,572,0,CV009_001,754956
60463,516,0,CV009_001,755472
60464,616,0,CV009_001,756088
60465,560,0,CV009_001,756648
60466,564,0,CV009_001,757212
60467,564,0,CV009_001,757776
60468,568,0,CV009_001,758344
60469,556,0,CV009_001,758900
60470,564,0,CV009_001,759464
60471,504,0,CV009_001,759968
60472,616,0,CV009_001,760584
60473,512,0,CV009_001,761096
60474,608,0,CV009_001,761704
60475,500,0,CV009_001,762204
60476,608,0,CV009_001,762812
60477,556,0,CV009_001,763368
60478,556,0,CV009_001,763924
60479,552,0,CV009_001,764476
60480,500,0,CV009_001,764976
60481,608,0,CV009_001,765584
60482,556,0,CV009_001,766140
60483,552,0,CV009_001,766692
60484,500,0,CV009_001,767192
60485,552,0,CV009_001,767744
60486,604,0,CV009_001,768348
60487,556,0,CV009_001,768904
60488,552,0,CV009_001,769456
60489,504,0,CV009_001,769960
60490,600,0,CV009_001,770560
60491,504,0,CV009_001,771064
60492,608,0,CV009_001,771672
60493,504,0,CV009_001,772176
60494,600,0,CV009_001,772776
60495,552,0,CV009_001,773328
60496,556,0,CV009_001,773884
60497,556,0,CV009_001,774440
60498,1116,0,CV009_001,775556
60499,504,0,CV009_001,776060
60500,612,0,CV009_001,776672
60501,504,0,CV009_001,777176
60502,604,0,CV009_001,777780
60503,560,0,CV009_001,778340
60504,560,0,CV009_001,778900
60505,556,0,CV009_001,779456
60506,508,0,CV009_001,779964
60507,604,0,CV009_001,780568
60508,560,0,CV009_001,781128
60509,1116,0,CV009_001,782244
60510,508,0,CV009_001,782752
60511,604,0,CV009_001,783356
60512,564,0,CV009_001,783920
60513,556,0,CV009_001,784476
60514,504,0,CV009_001,784980
60515,616,0,CV009_001,785596
60516,504,0,CV009_001,786100
60517,556,0,CV009_001,786656
60518,612,0,CV009_001,787268
60519,552,0,CV009_001,787820
60520,556,0,CV009_001,788376
60521,560,0,CV009_001,788936
60522,556,0,CV009_001,789492
60523,552,0,CV009_001,790044
60524,556,0,CV009_001,790600
60525,556,0,CV009_001,791156
60526,560,0,CV009_001,791716
60527,552,0,CV009_001,792268
60528,560,0,CV009_001,792828
60529,564,0,CV009_001,793392
60530,556,0,CV009_001,793948
60531,556,0,CV009_001,794504
60532,564,0,CV009_001,795068
60533,560,0,CV009_001,795628
60534,508,0,CV009_001,796136
60535,608,0,CV009_001,796744
60536,564,0,CV009_001,797308
60537,560,0,CV009_001,797868
60538,556,0,CV009_001,798424
60539,556,0,CV009_001,798980
60540,560,0,CV009_001,799540
60541,560,0,CV009_001,800100
60542,1108,0,CV009_001,801208
60543,556,0,CV009_001,801764
60544,560,0,CV009_001,802324
60545,548,0,CV009_001,802872
60546,556,0,CV009_001,803428
60547,556,0,CV009_001,803984
60548,560,0,CV009_001,804544
60549,548,0,CV009_001,805092
60550,1112,0,CV009_001,806204
60551,552,0,CV009_001,806756
60552,548,0,CV009_001,807304
60553,552,0,CV009_001,807856
60554,556,0,CV009_001,808412
60555,548,0,CV009_001,808960
60556,552,0,CV009_001,809512
60557,556,0,CV009_001,810068
60558,548,0,CV009_001,810616
60559,496,0,CV009_001,811112
60560,600,0,CV009_001,811712
60561,552,0,CV009_001,812264
60562,496,0,CV009_001,812760
60563,548,0,CV009_001,813308
60564,600,0,CV009_001,813908
60565,548,0,CV009_001,814456
60566,500,0,CV009_001,814956
60567,552,0,CV009_001,815508
60568,604,0,CV009_001,816112
60569,496,0,CV009_001,816608
60570,552,0,CV009_001,817160
60571,556,0,CV009_001,817716
60572,548,0,CV009_001,818264
60573,552,0,CV009_001,818816
60574,552,0,CV009_001,819368
60575,552,0,CV009_001,819920
60576,544,0,CV009_001,820464
60577,1100,0,CV009_001,821564
60578,596,0,CV009_001,822160
60579,548,0,CV009_001,822708
60580,496,0,CV009_001,823204
60581,600,0,CV009_001,823804
60582,540,0,CV009_001,824344
60583,496,0,CV009_001,824840
60584,552,0,CV009_001,825392
60585,596,0,CV009_001,825988
60586,544,0,CV009_001,826532
60587,548,0,CV009_001,827080
60588,372,0,CV009_001,827452
60589,720,0,CV009_001,828172
60590,552,0,CV009_001,828724
60591,500,0,CV009_001,829224
60592,596,0,CV009_001,829820
60593,176,0,CV009_001,829996
60594,372,0,CV009_001,830368
60595,548,0,CV009_001,830916
60596,552,0,CV009_001,831468
60597,544,0,CV009_001,832012
60598,552,0,CV009_001,832564
60599,552,0,CV009_001,833116
60600,544,0,CV009_001,833660
60601,540,0,CV009_001,834200
60602,548,0,CV009_001,834748
60603,548,0,CV009_001,835296
60604,540,0,CV009_001,835836
60605,492,0,CV009_001,836328
60606,604,0,CV009_001,836932
60607,544,0,CV009_001,837476
60608,540,0,CV009_001,838016
60609,548,0,CV009_001,838564
60610,552,0,CV009_001,839116
60611,544,0,CV009_001,839660
60612,496,0,CV009_001,840156
60613,552,0,CV009_001,840708
60614,604,0,CV009_001,841312
60615,544,0,CV009_001,841856
60616,500,0,CV009_001,842356
60617,548,0,CV009_001,842904
60618,600,0,CV009_001,843504
60619,496,0,CV009_001,844000
60620,544,0,CV009_001,844544
60621,608,0,CV009_001,845152
60622,540,0,CV009_001,845692
60623,548,0,CV009_001,846240
60624,552,0,CV009_001,846792
60625,548,0,CV009_001,847340
60626,536,0,CV009_001,847876
60627,548,0,CV009_001,848424
60628,548,0,CV009_001,848972
60629,544,0,CV009_001,849516
60630,488,0,CV009_001,850004
60631,600,0,CV009_001,850604
60632,544,0,CV009_001,851148
60633,200,0,CV009_001,851348
60634,888,0,CV009_001,852236
60635,488,0,CV009_001,852724
60636,608,0,CV009_001,853332
60637,548,0,CV009_001,853880
60638,548,0,CV009_001,854428
60639,552,0,CV009_001,854980
60640,544,0,CV009_001,855524
60641,492,0,CV009_001,856016
60642,612,0,CV009_001,856628
60643,500,0,CV009_001,857128
60644,596,0,CV009_001,857724
60645,552,0,CV009_001,858276
60646,1092,0,CV009_001,859368
60647,552,0,CV009_001,859920
60648,484,0,CV009_001,860404
60649,600,0,CV009_001,861004
60650,492,0,CV009_001,861496
60651,1132,0,CV009_001,862628
60652,500,0,CV009_001,863128
60653,584,0,CV009_001,863712
60654,544,0,CV009_001,864256
60655,544,0,CV009_001,864800
60656,540,0,CV009_001,865340
60657,536,0,CV009_001,865876
60658,544,0,CV009_001,866420
60659,544,0,CV009_001,866964
60660,536,0,CV009_001,867500
60661,496,0,CV009_001,867996
60662,600,0,CV009_001,868596
60663,540,0,CV009_001,869136
60664,496,0,CV009_001,869632
60665,548,0,CV009_001,870180
60666,604,0,CV009_001,870784
60667,548,0,CV009_001,871332
60668,552,0,CV009_001,871884
60669,552,0,CV009_001,872436
60670,552,0,CV009_001,872988
60671,496,0,CV009_001,873484
60672,544,0,CV009_001,874028
60673,604,0,CV009_001,874632
60674,548,0,CV009_001,875180
60675,540,0,CV009_001,875720
60676,548,0,CV009_001,876268
60677,548,0,CV009_001,876816
60678,544,0,CV009_001,877360
60679,544,0,CV009_001,877904
60680,548,0,CV009_001,878452
60681,556,0,CV009_001,879008
60682,536,0,CV009_001,879544
60683,548,0,CV009_001,880092
60684,504,0,CV009_001,880596
60685,552,0,CV009_001,881148
60686,596,0,CV009_001,881744
60687,500,0,CV009_001,882244
60688,604,0,CV009_001,882848
60689,548,0,CV009_001,883396
60690,544,0,CV009_001,883940
60691,548,0,CV009_001,884488
60692,548,0,CV009_001,885036
60693,544,0,CV009_001,885580
60694,548,0,CV009_001,886128
60695,548,0,CV009_001,886676
60696,548,0,CV009_001,887224
60697,544,0,CV009_001,887768
60698,552,0,CV009_001,888320
60699,548,0,CV009_001,888868
60700,552,0,CV009_001,889420
60701,540,0,CV009_001,889960
60702,500,0,CV009_001,890460
60703,556,0,CV009_001,891016
60704,588,0,CV009_001,891604
60705,548,0,CV009_001,892152
60706,500,0,CV009_001,892652
60707,548,0,CV009_001,893200
60708,540,0,CV009_001,893740
60709,540,0,CV009_001,894280
60710,552,0,CV009_001,894832
60711,592,0,CV009_001,895424
60712,496,0,CV009_001,895920
60713,600,0,CV009_001,896520
60714,500,0,CV009_001,897020
60715,540,0,CV009_001,897560
60716,600,0,CV009_001,898160
60717,552,0,CV009_001,898712
60718,548,0,CV009_001,899260
60719,496,0,CV009_001,899756
60720,600,0,CV009_001,900356
60721,552,0,CV009_001,900908
60722,1092,0,CV009_001,902000
60723,548,0,CV009_001,902548
60724,492,0,CV009_001,903040
60725,596,0,CV009_001,903636
60726,492,0,CV009_001,904128
60727,596,0,CV009_001,904724
60728,540,0,CV009_001,905264
60729,540,0,CV009_001,905804
60730,540,0,CV009_001,906344
60731,540,0,CV009_001,906884
60732,532,0,CV009_001,907416
60733,492,0,CV009_001,907908
60734,588,0,CV009_001,908496
60735,540,0,CV009_001,909036
60736,532,0,CV009_001,909568
60737,548,0,CV009_001,910116
60738,536,0,CV009_001,910652
60739,540,0,CV009_001,911192
60740,540,0,CV009_001,911732
60741,548,0,CV009_001,912280
60742,548,0,CV009_001,912828
60743,540,0,CV009_001,913368
60744,548,0,CV009_001,913916
60745,500,0,CV009_001,914416
60746,608,0,CV009_001,915024
60747,544,0,CV009_001,915568
60748,1048,0,CV009_001,916616
60749,556,0,CV009_001,917172
60750,596,0,CV009_001,917768
60751,548,0,CV009_001,918316
60752,552,0,CV009_001,918868
60753,552,0,CV009_001,919420
60754,548,0,CV009_001,919968
60755,496,0,CV009_001,920464
60756,552,0,CV009_001,921016
60757,556,0,CV009_001,921572
60758,600,0,CV009_001,922172
60759,552,0,CV009_001,922724
60760,508,0,CV009_001,923232
60761,560,0,CV009_001,923792
60762,600,0,CV009_001,924392
60763,560,0,CV009_001,924952
60764,560,0,CV009_001,925512
60765,556,0,CV009_001,926068
60766,560,0,CV009_001,926628
60767,508,0,CV009_001,927136
60768,560,0,CV009_001,927696
60769,604,0,CV009_001,928300
60770,560,0,CV009_001,928860
60771,500,0,CV009_001,929360
60772,612,0,CV009_001,929972
60773,552,0,CV009_001,930524
60774,1116,0,CV009_001,931640
60775,556,0,CV009_001,932196
60776,552,0,CV009_001,932748
60777,508,0,CV009_001,933256
60778,612,0,CV009_001,933868
60779,560,0,CV009_001,934428
60780,552,0,CV009_001,934980
60781,560,0,CV009_001,935540
60782,512,0,CV009_001,936052
60783,596,0,CV009_001,936648
60784,556,0,CV009_001,937204
60785,560,0,CV009_001,937764
60786,556,0,CV009_001,938320
60787,232,0,CV009_001,938552
60788,324,0,CV009_001,938876
60789,552,0,CV009_001,939428
60790,556,0,CV009_001,939984
60791,552,0,CV009_001,940536
60792,1104,0,CV009_001,941640
60793,504,0,CV009_001,942144
60794,548,0,CV009_001,942692
60795,552,0,CV009_001,943244
60796,600,0,CV009_001,943844
60797,504,0,CV009_001,944348
60798,596,0,CV009_001,944944
60799,500,0,CV009_001,945444
60800,548,0,CV009_001,945992
60801,556,0,CV009_001,946548
60802,1092,0,CV009_001,947640
60803,604,0,CV009_001,948244
60804,548,0,CV009_001,948792
60805,544,0,CV009_001,949336
60806,496,0,CV009_001,949832
60807,600,0,CV009_001,950432
60808,548,0,CV009_001,950980
60809,548,0,CV009_001,951528
60810,540,0,CV009_001,952068
60811,544,0,CV009_001,952612
60812,548,0,CV009_001,953160
60813,540,0,CV009_001,953700
60814,492,0,CV009_001,954192
60815,592,0,CV009_001,954784
60816,548,0,CV009_001,955332
60817,496,0,CV009_001,955828
60818,592,0,CV009_001,956420
60819,544,0,CV009_001,956964
60820,548,0,CV009_001,957512
60821,552,0,CV009_001,958064
60822,544,0,CV009_001,958608
60823,544,0,CV009_001,959152
60824,548,0,CV009_001,959700
60825,548,0,CV009_001,960248
60826,540,0,CV009_001,960788
60827,540,0,CV009_001,961328
60828,492,0,CV009_001,961820
60829,596,0,CV009_001,962416
60830,536,0,CV009_001,962952
60831,540,0,CV009_001,963492
60832,536,0,CV009_001,964028
60833,544,0,CV009_001,964572
60834,488,0,CV009_001,965060
60835,584,0,CV009_001,965644
60836,540,0,CV009_001,966184
60837,544,0,CV009_001,966728
60838,488,0,CV009_001,967216
60839,588,0,CV009_001,967804
60840,496,0,CV009_001,968300
60841,592,0,CV009_001,968892
60842,540,0,CV009_001,969432
60843,540,0,CV009_001,969972
60844,540,0,CV009_001,970512
60845,548,0,CV009_001,971060
60846,540,0,CV009_001,971600
60847,544,0,CV009_001,972144
60848,536,0,CV009_001,972680
60849,496,0,CV009_001,973176
60850,596,0,CV009_001,973772
60851,536,0,CV009_001,974308
60852,488,0,CV009_001,974796
60853,592,0,CV009_001,975388
60854,540,0,CV009_001,975928
60855,536,0,CV009_001,976464
60856,536,0,CV009_001,977000
60857,536,0,CV009_001,977536
60858,540,0,CV009_001,978076
60859,532,0,CV009_001,978608
60860,536,0,CV009_001,979144
60861,536,0,CV009_001,979680
60862,484,0,CV009_001,980164
60863,584,0,CV009_001,980748
60864,484,0,CV009_001,981232
60865,536,0,CV009_001,981768
60866,588,0,CV009_001,982356
60867,532,0,CV009_001,982888
60868,484,0,CV009_001,983372
60869,536,0,CV009_001,983908
60870,536,0,CV009_001,984444
60871,536,0,CV009_001,984980
60872,536,0,CV009_001,985516
60873,536,0,CV009_001,986052
60874,536,0,CV009_001,986588
60875,584,0,CV009_001,987172
60876,484,0,CV009_001,987656
60877,536,0,CV009_001,988192
60878,588,0,CV009_001,988780
60879,484,0,CV009_001,989264
60880,580,0,CV009_001,989844
60881,536,0,CV009_001,990380
60882,528,0,CV009_001,990908
60883,528,0,CV009_001,991436
60884,484,0,CV009_001,991920
60885,580,0,CV009_001,992500
60886,528,0,CV009_001,993028
60887,528,0,CV009_001,993556
60888,480,0,CV009_001,994036
60889,584,0,CV009_001,994620
60890,472,0,CV009_001,995092
60891,584,0,CV009_001,995676
60892,528,0,CV009_001,996204
60893,484,0,CV009_001,996688
60894,528,0,CV009_001,997216
60895,532,0,CV009_001,997748
60896,580,1,CV009_001,998328
60897,488,0,CV009_001,998816
60898,540,0,CV009_001,999356
60899,536,0,CV009_001,999892
60900,532,0,CV009_001,1000424
60901,532,0,CV009_001,1000956
60902,540,0,CV009_001,1001496
60903,536,0,CV009_001,1002032
60904,532,0,CV009_001,1002564
60905,1080,0,CV009_001,1003644
60906,536,0,CV009_001,1004180
60907,532,0,CV009_001,1004712
60908,536,0,CV009_001,1005248
60909,540,0,CV009_001,1005788
60910,532,0,CV009_001,1006320
60911,532,0,CV009_001,1006852
60912,532,0,CV009_001,1007384
60913,536,0,CV009_001,1007920
60914,528,0,CV009_001,1008448
60915,528,0,CV009_001,1008976
60916,536,0,CV009_001,1009512
60917,536,0,CV009_001,1010048
60918,536,0,CV009_001,1010584
60919,1068,0,CV009_001,1011652
60920,540,0,CV009_001,1012192
60921,532,0,CV009_001,1012724
60922,592,1,CV009_001,1013316
60923,492,0,CV009_001,1013808
60924,544,0,CV009_001,1014352
60925,540,0,CV009_001,1014892
60926,540,0,CV009_001,1015432
60927,540,0,CV009_001,1015972
60928,544,0,CV009_001,1016516
60929,544,0,CV009_001,1017060
60930,540,0,CV009_001,1017600
60931,596,0,CV009_001,1018196
60932,536,0,CV009_001,1018732
60933,548,0,CV009_001,1019280
60934,540,0,CV009_001,1019820
60935,540,0,CV009_001,1020360
60936,540,0,CV009_001,1020900
60937,548,0,CV009_001,1021448
60938,544,0,CV009_001,1021992
60939,540,0,CV009_001,1022532
60940,544,0,CV009_001,1023076
60941,548,0,CV009_001,1023624
60942,480,0,CV009_001,1024104
60943,596,0,CV009_001,1024700
60944,492,0,CV009_001,1025192
60945,596,0,CV009_001,1025788
60946,544,0,CV009_001,1026332
60947,540,0,CV009_001,1026872
60948,540,0,CV009_001,1027412
60949,544,0,CV009_001,1027956
60950,548,0,CV009_001,1028504
60951,536,0,CV009_001,1029040
60952,540,0,CV009_001,1029580
60953,1096,0,CV009_001,1030676
60954,536,0,CV009_001,1031212
60955,544,0,CV009_001,1031756
60956,544,0,CV009_001,1032300
60957,548,0,CV009_001,1032848
60958,548,0,CV009_001,1033396
60959,544,0,CV009_001,1033940
60960,552,0,CV009_001,1034492
60961,544,0,CV009_001,1035036
60962,552,0,CV009_001,1035588
60963,496,0,CV009_001,1036084
60964,592,0,CV009_001,1036676
60965,496,0,CV009_001,1037172
60966,600,0,CV009_001,1037772
60967,492,0,CV009_001,1038264
60968,592,0,CV009_001,1038856
60969,552,0,CV009_001,1039408
60970,544,0,CV009_001,1039952
60971,544,0,CV009_001,1040496
60972,544,0,CV009_001,1041040
60973,552,0,CV009_001,1041592
60974,504,0,CV009_001,1042096
60975,596,0,CV009_001,1042692
60976,548,0,CV009_001,1043240
60977,556,0,CV009_001,1043796
60978,504,0,CV009_001,1044300
60979,548,0,CV009_001,1044848
60980,600,0,CV009_001,1045448
60981,556,0,CV009_001,1046004
60982,556,0,CV009_001,1046560
60983,548,0,CV009_001,1047108
60984,500,0,CV009_001,1047608
60985,608,0,CV009_001,1048216
60986,544,0,CV009_001,1048760
60987,552,0,CV009_001,1049312
60988,552,0,CV009_001,1049864
60989,556,0,CV009_001,1050420
60990,548,0,CV009_001,1050968
60991,552,0,CV009_001,1051520
60992,552,0,CV009_001,1052072
60993,556,0,CV009_001,1052628
60994,492,0,CV009_001,1053120
60995,608,0,CV009_001,1053728
60996,504,0,CV009_001,1054232
60997,600,0,CV009_001,1054832
60998,548,0,CV009_001,1055380
60999,504,0,CV009_001,1055884
61000,604,0,CV009_001,1056488
61001,548,0,CV009_001,1057036
61002,556,0,CV009_001,1057592
61003,512,0,CV009_001,1058104
61004,596,0,CV009_001,1058700
61005,552,0,CV009_001,1059252
61006,552,0,CV009_001,1059804
61007,560,0,CV009_001,1060364
61008,500,0,CV009_001,1060864
61009,564,0,CV009_001,1061428
61010,552,0,CV009_001,1061980
61011,608,0,CV009_001,1062588
61012,1120,0,CV009_001,1063708
61013,500,0,CV009_001,1064208
61014,608,0,CV009_001,1064816
61015,512,0,CV009_001,1065328
61016,444,0,CV009_001,1065772
61017,148,0,CV009_001,1065920
61018,512,0,CV009_001,1066432
61019,608,0,CV009_001,1067040
61020,556,0,CV009_001,1067596
61021,512,0,CV009_001,1068108
61022,600,0,CV009_001,1068708
61023,500,0,CV009_001,1069208
61024,548,0,CV009_001,1069756
61025,360,0,CV009_001,1070116
61026,244,0,CV009_001,1070360
61027,248,0,CV009_001,1070608
61028,256,0,CV009_001,1070864
61029,256,0,CV009_001,1071120
61030,288,0,CV009_001,1071408
61031,548,0,CV009_001,1071956
61032,164,0,CV009_001,1072120
61033,384,0,CV009_001,1072504
61034,548,0,CV009_001,1073052
61035,548,0,CV009_001,1073600
61036,608,1,CV009_001,1074208
61037,500,0,CV009_001,1074708
61038,548,0,CV009_001,1075256
61039,544,0,CV009_001,1075800
61040,548,0,CV009_001,1076348
61041,544,0,CV009_001,1076892
61042,540,0,CV009_001,1077432
61043,544,0,CV009_001,1077976
61044,540,0,CV009_001,1078516
61045,536,0,CV009_001,1079052
61046,536,0,CV009_001,1079588
61047,228,0,CV009_001,1079816
61048,312,0,CV009_001,1080128
61049,536,0,CV009_001,1080664
61050,588,0,CV009_001,1081252
61051,484,0,CV009_001,1081736
61052,540,0,CV009_001,1082276
61053,536,0,CV009_001,1082812
61054,532,0,CV009_001,1083344
61055,536,0,CV009_001,1083880
61056,540,0,CV009_001,1084420
61057,540,0,CV009_001,1084960
61058,536,0,CV009_001,1085496
61059,540,0,CV009_001,1086036
61060,540,0,CV009_001,1086576
61061,552,0,CV009_001,1087128
61062,536,0,CV009_001,1087664
61063,592,0,CV009_001,1088256
61064,492,0,CV009_001,1088748
61065,596,0,CV009_001,1089344
61066,548,0,CV009_001,1089892
61067,536,0,CV009_001,1090428
61068,544,0,CV009_001,1090972
61069,544,0,CV009_001,1091516
61070,548,0,CV009_001,1092064
61071,488,0,CV009_001,1092552
61072,584,0,CV009_001,1093136
61073,492,0,CV009_001,1093628
61074,1084,0,CV009_001,1094712
61075,528,0,CV009_001,1095240
61076,540,0,CV009_001,1095780
61077,364,0,CV009_001,1096144
61078,180,0,CV009_001,1096324
61079,536,0,CV009_001,1096860
61080,540,0,CV009_001,1097400
61081,600,0,CV009_001,1098000
61082,492,0,CV009_001,1098492
61083,540,0,CV009_001,1099032
61084,600,0,CV009_001,1099632
61085,500,0,CV009_001,1100132
61086,548,0,CV009_001,1100680
61087,544,0,CV009_001,1101224
61088,548,0,CV009_001,1101772
61089,552,0,CV009_001,1102324
61090,548,0,CV009_001,1102872
61091,544,0,CV009_001,1103416
61092,552,0,CV009_001,1103968
61093,544,0,CV009_001,1104512
61094,540,0,CV009_001,1105052
61095,596,0,CV009_001,1105648
61096,492,0,CV009_001,1106140
61097,596,0,CV009_001,1106736
61098,532,0,CV009_001,1107268
61099,536,0,CV009_001,1107804
61100,540,0,CV009_001,1108344
61101,544,0,CV009_001,1108888
61102,532,0,CV009_001,1109420
61103,484,0,CV009_001,1109904
61104,540,0,CV009_001,1110444
61105,536,0,CV009_001,1110980
61106,544,0,CV009_001,1111524
61107,1076,0,CV009_001,1112600
61108,544,0,CV009_001,1113144
61109,544,0,CV009_001,1113688
61110,548,0,CV009_001,1114236
61111,540,0,CV009_001,1114776
61112,544,0,CV009_001,1115320
61113,548,0,CV009_001,1115868
61114,548,0,CV009_001,1116416
61115,544,0,CV009_001,1116960
61116,548,0,CV009_001,1117508
61117,600,0,CV009_001,1118108
61118,548,0,CV009_001,1118656
61119,496,0,CV009_001,1119152
61120,600,0,CV009_001,1119752
61121,292,0,CV009_001,1120044
61122,212,0,CV009_001,1120256
61123,596,0,CV009_001,1120852
61124,548,0,CV009_001,1121400
61125,500,0,CV009_001,1121900
61126,248,0,CV009_001,1122148
61127,356,0,CV009_001,1122504
61128,500,0,CV009_001,1123004
61129,600,0,CV009_001,1123604
61130,496,0,CV009_001,1124100
61131,544,0,CV009_001,1124644
61132,600,0,CV009_001,1125244
61133,500,0,CV009_001,1125744
61134,600,0,CV009_001,1126344
61135,540,0,CV009_001,1126884
61136,552,0,CV009_001,1127436
61137,552,0,CV009_001,1127988
61138,1084,0,CV009_001,1129072
61139,548,0,CV009_001,1129620
61140,500,0,CV009_001,1130120
61141,616,0,CV009_001,1130736
61142,532,0,CV009_001,1131268
61143,488,0,CV009_001,1131756
61144,596,0,CV009_001,1132352
61145,548,0,CV009_001,1132900
61146,544,0,CV009_001,1133444
61147,540,0,CV009_001,1133984
61148,500,0,CV009_001,1134484
61149,600,0,CV009_001,1135084
61150,552,0,CV009_001,1135636
61151,496,0,CV009_001,1136132
61152,604,0,CV009_001,1136736
61153,552,0,CV009_001,1137288
61154,504,0,CV009_001,1137792
61155,552,0,CV009_001,1138344
61156,600,0,CV009_001,1138944
61157,548,0,CV009_001,1139492
61158,552,0,CV009_001,1140044
61159,556,0,CV009_001,1140600
61160,548,0,CV009_001,1141148
61161,492,0,CV009_001,1141640
61162,604,0,CV009_001,1142244
61163,548,0,CV009_001,1142792
61164,492,0,CV009_001,1143284
61165,600,0,CV009_001,1143884
61166,548,0,CV009_001,1144432
61167,548,0,CV009_001,1144980
61168,556,0,CV009_001,1145536
61169,496,0,CV009_001,1146032
61170,596,0,CV009_001,1146628
61171,500,0,CV009_001,1147128
61172,604,0,CV009_001,1147732
61173,544,0,CV009_001,1148276
61174,496,0,CV009_001,1148772
61175,552,0,CV009_001,1149324
61176,600,0,CV009_001,1149924
61177,340,0,CV009_001,1150264
61178,196,0,CV009_001,1150460
61179,280,0,CV009_001,1150740
61180,212,0,CV009_001,1150952
61181,612,0,CV009_001,1151564
61182,492,0,CV009_001,1152056
61183,600,0,CV009_001,1152656
61184,500,0,CV009_001,1153156
61185,544,0,CV009_001,1153700
61186,396,0,CV009_001,1154096
61187,244,0,CV009_001,1154340
61188,396,0,CV009_001,1154736
61189,200,0,CV009_001,1154936
61190,396,0,CV009_001,1155332
61191,544,0,CV009_001,1155876
61192,220,0,CV009_001,1156096
61193,320,0,CV009_001,1156416
61194,480,0,CV009_001,1156896
61195,244,0,CV009_001,1157140
61196,200,0,CV009_001,1157340
61197,444,0,CV009_001,1157784
61198,48,0,CV009_001,1157832
61199,244,0,CV009_001,1158076
61200,404,0,CV009_001,1158480
61201,612,0,CV009_001,1159092
61202,540,0,CV009_001,1159632
61203,348,0,CV009_001,1159980
61204,188,0,CV009_001,1160168
61205,540,0,CV009_001,1160708
61206,540,0,CV009_001,1161248
61207,544,0,CV009_001,1161792
61208,540,0,CV009_001,1162332
61209,548,0,CV009_001,1162880
61210,548,0,CV009_001,1163428
61211,556,0,CV009_001,1163984
61212,556,0,CV009_001,1164540
61213,556,0,CV009_001,1165096
61214,560,0,CV009_001,1165656
61215,620,1,CV009_001,1166276
61216,512,0,CV009_001,1166788
61217,568,0,CV009_001,1167356
61218,572,0,CV009_001,1167928
61219,572,0,CV009_001,1168500
61220,568,0,CV009_001,1169068
61221,572,0,CV009_001,1169640
61222,628,0,CV009_001,1170268
61223,576,0,CV009_001,1170844
61224,524,0,CV009_001,1171368
61225,624,0,CV009_001,1171992
61226,520,0,CV009_001,1172512
61227,576,0,CV009_001,1173088
61228,572,0,CV009_001,1173660
61229,624,0,CV009_001,1174284
61230,572,0,CV009_001,1174856
61231,516,0,CV009_001,1175372
61232,572,0,CV009_001,1175944
61233,572,0,CV009_001,1176516
61234,568,0,CV009_001,1177084
61235,572,0,CV009_001,1177656
61236,620,0,CV009_001,1178276
61237,512,0,CV009_001,1178788
61238,564,0,CV009_001,1179352
61239,620,0,CV009_001,1179972
61240,516,0,CV009_001,1180488
61241,568,0,CV009_001,1181056
61242,568,0,CV009_001,1181624
61243,564,0,CV009_001,1182188
61244,572,0,CV009_001,1182760
61245,572,0,CV009_001,1183332
61246,564,0,CV009_001,1183896
61247,576,0,CV009_001,1184472
61248,572,0,CV009_001,1185044
61249,572,0,CV009_001,1185616
61250,572,0,CV009_001,1186188
61251,576,0,CV009_001,1186764
61252,572,0,CV009_001,1187336
61253,624,1,CV009_001,1187960
61254,520,0,CV009_001,1188480
61255,576,0,CV009_001,1189056
61256,576,0,CV009_001,1189632
61257,628,1,CV009_001,1190260
61258,524,0,CV009_001,1190784
61259,580,0,CV009_001,1191364
61260,580,0,CV009_001,1191944
61261,576,0,CV009_001,1192520
61262,576,0,CV009_001,1193096
61263,584,0,CV009_001,1193680
61264,576,0,CV009_001,1194256
61265,576,0,CV009_001,1194832
61266,628,1,CV009_001,1195460
61267,524,0,CV009_001,1195984
61268,580,0,CV009_001,1196564
61269,580,0,CV009_001,1197144
61270,580,0,CV009_001,1197724
61271,580,0,CV009_001,1198304
61272,636,0,CV009_001,1198940
61273,532,0,CV009_001,1199472
61274,584,0,CV009_001,1200056
61275,636,0,CV009_001,1200692
61276,584,0,CV009_001,1201276
61277,584,0,CV009_001,1201860
61278,584,0,CV009_001,1202444
61279,580,0,CV009_001,1203024
61280,580,0,CV009_001,1203604
61281,528,0,CV009_001,1204132
61282,632,0,CV009_001,1204764
61283,528,0,CV009_001,1205292
61284,636,0,CV009_001,1205928
61285,528,0,CV009_001,1206456
61286,584,0,CV009_001,1207040
61287,576,0,CV009_001,1207616
61288,580,0,CV009_001,1208196
61289,588,0,CV009_001,1208784
61290,584,0,CV009_001,1209368
61291,580,0,CV009_001,1209948
61292,588,0,CV009_001,1210536
61293,584,0,CV009_001,1211120
61294,588,0,CV009_001,1211708
61295,580,0,CV009_001,1212288
61296,584,0,CV009_001,1212872
61297,584,0,CV009_001,1213456
61298,584,0,CV009_001,1214040
61299,584,0,CV009_001,1214624
61300,580,0,CV009_001,1215204
61301,592,0,CV009_001,1215796
61302,580,0,CV009_001,1216376
61303,580,0,CV009_001,1216956
61304,584,0,CV009_001,1217540
61305,576,0,CV009_001,1218116
61306,580,0,CV009_001,1218696
61307,576,0,CV009_001,1219272
61308,632,0,CV009_001,1219904
61309,520,0,CV009_001,1220424
61310,628,0,CV009_001,1221052
61311,520,0,CV009_001,1221572
61312,568,0,CV009_001,1222140
61313,572,0,CV009_001,1222712
61314,568,0,CV009_001,1223280
61315,624,0,CV009_001,1223904
61316,572,0,CV009_001,1224476
61317,564,0,CV009_001,1225040
61318,572,0,CV009_001,1225612
61319,576,0,CV009_001,1226188
61320,568,0,CV009_001,1226756
61321,572,0,CV009_001,1227328
61322,572,0,CV009_001,1227900
61323,524,0,CV009_001,1228424
61324,572,0,CV009_001,1228996
61325,576,0,CV009_001,1229572
61326,572,0,CV009_001,1230144
61327,576,0,CV009_001,1230720
61328,580,0,CV009_001,1231300
61329,572,0,CV009_001,1231872
61330,576,0,CV009_001,1232448
61331,628,0,CV009_001,1233076
61332,524,0,CV009_001,1233600
61333,576,0,CV009_001,1234176
61334,628,0,CV009_001,1234804
61335,580,0,CV009_001,1235384
61336,528,0,CV009_001,1235912
61337,580,0,CV009_001,1236492
61338,576,0,CV009_001,1237068
61339,576,0,CV009_001,1237644
61340,568,0,CV009_001,1238212
61341,580,0,CV009_001,1238792
61342,580,0,CV009_001,1239372
61343,576,0,CV009_001,1239948
61344,572,0,CV009_001,1240520
61345,568,0,CV009_001,1241088
61346,572,0,CV009_001,1241660
61347,560,0,CV009_001,1242220
61348,572,0,CV009_001,1242792
61349,568,0,CV009_001,1243360
61350,520,0,CV009_001,1243880
61351,44,0,CV009_001,1243924
61352,572,0,CV009_001,1244496
61353,568,0,CV009_001,1245064
61354,572,0,CV009_001,1245636
61355,572,0,CV009_001,1246208
61356,568,0,CV009_001,1246776
61357,576,0,CV009_001,1247352
61358,576,0,CV009_001,1247928
61359,572,0,CV009_001,1248500
61360,628,0,CV009_001,1249128
61361,528,0,CV009_001,1249656
61362,568,0,CV009_001,1250224
61363,632,0,CV009_001,1250856
61364,520,0,CV009_001,1251376
61365,628,0,CV009_001,1252004
61366,520,0,CV009_001,1252524
61367,572,0,CV009_001,1253096
61368,572,0,CV009_001,1253668
61369,632,1,CV009_001,1254300
61370,524,0,CV009_001,1254824
61371,576,0,CV009_001,1255400
61372,576,0,CV009_001,1255976
61373,576,0,CV009_001,1256552
61374,580,0,CV009_001,1257132
61375,576,0,CV009_001,1257708
61376,636,0,CV009_001,1258344
61377,528,0,CV009_001,1258872
61378,576,0,CV009_001,1259448
61379,636,0,CV009_001,1260084
61380,532,0,CV009_001,1260616
61381,580,0,CV009_001,1261196
61382,628,0,CV009_001,1261824
61383,528,0,CV009_001,1262352
61384,580,0,CV009_001,1262932
61385,580,0,CV009_001,1263512
61386,632,0,CV009_001,1264144
61387,524,0,CV009_001,1264668
61388,636,0,CV009_001,1265304
61389,528,0,CV009_001,1265832
61390,584,0,CV009_001,1266416
61391,580,0,CV009_001,1266996
61392,588,0,CV009_001,1267584
61393,584,0,CV009_001,1268168
61394,632,0,CV009_001,1268800
61395,536,0,CV009_001,1269336
61396,584,0,CV009_001,1269920
61397,632,0,CV009_001,1270552
61398,584,0,CV009_001,1271136
61399,532,0,CV009_001,1271668
61400,1212,0,CV009_001,1272880
61401,532,0,CV009_001,1273412
61402,636,0,CV009_001,1274048
61403,528,0,CV009_001,1274576
61404,580,0,CV009_001,1275156
61405,632,0,CV009_001,1275788
61406,528,0,CV009_001,1276316
61407,580,0,CV009_001,1276896
61408,580,0,CV009_001,1277476
61409,632,0,CV009_001,1278108
61410,580,0,CV009_001,1278688
61411,528,0,CV009_001,1279216
61412,580,0,CV009_001,1279796
61413,580,0,CV009_001,1280376
61414,584,0,CV009_001,1280960
61415,580,0,CV009_001,1281540
61416,580,0,CV009_001,1282120
61417,580,0,CV009_001,1282700
61418,636,0,CV009_001,1283336
61419,584,0,CV009_001,1283920
61420,524,0,CV009_001,1284444
61421,584,0,CV009_001,1285028
61422,640,0,CV009_001,1285668
61423,528,0,CV009_001,1286196
61424,580,0,CV009_001,1286776
61425,580,0,CV009_001,1287356
61426,584,0,CV009_001,1287940
61427,580,0,CV009_001,1288520
61428,576,0,CV009_001,1289096
61429,584,0,CV009_001,1289680
61430,632,1,CV009_001,1290312
61431,528,0,CV009_001,1290840
61432,576,0,CV009_001,1291416
61433,580,0,CV009_001,1291996
61434,584,0,CV009_001,1292580
61435,584,0,CV009_001,1293164
61436,580,0,CV009_001,1293744
61437,580,0,CV009_001,1294324
61438,584,0,CV009_001,1294908
61439,584,0,CV009_001,1295492
61440,580,0,CV009_001,1296072
61441,584,0,CV009_001,1296656
61442,584,0,CV009_001,1297240
61443,588,0,CV009_001,1297828
61444,584,0,CV009_001,1298412
61445,580,0,CV009_001,1298992
61446,584,0,CV009_001,1299576
61447,588,0,CV009_001,1300164
61448,580,0,CV009_001,1300744
61449,580,0,CV009_001,1301324
61450,580,0,CV009_001,1301904
61451,584,0,CV009_001,1302488
61452,584,0,CV009_001,1303072
61453,580,0,CV009_001,1303652
61454,580,0,CV009_001,1304232
61455,580,0,CV009_001,1304812
61456,580,0,CV009_001,1305392
61457,576,0,CV009_001,1305968
61458,580,0,CV009_001,1306548
61459,580,0,CV009_001,1307128
61460,580,0,CV009_001,1307708
61461,628,1,CV009_001,1308336
61462,528,0,CV009_001,1308864
61463,580,0,CV009_001,1309444
61464,576,0,CV009_001,1310020
61465,580,0,CV009_001,1310600
61466,632,1,CV009_001,1311232
61467,528,0,CV009_001,1311760
61468,584,0,CV009_001,1312344
61469,576,0,CV009_001,1312920
61470,584,0,CV009_001,1313504
61471,636,0,CV009_001,1314140
61472,584,0,CV009_001,1314724
61473,520,0,CV009_001,1315244
61474,580,0,CV009_001,1315824
61475,576,0,CV009_001,1316400
61476,576,0,CV009_001,1316976
61477,576,0,CV009_001,1317552
61478,576,0,CV009_001,1318128
61479,572,0,CV009_001,1318700
61480,632,1,CV009_001,1319332
61481,520,0,CV009_001,1319852
61482,572,0,CV009_001,1320424
61483,576,0,CV009_001,1321000
61484,576,0,CV009_001,1321576
61485,628,0,CV009_001,1322204
61486,524,0,CV009_001,1322728
61487,628,0,CV009_001,1323356
61488,524,0,CV009_001,1323880
61489,632,0,CV009_001,1324512
61490,524,0,CV009_001,1325036
61491,580,0,CV009_001,1325616
61492,576,0,CV009_001,1326192
61493,580,0,CV009_001,1326772
61494,576,0,CV009_001,1327348
61495,580,0,CV009_001,1327928
61496,580,0,CV009_001,1328508
61497,632,0,CV009_001,1329140
61498,576,0,CV009_001,1329716
61499,532,0,CV009_001,1330248
61500,628,0,CV009_001,1330876
61501,524,0,CV009_001,1331400
61502,636,0,CV009_001,1332036
61503,540,0,CV009_001,1332576
61504,632,0,CV009_001,1333208
61505,528,0,CV009_001,1333736
61506,632,0,CV009_001,1334368
61507,580,0,CV009_001,1334948
61508,524,0,CV009_001,1335472
61509,576,0,CV009_001,1336048
61510,628,0,CV009_001,1336676
61511,528,0,CV009_001,1337204
61512,576,0,CV009_001,1337780
61513,580,0,CV009_001,1338360
61514,636,0,CV009_001,1338996
61515,584,0,CV009_001,1339580
61516,580,0,CV009_001,1340160
61517,580,0,CV009_001,1340740
61518,528,0,CV009_001,1341268
61519,640,0,CV009_001,1341908
61520,532,0,CV009_001,1342440
61521,584,0,CV009_001,1343024
61522,640,0,CV009_001,1343664
61523,536,0,CV009_001,1344200
61524,584,0,CV009_001,1344784
61525,592,0,CV009_001,1345376
61526,584,0,CV009_001,1345960
61527,636,0,CV009_001,1346596
61528,584,0,CV009_001,1347180
61529,592,0,CV009_001,1347772
61530,580,0,CV009_001,1348352
61531,580,0,CV009_001,1348932
61532,528,0,CV009_001,1349460
61533,580,0,CV009_001,1350040
61534,632,0,CV009_001,1350672
61535,524,0,CV009_001,1351196
61536,584,0,CV009_001,1351780
61537,584,0,CV009_001,1352364
61538,584,0,CV009_001,1352948
61539,580,0,CV009_001,1353528
61540,584,0,CV009_001,1354112
61541,584,0,CV009_001,1354696
61542,580,0,CV009_001,1355276
61543,588,0,CV009_001,1355864
61544,588,0,CV009_001,1356452
61545,584,0,CV009_001,1357036
61546,632,1,CV009_001,1357668
61547,532,0,CV009_001,1358200
61548,588,0,CV009_001,1358788
61549,580,0,CV009_001,1359368
61550,580,0,CV009_001,1359948
61551,580,0,CV009_001,1360528
61552,580,0,CV009_001,1361108
61553,576,0,CV009_001,1361684
61554,580,0,CV009_001,1362264
61555,572,0,CV009_001,1362836
61556,580,0,CV009_001,1363416
61557,576,0,CV009_001,1363992
61558,628,0,CV009_001,1364620
61559,524,0,CV009_001,1365144
61560,580,0,CV009_001,1365724
61561,628,0,CV009_001,1366352
61562,576,0,CV009_001,1366928
61563,524,0,CV009_001,1367452
61564,580,0,CV009_001,1368032
61565,572,0,CV009_001,1368604
61566,572,0,CV009_001,1369176
61567,576,0,CV009_001,1369752
61568,628,0,CV009_001,1370380
61569,528,0,CV009_001,1370908
61570,576,0,CV009_001,1371484
61571,632,0,CV009_001,1372116
61572,532,0,CV009_001,1372648
61573,580,0,CV009_001,1373228
61574,580,0,CV009_001,1373808
61575,576,0,CV009_001,1374384
61576,636,0,CV009_001,1375020
61577,580,0,CV009_001,1375600
61578,580,0,CV009_001,1376180
61579,580,0,CV009_001,1376760
61580,524,0,CV009_001,1377284
61581,636,0,CV009_001,1377920
61582,528,0,CV009_001,1378448
61583,636,0,CV009_001,1379084
61584,528,0,CV009_001,1379612
61585,584,0,CV009_001,1380196
61586,580,0,CV009_001,1380776
61587,584,0,CV009_001,1381360
61588,584,0,CV009_001,1381944
61589,576,0,CV009_001,1382520
61590,580,0,CV009_001,1383100
61591,584,0,CV009_001,1383684
61592,580,0,CV009_001,1384264
61593,576,0,CV009_001,1384840
61594,580,0,CV009_001,1385420
61595,584,0,CV009_001,1386004
61596,584,0,CV009_001,1386588
61597,588,0,CV009_001,1387176
61598,588,0,CV009_001,1387764
61599,588,0,CV009_001,1388352
61600,640,0,CV009_001,1388992
61601,584,0,CV009_001,1389576
61602,536,0,CV009_001,1390112
61603,584,0,CV009_001,1390696
61604,584,0,CV009_001,1391280
61605,588,0,CV009_001,1391868
61606,580,0,CV009_001,1392448
61607,636,1,CV009_001,1393084
61608,524,0,CV009_001,1393608
61609,584,0,CV009_001,1394192
61610,580,0,CV009_001,1394772
61611,632,0,CV009_001,1395404
61612,532,0,CV009_001,1395936
61613,636,0,CV009_001,1396572
61614,524,0,CV009_001,1397096
61615,580,0,CV009_001,1397676
61616,588,0,CV009_001,1398264
61617,580,0,CV009_001,1398844
61618,584,0,CV009_001,1399428
61619,636,1,CV009_001,1400064
61620,532,0,CV009_001,1400596
61621,584,0,CV009_001,1401180
61622,588,0,CV009_001,1401768
61623,636,1,CV009_001,1402404
61624,536,0,CV009_001,1402940
61625,584,0,CV009_001,1403524
61626,584,0,CV009_001,1404108
61627,580,0,CV009_001,1404688
61628,584,0,CV009_001,1405272
61629,580,0,CV009_001,1405852
61630,584,0,CV009_001,1406436
61631,580,0,CV009_001,1407016
61632,584,0,CV009_001,1407600
61633,580,0,CV009_001,1408180
61634,584,0,CV009_001,1408764
61635,632,0,CV009_001,1409396
61636,532,0,CV009_001,1409928
61637,632,0,CV009_001,1410560
61638,528,0,CV009_001,1411088
61639,580,0,CV009_001,1411668
61640,632,0,CV009_001,1412300
61641,532,0,CV009_001,1412832
61642,580,0,CV009_001,1413412
61643,632,0,CV009_001,1414044
61644,528,0,CV009_001,1414572
61645,636,0,CV009_001,1415208
61646,528,0,CV009_001,1415736
61647,572,0,CV009_001,1416308
61648,584,0,CV009_001,1416892
61649,632,1,CV009_001,1417524
61650,524,0,CV009_001,1418048
61651,580,0,CV009_001,1418628
61652,576,0,CV009_001,1419204
61653,580,0,CV009_001,1419784
61654,632,0,CV009_001,1420416
61655,524,0,CV009_001,1420940
61656,588,0,CV009_001,1421528
61657,632,0,CV009_001,1422160
61658,532,0,CV009_001,1422692
61659,588,0,CV009_001,1423280
61660,580,0,CV009_001,1423860
61661,584,0,CV009_001,1424444
61662,588,0,CV009_001,1425032
61663,588,0,CV009_001,1425620
61664,584,0,CV009_001,1426204
61665,580,0,CV009_001,1426784
61666,584,0,CV009_001,1427368
61667,636,1,CV009_001,1428004
61668,528,0,CV009_001,1428532
61669,592,0,CV009_001,1429124
61670,584,0,CV009_001,1429708
61671,584,0,CV009_001,1430292
61672,580,0,CV009_001,1430872
61673,632,1,CV009_001,1431504
61674,528,0,CV009_001,1432032
61675,584,0,CV009_001,1432616
61676,576,0,CV009_001,1433192
61677,576,0,CV009_001,1433768
61678,624,1,CV009_001,1434392
61679,512,0,CV009_001,1434904
61680,572,0,CV009_001,1435476
61681,568,0,CV009_001,1436044
61682,572,0,CV009_001,1436616
61683,576,0,CV009_001,1437192
61684,568,0,CV009_001,1437760
61685,560,0,CV009_001,1438320
61686,576,0,CV009_001,1438896
61687,572,0,CV009_001,1439468
61688,560,0,CV009_001,1440028
61689,568,0,CV009_001,1440596
61690,572,0,CV009_001,1441168
61691,576,0,CV009_001,1441744
61692,572,0,CV009_001,1442316
61693,588,0,CV009_001,1442904
61694,580,0,CV009_001,1443484
61695,576,0,CV009_001,1444060
61696,580,0,CV009_001,1444640
61697,576,0,CV009_001,1445216
61698,572,0,CV009_001,1445788
61699,628,1,CV009_001,1446416
61700,528,0,CV009_001,1446944
61701,576,0,CV009_001,1447520
61702,572,0,CV009_001,1448092
61703,576,0,CV009_001,1448668
61704,576,0,CV009_001,1449244
61705,572,0,CV009_001,1449816
61706,568,0,CV009_001,1450384
61707,580,0,CV009_001,1450964
61708,576,0,CV009_001,1451540
61709,568,0,CV009_001,1452108
61710,576,0,CV009_001,1452684
61711,576,0,CV009_001,1453260
61712,580,0,CV009_001,1453840
61713,632,0,CV009_001,1454472
61714,576,0,CV009_001,1455048
61715,584,0,CV009_001,1455632
61716,580,0,CV009_001,1456212
61717,580,0,CV009_001,1456792
61718,528,0,CV009_001,1457320
61719,632,0,CV009_001,1457952
61720,524,0,CV009_001,1458476
61721,572,0,CV009_001,1459048
61722,576,0,CV009_001,1459624
61723,580,0,CV009_001,1460204
61724,576,0,CV009_001,1460780
61725,636,0,CV009_001,1461416
61726,524,0,CV009_001,1461940
61727,568,0,CV009_001,1462508
61728,628,0,CV009_001,1463136
61729,512,0,CV009_001,1463648
61730,572,0,CV009_001,1464220
61731,572,0,CV009_001,1464792
61732,624,0,CV009_001,1465416
61733,520,0,CV009_001,1465936
61734,628,0,CV009_001,1466564
61735,520,0,CV009_001,1467084
61736,624,0,CV009_001,1467708
61737,524,0,CV009_001,1468232
61738,628,0,CV009_001,1468860
61739,584,0,CV009_001,1469444
61740,576,0,CV009_001,1470020
61741,524,0,CV009_001,1470544
61742,580,0,CV009_001,1471124
61743,584,0,CV009_001,1471708
61744,580,0,CV009_001,1472288
61745,628,0,CV009_001,1472916
61746,524,0,CV009_001,1473440
61747,632,0,CV009_001,1474072
61748,588,0,CV009_001,1474660
61749,580,0,CV009_001,1475240
61750,580,0,CV009_001,1475820
61751,516,0,CV009_001,1476336
61752,644,0,CV009_001,1476980
61753,528,0,CV009_001,1477508
61754,580,0,CV009_001,1478088
61755,584,0,CV009_001,1478672
61756,588,0,CV009_001,1479260
61757,576,0,CV009_001,1479836
61758,584,0,CV009_001,1480420
61759,588,0,CV009_001,1481008
61760,580,0,CV009_001,1481588
61761,580,0,CV009_001,1482168
61762,580,0,CV009_001,1482748
61763,576,0,CV009_001,1483324
61764,1136,0,CV009_001,1484460
61765,568,0,CV009_001,1485028
61766,564,0,CV009_001,1485592
61767,564,0,CV009_001,1486156
61768,564,0,CV009_001,1486720
61769,564,0,CV009_001,1487284
61770,564,0,CV009_001,1487848
61771,560,0,CV009_001,1488408
61772,564,0,CV009_001,1488972
61773,564,0,CV009_001,1489536
61774,556,0,CV009_001,1490092
61775,560,0,CV009_001,1490652
61776,572,0,CV009_001,1491224
61777,568,0,CV009_001,1491792
61778,624,1,CV009_001,1492416
61779,520,0,CV009_001,1492936
61780,572,0,CV009_001,1493508
61781,576,0,CV009_001,1494084
61782,588,0,CV009_001,1494672
61783,580,0,CV009_001,1495252
61784,632,0,CV009_001,1495884
61785,532,0,CV009_001,1496416
61786,640,0,CV009_001,1497056
61787,532,0,CV009_001,1497588
61788,580,0,CV009_001,1498168
61789,588,0,CV009_001,1498756
61790,580,0,CV009_001,1499336
61791,580,0,CV009_001,1499916
61792,580,0,CV009_001,1500496
61793,584,0,CV009_001,1501080
61794,576,0,CV009_001,1501656
61795,580,0,CV009_001,1502236
61796,636,1,CV009_001,1502872
61797,536,0,CV009_001,1503408
61798,580,0,CV009_001,1503988
61799,588,0,CV009_001,1504576
61800,592,0,CV009_001,1505168
61801,588,0,CV009_001,1505756
61802,584,0,CV009_001,1506340
61803,596,0,CV009_001,1506936
61804,592,0,CV009_001,1507528
61805,596,0,CV009_001,1508124
61806,588,0,CV009_001,1508712
61807,648,1,CV009_001,1509360
61808,540,0,CV009_001,1509900
61809,588,0,CV009_001,1510488
61810,596,0,CV009_001,1511084
61811,596,0,CV009_001,1511680
61812,584,0,CV009_001,1512264
61813,596,0,CV009_001,1512860
61814,596,0,CV009_001,1513456
61815,592,0,CV009_001,1514048
61816,596,0,CV009_001,1514644
61817,592,0,CV009_001,1515236
61818,596,0,CV009_001,1515832
61819,592,0,CV009_001,1516424
61820,592,0,CV009_001,1517016
61821,596,0,CV009_001,1517612
61822,596,0,CV009_001,1518208
61823,592,0,CV009_001,1518800
61824,644,1,CV009_001,1519444
61825,544,0,CV009_001,1519988
61826,596,0,CV009_001,1520584
61827,596,0,CV009_001,1521180
61828,648,1,CV009_001,1521828
61829,528,0,CV009_001,1522356
61830,608,0,CV009_001,1522964
61831,592,0,CV009_001,1523556
61832,588,0,CV009_001,1524144
61833,592,0,CV009_001,1524736
61834,588,0,CV009_001,1525324
61835,588,0,CV009_001,1525912
61836,584,0,CV009_001,1526496
61837,592,0,CV009_001,1527088
61838,592,0,CV009_001,1527680
61839,640,1,CV009_001,1528320
61840,540,0,CV009_001,1528860
61841,592,0,CV009_001,1529452
61842,600,0,CV009_001,1530052
61843,604,0,CV009_001,1530656
61844,648,1,CV009_001,1531304
61845,548,0,CV009_001,1531852
61846,596,0,CV009_001,1532448
61847,596,0,CV009_001,1533044
61848,600,0,CV009_001,1533644
61849,652,1,CV009_001,1534296
61850,544,0,CV009_001,1534840
61851,592,0,CV009_001,1535432
61852,596,0,CV009_001,1536028
61853,596,0,CV009_001,1536624
61854,588,0,CV009_001,1537212
61855,584,0,CV009_001,1537796
61856,640,1,CV009_001,1538436
61857,536,0,CV009_001,1538972
61858,596,0,CV009_001,1539568
61859,588,0,CV009_001,1540156
61860,640,1,CV009_001,1540796
61861,540,0,CV009_001,1541336
61862,596,0,CV009_001,1541932
61863,592,0,CV009_001,1542524
61864,596,0,CV009_001,1543120
61865,656,1,CV009_001,1543776
61866,544,0,CV009_001,1544320
61867,600,0,CV009_001,1544920
61868,600,0,CV009_001,1545520
61869,604,0,CV009_001,1546124
61870,656,1,CV009_001,1546780
61871,544,0,CV009_001,1547324
61872,596,0,CV009_001,1547920
61873,600,0,CV009_001,1548520
61874,596,0,CV009_001,1549116
61875,644,1,CV009_001,1549760
61876,540,0,CV009_001,1550300
61877,592,0,CV009_001,1550892
61878,588,0,CV009_001,1551480
61879,584,0,CV009_001,1552064
61880,640,0,CV009_001,1552704
61881,540,0,CV009_001,1553244
61882,588,0,CV009_001,1553832
61883,644,0,CV009_001,1554476
61884,544,0,CV009_001,1555020
61885,596,0,CV009_001,1555616
61886,648,0,CV009_001,1556264
61887,544,0,CV009_001,1556808
61888,648,0,CV009_001,1557456
61889,540,0,CV009_001,1557996
61890,596,0,CV009_001,1558592
61891,592,0,CV009_001,1559184
61892,600,0,CV009_001,1559784
61893,588,0,CV009_001,1560372
61894,596,0,CV009_001,1560968
61895,596,0,CV009_001,1561564
61896,596,0,CV009_001,1562160
61897,588,0,CV009_001,1562748
61898,596,0,CV009_001,1563344
61899,596,0,CV009_001,1563940
61900,596,0,CV009_001,1564536
61901,592,0,CV009_001,1565128
61902,588,0,CV009_001,1565716
61903,584,0,CV009_001,1566300
61904,592,0,CV009_001,1566892
61905,588,0,CV009_001,1567480
61906,600,0,CV009_001,1568080
61907,648,1,CV009_001,1568728
61908,540,0,CV009_001,1569268
61909,592,0,CV009_001,1569860
61910,604,0,CV009_001,1570464
61911,600,0,CV009_001,1571064
61912,596,0,CV009_001,1571660
61913,600,0,CV009_001,1572260
61914,592,0,CV009_001,1572852
61915,596,0,CV009_001,1573448
61916,596,0,CV009_001,1574044
61917,596,0,CV009_001,1574640
61918,592,0,CV009_001,1575232
61919,592,0,CV009_001,1575824
61920,652,1,CV009_001,1576476
61921,544,0,CV009_001,1577020
61922,592,0,CV009_001,1577612
61923,596,0,CV009_001,1578208
61924,600,0,CV009_001,1578808
61925,652,1,CV009_001,1579460
61926,536,0,CV009_001,1579996
61927,604,0,CV009_001,1580600
61928,604,0,CV009_001,1581204
61929,604,0,CV009_001,1581808
61930,660,1,CV009_001,1582468
61931,556,0,CV009_001,1583024
61932,612,0,CV009_001,1583636
61933,604,0,CV009_001,1584240
61934,608,0,CV009_001,1584848
61935,652,0,CV009_001,1585500
61936,548,0,CV009_001,1586048
61937,652,0,CV009_001,1586700
61938,548,0,CV009_001,1587248
61939,600,0,CV009_001,1587848
61940,648,0,CV009_001,1588496
61941,540,0,CV009_001,1589036
61942,648,0,CV009_001,1589684
61943,540,0,CV009_001,1590224
61944,596,0,CV009_001,1590820
61945,656,0,CV009_001,1591476
61946,548,0,CV009_001,1592024
61947,592,0,CV009_001,1592616
61948,604,0,CV009_001,1593220
61949,596,0,CV009_001,1593816
61950,648,1,CV009_001,1594464
61951,544,0,CV009_001,1595008
61952,600,0,CV009_001,1595608
61953,600,0,CV009_001,1596208
61954,596,0,CV009_001,1596804
61955,592,0,CV009_001,1597396
61956,596,0,CV009_001,1597992
61957,600,0,CV009_001,1598592
61958,652,1,CV009_001,1599244
61959,544,0,CV009_001,1599788
61960,600,0,CV009_001,1600388
61961,596,0,CV009_001,1600984
61962,596,0,CV009_001,1601580
61963,596,0,CV009_001,1602176
61964,652,1,CV009_001,1602828
61965,540,0,CV009_001,1603368
61966,596,0,CV009_001,1603964
61967,588,0,CV009_001,1604552
61968,592,0,CV009_001,1605144
61969,592,0,CV009_001,1605736
61970,596,0,CV009_001,1606332
61971,588,0,CV009_001,1606920
61972,588,0,CV009_001,1607508
61973,584,0,CV009_001,1608092
61974,592,0,CV009_001,1608684
61975,588,0,CV009_001,1609272
61976,592,0,CV009_001,1609864
61977,640,0,CV009_001,1610504
61978,588,0,CV009_001,1611092
61979,536,0,CV009_001,1611628
61980,588,0,CV009_001,1612216
61981,592,0,CV009_001,1612808
61982,592,0,CV009_001,1613400
61983,592,0,CV009_001,1613992
61984,584,0,CV009_001,1614576
61985,588,0,CV009_001,1615164
61986,588,0,CV009_001,1615752
61987,588,0,CV009_001,1616340
61988,592,0,CV009_001,1616932
61989,588,0,CV009_001,1617520
61990,588,0,CV009_001,1618108
61991,588,0,CV009_001,1618696
61992,584,0,CV009_001,1619280
61993,588,0,CV009_001,1619868
61994,596,0,CV009_001,1620464
61995,592,0,CV009_001,1621056
61996,600,0,CV009_001,1621656
61997,592,0,CV009_001,1622248
61998,600,0,CV009_001,1622848
61999,648,1,CV009_001,1623496
62000,548,0,CV009_001,1624044
62001,596,0,CV009_001,1624640
62002,596,0,CV009_001,1625236
62003,596,0,CV009_001,1625832
62004,652,1,CV009_001,1626484
62005,548,0,CV009_001,1627032
62006,596,0,CV009_001,1627628
62007,592,0,CV009_001,1628220
62008,584,0,CV009_001,1628804
62009,588,0,CV009_001,1629392
62010,592,0,CV009_001,1629984
62011,644,1,CV009_001,1630628
62012,536,0,CV009_001,1631164
62013,592,0,CV009_001,1631756
62014,596,0,CV009_001,1632352
62015,592,0,CV009_001,1632944
62016,604,0,CV009_001,1633548
62017,656,0,CV009_001,1634204
62018,596,0,CV009_001,1634800
62019,540,0,CV009_001,1635340
62020,648,0,CV009_001,1635988
62021,536,0,CV009_001,1636524
62022,588,0,CV009_001,1637112
62023,648,0,CV009_001,1637760
62024,544,0,CV009_001,1638304
62025,596,0,CV009_001,1638900
62026,596,0,CV009_001,1639496
62027,588,0,CV009_001,1640084
62028,584,0,CV009_001,1640668
62029,592,0,CV009_001,1641260
62030,592,0,CV009_001,1641852
62031,648,1,CV009_001,1642500
62032,528,0,CV009_001,1643028
62033,588,0,CV009_001,1643616
62034,584,0,CV009_001,1644200
62035,584,0,CV009_001,1644784
62036,588,0,CV009_001,1645372
62037,588,0,CV009_001,1645960
62038,644,1,CV009_001,1646604
62039,536,0,CV009_001,1647140
62040,580,0,CV009_001,1647720
62041,584,0,CV009_001,1648304
62042,584,0,CV009_001,1648888
62043,636,1,CV009_001,1649524
62044,524,0,CV009_001,1650048
62045,584,0,CV009_001,1650632
62046,584,0,CV009_001,1651216
62047,584,0,CV009_001,1651800
62048,588,0,CV009_001,1652388
62049,592,0,CV009_001,1652980
62050,588,0,CV009_001,1653568
62051,596,0,CV009_001,1654164
62052,584,0,CV009_001,1654748
62053,584,0,CV009_001,1655332
62054,588,0,CV009_001,1655920
62055,584,0,CV009_001,1656504
62056,576,0,CV009_001,1657080
62057,576,0,CV009_001,1657656
62058,580,0,CV009_001,1658236
62059,584,0,CV009_001,1658820
62060,592,0,CV009_001,1659412
62061,636,1,CV009_001,1660048
62062,528,0,CV009_001,1660576
62063,576,0,CV009_001,1661152
62064,584,0,CV009_001,1661736
62065,580,0,CV009_001,1662316
62066,592,0,CV009_001,1662908
62067,632,1,CV009_001,1663540
62068,524,0,CV009_001,1664064
62069,580,0,CV009_001,1664644
62070,576,0,CV009_001,1665220
62071,580,0,CV009_001,1665800
62072,576,0,CV009_001,1666376
62073,576,0,CV009_001,1666952
62074,576,0,CV009_001,1667528
62075,632,1,CV009_001,1668160
62076,528,0,CV009_001,1668688
62077,576,0,CV009_001,1669264
62078,584,0,CV009_001,1669848
62079,584,0,CV009_001,1670432
62080,584,0,CV009_001,1671016
62081,588,0,CV009_001,1671604
62082,592,0,CV009_001,1672196
62083,596,0,CV009_001,1672792
62084,592,0,CV009_001,1673384
62085,584,0,CV009_001,1673968
62086,588,0,CV009_001,1674556
62087,588,0,CV009_001,1675144
62088,640,0,CV009_001,1675784
62089,544,0,CV009_001,1676328
62090,584,0,CV009_001,1676912
62091,636,0,CV009_001,1677548
62092,528,0,CV009_001,1678076
62093,584,0,CV009_001,1678660
62094,580,0,CV009_001,1679240
62095,576,0,CV009_001,1679816
62096,580,0,CV009_001,1680396
62097,632,1,CV009_001,1681028
62098,520,0,CV009_001,1681548
62099,580,0,CV009_001,1682128
62100,584,0,CV009_001,1682712
62101,580,0,CV009_001,1683292
62102,584,0,CV009_001,1683876
62103,640,0,CV009_001,1684516
62104,536,0,CV009_001,1685052
62105,588,0,CV009_001,1685640
62106,648,0,CV009_001,1686288
62107,536,0,CV009_001,1686824
62108,596,0,CV009_001,1687420
62109,596,0,CV009_001,1688016
62110,596,0,CV009_001,1688612
62111,592,0,CV009_001,1689204
62112,592,0,CV009_001,1689796
62113,596,0,CV009_001,1690392
62114,596,0,CV009_001,1690988
62115,592,0,CV009_001,1691580
62116,592,0,CV009_001,1692172
62117,596,0,CV009_001,1692768
62118,596,0,CV009_001,1693364
62119,644,1,CV009_001,1694008
62120,540,0,CV009_001,1694548
62121,592,0,CV009_001,1695140
62122,596,0,CV009_001,1695736
62123,596,0,CV009_001,1696332
62124,588,0,CV009_001,1696920
62125,596,0,CV009_001,1697516
62126,596,0,CV009_001,1698112
62127,580,0,CV009_002,580
62128,576,0,CV009_002,1156
62129,576,0,CV009_002,1732
62130,540,0,CV009_002,2272
62131,616,0,CV009_002,2888
62132,580,0,CV009_002,3468
62133,580,0,CV009_002,4048
62134,580,0,CV009_002,4628
62135,584,0,CV009_002,5212
62136,588,0,CV009_002,5800
62137,584,0,CV009_002,6384
62138,584,0,CV009_002,6968
62139,588,0,CV009_002,7556
62140,588,0,CV009_002,8144
62141,588,0,CV009_002,8732
62142,588,0,CV009_002,9320
62143,592,0,CV009_002,9912
62144,1180,0,CV009_002,11092
62145,588,0,CV009_002,11680
62146,592,0,CV009_002,12272
62147,588,0,CV009_002,12860
62148,588,0,CV009_002,13448
62149,592,0,CV009_002,14040
62150,592,0,CV009_002,14632
62151,588,0,CV009_002,15220
62152,492,0,CV009_002,15712
62153,684,0,CV009_002,16396
62154,588,0,CV009_002,16984
62155,588,0,CV009_002,17572
62156,588,0,CV009_002,18160
62157,452,0,CV009_002,18612
62158,704,0,CV009_002,19316
62159,584,0,CV009_002,19900
62160,576,0,CV009_002,20476
62161,584,0,CV009_002,21060
62162,572,0,CV009_002,21632
62163,576,0,CV009_002,22208
62164,572,0,CV009_002,22780
62165,564,0,CV009_002,23344
62166,564,0,CV009_002,23908
62167,564,0,CV009_002,24472
62168,560,0,CV009_002,25032
62169,560,0,CV009_002,25592
62170,564,0,CV009_002,26156
62171,560,0,CV009_002,26716
62172,564,0,CV009_002,27280
62173,564,0,CV009_002,27844
62174,560,0,CV009_002,28404
62175,564,0,CV009_002,28968
62176,604,0,CV009_002,29572
62177,1076,0,CV009_002,30648
62178,608,0,CV009_002,31256
62179,160,0,CV009_002,31416
62180,348,0,CV009_002,31764
62181,1092,0,CV009_002,32856
62182,552,0,CV009_002,33408
62183,544,0,CV009_002,33952
62184,1088,0,CV009_002,35040
62185,544,0,CV009_002,35584
62186,536,0,CV009_002,36120
62187,544,0,CV009_002,36664
62188,544,0,CV009_002,37208
62189,544,0,CV009_002,37752
62190,532,0,CV009_002,38284
62191,532,0,CV009_002,38816
62192,1076,0,CV009_002,39892
62193,488,0,CV009_002,40380
62194,576,0,CV009_002,40956
62195,528,0,CV009_002,41484
62196,536,0,CV009_002,42020
62197,532,0,CV009_002,42552
62198,532,0,CV009_002,43084
62199,536,0,CV009_002,43620
62200,532,0,CV009_002,44152
62201,536,0,CV009_002,44688
62202,544,0,CV009_002,45232
62203,540,0,CV009_002,45772
62204,540,0,CV009_002,46312
62205,548,0,CV009_002,46860
62206,544,0,CV009_002,47404
62207,548,0,CV009_002,47952
62208,544,0,CV009_002,48496
62209,556,0,CV009_002,49052
62210,556,0,CV009_002,49608
62211,560,0,CV009_002,50168
62212,504,0,CV009_002,50672
62213,624,0,CV009_002,51296
62214,568,0,CV009_002,51864
62215,580,0,CV009_002,52444
62216,572,0,CV009_002,53016
62217,576,0,CV009_002,53592
62218,576,0,CV009_002,54168
62219,576,0,CV009_002,54744
62220,580,0,CV009_002,55324
62221,580,0,CV009_002,55904
62222,580,0,CV009_002,56484
62223,576,0,CV009_002,57060
62224,576,0,CV009_002,57636
62225,592,0,CV009_002,58228
62226,584,0,CV009_002,58812
62227,576,0,CV009_002,59388
62228,576,0,CV009_002,59964
62229,1148,0,CV009_002,61112
62230,252,0,CV009_002,61364
62231,124,0,CV009_002,61488
62232,196,0,CV009_002,61684
62233,568,0,CV009_002,62252
62234,1136,0,CV009_002,63388
62235,564,0,CV009_002,63952
62236,1136,0,CV009_002,65088
62237,560,0,CV009_002,65648
62238,564,0,CV009_002,66212
62239,564,0,CV009_002,66776
62240,568,0,CV009_002,67344
62241,564,0,CV009_002,67908
62242,568,0,CV009_002,68476
62243,572,0,CV009_002,69048
62244,568,0,CV009_002,69616
62245,568,0,CV009_002,70184
62246,568,0,CV009_002,70752
62247,572,0,CV009_002,71324
62248,568,0,CV009_002,71892
62249,576,0,CV009_002,72468
62250,576,0,CV009_002,73044
62251,584,0,CV009_002,73628
62252,576,0,CV009_002,74204
62253,588,0,CV009_002,74792
62254,580,0,CV009_002,75372
62255,464,0,CV009_002,75836
62256,1280,0,CV009_002,77116
62257,580,0,CV009_002,77696
62258,576,0,CV009_002,78272
62259,580,0,CV009_002,78852
62260,576,0,CV009_002,79428
62261,580,0,CV009_002,80008
62262,576,0,CV009_002,80584
62263,576,0,CV009_002,81160
62264,584,0,CV009_002,81744
62265,580,0,CV009_002,82324
62266,584,0,CV009_002,82908
62267,588,0,CV009_002,83496
62268,580,0,CV009_002,84076
62269,584,0,CV009_002,84660
62270,580,0,CV009_002,85240
62271,580,0,CV009_002,85820
62272,580,0,CV009_002,86400
62273,572,0,CV009_002,86972
62274,1156,0,CV009_002,88128
62275,572,0,CV009_002,88700
62276,576,0,CV009_002,89276
62277,576,0,CV009_002,89852
62278,576,0,CV009_002,90428
62279,576,0,CV009_002,91004
62280,480,0,CV009_002,91484
62281,668,0,CV009_002,92152
62282,584,0,CV009_002,92736
62283,576,0,CV009_002,93312
62284,576,0,CV009_002,93888
62285,576,0,CV009_002,94464
62286,572,0,CV009_002,95036
62287,580,0,CV009_002,95616
62288,568,0,CV009_002,96184
62289,580,0,CV009_002,96764
62290,572,0,CV009_002,97336
62291,464,0,CV009_002,97800
62292,684,0,CV009_002,98484
62293,572,0,CV009_002,99056
62294,576,0,CV009_002,99632
62295,576,0,CV009_002,100208
62296,576,0,CV009_002,100784
62297,572,0,CV009_002,101356
62298,576,0,CV009_002,101932
62299,576,0,CV009_002,102508
62300,576,0,CV009_002,103084
62301,576,0,CV009_002,103660
62302,460,0,CV009_002,104120
62303,320,0,CV009_002,104440
62304,776,0,CV009_002,105216
62305,604,0,CV009_002,105820
62306,584,0,CV009_002,106404
62307,576,0,CV009_002,106980
62308,1152,0,CV009_002,108132
62309,580,0,CV009_002,108712
62310,576,0,CV009_002,109288
62311,580,0,CV009_002,109868
62312,576,0,CV009_002,110444
62313,584,0,CV009_002,111028
62314,584,0,CV009_002,111612
62315,580,0,CV009_002,112192
62316,588,0,CV009_002,112780
62317,584,0,CV009_002,113364
62318,588,0,CV009_002,113952
62319,572,0,CV009_002,114524
62320,600,0,CV009_002,115124
62321,576,0,CV009_002,115700
62322,584,0,CV009_002,116284
62323,584,0,CV009_002,116868
62324,580,0,CV009_002,117448
62325,580,0,CV009_002,118028
62326,584,0,CV009_002,118612
62327,580,0,CV009_002,119192
62328,584,0,CV009_002,119776
62329,580,0,CV009_002,120356
62330,580,0,CV009_002,120936
62331,580,0,CV009_002,121516
62332,580,0,CV009_002,122096
62333,576,0,CV009_002,122672
62334,584,0,CV009_002,123256
62335,576,0,CV009_002,123832
62336,584,0,CV009_002,124416
62337,592,0,CV009_002,125008
62338,584,0,CV009_002,125592
62339,580,0,CV009_002,126172
62340,588,0,CV009_002,126760
62341,588,0,CV009_002,127348
62342,588,0,CV009_002,127936
62343,588,0,CV009_002,128524
62344,580,0,CV009_002,129104
62345,588,0,CV009_002,129692
62346,592,0,CV009_002,130284
62347,584,0,CV009_002,130868
62348,592,0,CV009_002,131460
62349,588,0,CV009_002,132048
62350,596,0,CV009_002,132644
62351,588,0,CV009_002,133232
62352,592,0,CV009_002,133824
62353,584,0,CV009_002,134408
62354,592,0,CV009_002,135000
62355,640,0,CV009_002,135640
62356,592,0,CV009_002,136232
62357,540,0,CV009_002,136772
62358,596,0,CV009_002,137368
62359,596,0,CV009_002,137964
62360,1188,0,CV009_002,139152
62361,592,0,CV009_002,139744
62362,596,0,CV009_002,140340
62363,592,0,CV009_002,140932
62364,596,0,CV009_002,141528
62365,588,0,CV009_002,142116
62366,596,0,CV009_002,142712
62367,592,0,CV009_002,143304
62368,552,0,CV009_002,143856
62369,628,0,CV009_002,144484
62370,584,0,CV009_002,145068
62371,588,0,CV009_002,145656
62372,588,0,CV009_002,146244
62373,584,0,CV009_002,146828
62374,588,0,CV009_002,147416
62375,584,0,CV009_002,148000
62376,592,0,CV009_002,148592
62377,588,0,CV009_002,149180
62378,584,0,CV009_002,149764
62379,584,0,CV009_002,150348
62380,588,0,CV009_002,150936
62381,584,0,CV009_002,151520
62382,588,0,CV009_002,152108
62383,576,0,CV009_002,152684
62384,588,0,CV009_002,153272
62385,588,0,CV009_002,153860
62386,584,0,CV009_002,154444
62387,584,0,CV009_002,155028
62388,584,0,CV009_002,155612
62389,592,0,CV009_002,156204
62390,584,0,CV009_002,156788
62391,588,0,CV009_002,157376
62392,584,0,CV009_002,157960
62393,588,0,CV009_002,158548
62394,600,0,CV009_002,159148
62395,596,0,CV009_002,159744
62396,588,0,CV009_002,160332
62397,584,0,CV009_002,160916
62398,584,0,CV009_002,161500
62399,580,0,CV009_002,162080
62400,576,0,CV009_002,162656
62401,568,0,CV009_002,163224
62402,576,0,CV009_002,163800
62403,576,0,CV009_002,164376
62404,580,0,CV009_002,164956
62405,580,0,CV009_002,165536
62406,568,0,CV009_002,166104
62407,576,0,CV009_002,166680
62408,576,0,CV009_002,167256
62409,576,0,CV009_002,167832
62410,576,0,CV009_002,168408
62411,572,0,CV009_002,168980
62412,572,0,CV009_002,169552
62413,580,0,CV009_002,170132
62414,576,0,CV009_002,170708
62415,580,0,CV009_002,171288
62416,572,0,CV009_002,171860
62417,580,0,CV009_002,172440
62418,580,0,CV009_002,173020
62419,1156,0,CV009_002,174176
62420,576,0,CV009_002,174752
62421,580,0,CV009_002,175332
62422,576,0,CV009_002,175908
62423,580,0,CV009_002,176488
62424,576,0,CV009_002,177064
62425,580,0,CV009_002,177644
62426,584,0,CV009_002,178228
62427,580,0,CV009_002,178808
62428,580,0,CV009_002,179388
62429,584,0,CV009_002,179972
62430,584,0,CV009_002,180556
62431,596,0,CV009_002,181152
62432,588,0,CV009_002,181740
62433,580,0,CV009_002,182320
62434,596,0,CV009_002,182916
62435,588,0,CV009_002,183504
62436,588,0,CV009_002,184092
62437,584,0,CV009_002,184676
62438,588,0,CV009_002,185264
62439,588,0,CV009_002,185852
62440,584,0,CV009_002,186436
62441,584,0,CV009_002,187020
62442,644,1,CV009_002,187664
62443,544,0,CV009_002,188208
62444,596,0,CV009_002,188804
62445,580,0,CV009_002,189384
62446,600,0,CV009_002,189984
62447,588,0,CV009_002,190572
62448,588,0,CV009_002,191160
62449,580,0,CV009_002,191740
62450,584,0,CV009_002,192324
62451,580,0,CV009_002,192904
62452,584,0,CV009_002,193488
62453,580,0,CV009_002,194068
62454,584,0,CV009_002,194652
62455,580,0,CV009_002,195232
62456,476,0,CV009_002,195708
62457,688,0,CV009_002,196396
62458,588,0,CV009_002,196984
62459,576,0,CV009_002,197560
62460,588,0,CV009_002,198148
62461,580,0,CV009_002,198728
62462,580,0,CV009_002,199308
62463,580,0,CV009_002,199888
62464,568,0,CV009_002,200456
62465,572,0,CV009_002,201028
62466,628,1,CV009_002,201656
62467,520,0,CV009_002,202176
62468,568,0,CV009_002,202744
62469,572,0,CV009_002,203316
62470,568,0,CV009_002,203884
62471,572,0,CV009_002,204456
62472,568,0,CV009_002,205024
62473,1148,0,CV009_002,206172
62474,572,0,CV009_002,206744
62475,572,0,CV009_002,207316
62476,576,0,CV009_002,207892
62477,576,0,CV009_002,208468
62478,580,0,CV009_002,209048
62479,576,0,CV009_002,209624
62480,580,0,CV009_002,210204
62481,572,0,CV009_002,210776
62482,580,0,CV009_002,211356
62483,576,0,CV009_002,211932
62484,572,0,CV009_002,212504
62485,580,0,CV009_002,213084
62486,572,0,CV009_002,213656
62487,572,0,CV009_002,214228
62488,576,0,CV009_002,214804
62489,576,0,CV009_002,215380
62490,576,0,CV009_002,215956
62491,572,0,CV009_002,216528
62492,572,0,CV009_002,217100
62493,580,0,CV009_002,217680
62494,576,0,CV009_002,218256
62495,576,0,CV009_002,218832
62496,572,0,CV009_002,219404
62497,576,0,CV009_002,219980
62498,580,0,CV009_002,220560
62499,576,0,CV009_002,221136
62500,572,0,CV009_002,221708
62501,580,0,CV009_002,222288
62502,572,0,CV009_002,222860
62503,576,0,CV009_002,223436
62504,1144,0,CV009_002,224580
62505,580,0,CV009_002,225160
62506,468,0,CV009_002,225628
62507,684,0,CV009_002,226312
62508,584,0,CV009_002,226896
62509,576,0,CV009_002,227472
62510,580,0,CV009_002,228052
62511,580,0,CV009_002,228632
62512,576,0,CV009_002,229208
62513,584,0,CV009_002,229792
62514,576,0,CV009_002,230368
62515,584,0,CV009_002,230952
62516,584,0,CV009_002,231536
62517,584,0,CV009_002,232120
62518,580,0,CV009_002,232700
62519,584,0,CV009_002,233284
62520,584,0,CV009_002,233868
62521,584,0,CV009_002,234452
62522,580,0,CV009_002,235032
62523,1156,0,CV009_002,236188
62524,576,0,CV009_002,236764
62525,528,0,CV009_002,237292
62526,628,0,CV009_002,237920
62527,576,0,CV009_002,238496
62528,580,0,CV009_002,239076
62529,576,0,CV009_002,239652
62530,572,0,CV009_002,240224
62531,576,0,CV009_002,240800
62532,576,0,CV009_002,241376
62533,576,0,CV009_002,241952
62534,580,0,CV009_002,242532
62535,580,0,CV009_002,243112
62536,580,0,CV009_002,243692
62537,580,0,CV009_002,244272
62538,584,0,CV009_002,244856
62539,580,0,CV009_002,245436
62540,580,0,CV009_002,246016
62541,576,0,CV009_002,246592
62542,584,0,CV009_002,247176
62543,576,0,CV009_002,247752
62544,576,0,CV009_002,248328
62545,576,0,CV009_002,248904
62546,580,0,CV009_002,249484
62547,576,0,CV009_002,250060
62548,628,1,CV009_002,250688
62549,524,0,CV009_002,251212
62550,580,0,CV009_002,251792
62551,580,0,CV009_002,252372
62552,576,0,CV009_002,252948
62553,580,0,CV009_002,253528
62554,584,0,CV009_002,254112
62555,580,0,CV009_002,254692
62556,584,0,CV009_002,255276
62557,584,0,CV009_002,255860
62558,576,0,CV009_002,256436
62559,584,0,CV009_002,257020
62560,580,0,CV009_002,257600
62561,584,0,CV009_002,258184
62562,580,0,CV009_002,258764
62563,584,0,CV009_002,259348
62564,584,0,CV009_002,259932
62565,584,0,CV009_002,260516
62566,580,0,CV009_002,261096
62567,584,0,CV009_002,261680
62568,584,0,CV009_002,262264
62569,584,0,CV009_002,262848
62570,580,0,CV009_002,263428
62571,584,0,CV009_002,264012
62572,588,0,CV009_002,264600
62573,584,0,CV009_002,265184
62574,584,0,CV009_002,265768
62575,584,0,CV009_002,266352
62576,588,0,CV009_002,266940
62577,580,0,CV009_002,267520
62578,584,0,CV009_002,268104
62579,584,0,CV009_002,268688
62580,588,0,CV009_002,269276
62581,584,0,CV009_002,269860
62582,588,0,CV009_002,270448
62583,580,0,CV009_002,271028
62584,1176,0,CV009_002,272204
62585,584,0,CV009_002,272788
62586,592,0,CV009_002,273380
62587,592,0,CV009_002,273972
62588,592,0,CV009_002,274564
62589,592,0,CV009_002,275156
62590,588,0,CV009_002,275744
62591,588,0,CV009_002,276332
62592,592,0,CV009_002,276924
62593,588,0,CV009_002,277512
62594,592,0,CV009_002,278104
62595,592,0,CV009_002,278696
62596,588,0,CV009_002,279284
62597,592,0,CV009_002,279876
62598,596,0,CV009_002,280472
62599,592,0,CV009_002,281064
62600,1180,0,CV009_002,282244
62601,592,0,CV009_002,282836
62602,544,0,CV009_002,283380
62603,656,0,CV009_002,284036
62604,1196,0,CV009_002,285232
62605,600,0,CV009_002,285832
62606,572,0,CV009_002,286404
62607,616,0,CV009_002,287020
62608,588,0,CV009_002,287608
62609,604,0,CV009_002,288212
62610,600,0,CV009_002,288812
62611,608,0,CV009_002,289420
62612,604,0,CV009_002,290024
62613,592,0,CV009_002,290616
62614,604,0,CV009_002,291220
62615,584,0,CV009_002,291804
62616,592,0,CV009_002,292396
62617,588,0,CV009_002,292984
62618,584,0,CV009_002,293568
62619,580,0,CV009_002,294148
62620,580,0,CV009_002,294728
62621,580,0,CV009_002,295308
62622,584,0,CV009_002,295892
62623,576,0,CV009_002,296468
62624,584,0,CV009_002,297052
62625,1172,0,CV009_002,298224
62626,588,0,CV009_002,298812
62627,584,0,CV009_002,299396
62628,596,0,CV009_002,299992
62629,592,0,CV009_002,300584
62630,592,0,CV009_002,301176
62631,600,0,CV009_002,301776
62632,592,0,CV009_002,302368
62633,596,0,CV009_002,302964
62634,600,0,CV009_002,303564
62635,600,0,CV009_002,304164
62636,584,0,CV009_002,304748
62637,604,0,CV009_002,305352
62638,596,0,CV009_002,305948
62639,592,0,CV009_002,306540
62640,588,0,CV009_002,307128
62641,456,0,CV009_002,307584
62642,704,0,CV009_002,308288
62643,580,0,CV009_002,308868
62644,576,0,CV009_002,309444
62645,580,0,CV009_002,310024
62646,508,0,CV009_002,310532
62647,644,0,CV009_002,311176
62648,584,0,CV009_002,311760
62649,588,0,CV009_002,312348
62650,584,0,CV009_002,312932
62651,584,0,CV009_002,313516
62652,588,0,CV009_002,314104
62653,600,0,CV009_002,314704
62654,600,0,CV009_002,315304
62655,592,0,CV009_002,315896
62656,596,0,CV009_002,316492
62657,584,0,CV009_002,317076
62658,600,0,CV009_002,317676
62659,596,0,CV009_002,318272
62660,592,0,CV009_002,318864
62661,588,0,CV009_002,319452
62662,596,0,CV009_002,320048
62663,588,0,CV009_002,320636
62664,552,0,CV009_002,321188
62665,644,0,CV009_002,321832
62666,604,0,CV009_002,322436
62667,600,0,CV009_002,323036
62668,592,0,CV009_002,323628
62669,608,0,CV009_002,324236
62670,600,0,CV009_002,324836
62671,604,0,CV009_002,325440
62672,596,0,CV009_002,326036
62673,1220,0,CV009_002,327256
62674,604,0,CV009_002,327860
62675,596,0,CV009_002,328456
62676,604,0,CV009_002,329060
62677,1208,0,CV009_002,330268
62678,608,0,CV009_002,330876
62679,600,0,CV009_002,331476
62680,604,0,CV009_002,332080
62681,648,1,CV009_002,332728
62682,548,0,CV009_002,333276
62683,604,0,CV009_002,333880
62684,604,0,CV009_002,334484
62685,600,0,CV009_002,335084
62686,608,0,CV009_002,335692
62687,596,0,CV009_002,336288
62688,608,0,CV009_002,336896
62689,604,0,CV009_002,337500
62690,604,0,CV009_002,338104
62691,604,0,CV009_002,338708
62692,604,0,CV009_002,339312
62693,612,0,CV009_002,339924
62694,608,0,CV009_002,340532
62695,608,0,CV009_002,341140
62696,608,0,CV009_002,341748
62697,616,0,CV009_002,342364
62698,616,0,CV009_002,342980
62699,612,0,CV009_002,343592
62700,604,0,CV009_002,344196
62701,616,0,CV009_002,344812
62702,620,0,CV009_002,345432
62703,612,0,CV009_002,346044
62704,600,0,CV009_002,346644
62705,616,0,CV009_002,347260
62706,604,0,CV009_002,347864
62707,604,0,CV009_002,348468
62708,600,0,CV009_002,349068
62709,660,1,CV009_002,349728
62710,544,0,CV009_002,350272
62711,596,0,CV009_002,350868
62712,600,0,CV009_002,351468
62713,596,0,CV009_002,352064
62714,1208,0,CV009_002,353272
62715,604,0,CV009_002,353876
62716,604,0,CV009_002,354480
62717,604,0,CV009_002,355084
62718,652,1,CV009_002,355736
62719,560,0,CV009_002,356296
62720,604,0,CV009_002,356900
62721,608,0,CV009_002,357508
62722,604,0,CV009_002,358112
62723,608,0,CV009_002,358720
62724,604,0,CV009_002,359324
62725,608,0,CV009_002,359932
62726,520,0,CV009_002,360452
62727,692,0,CV009_002,361144
62728,604,0,CV009_002,361748
62729,604,0,CV009_002,362352
62730,604,0,CV009_002,362956
62731,596,0,CV009_002,363552
62732,604,0,CV009_002,364156
62733,600,0,CV009_002,364756
62734,604,0,CV009_002,365360
62735,596,0,CV009_002,365956
62736,600,0,CV009_002,366556
62737,592,0,CV009_002,367148
62738,604,0,CV009_002,367752
62739,604,0,CV009_002,368356
62740,600,0,CV009_002,368956
62741,596,0,CV009_002,369552
62742,608,0,CV009_002,370160
62743,608,0,CV009_002,370768
62744,604,0,CV009_002,371372
62745,604,0,CV009_002,371976
62746,604,0,CV009_002,372580
62747,612,0,CV009_002,373192
62748,604,0,CV009_002,373796
62749,604,0,CV009_002,374400
62750,600,0,CV009_002,375000
62751,604,0,CV009_002,375604
62752,656,1,CV009_002,376260
62753,548,0,CV009_002,376808
62754,592,0,CV009_002,377400
62755,604,0,CV009_002,378004
62756,596,0,CV009_002,378600
62757,596,0,CV009_002,379196
62758,596,0,CV009_002,379792
62759,604,0,CV009_002,380396
62760,604,0,CV009_002,381000
62761,528,0,CV009_002,381528
62762,672,0,CV009_002,382200
62763,604,0,CV009_002,382804
62764,608,0,CV009_002,383412
62765,600,0,CV009_002,384012
62766,596,0,CV009_002,384608
62767,600,0,CV009_002,385208
62768,604,0,CV009_002,385812
62769,600,0,CV009_002,386412
62770,600,0,CV009_002,387012
62771,600,0,CV009_002,387612
62772,600,0,CV009_002,388212
62773,600,0,CV009_002,388812
62774,604,0,CV009_002,389416
62775,596,0,CV009_002,390012
62776,600,0,CV009_002,390612
62777,596,0,CV009_002,391208
62778,600,0,CV009_002,391808
62779,600,0,CV009_002,392408
62780,600,0,CV009_002,393008
62781,528,0,CV009_002,393536
62782,664,0,CV009_002,394200
62783,596,0,CV009_002,394796
62784,600,0,CV009_002,395396
62785,600,0,CV009_002,395996
62786,492,0,CV009_002,396488
62787,704,0,CV009_002,397192
62788,608,0,CV009_002,397800
62789,608,0,CV009_002,398408
62790,608,0,CV009_002,399016
62791,600,0,CV009_002,399616
62792,600,0,CV009_002,400216
62793,604,0,CV009_002,400820
62794,600,0,CV009_002,401420
62795,596,0,CV009_002,402016
62796,600,0,CV009_002,402616
62797,600,0,CV009_002,403216
62798,596,0,CV009_002,403812
62799,600,0,CV009_002,404412
62800,600,0,CV009_002,405012
62801,544,0,CV009_002,405556
62802,660,0,CV009_002,406216
62803,604,0,CV009_002,406820
62804,596,0,CV009_002,407416
62805,600,0,CV009_002,408016
62806,600,0,CV009_002,408616
62807,596,0,CV009_002,409212
62808,592,0,CV009_002,409804
62809,600,0,CV009_002,410404
62810,600,0,CV009_002,411004
62811,600,0,CV009_002,411604
62812,596,0,CV009_002,412200
62813,596,0,CV009_002,412796
62814,604,0,CV009_002,413400
62815,596,0,CV009_002,413996
62816,600,0,CV009_002,414596
62817,592,0,CV009_002,415188
62818,604,0,CV009_002,415792
62819,592,0,CV009_002,416384
62820,600,0,CV009_002,416984
62821,600,0,CV009_002,417584
62822,596,0,CV009_002,418180
62823,592,0,CV009_002,418772
62824,588,0,CV009_002,419360
62825,596,0,CV009_002,419956
62826,596,0,CV009_002,420552
62827,596,0,CV009_002,421148
62828,588,0,CV009_002,421736
62829,592,0,CV009_002,422328
62830,592,0,CV009_002,422920
62831,592,0,CV009_002,423512
62832,592,0,CV009_002,424104
62833,580,0,CV009_002,424684
62834,600,0,CV009_002,425284
62835,588,0,CV009_002,425872
62836,588,0,CV009_002,426460
62837,588,0,CV009_002,427048
62838,588,0,CV009_002,427636
62839,588,0,CV009_002,428224
62840,592,0,CV009_002,428816
62841,592,0,CV009_002,429408
62842,588,0,CV009_002,429996
62843,592,0,CV009_002,430588
62844,588,0,CV009_002,431176
62845,1180,0,CV009_002,432356
62846,600,0,CV009_002,432956
62847,600,0,CV009_002,433556
62848,592,0,CV009_002,434148
62849,588,0,CV009_002,434736
62850,592,0,CV009_002,435328
62851,596,0,CV009_002,435924
62852,592,0,CV009_002,436516
62853,596,0,CV009_002,437112
62854,592,0,CV009_002,437704
62855,604,0,CV009_002,438308
62856,600,0,CV009_002,438908
62857,600,0,CV009_002,439508
62858,604,0,CV009_002,440112
62859,656,1,CV009_002,440768
62860,552,0,CV009_002,441320
62861,604,0,CV009_002,441924
62862,600,0,CV009_002,442524
62863,604,0,CV009_002,443128
62864,656,1,CV009_002,443784
62865,552,0,CV009_002,444336
62866,596,0,CV009_002,444932
62867,604,0,CV009_002,445536
62868,600,0,CV009_002,446136
62869,648,1,CV009_002,446784
62870,548,0,CV009_002,447332
62871,608,0,CV009_002,447940
62872,608,0,CV009_002,448548
62873,604,0,CV009_002,449152
62874,600,0,CV009_002,449752
62875,600,0,CV009_002,450352
62876,608,0,CV009_002,450960
62877,1212,0,CV009_002,452172
62878,608,0,CV009_002,452780
62879,612,0,CV009_002,453392
62880,604,0,CV009_002,453996
62881,608,0,CV009_002,454604
62882,604,0,CV009_002,455208
62883,612,0,CV009_002,455820
62884,608,0,CV009_002,456428
62885,600,0,CV009_002,457028
62886,600,0,CV009_002,457628
62887,604,0,CV009_002,458232
62888,600,0,CV009_002,458832
62889,604,0,CV009_002,459436
62890,596,0,CV009_002,460032
62891,608,0,CV009_002,460640
62892,604,0,CV009_002,461244
62893,604,0,CV009_002,461848
62894,600,0,CV009_002,462448
62895,604,0,CV009_002,463052
62896,604,0,CV009_002,463656
62897,600,0,CV009_002,464256
62898,604,0,CV009_002,464860
62899,596,0,CV009_002,465456
62900,608,0,CV009_002,466064
62901,608,0,CV009_002,466672
62902,608,0,CV009_002,467280
62903,604,0,CV009_002,467884
62904,612,0,CV009_002,468496
62905,608,0,CV009_002,469104
62906,604,0,CV009_002,469708
62907,612,0,CV009_002,470320
62908,604,0,CV009_002,470924
62909,660,0,CV009_002,471584
62910,552,0,CV009_002,472136
62911,1200,0,CV009_002,473336
62912,596,0,CV009_002,473932
62913,604,0,CV009_002,474536
62914,600,0,CV009_002,475136
62915,1196,0,CV009_002,476332
62916,604,0,CV009_002,476936
62917,600,0,CV009_002,477536
62918,600,0,CV009_002,478136
62919,1204,0,CV009_002,479340
62920,600,0,CV009_002,479940
62921,600,0,CV009_002,480540
62922,600,0,CV009_002,481140
62923,652,1,CV009_002,481792
62924,552,0,CV009_002,482344
62925,604,0,CV009_002,482948
62926,596,0,CV009_002,483544
62927,604,0,CV009_002,484148
62928,444,0,CV009_002,484592
62929,432,0,CV009_002,485024
62930,848,0,CV009_002,485872
62931,636,0,CV009_002,486508
62932,612,0,CV009_002,487120
62933,596,0,CV009_002,487716
62934,612,0,CV009_002,488328
62935,596,0,CV009_002,488924
62936,604,0,CV009_002,489528
62937,600,0,CV009_002,490128
62938,596,0,CV009_002,490724
62939,604,0,CV009_002,491328
62940,604,0,CV009_002,491932
62941,608,0,CV009_002,492540
62942,604,0,CV009_002,493144
62943,1212,0,CV009_002,494356
62944,608,0,CV009_002,494964
62945,612,0,CV009_002,495576
62946,612,0,CV009_002,496188
62947,604,0,CV009_002,496792
62948,612,0,CV009_002,497404
62949,604,0,CV009_002,498008
62950,604,0,CV009_002,498612
62951,604,0,CV009_002,499216
62952,608,0,CV009_002,499824
62953,608,0,CV009_002,500432
62954,600,0,CV009_002,501032
62955,600,0,CV009_002,501632
62956,600,0,CV009_002,502232
62957,604,0,CV009_002,502836
62958,600,0,CV009_002,503436
62959,604,0,CV009_002,504040
62960,604,0,CV009_002,504644
62961,604,0,CV009_002,505248
62962,600,0,CV009_002,505848
62963,608,0,CV009_002,506456
62964,600,0,CV009_002,507056
62965,600,0,CV009_002,507656
62966,604,0,CV009_002,508260
62967,600,0,CV009_002,508860
62968,596,0,CV009_002,509456
62969,600,0,CV009_002,510056
62970,596,0,CV009_002,510652
62971,600,0,CV009_002,511252
62972,588,0,CV009_002,511840
62973,596,0,CV009_002,512436
62974,600,0,CV009_002,513036
62975,596,0,CV009_002,513632
62976,596,0,CV009_002,514228
62977,448,0,CV009_002,514676
62978,324,0,CV009_002,515000
62979,800,0,CV009_002,515800
62980,636,0,CV009_002,516436
62981,520,0,CV009_002,516956
62982,688,0,CV009_002,517644
62983,596,0,CV009_002,518240
62984,592,0,CV009_002,518832
62985,588,0,CV009_002,519420
62986,588,0,CV009_002,520008
62987,592,0,CV009_002,520600
62988,588,0,CV009_002,521188
62989,588,0,CV009_002,521776
62990,588,0,CV009_002,522364
62991,592,0,CV009_002,522956
62992,556,0,CV009_002,523512
62993,636,0,CV009_002,524148
62994,596,0,CV009_002,524744
62995,608,0,CV009_002,525352
62996,604,0,CV009_002,525956
62997,612,0,CV009_002,526568
62998,612,0,CV009_002,527180
62999,612,0,CV009_002,527792
63000,624,0,CV009_002,528416
63001,616,0,CV009_002,529032
63002,616,0,CV009_002,529648
63003,608,0,CV009_002,530256
63004,616,0,CV009_002,530872
63005,612,0,CV009_002,531484
63006,612,0,CV009_002,532096
63007,600,0,CV009_002,532696
63008,604,0,CV009_002,533300
63009,604,0,CV009_002,533904
63010,608,0,CV009_002,534512
63011,600,0,CV009_002,535112
63012,608,0,CV009_002,535720
63013,608,0,CV009_002,536328
63014,600,0,CV009_002,536928
63015,604,0,CV009_002,537532
63016,596,0,CV009_002,538128
63017,604,0,CV009_002,538732
63018,600,0,CV009_002,539332
63019,608,0,CV009_002,539940
63020,592,0,CV009_002,540532
63021,604,0,CV009_002,541136
63022,604,0,CV009_002,541740
63023,604,0,CV009_002,542344
63024,600,0,CV009_002,542944
63025,604,0,CV009_002,543548
63026,608,0,CV009_002,544156
63027,596,0,CV009_002,544752
63028,612,0,CV009_002,545364
63029,608,0,CV009_002,545972
63030,608,0,CV009_002,546580
63031,612,0,CV009_002,547192
63032,608,0,CV009_002,547800
63033,604,0,CV009_002,548404
63034,608,0,CV009_002,549012
63035,604,0,CV009_002,549616
63036,608,0,CV009_002,550224
63037,600,0,CV009_002,550824
63038,608,0,CV009_002,551432
63039,604,0,CV009_002,552036
63040,612,0,CV009_002,552648
63041,604,0,CV009_002,553252
63042,608,0,CV009_002,553860
63043,608,0,CV009_002,554468
63044,612,0,CV009_002,555080
63045,608,0,CV009_002,555688
63046,608,0,CV009_002,556296
63047,608,0,CV009_002,556904
63048,604,0,CV009_002,557508
63049,608,0,CV009_002,558116
63050,608,0,CV009_002,558724
63051,604,0,CV009_002,559328
63052,596,0,CV009_002,559924
63053,600,0,CV009_002,560524
63054,608,0,CV009_002,561132
63055,600,0,CV009_002,561732
63056,588,0,CV009_002,562320
63057,592,0,CV009_002,562912
63058,588,0,CV009_002,563500
63059,588,0,CV009_002,564088
63060,588,0,CV009_002,564676
63061,580,0,CV009_002,565256
63062,588,0,CV009_002,565844
63063,584,0,CV009_002,566428
63064,592,0,CV009_002,567020
63065,584,0,CV009_002,567604
63066,596,0,CV009_002,568200
63067,496,0,CV009_002,568696
63068,692,0,CV009_002,569388
63069,600,0,CV009_002,569988
63070,596,0,CV009_002,570584
63071,596,0,CV009_002,571180
63072,1192,0,CV009_002,572372
63073,600,0,CV009_002,572972
63074,600,0,CV009_002,573572
63075,596,0,CV009_002,574168
63076,600,0,CV009_002,574768
63077,608,0,CV009_002,575376
63078,608,0,CV009_002,575984
63079,604,0,CV009_002,576588
63080,608,0,CV009_002,577196
63081,604,0,CV009_002,577800
63082,604,0,CV009_002,578404
63083,608,0,CV009_002,579012
63084,604,0,CV009_002,579616
63085,608,0,CV009_002,580224
63086,464,0,CV009_002,580688
63087,328,0,CV009_002,581016
63088,820,0,CV009_002,581836
63089,640,0,CV009_002,582476
63090,608,0,CV009_002,583084
63091,596,0,CV009_002,583680
63092,592,0,CV009_002,584272
63093,588,0,CV009_002,584860
63094,588,0,CV009_002,585448
63095,584,0,CV009_002,586032
63096,584,0,CV009_002,586616
63097,588,0,CV009_002,587204
63098,1192,0,CV009_002,588396
63099,588,0,CV009_002,588984
63100,604,0,CV009_002,589588
63101,600,0,CV009_002,590188
63102,1212,0,CV009_002,591400
63103,612,0,CV009_002,592012
63104,616,0,CV009_002,592628
63105,612,0,CV009_002,593240
63106,612,0,CV009_002,593852
63107,616,0,CV009_002,594468
63108,620,0,CV009_002,595088
63109,616,0,CV009_002,595704
63110,608,0,CV009_002,596312
63111,620,0,CV009_002,596932
63112,612,0,CV009_002,597544
63113,612,0,CV009_002,598156
63114,600,0,CV009_002,598756
63115,608,0,CV009_002,599364
63116,604,0,CV009_002,599968
63117,600,0,CV009_002,600568
63118,596,0,CV009_002,601164
63119,596,0,CV009_002,601760
63120,608,0,CV009_002,602368
63121,596,0,CV009_002,602964
63122,468,0,CV009_002,603432
63123,340,0,CV009_002,603772
63124,836,0,CV009_002,604608
63125,632,0,CV009_002,605240
63126,608,0,CV009_002,605848
63127,604,0,CV009_002,606452
63128,600,0,CV009_002,607052
63129,600,0,CV009_002,607652
63130,592,0,CV009_002,608244
63131,592,0,CV009_002,608836
63132,596,0,CV009_002,609432
63133,592,0,CV009_002,610024
63134,592,0,CV009_002,610616
63135,592,0,CV009_002,611208
63136,656,1,CV009_002,611864
63137,548,0,CV009_002,612412
63138,600,0,CV009_002,613012
63139,604,0,CV009_002,613616
63140,600,0,CV009_002,614216
63141,656,1,CV009_002,614872
63142,560,0,CV009_002,615432
63143,608,0,CV009_002,616040
63144,600,0,CV009_002,616640
63145,604,0,CV009_002,617244
63146,608,0,CV009_002,617852
63147,608,0,CV009_002,618460
63148,596,0,CV009_002,619056
63149,600,0,CV009_002,619656
63150,568,0,CV009_002,620224
63151,632,0,CV009_002,620856
63152,596,0,CV009_002,621452
63153,600,0,CV009_002,622052
63154,600,0,CV009_002,622652
63155,596,0,CV009_002,623248
63156,596,0,CV009_002,623844
63157,588,0,CV009_002,624432
63158,592,0,CV009_002,625024
63159,588,0,CV009_002,625612
63160,588,0,CV009_002,626200
63161,584,0,CV009_002,626784
63162,584,0,CV009_002,627368
63163,584,0,CV009_002,627952
63164,588,0,CV009_002,628540
63165,580,0,CV009_002,629120
63166,588,0,CV009_002,629708
63167,588,0,CV009_002,630296
63168,584,0,CV009_002,630880
63169,600,0,CV009_002,631480
63170,592,0,CV009_002,632072
63171,596,0,CV009_002,632668
63172,592,0,CV009_002,633260
63173,596,0,CV009_002,633856
63174,592,0,CV009_002,634448
63175,596,0,CV009_002,635044
63176,600,0,CV009_002,635644
63177,604,0,CV009_002,636248
63178,644,1,CV009_002,636892
63179,552,0,CV009_002,637444
63180,604,0,CV009_002,638048
63181,608,0,CV009_002,638656
63182,600,0,CV009_002,639256
63183,616,0,CV009_002,639872
63184,616,0,CV009_002,640488
63185,620,0,CV009_002,641108
63186,608,0,CV009_002,641716
63187,616,0,CV009_002,642332
63188,620,0,CV009_002,642952
63189,620,0,CV009_002,643572
63190,608,0,CV009_002,644180
63191,616,0,CV009_002,644796
63192,624,0,CV009_002,645420
63193,620,0,CV009_002,646040
63194,612,0,CV009_002,646652
63195,620,0,CV009_002,647272
63196,616,0,CV009_002,647888
63197,612,0,CV009_002,648500
63198,604,0,CV009_002,649104
63199,616,0,CV009_002,649720
63200,612,0,CV009_002,650332
63201,612,0,CV009_002,650944
63202,612,0,CV009_002,651556
63203,604,0,CV009_002,652160
63204,616,0,CV009_002,652776
63205,608,0,CV009_002,653384
63206,604,0,CV009_002,653988
63207,612,0,CV009_002,654600
63208,612,0,CV009_002,655212
63209,596,0,CV009_002,655808
63210,612,0,CV009_002,656420
63211,612,0,CV009_002,657032
63212,604,0,CV009_002,657636
63213,600,0,CV009_002,658236
63214,1200,0,CV009_002,659436
63215,600,0,CV009_002,660036
63216,596,0,CV009_002,660632
63217,596,0,CV009_002,661228
63218,576,0,CV009_002,661804
63219,616,0,CV009_002,662420
63220,588,0,CV009_002,663008
63221,600,0,CV009_002,663608
63222,600,0,CV009_002,664208
63223,596,0,CV009_002,664804
63224,600,0,CV009_002,665404
63225,588,0,CV009_002,665992
63226,596,0,CV009_002,666588
63227,596,0,CV009_002,667184
63228,600,0,CV009_002,667784
63229,596,0,CV009_002,668380
63230,600,0,CV009_002,668980
63231,596,0,CV009_002,669576
63232,600,0,CV009_002,670176
63233,604,0,CV009_002,670780
63234,604,0,CV009_002,671384
63235,608,0,CV009_002,671992
63236,600,0,CV009_002,672592
63237,604,0,CV009_002,673196
63238,608,0,CV009_002,673804
63239,604,0,CV009_002,674408
63240,608,0,CV009_002,675016
63241,600,0,CV009_002,675616
63242,608,0,CV009_002,676224
63243,592,0,CV009_002,676816
63244,612,0,CV009_002,677428
63245,604,0,CV009_002,678032
63246,604,0,CV009_002,678636
63247,600,0,CV009_002,679236
63248,1196,0,CV009_002,680432
63249,600,0,CV009_002,681032
63250,492,0,CV009_002,681524
63251,708,0,CV009_002,682232
63252,1208,0,CV009_002,683440
63253,604,0,CV009_002,684044
63254,432,0,CV009_002,684476
63255,764,0,CV009_002,685240
63256,1204,0,CV009_002,686444
63257,600,0,CV009_002,687044
63258,604,0,CV009_002,687648
63259,592,0,CV009_002,688240
63260,1220,0,CV009_002,689460
63261,604,0,CV009_002,690064
63262,604,0,CV009_002,690668
63263,616,0,CV009_002,691284
63264,628,0,CV009_002,691912
63265,628,0,CV009_002,692540
63266,612,0,CV009_002,693152
63267,624,0,CV009_002,693776
63268,616,0,CV009_002,694392
63269,612,0,CV009_002,695004
63270,604,0,CV009_002,695608
63271,608,0,CV009_002,696216
63272,604,0,CV009_002,696820
63273,600,0,CV009_002,697420
63274,596,0,CV009_002,698016
63275,592,0,CV009_002,698608
63276,588,0,CV009_002,699196
63277,496,0,CV009_002,699692
63278,688,0,CV009_002,700380
63279,600,0,CV009_002,700980
63280,588,0,CV009_002,701568
63281,596,0,CV009_002,702164
63282,532,0,CV009_002,702696
63283,664,0,CV009_002,703360
63284,596,0,CV009_002,703956
63285,596,0,CV009_002,704552
63286,608,0,CV009_002,705160
63287,484,0,CV009_002,705644
63288,716,0,CV009_002,706360
63289,600,0,CV009_002,706960
63290,596,0,CV009_002,707556
63291,604,0,CV009_002,708160
63292,596,0,CV009_002,708756
63293,600,0,CV009_002,709356
63294,604,0,CV009_002,709960
63295,608,0,CV009_002,710568
63296,612,0,CV009_002,711180
63297,608,0,CV009_002,711788
63298,612,0,CV009_002,712400
63299,620,0,CV009_002,713020
63300,612,0,CV009_002,713632
63301,628,0,CV009_002,714260
63302,660,1,CV009_002,714920
63303,560,0,CV009_002,715480
63304,604,0,CV009_002,716084
63305,612,0,CV009_002,716696
63306,612,0,CV009_002,717308
63307,608,0,CV009_002,717916
63308,600,0,CV009_002,718516
63309,608,0,CV009_002,719124
63310,612,0,CV009_002,719736
63311,608,0,CV009_002,720344
63312,436,0,CV009_002,720780
63313,760,0,CV009_002,721540
63314,620,0,CV009_002,722160
63315,604,0,CV009_002,722764
63316,604,0,CV009_002,723368
63317,604,0,CV009_002,723972
63318,608,0,CV009_002,724580
63319,600,0,CV009_002,725180
63320,600,0,CV009_002,725780
63321,604,0,CV009_002,726384
63322,596,0,CV009_002,726980
63323,604,0,CV009_002,727584
63324,596,0,CV009_002,728180
63325,596,0,CV009_002,728776
63326,596,0,CV009_002,729372
63327,464,0,CV009_002,729836
63328,732,0,CV009_002,730568
63329,608,0,CV009_002,731176
63330,600,0,CV009_002,731776
63331,604,0,CV009_002,732380
63332,604,0,CV009_002,732984
63333,600,0,CV009_002,733584
63334,604,0,CV009_002,734188
63335,600,0,CV009_002,734788
63336,608,0,CV009_002,735396
63337,604,0,CV009_002,736000
63338,612,0,CV009_002,736612
63339,600,0,CV009_002,737212
63340,616,0,CV009_002,737828
63341,608,0,CV009_002,738436
63342,608,0,CV009_002,739044
63343,596,0,CV009_002,739640
63344,608,0,CV009_002,740248
63345,1224,0,CV009_002,741472
63346,604,0,CV009_002,742076
63347,608,0,CV009_002,742684
63348,612,0,CV009_002,743296
63349,612,0,CV009_002,743908
63350,604,0,CV009_002,744512
63351,608,0,CV009_002,745120
63352,608,0,CV009_002,745728
63353,608,0,CV009_002,746336
63354,600,0,CV009_002,746936
63355,608,0,CV009_002,747544
63356,612,0,CV009_002,748156
63357,608,0,CV009_002,748764
63358,600,0,CV009_002,749364
63359,612,0,CV009_002,749976
63360,612,0,CV009_002,750588
63361,616,0,CV009_002,751204
63362,604,0,CV009_002,751808
63363,616,0,CV009_002,752424
63364,616,0,CV009_002,753040
63365,608,0,CV009_002,753648
63366,604,0,CV009_002,754252
63367,1228,0,CV009_002,755480
63368,604,0,CV009_002,756084
63369,604,0,CV009_002,756688
63370,596,0,CV009_002,757284
63371,664,1,CV009_002,757948
63372,536,0,CV009_002,758484
63373,604,0,CV009_002,759088
63374,604,0,CV009_002,759692
63375,604,0,CV009_002,760296
63376,648,1,CV009_002,760944
63377,556,0,CV009_002,761500
63378,608,0,CV009_002,762108
63379,604,0,CV009_002,762712
63380,608,0,CV009_002,763320
63381,600,0,CV009_002,763920
63382,604,0,CV009_002,764524
63383,608,0,CV009_002,765132
63384,604,0,CV009_002,765736
63385,604,0,CV009_002,766340
63386,600,0,CV009_002,766940
63387,608,0,CV009_002,767548
63388,608,0,CV009_002,768156
63389,608,0,CV009_002,768764
63390,600,0,CV009_002,769364
63391,608,0,CV009_002,769972
63392,612,0,CV009_002,770584
63393,604,0,CV009_002,771188
63394,596,0,CV009_002,771784
63395,604,0,CV009_002,772388
63396,600,0,CV009_002,772988
63397,596,0,CV009_002,773584
63398,596,0,CV009_002,774180
63399,596,0,CV009_002,774776
63400,600,0,CV009_002,775376
63401,612,0,CV009_002,775988
63402,604,0,CV009_002,776592
63403,608,0,CV009_002,777200
63404,604,0,CV009_002,777804
63405,604,0,CV009_002,778408
63406,608,0,CV009_002,779016
63407,604,0,CV009_002,779620
63408,600,0,CV009_002,780220
63409,596,0,CV009_002,780816
63410,596,0,CV009_002,781412
63411,600,0,CV009_002,782012
63412,604,0,CV009_002,782616
63413,600,0,CV009_002,783216
63414,592,0,CV009_002,783808
63415,608,0,CV009_002,784416
63416,608,0,CV009_002,785024
63417,604,0,CV009_002,785628
63418,604,0,CV009_002,786232
63419,612,0,CV009_002,786844
63420,612,0,CV009_002,787456
63421,608,0,CV009_002,788064
63422,604,0,CV009_002,788668
63423,596,0,CV009_002,789264
63424,604,0,CV009_002,789868
63425,596,0,CV009_002,790464
63426,588,0,CV009_002,791052
63427,588,0,CV009_002,791640
63428,588,0,CV009_002,792228
63429,584,0,CV009_002,792812
63430,584,0,CV009_002,793396
63431,588,0,CV009_002,793984
63432,584,0,CV009_002,794568
63433,588,0,CV009_002,795156
63434,588,0,CV009_002,795744
63435,588,0,CV009_002,796332
63436,648,1,CV009_002,796980
63437,532,0,CV009_002,797512
63438,588,0,CV009_002,798100
63439,588,0,CV009_002,798688
63440,588,0,CV009_002,799276
63441,588,0,CV009_002,799864
63442,592,0,CV009_002,800456
63443,584,0,CV009_002,801040
63444,584,0,CV009_002,801624
63445,172,0,CV009_002,801796
63446,416,0,CV009_002,802212
63447,580,0,CV009_002,802792
63448,572,0,CV009_002,803364
63449,624,0,CV009_002,803988
63450,520,0,CV009_002,804508
63451,572,0,CV009_002,805080
63452,424,0,CV009_002,805504
63453,716,0,CV009_002,806220
63454,584,0,CV009_002,806804
63455,580,0,CV009_002,807384
63456,592,0,CV009_002,807976
63457,528,0,CV009_002,808504
63458,664,0,CV009_002,809168
63459,600,0,CV009_002,809768
63460,592,0,CV009_002,810360
63461,612,0,CV009_002,810972
63462,612,0,CV009_002,811584
63463,608,0,CV009_002,812192
63464,600,0,CV009_002,812792
63465,608,0,CV009_002,813400
63466,600,0,CV009_002,814000
63467,596,0,CV009_002,814596
63468,596,0,CV009_002,815192
63469,592,0,CV009_002,815784
63470,588,0,CV009_002,816372
63471,588,0,CV009_002,816960
63472,580,0,CV009_002,817540
63473,580,0,CV009_002,818120
63474,576,0,CV009_002,818696
63475,576,0,CV009_002,819272
63476,576,0,CV009_002,819848
63477,580,0,CV009_002,820428
63478,580,0,CV009_002,821008
63479,576,0,CV009_002,821584
63480,580,0,CV009_002,822164
63481,584,0,CV009_002,822748
63482,524,0,CV009_002,823272
63483,1240,0,CV009_002,824512
63484,592,0,CV009_002,825104
63485,592,0,CV009_002,825696
63486,592,0,CV009_002,826288
63487,592,0,CV009_002,826880
63488,592,0,CV009_002,827472
63489,604,0,CV009_002,828076
63490,604,0,CV009_002,828680
63491,608,0,CV009_002,829288
63492,600,0,CV009_002,829888
63493,624,0,CV009_002,830512
63494,620,0,CV009_002,831132
63495,616,0,CV009_002,831748
63496,604,0,CV009_002,832352
63497,612,0,CV009_002,832964
63498,608,0,CV009_002,833572
63499,612,0,CV009_002,834184
63500,608,0,CV009_002,834792
63501,604,0,CV009_002,835396
63502,620,0,CV009_002,836016
63503,616,0,CV009_002,836632
63504,620,0,CV009_002,837252
63505,612,0,CV009_002,837864
63506,620,0,CV009_002,838484
63507,620,0,CV009_002,839104
63508,616,0,CV009_002,839720
63509,616,0,CV009_002,840336
63510,612,0,CV009_002,840948
63511,628,0,CV009_002,841576
63512,612,0,CV009_002,842188
63513,620,0,CV009_002,842808
63514,612,0,CV009_002,843420
63515,620,0,CV009_002,844040
63516,616,0,CV009_002,844656
63517,624,0,CV009_002,845280
63518,612,0,CV009_002,845892
63519,616,0,CV009_002,846508
63520,576,0,CV009_002,847084
63521,664,0,CV009_002,847748
63522,612,0,CV009_002,848360
63523,616,0,CV009_002,848976
63524,624,0,CV009_002,849600
63525,620,0,CV009_002,850220
63526,620,0,CV009_002,850840
63527,612,0,CV009_002,851452
63528,628,0,CV009_002,852080
63529,620,0,CV009_002,852700
63530,620,0,CV009_002,853320
63531,1232,0,CV009_002,854552
63532,620,0,CV009_002,855172
63533,620,0,CV009_002,855792
63534,608,0,CV009_002,856400
63535,616,0,CV009_002,857016
63536,616,0,CV009_002,857632
63537,612,0,CV009_002,858244
63538,604,0,CV009_002,858848
63539,608,0,CV009_002,859456
63540,600,0,CV009_002,860056
63541,604,0,CV009_002,860660
63542,600,0,CV009_002,861260
63543,604,0,CV009_002,861864
63544,604,0,CV009_002,862468
63545,592,0,CV009_002,863060
63546,428,0,CV009_002,863488
63547,500,0,CV009_002,863988
63548,824,0,CV009_002,864812
63549,624,0,CV009_002,865436
63550,600,0,CV009_002,866036
63551,592,0,CV009_002,866628
63552,600,0,CV009_002,867228
63553,592,0,CV009_002,867820
63554,588,0,CV009_002,868408
63555,596,0,CV009_002,869004
63556,600,0,CV009_002,869604
63557,604,0,CV009_002,870208
63558,604,0,CV009_002,870812
63559,604,0,CV009_002,871416
63560,600,0,CV009_002,872016
63561,596,0,CV009_002,872612
63562,600,0,CV009_002,873212
63563,600,0,CV009_002,873812
63564,608,0,CV009_002,874420
63565,604,0,CV009_002,875024
63566,604,0,CV009_002,875628
63567,608,0,CV009_002,876236
63568,612,0,CV009_002,876848
63569,600,0,CV009_002,877448
63570,600,0,CV009_002,878048
63571,608,0,CV009_002,878656
63572,612,0,CV009_002,879268
63573,608,0,CV009_002,879876
63574,612,0,CV009_002,880488
63575,604,0,CV009_002,881092
63576,612,0,CV009_002,881704
63577,608,0,CV009_002,882312
63578,604,0,CV009_002,882916
63579,616,0,CV009_002,883532
63580,620,0,CV009_002,884152
63581,616,0,CV009_002,884768
63582,608,0,CV009_002,885376
63583,608,0,CV009_002,885984
63584,600,0,CV009_002,886584
63585,600,0,CV009_002,887184
63586,604,0,CV009_002,887788
63587,596,0,CV009_002,888384
63588,608,0,CV009_002,888992
63589,592,0,CV009_002,889584
63590,600,0,CV009_002,890184
63591,512,0,CV009_002,890696
63592,692,0,CV009_002,891388
63593,600,0,CV009_002,891988
63594,596,0,CV009_002,892584
63595,600,0,CV009_002,893184
63596,604,0,CV009_002,893788
63597,596,0,CV009_002,894384
63598,596,0,CV009_002,894980
63599,596,0,CV009_002,895576
63600,588,0,CV009_002,896164
63601,592,0,CV009_002,896756
63602,592,0,CV009_002,897348
63603,584,0,CV009_002,897932
63604,596,0,CV009_002,898528
63605,592,0,CV009_002,899120
63606,584,0,CV009_002,899704
63607,592,0,CV009_002,900296
63608,592,0,CV009_002,900888
63609,588,0,CV009_002,901476
63610,580,0,CV009_002,902056
63611,596,0,CV009_002,902652
63612,600,0,CV009_002,903252
63613,596,0,CV009_002,903848
63614,608,0,CV009_002,904456
63615,596,0,CV009_002,905052
63616,620,0,CV009_002,905672
63617,620,0,CV009_002,906292
63618,624,0,CV009_002,906916
63619,616,0,CV009_002,907532
63620,620,0,CV009_002,908152
63621,620,0,CV009_002,908772
63622,616,0,CV009_002,909388
63623,620,0,CV009_002,910008
63624,608,0,CV009_002,910616
63625,620,0,CV009_002,911236
63626,616,0,CV009_002,911852
63627,616,0,CV009_002,912468
63628,612,0,CV009_002,913080
63629,608,0,CV009_002,913688
63630,612,0,CV009_002,914300
63631,616,0,CV009_002,914916
63632,604,0,CV009_002,915520
63633,600,0,CV009_002,916120
63634,616,0,CV009_002,916736
63635,560,0,CV009_003,560
63636,516,0,CV009_003,1076
63637,368,0,CV009_003,1444
63638,92,0,CV009_003,1536
63639,512,0,CV009_003,2048
63640,508,0,CV009_003,2556
63641,508,0,CV009_003,3064
63642,508,0,CV009_003,3572
63643,504,0,CV009_003,4076
63644,508,0,CV009_003,4584
63645,508,0,CV009_003,5092
63646,504,0,CV009_003,5596
63647,500,0,CV009_003,6096
63648,508,0,CV009_003,6604
63649,504,0,CV009_003,7108
63650,508,0,CV009_003,7616
63651,508,0,CV009_003,8124
63652,508,0,CV009_003,8632
63653,508,0,CV009_003,9140
63654,512,0,CV009_003,9652
63655,512,0,CV009_003,10164
63656,512,0,CV009_003,10676
63657,512,0,CV009_003,11188
63658,516,0,CV009_003,11704
63659,516,0,CV009_003,12220
63660,516,0,CV009_003,12736
63661,512,0,CV009_003,13248
63662,516,0,CV009_003,13764
63663,516,0,CV009_003,14280
63664,516,0,CV009_003,14796
63665,516,0,CV009_003,15312
63666,516,0,CV009_003,15828
63667,560,0,CV009_003,16388
63668,1028,0,CV009_003,17416
63669,464,0,CV009_003,17880
63670,516,0,CV009_003,18396
63671,508,0,CV009_003,18904
63672,512,0,CV009_003,19416
63673,516,0,CV009_003,19932
63674,512,0,CV009_003,20444
63675,508,0,CV009_003,20952
63676,508,0,CV009_003,21460
63677,520,0,CV009_003,21980
63678,560,1,CV009_003,22540
63679,468,0,CV009_003,23008
63680,516,0,CV009_003,23524
63681,520,0,CV009_003,24044
63682,516,0,CV009_003,24560
63683,512,0,CV009_003,25072
63684,520,0,CV009_003,25592
63685,524,0,CV009_003,26116
63686,516,0,CV009_003,26632
63687,520,0,CV009_003,27152
63688,524,0,CV009_003,27676
63689,516,0,CV009_003,28192
63690,568,1,CV009_003,28760
63691,472,0,CV009_003,29232
63692,516,0,CV009_003,29748
63693,516,0,CV009_003,30264
63694,524,0,CV009_003,30788
63695,1600,0,CV009_003,32388
63696,472,0,CV009_003,32860
63697,516,0,CV009_003,33376
63698,520,0,CV009_003,33896
63699,524,0,CV009_003,34420
63700,520,0,CV009_003,34940
63701,520,0,CV009_003,35460
63702,528,0,CV009_003,35988
63703,580,1,CV009_003,36568
63704,472,0,CV009_003,37040
63705,528,0,CV009_003,37568
63706,532,0,CV009_003,38100
63707,524,0,CV009_003,38624
63708,524,0,CV009_003,39148
63709,532,0,CV009_003,39680
63710,532,0,CV009_003,40212
63711,528,0,CV009_003,40740
63712,532,0,CV009_003,41272
63713,584,1,CV009_003,41856
63714,484,0,CV009_003,42340
63715,528,0,CV009_003,42868
63716,528,0,CV009_003,43396
63717,528,0,CV009_003,43924
63718,532,0,CV009_003,44456
63719,516,0,CV009_003,44972
63720,1052,0,CV009_003,46024
63721,524,0,CV009_003,46548
63722,520,0,CV009_003,47068
63723,528,0,CV009_003,47596
63724,516,0,CV009_003,48112
63725,524,0,CV009_003,48636
63726,528,0,CV009_003,49164
63727,520,0,CV009_003,49684
63728,528,0,CV009_003,50212
63729,528,0,CV009_003,50740
63730,516,0,CV009_003,51256
63731,528,0,CV009_003,51784
63732,528,0,CV009_003,52312
63733,520,0,CV009_003,52832
63734,528,0,CV009_003,53360
63735,532,0,CV009_003,53892
63736,520,0,CV009_003,54412
63737,524,0,CV009_003,54936
63738,532,0,CV009_003,55468
63739,516,0,CV009_003,55984
63740,572,1,CV009_003,56556
63741,480,0,CV009_003,57036
63742,524,0,CV009_003,57560
63743,524,0,CV009_003,58084
63744,524,0,CV009_003,58608
63745,520,0,CV009_003,59128
63746,524,0,CV009_003,59652
63747,528,0,CV009_003,60180
63748,520,0,CV009_003,60700
63749,528,0,CV009_003,61228
63750,572,0,CV009_003,61800
63751,520,0,CV009_003,62320
63752,476,0,CV009_003,62796
63753,528,0,CV009_003,63324
63754,520,0,CV009_003,63844
63755,524,0,CV009_003,64368
63756,576,1,CV009_003,64944
63757,480,0,CV009_003,65424
63758,524,0,CV009_003,65948
63759,528,0,CV009_003,66476
63760,528,0,CV009_003,67004
63761,576,1,CV009_003,67580
63762,472,0,CV009_003,68052
63763,532,0,CV009_003,68584
63764,528,0,CV009_003,69112
63765,520,0,CV009_003,69632
63766,532,0,CV009_003,70164
63767,528,0,CV009_003,70692
63768,524,0,CV009_003,71216
63769,532,0,CV009_003,71748
63770,528,0,CV009_003,72276
63771,524,0,CV009_003,72800
63772,532,0,CV009_003,73332
63773,528,0,CV009_003,73860
63774,532,0,CV009_003,74392
63775,524,0,CV009_003,74916
63776,532,0,CV009_003,75448
63777,580,0,CV009_003,76028
63778,1012,0,CV009_003,77040
63779,532,0,CV009_003,77572
63780,524,0,CV009_003,78096
63781,528,0,CV009_003,78624
63782,536,0,CV009_003,79160
63783,528,0,CV009_003,79688
63784,520,0,CV009_003,80208
63785,584,1,CV009_003,80792
63786,480,0,CV009_003,81272
63787,524,0,CV009_003,81796
63788,532,0,CV009_003,82328
63789,532,0,CV009_003,82860
63790,528,0,CV009_003,83388
63791,532,0,CV009_003,83920
63792,532,0,CV009_003,84452
63793,528,0,CV009_003,84980
63794,1068,0,CV009_003,86048
63795,532,0,CV009_003,86580
63796,528,0,CV009_003,87108
63797,536,0,CV009_003,87644
63798,532,0,CV009_003,88176
63799,1068,0,CV009_003,89244
63800,540,0,CV009_003,89784
63801,528,0,CV009_003,90312
63802,536,0,CV009_003,90848
63803,540,0,CV009_003,91388
63804,528,0,CV009_003,91916
63805,536,0,CV009_003,92452
63806,536,0,CV009_003,92988
63807,1064,0,CV009_003,94052
63808,540,0,CV009_003,94592
63809,528,0,CV009_003,95120
63810,532,0,CV009_003,95652
63811,588,0,CV009_003,96240
63812,528,0,CV009_003,96768
63813,488,0,CV009_003,97256
63814,536,0,CV009_003,97792
63815,532,0,CV009_003,98324
63816,528,0,CV009_003,98852
63817,532,0,CV009_003,99384
63818,540,0,CV009_003,99924
63819,524,0,CV009_003,100448
63820,532,0,CV009_003,100980
63821,1068,0,CV009_003,102048
63822,532,0,CV009_003,102580
63823,536,0,CV009_003,103116
63824,536,0,CV009_003,103652
63825,528,0,CV009_003,104180
63826,540,0,CV009_003,104720
63827,536,0,CV009_003,105256
63828,532,0,CV009_003,105788
63829,532,0,CV009_003,106320
63830,540,0,CV009_003,106860
63831,528,0,CV009_003,107388
63832,532,0,CV009_003,107920
63833,540,0,CV009_003,108460
63834,528,0,CV009_003,108988
63835,1072,0,CV009_003,110060
63836,532,0,CV009_003,110592
63837,536,0,CV009_003,111128
63838,584,1,CV009_003,111712
63839,488,0,CV009_003,112200
63840,528,0,CV009_003,112728
63841,540,0,CV009_003,113268
63842,536,0,CV009_003,113804
63843,532,0,CV009_003,114336
63844,536,0,CV009_003,114872
63845,532,0,CV009_003,115404
63846,528,0,CV009_003,115932
63847,536,0,CV009_003,116468
63848,532,0,CV009_003,117000
63849,1064,0,CV009_003,118064
63850,268,0,CV009_003,118332
63851,268,0,CV009_003,118600
63852,528,0,CV009_003,119128
63853,584,0,CV009_003,119712
63854,488,0,CV009_003,120200
63855,528,0,CV009_003,120728
63856,536,0,CV009_003,121264
63857,540,0,CV009_003,121804
63858,532,0,CV009_003,122336
63859,532,0,CV009_003,122868
63860,540,0,CV009_003,123408
63861,536,0,CV009_003,123944
63862,532,0,CV009_003,124476
63863,536,0,CV009_003,125012
63864,588,1,CV009_003,125600
63865,484,0,CV009_003,126084
63866,540,0,CV009_003,126624
63867,544,0,CV009_003,127168
63868,536,0,CV009_003,127704
63869,540,0,CV009_003,128244
63870,544,0,CV009_003,128788
63871,536,0,CV009_003,129324
63872,544,0,CV009_003,129868
63873,532,0,CV009_003,130400
63874,540,0,CV009_003,130940
63875,540,0,CV009_003,131480
63876,532,0,CV009_003,132012
63877,584,0,CV009_003,132596
63878,488,0,CV009_003,133084
63879,524,0,CV009_003,133608
63880,580,0,CV009_003,134188
63881,488,0,CV009_003,134676
63882,528,0,CV009_003,135204
63883,528,0,CV009_003,135732
63884,536,0,CV009_003,136268
63885,528,0,CV009_003,136796
63886,528,0,CV009_003,137324
63887,536,0,CV009_003,137860
63888,528,0,CV009_003,138388
63889,528,0,CV009_003,138916
63890,536,0,CV009_003,139452
63891,532,0,CV009_003,139984
63892,528,0,CV009_003,140512
63893,532,0,CV009_003,141044
63894,580,1,CV009_003,141624
63895,472,0,CV009_003,142096
63896,532,0,CV009_003,142628
63897,528,0,CV009_003,143156
63898,524,0,CV009_003,143680
63899,528,0,CV009_003,144208
63900,524,0,CV009_003,144732
63901,512,0,CV009_003,145244
63902,528,0,CV009_003,145772
63903,520,0,CV009_003,146292
63904,520,0,CV009_003,146812
63905,516,0,CV009_003,147328
63906,520,0,CV009_003,147848
63907,524,0,CV009_003,148372
63908,516,0,CV009_003,148888
63909,516,0,CV009_003,149404
63910,524,0,CV009_003,149928
63911,520,0,CV009_003,150448
63912,516,0,CV009_003,150964
63913,520,0,CV009_003,151484
63914,520,0,CV009_003,152004
63915,520,0,CV009_003,152524
63916,520,0,CV009_003,153044
63917,568,0,CV009_003,153612
63918,524,0,CV009_003,154136
63919,472,0,CV009_003,154608
63920,520,0,CV009_003,155128
63921,528,0,CV009_003,155656
63922,524,0,CV009_003,156180
63923,524,0,CV009_003,156704
63924,524,0,CV009_003,157228
63925,528,0,CV009_003,157756
63926,528,0,CV009_003,158284
63927,524,0,CV009_003,158808
63928,532,0,CV009_003,159340
63929,532,0,CV009_003,159872
63930,524,0,CV009_003,160396
63931,532,0,CV009_003,160928
63932,528,0,CV009_003,161456
63933,576,0,CV009_003,162032
63934,484,0,CV009_003,162516
63935,528,0,CV009_003,163044
63936,576,0,CV009_003,163620
63937,476,0,CV009_003,164096
63938,532,0,CV009_003,164628
63939,532,0,CV009_003,165160
63940,524,0,CV009_003,165684
63941,532,0,CV009_003,166216
63942,532,0,CV009_003,166748
63943,532,0,CV009_003,167280
63944,524,0,CV009_003,167804
63945,532,0,CV009_003,168336
63946,536,0,CV009_003,168872
63947,532,0,CV009_003,169404
63948,528,0,CV009_003,169932
63949,532,0,CV009_003,170464
63950,532,0,CV009_003,170996
63951,524,0,CV009_003,171520
63952,528,0,CV009_003,172048
63953,580,1,CV009_003,172628
63954,480,0,CV009_003,173108
63955,528,0,CV009_003,173636
63956,528,0,CV009_003,174164
63957,524,0,CV009_003,174688
63958,528,0,CV009_003,175216
63959,532,0,CV009_003,175748
63960,524,0,CV009_003,176272
63961,528,0,CV009_003,176800
63962,524,0,CV009_003,177324
63963,524,0,CV009_003,177848
63964,528,0,CV009_003,178376
63965,520,0,CV009_003,178896
63966,520,0,CV009_003,179416
63967,524,0,CV009_003,179940
63968,528,0,CV009_003,180468
63969,528,0,CV009_003,180996
63970,512,0,CV009_003,181508
63971,572,0,CV009_003,182080
63972,464,0,CV009_003,182544
63973,524,0,CV009_003,183068
63974,564,0,CV009_003,183632
63975,472,0,CV009_003,184104
63976,516,0,CV009_003,184620
63977,512,0,CV009_003,185132
63978,512,0,CV009_003,185644
63979,512,0,CV009_003,186156
63980,516,0,CV009_003,186672
63981,512,0,CV009_003,187184
63982,516,0,CV009_003,187700
63983,520,0,CV009_003,188220
63984,516,0,CV009_003,188736
63985,516,0,CV009_003,189252
63986,520,0,CV009_003,189772
63987,524,0,CV009_003,190296
63988,520,0,CV009_003,190816
63989,516,0,CV009_003,191332
63990,520,0,CV009_003,191852
63991,524,0,CV009_003,192376
63992,524,0,CV009_003,192900
63993,516,0,CV009_003,193416
63994,524,0,CV009_003,193940
63995,528,0,CV009_003,194468
63996,524,0,CV009_003,194992
63997,524,0,CV009_003,195516
63998,524,0,CV009_003,196040
63999,1052,0,CV009_003,197092
64000,524,0,CV009_003,197616
64001,528,0,CV009_003,198144
64002,528,0,CV009_003,198672
64003,528,0,CV009_003,199200
64004,528,0,CV009_003,199728
64005,536,0,CV009_003,200264
64006,536,0,CV009_003,200800
64007,536,0,CV009_003,201336
64008,532,0,CV009_003,201868
64009,536,0,CV009_003,202404
64010,536,0,CV009_003,202940
64011,532,0,CV009_003,203472
64012,580,0,CV009_003,204052
64013,488,0,CV009_003,204540
64014,532,0,CV009_003,205072
64015,572,0,CV009_003,205644
64016,480,0,CV009_003,206124
64017,532,0,CV009_003,206656
64018,520,0,CV009_003,207176
64019,532,0,CV009_003,207708
64020,532,0,CV009_003,208240
64021,524,0,CV009_003,208764
64022,528,0,CV009_003,209292
64023,528,0,CV009_003,209820
64024,532,0,CV009_003,210352
64025,524,0,CV009_003,210876
64026,524,0,CV009_003,211400
64027,524,0,CV009_003,211924
64028,524,0,CV009_003,212448
64029,572,0,CV009_003,213020
64030,476,0,CV009_003,213496
64031,568,0,CV009_003,214064
64032,472,0,CV009_003,214536
64033,516,0,CV009_003,215052
64034,572,0,CV009_003,215624
64035,468,0,CV009_003,216092
64036,564,0,CV009_003,216656
64037,476,0,CV009_003,217132
64038,564,0,CV009_003,217696
64039,472,0,CV009_003,218168
64040,520,0,CV009_003,218688
64041,528,0,CV009_003,219216
64042,516,0,CV009_003,219732
64043,524,0,CV009_003,220256
64044,524,0,CV009_003,220780
64045,520,0,CV009_003,221300
64046,520,0,CV009_003,221820
64047,524,0,CV009_003,222344
64048,520,0,CV009_003,222864
64049,524,0,CV009_003,223388
64050,528,0,CV009_003,223916
64051,512,0,CV009_003,224428
64052,576,1,CV009_003,225004
64053,480,0,CV009_003,225484
64054,516,0,CV009_003,226000
64055,528,0,CV009_003,226528
64056,524,0,CV009_003,227052
64057,512,0,CV009_003,227564
64058,532,0,CV009_003,228096
64059,572,1,CV009_003,228668
64060,472,0,CV009_003,229140
64061,524,0,CV009_003,229664
64062,532,0,CV009_003,230196
64063,520,0,CV009_003,230716
64064,528,0,CV009_003,231244
64065,532,0,CV009_003,231776
64066,524,0,CV009_003,232300
64067,524,0,CV009_003,232824
64068,532,0,CV009_003,233356
64069,532,0,CV009_003,233888
64070,520,0,CV009_003,234408
64071,580,1,CV009_003,234988
64072,484,0,CV009_003,235472
64073,528,0,CV009_003,236000
64074,532,0,CV009_003,236532
64075,524,0,CV009_003,237056
64076,1068,0,CV009_003,238124
64077,524,0,CV009_003,238648
64078,528,0,CV009_003,239176
64079,536,0,CV009_003,239712
64080,532,0,CV009_003,240244
64081,528,0,CV009_003,240772
64082,532,0,CV009_003,241304
64083,536,0,CV009_003,241840
64084,532,0,CV009_003,242372
64085,528,0,CV009_003,242900
64086,540,0,CV009_003,243440
64087,528,0,CV009_003,243968
64088,528,0,CV009_003,244496
64089,532,0,CV009_003,245028
64090,536,0,CV009_003,245564
64091,524,0,CV009_003,246088
64092,580,0,CV009_003,246668
64093,532,0,CV009_003,247200
64094,484,0,CV009_003,247684
64095,528,0,CV009_003,248212
64096,536,0,CV009_003,248748
64097,532,0,CV009_003,249280
64098,532,0,CV009_003,249812
64099,536,0,CV009_003,250348
64100,528,0,CV009_003,250876
64101,536,0,CV009_003,251412
64102,536,0,CV009_003,251948
64103,536,0,CV009_003,252484
64104,532,0,CV009_003,253016
64105,536,0,CV009_003,253552
64106,540,0,CV009_003,254092
64107,576,1,CV009_003,254668
64108,488,0,CV009_003,255156
64109,536,0,CV009_003,255692
64110,540,0,CV009_003,256232
64111,532,0,CV009_003,256764
64112,536,0,CV009_003,257300
64113,540,0,CV009_003,257840
64114,528,0,CV009_003,258368
64115,540,0,CV009_003,258908
64116,536,0,CV009_003,259444
64117,532,0,CV009_003,259976
64118,540,0,CV009_003,260516
64119,528,0,CV009_003,261044
64120,532,0,CV009_003,261576
64121,532,0,CV009_003,262108
64122,576,1,CV009_003,262684
64123,480,0,CV009_003,263164
64124,528,0,CV009_003,263692
64125,528,0,CV009_003,264220
64126,528,0,CV009_003,264748
64127,524,0,CV009_003,265272
64128,520,0,CV009_003,265792
64129,532,0,CV009_003,266324
64130,516,0,CV009_003,266840
64131,528,0,CV009_003,267368
64132,520,0,CV009_003,267888
64133,516,0,CV009_003,268404
64134,520,0,CV009_003,268924
64135,524,0,CV009_003,269448
64136,516,0,CV009_003,269964
64137,520,0,CV009_003,270484
64138,524,0,CV009_003,271008
64139,520,0,CV009_003,271528
64140,520,0,CV009_003,272048
64141,524,0,CV009_003,272572
64142,520,0,CV009_003,273092
64143,568,1,CV009_003,273660
64144,476,0,CV009_003,274136
64145,524,0,CV009_003,274660
64146,520,0,CV009_003,275180
64147,520,0,CV009_003,275700
64148,524,0,CV009_003,276224
64149,520,0,CV009_003,276744
64150,524,0,CV009_003,277268
64151,524,0,CV009_003,277792
64152,520,0,CV009_003,278312
64153,516,0,CV009_003,278828
64154,572,1,CV009_003,279400
64155,468,0,CV009_003,279868
64156,520,0,CV009_003,280388
64157,520,0,CV009_003,280908
64158,516,0,CV009_003,281424
64159,512,0,CV009_003,281936
64160,520,0,CV009_003,282456
64161,516,0,CV009_003,282972
64162,512,0,CV009_003,283484
64163,520,0,CV009_003,284004
64164,516,0,CV009_003,284520
64165,516,0,CV009_003,285036
64166,520,0,CV009_003,285556
64167,520,0,CV009_003,286076
64168,516,0,CV009_003,286592
64169,520,0,CV009_003,287112
64170,568,0,CV009_003,287680
64171,516,0,CV009_003,288196
64172,472,0,CV009_003,288668
64173,524,0,CV009_003,289192
64174,516,0,CV009_003,289708
64175,524,0,CV009_003,290232
64176,524,0,CV009_003,290756
64177,520,0,CV009_003,291276
64178,520,0,CV009_003,291796
64179,568,0,CV009_003,292364
64180,520,0,CV009_003,292884
64181,476,0,CV009_003,293360
64182,516,0,CV009_003,293876
64183,520,0,CV009_003,294396
64184,520,0,CV009_003,294916
64185,516,0,CV009_003,295432
64186,520,0,CV009_003,295952
64187,520,0,CV009_003,296472
64188,516,0,CV009_003,296988
64189,520,0,CV009_003,297508
64190,520,0,CV009_003,298028
64191,516,0,CV009_003,298544
64192,520,0,CV009_003,299064
64193,524,0,CV009_003,299588
64194,516,0,CV009_003,300104
64195,572,1,CV009_003,300676
64196,476,0,CV009_003,301152
64197,520,0,CV009_003,301672
64198,520,0,CV009_003,302192
64199,528,0,CV009_003,302720
64200,524,0,CV009_003,303244
64201,524,0,CV009_003,303768
64202,576,1,CV009_003,304344
64203,476,0,CV009_003,304820
64204,528,0,CV009_003,305348
64205,528,0,CV009_003,305876
64206,528,0,CV009_003,306404
64207,524,0,CV009_003,306928
64208,528,0,CV009_003,307456
64209,524,0,CV009_003,307980
64210,524,0,CV009_003,308504
64211,524,0,CV009_003,309028
64212,528,0,CV009_003,309556
64213,524,0,CV009_003,310080
64214,524,0,CV009_003,310604
64215,536,0,CV009_003,311140
64216,568,1,CV009_003,311708
64217,484,0,CV009_003,312192
64218,532,0,CV009_003,312724
64219,528,0,CV009_003,313252
64220,536,0,CV009_003,313788
64221,536,0,CV009_003,314324
64222,528,0,CV009_003,314852
64223,532,0,CV009_003,315384
64224,536,0,CV009_003,315920
64225,528,0,CV009_003,316448
64226,528,0,CV009_003,316976
64227,536,0,CV009_003,317512
64228,528,0,CV009_003,318040
64229,524,0,CV009_003,318564
64230,532,0,CV009_003,319096
64231,1104,0,CV009_003,320200
64232,528,0,CV009_003,320728
64233,1012,0,CV009_003,321740
64234,580,0,CV009_003,322320
64235,484,0,CV009_003,322804
64236,536,0,CV009_003,323340
64237,524,0,CV009_003,323864
64238,540,0,CV009_003,324404
64239,532,0,CV009_003,324936
64240,532,0,CV009_003,325468
64241,536,0,CV009_003,326004
64242,536,0,CV009_003,326540
64243,524,0,CV009_003,327064
64244,540,0,CV009_003,327604
64245,584,0,CV009_003,328188
64246,528,0,CV009_003,328716
64247,492,0,CV009_003,329208
64248,580,0,CV009_003,329788
64249,1024,0,CV009_003,330812
64250,584,0,CV009_003,331396
64251,480,0,CV009_003,331876
64252,536,0,CV009_003,332412
64253,532,0,CV009_003,332944
64254,536,0,CV009_003,333480
64255,528,0,CV009_003,334008
64256,536,0,CV009_003,334544
64257,536,0,CV009_003,335080
64258,532,0,CV009_003,335612
64259,532,0,CV009_003,336144
64260,580,0,CV009_003,336724
64261,480,0,CV009_003,337204
64262,576,0,CV009_003,337780
64263,532,0,CV009_003,338312
64264,480,0,CV009_003,338792
64265,528,0,CV009_003,339320
64266,532,0,CV009_003,339852
64267,524,0,CV009_003,340376
64268,532,0,CV009_003,340908
64269,532,0,CV009_003,341440
64270,528,0,CV009_003,341968
64271,528,0,CV009_003,342496
64272,536,0,CV009_003,343032
64273,524,0,CV009_003,343556
64274,536,0,CV009_003,344092
64275,532,0,CV009_003,344624
64276,528,0,CV009_003,345152
64277,536,0,CV009_003,345688
64278,580,1,CV009_003,346268
64279,480,0,CV009_003,346748
64280,532,0,CV009_003,347280
64281,528,0,CV009_003,347808
64282,532,0,CV009_003,348340
64283,536,0,CV009_003,348876
64284,532,0,CV009_003,349408
64285,532,0,CV009_003,349940
64286,536,0,CV009_003,350476
64287,532,0,CV009_003,351008
64288,532,0,CV009_003,351540
64289,540,0,CV009_003,352080
64290,532,0,CV009_003,352612
64291,532,0,CV009_003,353144
64292,584,0,CV009_003,353728
64293,532,0,CV009_003,354260
64294,484,0,CV009_003,354744
64295,536,0,CV009_003,355280
64296,536,0,CV009_003,355816
64297,532,0,CV009_003,356348
64298,536,0,CV009_003,356884
64299,536,0,CV009_003,357420
64300,532,0,CV009_003,357952
64301,532,0,CV009_003,358484
64302,536,0,CV009_003,359020
64303,528,0,CV009_003,359548
64304,528,0,CV009_003,360076
64305,532,0,CV009_003,360608
64306,520,0,CV009_003,361128
64307,1048,0,CV009_003,362176
64308,528,0,CV009_003,362704
64309,520,0,CV009_003,363224
64310,520,0,CV009_003,363744
64311,528,0,CV009_003,364272
64312,520,0,CV009_003,364792
64313,516,0,CV009_003,365308
64314,516,0,CV009_003,365824
64315,524,0,CV009_003,366348
64316,516,0,CV009_003,366864
64317,520,0,CV009_003,367384
64318,524,0,CV009_003,367908
64319,520,0,CV009_003,368428
64320,516,0,CV009_003,368944
64321,524,0,CV009_003,369468
64322,524,0,CV009_003,369992
64323,520,0,CV009_003,370512
64324,524,0,CV009_003,371036
64325,524,0,CV009_003,371560
64326,520,0,CV009_003,372080
64327,532,0,CV009_003,372612
64328,520,0,CV009_003,373132
64329,1056,0,CV009_003,374188
64330,524,0,CV009_003,374712
64331,524,0,CV009_003,375236
64332,532,0,CV009_003,375768
64333,520,0,CV009_003,376288
64334,528,0,CV009_003,376816
64335,532,0,CV009_003,377348
64336,524,0,CV009_003,377872
64337,524,0,CV009_003,378396
64338,524,0,CV009_003,378920
64339,528,0,CV009_003,379448
64340,524,0,CV009_003,379972
64341,524,0,CV009_003,380496
64342,528,0,CV009_003,381024
64343,528,0,CV009_003,381552
64344,528,0,CV009_003,382080
64345,528,0,CV009_003,382608
64346,580,0,CV009_003,383188
64347,524,0,CV009_003,383712
64348,484,0,CV009_003,384196
64349,536,0,CV009_003,384732
64350,532,0,CV009_003,385264
64351,532,0,CV009_003,385796
64352,536,0,CV009_003,386332
64353,536,0,CV009_003,386868
64354,532,0,CV009_003,387400
64355,536,0,CV009_003,387936
64356,540,0,CV009_003,388476
64357,532,0,CV009_003,389008
64358,536,0,CV009_003,389544
64359,536,0,CV009_003,390080
64360,536,0,CV009_003,390616
64361,536,0,CV009_003,391152
64362,580,1,CV009_003,391732
64363,492,0,CV009_003,392224
64364,536,0,CV009_003,392760
64365,532,0,CV009_003,393292
64366,536,0,CV009_003,393828
64367,536,0,CV009_003,394364
64368,536,0,CV009_003,394900
64369,536,0,CV009_003,395436
64370,540,0,CV009_003,395976
64371,536,0,CV009_003,396512
64372,536,0,CV009_003,397048
64373,536,0,CV009_003,397584
64374,588,1,CV009_003,398172
64375,480,0,CV009_003,398652
64376,548,0,CV009_003,399200
64377,540,0,CV009_003,399740
64378,532,0,CV009_003,400272
64379,536,0,CV009_003,400808
64380,540,0,CV009_003,401348
64381,536,0,CV009_003,401884
64382,532,0,CV009_003,402416
64383,540,0,CV009_003,402956
64384,540,0,CV009_003,403496
64385,540,0,CV009_003,404036
64386,536,0,CV009_003,404572
64387,540,0,CV009_003,405112
64388,540,0,CV009_003,405652
64389,532,0,CV009_003,406184
64390,536,0,CV009_003,406720
64391,544,0,CV009_003,407264
64392,532,0,CV009_003,407796
64393,536,0,CV009_003,408332
64394,540,0,CV009_003,408872
64395,536,0,CV009_003,409408
64396,536,0,CV009_003,409944
64397,536,0,CV009_003,410480
64398,540,0,CV009_003,411020
64399,532,0,CV009_003,411552
64400,540,0,CV009_003,412092
64401,536,0,CV009_003,412628
64402,536,0,CV009_003,413164
64403,584,1,CV009_003,413748
64404,492,0,CV009_003,414240
64405,536,0,CV009_003,414776
64406,532,0,CV009_003,415308
64407,536,0,CV009_003,415844
64408,540,0,CV009_003,416384
64409,536,0,CV009_003,416920
64410,536,0,CV009_003,417456
64411,540,0,CV009_003,417996
64412,536,0,CV009_003,418532
64413,584,1,CV009_003,419116
64414,492,0,CV009_003,419608
64415,536,0,CV009_003,420144
64416,532,0,CV009_003,420676
64417,544,0,CV009_003,421220
64418,536,0,CV009_003,421756
64419,540,0,CV009_003,422296
64420,544,0,CV009_003,422840
64421,536,0,CV009_003,423376
64422,540,0,CV009_003,423916
64423,544,0,CV009_003,424460
64424,536,0,CV009_003,424996
64425,540,0,CV009_003,425536
64426,588,0,CV009_003,426124
64427,488,0,CV009_003,426612
64428,540,0,CV009_003,427152
64429,588,0,CV009_003,427740
64430,484,0,CV009_003,428224
64431,540,0,CV009_003,428764
64432,536,0,CV009_003,429300
64433,532,0,CV009_003,429832
64434,536,0,CV009_003,430368
64435,584,1,CV009_003,430952
64436,488,0,CV009_003,431440
64437,532,0,CV009_003,431972
64438,536,0,CV009_003,432508
64439,588,1,CV009_003,433096
64440,484,0,CV009_003,433580
64441,532,0,CV009_003,434112
64442,544,0,CV009_003,434656
64443,536,0,CV009_003,435192
64444,536,0,CV009_003,435728
64445,544,0,CV009_003,436272
64446,544,0,CV009_003,436816
64447,536,0,CV009_003,437352
64448,544,0,CV009_003,437896
64449,544,0,CV009_003,438440
64450,540,0,CV009_003,438980
64451,540,0,CV009_003,439520
64452,544,0,CV009_003,440064
64453,540,0,CV009_003,440604
64454,540,0,CV009_003,441144
64455,1084,0,CV009_003,442228
64456,536,0,CV009_003,442764
64457,540,0,CV009_003,443304
64458,536,0,CV009_003,443840
64459,540,0,CV009_003,444380
64460,532,0,CV009_003,444912
64461,540,0,CV009_003,445452
64462,532,0,CV009_003,445984
64463,540,0,CV009_003,446524
64464,536,0,CV009_003,447060
64465,532,0,CV009_003,447592
64466,536,0,CV009_003,448128
64467,544,0,CV009_003,448672
64468,532,0,CV009_003,449204
64469,544,0,CV009_003,449748
64470,544,0,CV009_003,450292
64471,536,0,CV009_003,450828
64472,540,0,CV009_003,451368
64473,544,0,CV009_003,451912
64474,536,0,CV009_003,452448
64475,540,0,CV009_003,452988
64476,544,0,CV009_003,453532
64477,540,0,CV009_003,454072
64478,544,0,CV009_003,454616
64479,540,0,CV009_003,455156
64480,1080,0,CV009_003,456236
64481,532,0,CV009_003,456768
64482,544,0,CV009_003,457312
64483,544,0,CV009_003,457856
64484,536,0,CV009_003,458392
64485,540,0,CV009_003,458932
64486,540,0,CV009_003,459472
64487,536,0,CV009_003,460008
64488,536,0,CV009_003,460544
64489,544,0,CV009_003,461088
64490,536,0,CV009_003,461624
64491,536,0,CV009_003,462160
64492,1080,0,CV009_003,463240
64493,532,0,CV009_003,463772
64494,540,0,CV009_003,464312
64495,540,0,CV009_003,464852
64496,480,0,CV009_003,465332
64497,596,0,CV009_003,465928
64498,544,0,CV009_003,466472
64499,532,0,CV009_003,467004
64500,512,0,CV009_003,467516
64501,564,0,CV009_003,468080
64502,528,0,CV009_003,468608
64503,540,0,CV009_003,469148
64504,536,0,CV009_003,469684
64505,536,0,CV009_003,470220
64506,532,0,CV009_003,470752
64507,532,0,CV009_003,471284
64508,532,0,CV009_003,471816
64509,524,0,CV009_003,472340
64510,528,0,CV009_003,472868
64511,536,0,CV009_003,473404
64512,532,0,CV009_003,473936
64513,524,0,CV009_003,474460
64514,532,0,CV009_003,474992
64515,536,0,CV009_003,475528
64516,528,0,CV009_003,476056
64517,532,0,CV009_003,476588
64518,532,0,CV009_003,477120
64519,536,0,CV009_003,477656
64520,536,0,CV009_003,478192
64521,1060,0,CV009_003,479252
64522,536,0,CV009_003,479788
64523,532,0,CV009_003,480320
64524,532,0,CV009_003,480852
64525,540,0,CV009_003,481392
64526,536,0,CV009_003,481928
64527,576,1,CV009_003,482504
64528,496,0,CV009_003,483000
64529,540,0,CV009_003,483540
64530,540,0,CV009_003,484080
64531,544,0,CV009_003,484624
64532,548,0,CV009_003,485172
64533,1088,0,CV009_003,486260
64534,548,0,CV009_003,486808
64535,552,0,CV009_003,487360
64536,544,0,CV009_003,487904
64537,548,0,CV009_003,488452
64538,540,0,CV009_003,488992
64539,544,0,CV009_003,489536
64540,548,0,CV009_003,490084
64541,536,0,CV009_003,490620
64542,540,0,CV009_003,491160
64543,540,0,CV009_003,491700
64544,540,0,CV009_003,492240
64545,528,0,CV009_003,492768
64546,536,0,CV009_003,493304
64547,544,0,CV009_003,493848
64548,532,0,CV009_003,494380
64549,540,0,CV009_003,494920
64550,548,0,CV009_003,495468
64551,540,0,CV009_003,496008
64552,540,0,CV009_003,496548
64553,544,0,CV009_003,497092
64554,548,0,CV009_003,497640
64555,540,0,CV009_003,498180
64556,1096,0,CV009_003,499276
64557,540,0,CV009_003,499816
64558,548,0,CV009_003,500364
64559,596,1,CV009_003,500960
64560,496,0,CV009_003,501456
64561,548,0,CV009_003,502004
64562,548,0,CV009_003,502552
64563,544,0,CV009_003,503096
64564,544,0,CV009_003,503640
64565,548,0,CV009_003,504188
64566,592,1,CV009_003,504780
64567,496,0,CV009_003,505276
64568,548,0,CV009_003,505824
64569,544,0,CV009_003,506368
64570,584,1,CV009_003,506952
64571,500,0,CV009_003,507452
64572,548,0,CV009_003,508000
64573,540,0,CV009_003,508540
64574,544,0,CV009_003,509084
64575,548,0,CV009_003,509632
64576,544,0,CV009_003,510176
64577,596,1,CV009_003,510772
64578,500,0,CV009_003,511272
64579,544,0,CV009_003,511816
64580,540,0,CV009_003,512356
64581,544,0,CV009_003,512900
64582,544,0,CV009_003,513444
64583,544,0,CV009_003,513988
64584,540,0,CV009_003,514528
64585,544,0,CV009_003,515072
64586,544,0,CV009_003,515616
64587,544,0,CV009_003,516160
64588,544,0,CV009_003,516704
64589,544,0,CV009_003,517248
64590,548,0,CV009_003,517796
64591,536,0,CV009_003,518332
64592,592,1,CV009_003,518924
64593,500,0,CV009_003,519424
64594,536,0,CV009_003,519960
64595,544,0,CV009_003,520504
64596,544,0,CV009_003,521048
64597,540,0,CV009_003,521588
64598,540,0,CV009_003,522128
64599,548,0,CV009_003,522676
64600,544,0,CV009_003,523220
64601,584,1,CV009_003,523804
64602,500,0,CV009_003,524304
64603,544,0,CV009_003,524848
64604,540,0,CV009_003,525388
64605,548,0,CV009_003,525936
64606,544,0,CV009_003,526480
64607,544,0,CV009_003,527024
64608,552,0,CV009_003,527576
64609,548,0,CV009_003,528124
64610,544,0,CV009_003,528668
64611,548,0,CV009_003,529216
64612,604,0,CV009_003,529820
64613,496,0,CV009_003,530316
64614,600,0,CV009_003,530916
64615,508,0,CV009_003,531424
64616,548,0,CV009_003,531972
64617,548,0,CV009_003,532520
64618,552,0,CV009_003,533072
64619,556,0,CV009_003,533628
64620,552,0,CV009_003,534180
64621,544,0,CV009_003,534724
64622,556,0,CV009_003,535280
64623,548,0,CV009_003,535828
64624,552,0,CV009_003,536380
64625,552,0,CV009_003,536932
64626,556,0,CV009_003,537488
64627,548,0,CV009_003,538036
64628,552,0,CV009_003,538588
64629,556,0,CV009_003,539144
64630,552,0,CV009_003,539696
64631,548,0,CV009_003,540244
64632,556,0,CV009_003,540800
64633,1096,0,CV009_003,541896
64634,556,0,CV009_003,542452
64635,548,0,CV009_003,543000
64636,552,0,CV009_003,543552
64637,548,0,CV009_003,544100
64638,544,0,CV009_003,544644
64639,540,0,CV009_003,545184
64640,544,0,CV009_003,545728
64641,540,0,CV009_003,546268
64642,536,0,CV009_003,546804
64643,544,0,CV009_003,547348
64644,544,0,CV009_003,547892
64645,536,0,CV009_003,548428
64646,540,0,CV009_003,548968
64647,544,0,CV009_003,549512
64648,544,0,CV009_003,550056
64649,540,0,CV009_003,550596
64650,544,0,CV009_003,551140
64651,548,0,CV009_003,551688
64652,540,0,CV009_003,552228
64653,588,1,CV009_003,552816
64654,500,0,CV009_003,553316
64655,544,0,CV009_003,553860
64656,540,0,CV009_003,554400
64657,540,0,CV009_003,554940
64658,544,0,CV009_003,555484
64659,544,0,CV009_003,556028
64660,540,0,CV009_003,556568
64661,544,0,CV009_003,557112
64662,544,0,CV009_003,557656
64663,536,0,CV009_003,558192
64664,540,0,CV009_003,558732
64665,544,0,CV009_003,559276
64666,540,0,CV009_003,559816
64667,540,0,CV009_003,560356
64668,544,0,CV009_003,560900
64669,544,0,CV009_003,561444
64670,540,0,CV009_003,561984
64671,548,0,CV009_003,562532
64672,544,0,CV009_003,563076
64673,540,0,CV009_003,563616
64674,540,0,CV009_003,564156
64675,548,0,CV009_003,564704
64676,536,0,CV009_003,565240
64677,588,1,CV009_003,565828
64678,496,0,CV009_003,566324
64679,544,0,CV009_003,566868
64680,536,0,CV009_003,567404
64681,544,0,CV009_003,567948
64682,544,0,CV009_003,568492
64683,544,0,CV009_003,569036
64684,540,0,CV009_003,569576
64685,548,0,CV009_003,570124
64686,540,0,CV009_003,570664
64687,544,0,CV009_003,571208
64688,540,0,CV009_003,571748
64689,544,0,CV009_003,572292
64690,540,0,CV009_003,572832
64691,548,0,CV009_003,573380
64692,540,0,CV009_003,573920
64693,544,0,CV009_003,574464
64694,540,0,CV009_003,575004
64695,540,0,CV009_003,575544
64696,540,0,CV009_003,576084
64697,544,0,CV009_003,576628
64698,540,0,CV009_003,577168
64699,536,0,CV009_003,577704
64700,544,0,CV009_003,578248
64701,584,1,CV009_003,578832
64702,488,0,CV009_003,579320
64703,540,0,CV009_003,579860
64704,532,0,CV009_003,580392
64705,536,0,CV009_003,580928
64706,540,0,CV009_003,581468
64707,532,0,CV009_003,582000
64708,536,0,CV009_003,582536
64709,544,0,CV009_003,583080
64710,540,0,CV009_003,583620
64711,544,0,CV009_003,584164
64712,544,0,CV009_003,584708
64713,540,0,CV009_003,585248
64714,592,1,CV009_003,585840
64715,500,0,CV009_003,586340
64716,544,0,CV009_003,586884
64717,540,0,CV009_003,587424
64718,548,0,CV009_003,587972
64719,548,0,CV009_003,588520
64720,540,0,CV009_003,589060
64721,548,0,CV009_003,589608
64722,548,0,CV009_003,590156
64723,544,0,CV009_003,590700
64724,1096,0,CV009_003,591796
64725,544,0,CV009_003,592340
64726,548,0,CV009_003,592888
64727,544,0,CV009_003,593432
64728,540,0,CV009_003,593972
64729,548,0,CV009_003,594520
64730,544,0,CV009_003,595064
64731,540,0,CV009_003,595604
64732,596,0,CV009_003,596200
64733,488,0,CV009_003,596688
64734,540,0,CV009_003,597228
64735,592,0,CV009_003,597820
64736,492,0,CV009_003,598312
64737,540,0,CV009_003,598852
64738,544,0,CV009_003,599396
64739,536,0,CV009_003,599932
64740,544,0,CV009_003,600476
64741,544,0,CV009_003,601020
64742,540,0,CV009_003,601560
64743,588,1,CV009_003,602148
64744,488,0,CV009_003,602636
64745,540,0,CV009_003,603176
64746,540,0,CV009_003,603716
64747,532,0,CV009_003,604248
64748,588,1,CV009_003,604836
64749,488,0,CV009_003,605324
64750,532,0,CV009_003,605856
64751,536,0,CV009_003,606392
64752,536,0,CV009_003,606928
64753,540,0,CV009_003,607468
64754,540,0,CV009_003,608008
64755,536,0,CV009_003,608544
64756,544,0,CV009_003,609088
64757,544,0,CV009_003,609632
64758,540,0,CV009_003,610172
64759,524,0,CV009_003,610696
64760,540,0,CV009_003,611236
64761,524,0,CV009_003,611760
64762,532,0,CV009_003,612292
64763,532,0,CV009_003,612824
64764,528,0,CV009_003,613352
64765,528,0,CV009_003,613880
64766,532,0,CV009_003,614412
64767,524,0,CV009_003,614936
64768,528,0,CV009_003,615464
64769,532,0,CV009_003,615996
64770,528,0,CV009_003,616524
64771,532,0,CV009_003,617056
64772,528,0,CV009_003,617584
64773,524,0,CV009_003,618108
64774,552,0,CV009_003,618660
64775,532,0,CV009_003,619192
64776,536,0,CV009_003,619728
64777,536,0,CV009_003,620264
64778,584,1,CV009_003,620848
64779,496,0,CV009_003,621344
64780,536,0,CV009_003,621880
64781,540,0,CV009_003,622420
64782,544,0,CV009_003,622964
64783,540,0,CV009_003,623504
64784,540,0,CV009_003,624044
64785,544,0,CV009_003,624588
64786,540,0,CV009_003,625128
64787,540,0,CV009_003,625668
64788,548,0,CV009_003,626216
64789,540,0,CV009_003,626756
64790,540,0,CV009_003,627296
64791,548,0,CV009_003,627844
64792,540,0,CV009_003,628384
64793,544,0,CV009_003,628928
64794,544,0,CV009_003,629472
64795,544,0,CV009_003,630016
64796,544,0,CV009_003,630560
64797,548,0,CV009_003,631108
64798,544,0,CV009_003,631652
64799,548,0,CV009_003,632200
64800,552,0,CV009_003,632752
64801,548,0,CV009_003,633300
64802,552,0,CV009_003,633852
64803,556,0,CV009_003,634408
64804,548,0,CV009_003,634956
64805,552,0,CV009_003,635508
64806,552,0,CV009_003,636060
64807,552,0,CV009_003,636612
64808,556,0,CV009_003,637168
64809,552,0,CV009_003,637720
64810,552,0,CV009_003,638272
64811,556,0,CV009_003,638828
64812,552,0,CV009_003,639380
64813,552,0,CV009_003,639932
64814,560,0,CV009_003,640492
64815,552,0,CV009_003,641044
64816,552,0,CV009_003,641596
64817,556,0,CV009_003,642152
64818,552,0,CV009_003,642704
64819,548,0,CV009_003,643252
64820,604,1,CV009_003,643856
64821,500,0,CV009_003,644356
64822,552,0,CV009_003,644908
64823,556,0,CV009_003,645464
64824,552,0,CV009_003,646016
64825,548,0,CV009_003,646564
64826,552,0,CV009_003,647116
64827,556,0,CV009_003,647672
64828,548,0,CV009_003,648220
64829,548,0,CV009_003,648768
64830,552,0,CV009_003,649320
64831,552,0,CV009_003,649872
64832,548,0,CV009_003,650420
64833,556,0,CV009_003,650976
64834,548,0,CV009_003,651524
64835,548,0,CV009_003,652072
64836,604,1,CV009_003,652676
64837,496,0,CV009_003,653172
64838,548,0,CV009_003,653720
64839,548,0,CV009_003,654268
64840,592,1,CV009_003,654860
64841,496,0,CV009_003,655356
64842,548,0,CV009_003,655904
64843,544,0,CV009_003,656448
64844,544,0,CV009_003,656992
64845,548,0,CV009_003,657540
64846,548,0,CV009_003,658088
64847,548,0,CV009_003,658636
64848,596,0,CV009_003,659232
64849,500,0,CV009_003,659732
64850,544,0,CV009_003,660276
64851,596,0,CV009_003,660872
64852,496,0,CV009_003,661368
64853,544,0,CV009_003,661912
64854,544,0,CV009_003,662456
64855,552,0,CV009_003,663008
64856,544,0,CV009_003,663552
64857,540,0,CV009_003,664092
64858,548,0,CV009_003,664640
64859,544,0,CV009_003,665184
64860,540,0,CV009_003,665724
64861,548,0,CV009_003,666272
64862,596,1,CV009_003,666868
64863,488,0,CV009_003,667356
64864,544,0,CV009_003,667900
64865,548,0,CV009_003,668448
64866,540,0,CV009_003,668988
64867,544,0,CV009_003,669532
64868,544,0,CV009_003,670076
64869,548,0,CV009_003,670624
64870,540,0,CV009_003,671164
64871,548,0,CV009_003,671712
64872,544,0,CV009_003,672256
64873,540,0,CV009_003,672796
64874,560,0,CV009_003,673356
64875,544,0,CV009_003,673900
64876,552,0,CV009_003,674452
64877,548,0,CV009_003,675000
64878,544,0,CV009_003,675544
64879,548,0,CV009_003,676092
64880,552,0,CV009_003,676644
64881,548,0,CV009_003,677192
64882,544,0,CV009_003,677736
64883,544,0,CV009_003,678280
64884,596,1,CV009_003,678876
64885,500,0,CV009_003,679376
64886,544,0,CV009_003,679920
64887,548,0,CV009_003,680468
64888,544,0,CV009_003,681012
64889,544,0,CV009_003,681556
64890,540,0,CV009_003,682096
64891,536,0,CV009_003,682632
64892,544,0,CV009_003,683176
64893,536,0,CV009_003,683712
64894,540,0,CV009_003,684252
64895,540,0,CV009_003,684792
64896,536,0,CV009_003,685328
64897,544,0,CV009_003,685872
64898,544,0,CV009_003,686416
64899,540,0,CV009_003,686956
64900,544,0,CV009_003,687500
64901,536,0,CV009_003,688036
64902,548,0,CV009_003,688584
64903,544,0,CV009_003,689128
64904,540,0,CV009_003,689668
64905,548,0,CV009_003,690216
64906,548,0,CV009_003,690764
64907,540,0,CV009_003,691304
64908,548,0,CV009_003,691852
64909,544,0,CV009_003,692396
64910,544,0,CV009_003,692940
64911,548,0,CV009_003,693488
64912,540,0,CV009_003,694028
64913,544,0,CV009_003,694572
64914,544,0,CV009_003,695116
64915,544,0,CV009_003,695660
64916,548,0,CV009_003,696208
64917,544,0,CV009_003,696752
64918,540,0,CV009_003,697292
64919,596,1,CV009_003,697888
64920,496,0,CV009_003,698384
64921,548,0,CV009_003,698932
64922,544,0,CV009_003,699476
64923,540,0,CV009_003,700016
64924,540,0,CV009_003,700556
64925,540,0,CV009_003,701096
64926,544,0,CV009_003,701640
64927,528,0,CV009_003,702168
64928,532,0,CV009_003,702700
64929,528,0,CV009_003,703228
64930,528,0,CV009_003,703756
64931,524,0,CV009_003,704280
64932,524,0,CV009_003,704804
64933,528,0,CV009_003,705332
64934,528,0,CV009_003,705860
64935,528,0,CV009_003,706388
64936,532,0,CV009_003,706920
64937,536,0,CV009_003,707456
64938,536,0,CV009_003,707992
64939,528,0,CV009_003,708520
64940,528,0,CV009_003,709048
64941,528,0,CV009_003,709576
64942,528,0,CV009_003,710104
64943,524,0,CV009_003,710628
64944,532,0,CV009_003,711160
64945,524,0,CV009_003,711684
64946,528,0,CV009_003,712212
64947,532,0,CV009_003,712744
64948,532,0,CV009_003,713276
64949,528,0,CV009_003,713804
64950,528,0,CV009_003,714332
64951,532,0,CV009_003,714864
64952,380,0,CV009_003,715244
64953,672,0,CV009_003,715916
64954,536,0,CV009_003,716452
64955,524,0,CV009_003,716976
64956,524,0,CV009_003,717500
64957,524,0,CV009_003,718024
64958,528,0,CV009_003,718552
64959,184,0,CV009_003,718736
64960,388,0,CV009_003,719124
64961,472,0,CV009_003,719596
64962,516,0,CV009_003,720112
64963,528,0,CV009_003,720640
64964,528,0,CV009_003,721168
64965,528,0,CV009_003,721696
64966,524,0,CV009_003,722220
64967,532,0,CV009_003,722752
64968,528,0,CV009_003,723280
64969,528,0,CV009_003,723808
64970,532,0,CV009_003,724340
64971,576,1,CV009_003,724916
64972,476,0,CV009_003,725392
64973,536,0,CV009_003,725928
64974,528,0,CV009_003,726456
64975,524,0,CV009_003,726980
64976,524,0,CV009_003,727504
64977,528,0,CV009_003,728032
64978,524,0,CV009_003,728556
64979,520,0,CV009_003,729076
64980,520,0,CV009_003,729596
64981,512,0,CV009_003,730108
64982,520,0,CV009_003,730628
64983,520,0,CV009_003,731148
64984,516,0,CV009_003,731664
64985,512,0,CV009_003,732176
64986,508,0,CV009_003,732684
64987,516,0,CV009_003,733200
64988,512,0,CV009_003,733712
64989,500,0,CV009_003,734212
64990,520,0,CV009_003,734732
64991,508,0,CV009_003,735240
64992,512,0,CV009_003,735752
64993,504,0,CV009_003,736256
64994,512,0,CV009_003,736768
64995,504,0,CV009_003,737272
64996,512,0,CV009_003,737784
64997,516,0,CV009_003,738300
64998,504,0,CV009_003,738804
64999,512,0,CV009_003,739316
65000,508,0,CV009_003,739824
65001,508,0,CV009_003,740332
65002,1020,0,CV009_003,741352
65003,556,0,CV009_003,741908
65004,460,0,CV009_003,742368
65005,560,0,CV009_003,742928
65006,452,0,CV009_003,743380
65007,512,0,CV009_003,743892
65008,508,0,CV009_003,744400
65009,504,0,CV009_003,744904
65010,508,0,CV009_003,745412
65011,508,0,CV009_003,745920
65012,504,0,CV009_003,746424
65013,512,0,CV009_003,746936
65014,516,0,CV009_003,747452
65015,512,0,CV009_003,747964
65016,512,0,CV009_003,748476
65017,516,0,CV009_003,748992
65018,512,0,CV009_003,749504
65019,520,0,CV009_003,750024
65020,516,0,CV009_003,750540
65021,516,0,CV009_003,751056
65022,512,0,CV009_003,751568
65023,524,0,CV009_003,752092
65024,520,0,CV009_003,752612
65025,516,0,CV009_003,753128
65026,524,0,CV009_003,753652
65027,520,0,CV009_003,754172
65028,516,0,CV009_003,754688
65029,520,0,CV009_003,755208
65030,524,0,CV009_003,755732
65031,516,0,CV009_003,756248
65032,520,0,CV009_003,756768
65033,524,0,CV009_003,757292
65034,524,0,CV009_003,757816
65035,520,0,CV009_003,758336
65036,580,1,CV009_003,758916
65037,480,0,CV009_003,759396
65038,524,0,CV009_003,759920
65039,528,0,CV009_003,760448
65040,532,0,CV009_003,760980
65041,528,0,CV009_003,761508
65042,528,0,CV009_003,762036
65043,532,0,CV009_003,762568
65044,528,0,CV009_003,763096
65045,524,0,CV009_003,763620
65046,528,0,CV009_003,764148
65047,528,0,CV009_003,764676
65048,528,0,CV009_003,765204
65049,524,0,CV009_003,765728
65050,528,0,CV009_003,766256
65051,524,0,CV009_003,766780
65052,520,0,CV009_003,767300
65053,528,0,CV009_003,767828
65054,524,0,CV009_003,768352
65055,520,0,CV009_003,768872
65056,580,1,CV009_003,769452
65057,476,0,CV009_003,769928
65058,524,0,CV009_003,770452
65059,528,0,CV009_003,770980
65060,528,0,CV009_003,771508
65061,520,0,CV009_003,772028
65062,532,0,CV009_003,772560
65063,524,0,CV009_003,773084
65064,524,0,CV009_003,773608
65065,524,0,CV009_003,774132
65066,528,0,CV009_003,774660
65067,524,0,CV009_003,775184
65068,524,0,CV009_003,775708
65069,528,0,CV009_003,776236
65070,524,0,CV009_003,776760
65071,524,0,CV009_003,777284
65072,528,0,CV009_003,777812
65073,524,0,CV009_003,778336
65074,520,0,CV009_003,778856
65075,536,0,CV009_003,779392
65076,528,0,CV009_003,779920
65077,524,0,CV009_003,780444
65078,528,0,CV009_003,780972
65079,528,0,CV009_003,781500
65080,528,0,CV009_003,782028
65081,528,0,CV009_003,782556
65082,528,0,CV009_003,783084
65083,524,0,CV009_003,783608
65084,528,0,CV009_003,784136
65085,528,0,CV009_003,784664
65086,524,0,CV009_003,785188
65087,532,0,CV009_003,785720
65088,528,0,CV009_003,786248
65089,520,0,CV009_003,786768
65090,532,0,CV009_003,787300
65091,524,0,CV009_003,787824
65092,524,0,CV009_003,788348
65093,580,1,CV009_003,788928
65094,472,0,CV009_003,789400
65095,528,0,CV009_003,789928
65096,532,0,CV009_003,790460
65097,528,0,CV009_003,790988
65098,532,0,CV009_003,791520
65099,532,0,CV009_003,792052
65100,532,0,CV009_003,792584
65101,528,0,CV009_003,793112
65102,540,0,CV009_003,793652
65103,532,0,CV009_003,794184
65104,536,0,CV009_003,794720
65105,536,0,CV009_003,795256
65106,536,0,CV009_003,795792
65107,528,0,CV009_003,796320
65108,536,0,CV009_003,796856
65109,536,0,CV009_003,797392
65110,536,0,CV009_003,797928
65111,536,0,CV009_003,798464
65112,540,0,CV009_003,799004
65113,540,0,CV009_003,799544
65114,536,0,CV009_003,800080
65115,540,0,CV009_003,800620
65116,540,0,CV009_003,801160
65117,532,0,CV009_003,801692
65118,536,0,CV009_003,802228
65119,544,0,CV009_003,802772
65120,540,0,CV009_003,803312
65121,496,0,CV009_003,803808
65122,588,0,CV009_003,804396
65123,548,0,CV009_003,804944
65124,540,0,CV009_003,805484
65125,548,0,CV009_003,806032
65126,540,0,CV009_003,806572
65127,540,0,CV009_003,807112
65128,544,0,CV009_003,807656
65129,544,0,CV009_003,808200
65130,540,0,CV009_003,808740
65131,544,0,CV009_003,809284
65132,556,0,CV009_003,809840
65133,548,0,CV009_003,810388
65134,548,0,CV009_003,810936
65135,556,0,CV009_003,811492
65136,556,0,CV009_003,812048
65137,548,0,CV009_003,812596
65138,556,0,CV009_003,813152
65139,556,0,CV009_003,813708
65140,552,0,CV009_003,814260
65141,552,0,CV009_003,814812
65142,556,0,CV009_003,815368
65143,548,0,CV009_003,815916
65144,552,0,CV009_003,816468
65145,552,0,CV009_003,817020
65146,548,0,CV009_003,817568
65147,552,0,CV009_003,818120
65148,548,0,CV009_003,818668
65149,544,0,CV009_003,819212
65150,548,0,CV009_003,819760
65151,552,0,CV009_003,820312
65152,548,0,CV009_003,820860
65153,544,0,CV009_003,821404
65154,556,0,CV009_003,821960
65155,552,0,CV009_003,822512
65156,548,0,CV009_003,823060
65157,556,0,CV009_003,823616
65158,556,0,CV009_003,824172
65159,556,0,CV009_003,824728
65160,548,0,CV009_003,825276
65161,560,0,CV009_003,825836
65162,552,0,CV009_003,826388
65163,552,0,CV009_003,826940
65164,556,0,CV009_003,827496
65165,552,0,CV009_003,828048
65166,552,0,CV009_003,828600
65167,556,0,CV009_003,829156
65168,556,0,CV009_003,829712
65169,548,0,CV009_003,830260
65170,556,0,CV009_003,830816
65171,560,0,CV009_003,831376
65172,552,0,CV009_003,831928
65173,556,0,CV009_003,832484
65174,556,0,CV009_003,833040
65175,548,0,CV009_003,833588
65176,556,0,CV009_003,834144
65177,556,0,CV009_003,834700
65178,548,0,CV009_003,835248
65179,552,0,CV009_003,835800
65180,556,0,CV009_003,836356
65181,604,1,CV009_003,836960
65182,504,0,CV009_003,837464
65183,556,0,CV009_003,838020
65184,552,0,CV009_003,838572
65185,552,0,CV009_003,839124
65186,552,0,CV009_003,839676
65187,556,0,CV009_003,840232
65188,548,0,CV009_003,840780
65189,552,0,CV009_003,841332
65190,544,0,CV009_003,841876
65191,548,0,CV009_003,842424
65192,552,0,CV009_003,842976
65193,548,0,CV009_003,843524
65194,548,0,CV009_003,844072
65195,548,0,CV009_003,844620
65196,556,0,CV009_003,845176
65197,552,0,CV009_003,845728
65198,552,0,CV009_003,846280
65199,556,0,CV009_003,846836
65200,552,0,CV009_003,847388
65201,556,0,CV009_003,847944
65202,556,0,CV009_003,848500
65203,548,0,CV009_003,849048
65204,556,0,CV009_003,849604
65205,552,0,CV009_003,850156
65206,548,0,CV009_003,850704
65207,604,1,CV009_003,851308
65208,496,0,CV009_003,851804
65209,548,0,CV009_003,852352
65210,528,0,CV009_003,852880
65211,568,0,CV009_003,853448
65212,544,0,CV009_003,853992
65213,548,0,CV009_003,854540
65214,552,0,CV009_003,855092
65215,544,0,CV009_003,855636
65216,552,0,CV009_003,856188
65217,556,0,CV009_003,856744
65218,544,0,CV009_003,857288
65219,552,0,CV009_003,857840
65220,552,0,CV009_003,858392
65221,548,0,CV009_003,858940
65222,548,0,CV009_003,859488
65223,552,0,CV009_003,860040
65224,544,0,CV009_003,860584
65225,552,0,CV009_003,861136
65226,552,0,CV009_003,861688
65227,552,0,CV009_003,862240
65228,548,0,CV009_003,862788
65229,552,0,CV009_003,863340
65230,548,0,CV009_003,863888
65231,556,0,CV009_003,864444
65232,556,0,CV009_003,865000
65233,556,0,CV009_003,865556
65234,552,0,CV009_003,866108
65235,552,0,CV009_003,866660
65236,560,0,CV009_003,867220
65237,556,0,CV009_003,867776
65238,552,0,CV009_003,868328
65239,556,0,CV009_003,868884
65240,556,0,CV009_003,869440
65241,548,0,CV009_003,869988
65242,552,0,CV009_003,870540
65243,556,0,CV009_003,871096
65244,556,0,CV009_003,871652
65245,556,0,CV009_003,872208
65246,560,0,CV009_003,872768
65247,556,0,CV009_003,873324
65248,556,0,CV009_003,873880
65249,552,0,CV009_003,874432
65250,560,0,CV009_003,874992
65251,556,0,CV009_003,875548
65252,552,0,CV009_003,876100
65253,560,0,CV009_003,876660
65254,556,0,CV009_003,877216
65255,552,0,CV009_003,877768
65256,556,0,CV009_003,878324
65257,556,0,CV009_003,878880
65258,552,0,CV009_003,879432
65259,556,0,CV009_003,879988
65260,556,0,CV009_003,880544
65261,552,0,CV009_003,881096
65262,556,0,CV009_003,881652
65263,556,0,CV009_003,882208
65264,556,0,CV009_003,882764
65265,556,0,CV009_003,883320
65266,560,0,CV009_003,883880
65267,548,0,CV009_003,884428
65268,560,0,CV009_003,884988
65269,560,0,CV009_003,885548
65270,552,0,CV009_003,886100
65271,556,0,CV009_003,886656
65272,564,0,CV009_003,887220
65273,556,0,CV009_003,887776
65274,556,0,CV009_003,888332
65275,564,0,CV009_003,888896
65276,552,0,CV009_003,889448
65277,560,0,CV009_003,890008
65278,560,0,CV009_003,890568
65279,560,0,CV009_003,891128
65280,556,0,CV009_003,891684
65281,564,0,CV009_003,892248
65282,560,0,CV009_003,892808
65283,556,0,CV009_003,893364
65284,608,1,CV009_003,893972
65285,508,0,CV009_003,894480
65286,552,0,CV009_003,895032
65287,560,0,CV009_003,895592
65288,552,0,CV009_003,896144
65289,552,0,CV009_003,896696
65290,556,0,CV009_003,897252
65291,556,0,CV009_003,897808
65292,556,0,CV009_003,898364
65293,544,0,CV009_003,898908
65294,564,0,CV009_003,899472
65295,552,0,CV009_003,900024
65296,560,0,CV009_003,900584
65297,556,0,CV009_003,901140
65298,556,0,CV009_003,901696
65299,560,0,CV009_003,902256
65300,560,0,CV009_003,902816
65301,548,0,CV009_003,903364
65302,612,1,CV009_003,903976
65303,508,0,CV009_003,904484
65304,560,0,CV009_003,905044
65305,564,0,CV009_003,905608
65306,564,0,CV009_003,906172
65307,556,0,CV009_003,906728
65308,564,0,CV009_003,907292
65309,564,0,CV009_003,907856
65310,564,0,CV009_003,908420
65311,564,0,CV009_003,908984
65312,568,0,CV009_003,909552
65313,560,0,CV009_003,910112
65314,560,0,CV009_003,910672
65315,572,0,CV009_003,911244
65316,560,0,CV009_003,911804
65317,560,0,CV009_003,912364
65318,552,0,CV009_003,912916
65319,564,0,CV009_003,913480
65320,560,0,CV009_003,914040
65321,556,0,CV009_003,914596
65322,552,0,CV009_003,915148
65323,556,0,CV009_003,915704
65324,556,0,CV009_003,916260
65325,548,0,CV009_003,916808
65326,556,0,CV009_003,917364
65327,552,0,CV009_003,917916
65328,560,0,CV009_003,918476
65329,556,0,CV009_003,919032
65330,556,0,CV009_003,919588
65331,556,0,CV009_003,920144
65332,560,0,CV009_003,920704
65333,564,0,CV009_003,921268
65334,556,0,CV009_003,921824
65335,560,0,CV009_003,922384
65336,616,1,CV009_003,923000
65337,508,0,CV009_003,923508
65338,556,0,CV009_003,924064
65339,564,0,CV009_003,924628
65340,560,0,CV009_003,925188
65341,556,0,CV009_003,925744
65342,564,0,CV009_003,926308
65343,556,0,CV009_003,926864
65344,556,0,CV009_003,927420
65345,560,0,CV009_003,927980
65346,556,0,CV009_003,928536
65347,556,0,CV009_003,929092
65348,560,0,CV009_003,929652
65349,552,0,CV009_003,930204
65350,560,0,CV009_003,930764
65351,560,0,CV009_003,931324
65352,560,0,CV009_003,931884
65353,560,0,CV009_003,932444
65354,564,0,CV009_003,933008
65355,556,0,CV009_003,933564
65356,564,0,CV009_003,934128
65357,568,0,CV009_003,934696
65358,560,0,CV009_003,935256
65359,564,0,CV009_003,935820
65360,564,0,CV009_003,936384
65361,612,1,CV009_003,936996
65362,516,0,CV009_003,937512
65363,564,0,CV009_003,938076
65364,560,0,CV009_003,938636
65365,568,0,CV009_003,939204
65366,564,0,CV009_003,939768
65367,564,0,CV009_003,940332
65368,564,0,CV009_003,940896
65369,560,0,CV009_003,941456
65370,564,0,CV009_003,942020
65371,564,0,CV009_003,942584
65372,556,0,CV009_003,943140
65373,564,0,CV009_003,943704
65374,560,0,CV009_003,944264
65375,560,0,CV009_003,944824
65376,560,0,CV009_003,945384
65377,612,1,CV009_003,945996
65378,508,0,CV009_003,946504
65379,556,0,CV009_003,947060
65380,568,0,CV009_003,947628
65381,568,0,CV009_003,948196
65382,564,0,CV009_003,948760
65383,568,0,CV009_003,949328
65384,564,0,CV009_003,949892
65385,564,0,CV009_003,950456
65386,564,0,CV009_003,951020
65387,564,0,CV009_003,951584
65388,560,0,CV009_003,952144
65389,568,0,CV009_003,952712
65390,564,0,CV009_003,953276
65391,564,0,CV009_003,953840
65392,568,0,CV009_003,954408
65393,616,1,CV009_003,955024
65394,516,0,CV009_003,955540
65395,568,0,CV009_003,956108
65396,568,0,CV009_003,956676
65397,568,0,CV009_003,957244
65398,568,0,CV009_003,957812
65399,572,0,CV009_003,958384
65400,560,0,CV009_003,958944
65401,576,0,CV009_003,959520
65402,572,0,CV009_003,960092
65403,568,0,CV009_003,960660
65404,568,0,CV009_003,961228
65405,576,0,CV009_003,961804
65406,568,0,CV009_003,962372
65407,564,0,CV009_003,962936
65408,572,0,CV009_003,963508
65409,568,0,CV009_003,964076
65410,568,0,CV009_003,964644
65411,572,0,CV009_003,965216
65412,564,0,CV009_003,965780
65413,572,0,CV009_003,966352
65414,572,0,CV009_003,966924
65415,564,0,CV009_003,967488
65416,572,0,CV009_003,968060
65417,568,0,CV009_003,968628
65418,560,0,CV009_003,969188
65419,556,0,CV009_003,969744
65420,552,0,CV009_003,970296
65421,556,0,CV009_003,970852
65422,552,0,CV009_003,971404
65423,540,0,CV009_003,971944
65424,556,0,CV009_003,972500
65425,556,0,CV009_003,973056
65426,556,0,CV009_003,973612
65427,552,0,CV009_003,974164
65428,560,0,CV009_003,974724
65429,556,0,CV009_003,975280
65430,556,0,CV009_003,975836
65431,556,0,CV009_003,976392
65432,556,0,CV009_003,976948
65433,560,0,CV009_003,977508
65434,560,0,CV009_003,978068
65435,560,0,CV009_003,978628
65436,564,0,CV009_003,979192
65437,560,0,CV009_003,979752
65438,560,0,CV009_003,980312
65439,560,0,CV009_003,980872
65440,564,0,CV009_003,981436
65441,612,1,CV009_003,982048
65442,508,0,CV009_003,982556
65443,560,0,CV009_003,983116
65444,564,0,CV009_003,983680
65445,556,0,CV009_003,984236
65446,556,0,CV009_003,984792
65447,556,0,CV009_003,985348
65448,556,0,CV009_003,985904
65449,556,0,CV009_003,986460
65450,564,0,CV009_003,987024
65451,556,0,CV009_003,987580
65452,560,0,CV009_003,988140
65453,560,0,CV009_003,988700
65454,560,0,CV009_003,989260
65455,560,0,CV009_003,989820
65456,564,0,CV009_003,990384
65457,556,0,CV009_003,990940
65458,560,0,CV009_003,991500
65459,564,0,CV009_003,992064
65460,556,0,CV009_003,992620
65461,564,0,CV009_003,993184
65462,564,0,CV009_003,993748
65463,568,0,CV009_003,994316
65464,560,0,CV009_003,994876
65465,564,0,CV009_003,995440
65466,612,1,CV009_003,996052
65467,508,0,CV009_003,996560
65468,564,0,CV009_003,997124
65469,560,0,CV009_003,997684
65470,560,0,CV009_003,998244
65471,564,0,CV009_003,998808
65472,560,0,CV009_003,999368
65473,564,0,CV009_003,999932
65474,560,0,CV009_003,1000492
65475,560,0,CV009_003,1001052
65476,564,0,CV009_003,1001616
65477,568,0,CV009_003,1002184
65478,564,0,CV009_003,1002748
65479,572,0,CV009_003,1003320
65480,568,0,CV009_003,1003888
65481,568,0,CV009_003,1004456
65482,572,0,CV009_003,1005028
65483,568,0,CV009_003,1005596
65484,564,0,CV009_003,1006160
65485,568,0,CV009_003,1006728
65486,568,0,CV009_003,1007296
65487,564,0,CV009_003,1007860
65488,564,0,CV009_003,1008424
65489,620,1,CV009_003,1009044
65490,512,0,CV009_003,1009556
65491,564,0,CV009_003,1010120
65492,568,0,CV009_003,1010688
65493,564,0,CV009_003,1011252
65494,568,0,CV009_003,1011820
65495,564,0,CV009_003,1012384
65496,556,0,CV009_003,1012940
65497,568,0,CV009_003,1013508
65498,560,0,CV009_003,1014068
65499,564,0,CV009_003,1014632
65500,564,0,CV009_003,1015196
65501,564,0,CV009_003,1015760
65502,564,0,CV009_003,1016324
65503,564,0,CV009_003,1016888
65504,564,0,CV009_003,1017452
65505,560,0,CV009_003,1018012
65506,564,0,CV009_003,1018576
65507,564,0,CV009_003,1019140
65508,564,0,CV009_003,1019704
65509,564,0,CV009_003,1020268
65510,564,0,CV009_003,1020832
65511,560,0,CV009_003,1021392
65512,564,0,CV009_003,1021956
65513,568,0,CV009_003,1022524
65514,564,0,CV009_003,1023088
65515,564,0,CV009_003,1023652
65516,568,0,CV009_003,1024220
65517,564,0,CV009_003,1024784
65518,564,0,CV009_003,1025348
65519,568,0,CV009_003,1025916
65520,564,0,CV009_003,1026480
65521,560,0,CV009_003,1027040
65522,564,0,CV009_003,1027604
65523,564,0,CV009_003,1028168
65524,564,0,CV009_003,1028732
65525,568,0,CV009_003,1029300
65526,560,0,CV009_003,1029860
65527,568,0,CV009_003,1030428
65528,616,1,CV009_003,1031044
65529,512,0,CV009_003,1031556
65530,568,0,CV009_003,1032124
65531,572,0,CV009_003,1032696
65532,564,0,CV009_003,1033260
65533,572,0,CV009_003,1033832
65534,564,0,CV009_003,1034396
65535,564,0,CV009_003,1034960
65536,568,0,CV009_003,1035528
65537,568,0,CV009_003,1036096
65538,560,0,CV009_003,1036656
65539,568,0,CV009_003,1037224
65540,568,0,CV009_003,1037792
65541,564,0,CV009_003,1038356
65542,564,0,CV009_003,1038920
65543,568,0,CV009_003,1039488
65544,568,0,CV009_003,1040056
65545,564,0,CV009_003,1040620
65546,572,0,CV009_003,1041192
65547,564,0,CV009_003,1041756
65548,564,0,CV009_003,1042320
65549,616,0,CV009_003,1042936
65550,512,0,CV009_003,1043448
65551,612,0,CV009_003,1044060
65552,516,0,CV009_003,1044576
65553,560,0,CV009_003,1045136
65554,564,0,CV009_003,1045700
65555,560,0,CV009_003,1046260
65556,556,0,CV009_003,1046816
65557,564,0,CV009_003,1047380
65558,560,0,CV009_003,1047940
65559,560,0,CV009_003,1048500
65560,560,0,CV009_003,1049060
65561,568,0,CV009_003,1049628
65562,560,0,CV009_003,1050188
65563,560,0,CV009_003,1050748
65564,568,0,CV009_003,1051316
65565,560,0,CV009_003,1051876
65566,568,0,CV009_003,1052444
65567,620,1,CV009_003,1053064
65568,512,0,CV009_003,1053576
65569,564,0,CV009_003,1054140
65570,568,0,CV009_003,1054708
65571,560,0,CV009_003,1055268
65572,564,0,CV009_003,1055832
65573,568,0,CV009_003,1056400
65574,560,0,CV009_003,1056960
65575,564,0,CV009_003,1057524
65576,564,0,CV009_003,1058088
65577,564,0,CV009_003,1058652
65578,564,0,CV009_003,1059216
65579,572,0,CV009_003,1059788
65580,572,0,CV009_003,1060360
65581,572,0,CV009_003,1060932
65582,572,0,CV009_003,1061504
65583,572,0,CV009_003,1062076
65584,572,0,CV009_003,1062648
65585,572,0,CV009_003,1063220
65586,568,0,CV009_003,1063788
65587,572,0,CV009_003,1064360
65588,576,0,CV009_003,1064936
65589,572,0,CV009_003,1065508
65590,568,0,CV009_003,1066076
65591,572,0,CV009_003,1066648
65592,564,0,CV009_003,1067212
65593,572,0,CV009_003,1067784
65594,572,0,CV009_003,1068356
65595,564,0,CV009_003,1068920
65596,568,0,CV009_003,1069488
65597,572,0,CV009_003,1070060
65598,564,0,CV009_003,1070624
65599,564,0,CV009_003,1071188
65600,572,0,CV009_003,1071760
65601,564,0,CV009_003,1072324
65602,568,0,CV009_003,1072892
65603,568,0,CV009_003,1073460
65604,612,1,CV009_003,1074072
65605,516,0,CV009_003,1074588
65606,564,0,CV009_003,1075152
65607,564,0,CV009_003,1075716
65608,564,0,CV009_003,1076280
65609,564,0,CV009_003,1076844
65610,564,0,CV009_003,1077408
65611,560,0,CV009_003,1077968
65612,560,0,CV009_003,1078528
65613,564,0,CV009_003,1079092
65614,564,0,CV009_003,1079656
65615,564,0,CV009_003,1080220
65616,560,0,CV009_003,1080780
65617,560,0,CV009_003,1081340
65618,564,0,CV009_003,1081904
65619,564,0,CV009_003,1082468
65620,612,1,CV009_003,1083080
65621,512,0,CV009_003,1083592
65622,568,0,CV009_003,1084160
65623,564,0,CV009_003,1084724
65624,560,0,CV009_003,1085284
65625,568,0,CV009_003,1085852
65626,564,0,CV009_003,1086416
65627,568,0,CV009_003,1086984
65628,564,0,CV009_003,1087548
65629,552,0,CV009_003,1088100
65630,560,0,CV009_003,1088660
65631,564,0,CV009_003,1089224
65632,564,0,CV009_003,1089788
65633,560,0,CV009_003,1090348
65634,564,0,CV009_003,1090912
65635,564,0,CV009_003,1091476
65636,608,1,CV009_003,1092084
65637,512,0,CV009_003,1092596
65638,568,0,CV009_003,1093164
65639,564,0,CV009_003,1093728
65640,556,0,CV009_003,1094284
65641,568,0,CV009_003,1094852
65642,564,0,CV009_003,1095416
65643,572,0,CV009_003,1095988
65644,564,0,CV009_003,1096552
65645,556,0,CV009_003,1097108
65646,564,0,CV009_003,1097672
65647,560,0,CV009_003,1098232
65648,560,0,CV009_003,1098792
65649,560,0,CV009_003,1099352
65650,556,0,CV009_003,1099908
65651,556,0,CV009_003,1100464
65652,548,0,CV009_003,1101012
65653,556,0,CV009_003,1101568
65654,556,0,CV009_003,1102124
65655,556,0,CV009_003,1102680
65656,556,0,CV009_003,1103236
65657,556,0,CV009_003,1103792
65658,564,0,CV009_003,1104356
65659,556,0,CV009_003,1104912
65660,560,0,CV009_003,1105472
65661,616,1,CV009_003,1106088
65662,512,0,CV009_003,1106600
65663,564,0,CV009_003,1107164
65664,572,0,CV009_003,1107736
65665,568,0,CV009_003,1108304
65666,568,0,CV009_003,1108872
65667,580,0,CV009_003,1109452
65668,572,0,CV009_003,1110024
65669,576,0,CV009_003,1110600
65670,580,0,CV009_003,1111180
65671,624,1,CV009_003,1111804
65672,524,0,CV009_003,1112328
65673,576,0,CV009_003,1112904
65674,572,0,CV009_003,1113476
65675,620,1,CV009_003,1114096
65676,520,0,CV009_003,1114616
65677,568,0,CV009_003,1115184
65678,568,0,CV009_003,1115752
65679,564,0,CV009_003,1116316
65680,564,0,CV009_003,1116880
65681,564,0,CV009_003,1117444
65682,564,0,CV009_003,1118008
65683,564,0,CV009_003,1118572
65684,564,0,CV009_003,1119136
65685,568,0,CV009_003,1119704
65686,560,0,CV009_003,1120264
65687,568,0,CV009_003,1120832
65688,568,0,CV009_003,1121400
65689,564,0,CV009_003,1121964
65690,568,0,CV009_003,1122532
65691,568,0,CV009_003,1123100
65692,564,0,CV009_003,1123664
65693,572,0,CV009_003,1124236
65694,568,0,CV009_003,1124804
65695,564,0,CV009_003,1125368
65696,568,0,CV009_003,1125936
65697,568,0,CV009_003,1126504
65698,564,0,CV009_003,1127068
65699,564,0,CV009_003,1127632
65700,564,0,CV009_003,1128196
65701,560,0,CV009_003,1128756
65702,564,0,CV009_003,1129320
65703,568,0,CV009_003,1129888
65704,568,0,CV009_003,1130456
65705,560,0,CV009_003,1131016
65706,564,0,CV009_003,1131580
65707,556,0,CV009_003,1132136
65708,556,0,CV009_003,1132692
65709,560,0,CV009_003,1133252
65710,552,0,CV009_003,1133804
65711,560,0,CV009_003,1134364
65712,560,0,CV009_003,1134924
65713,556,0,CV009_003,1135480
65714,552,0,CV009_003,1136032
65715,568,0,CV009_003,1136600
65716,564,0,CV009_003,1137164
65717,556,0,CV009_003,1137720
65718,568,0,CV009_003,1138288
65719,560,0,CV009_003,1138848
65720,560,0,CV009_003,1139408
65721,564,0,CV009_003,1139972
65722,560,0,CV009_003,1140532
65723,564,0,CV009_003,1141096
65724,564,0,CV009_003,1141660
65725,568,0,CV009_003,1142228
65726,564,0,CV009_003,1142792
65727,568,0,CV009_003,1143360
65728,564,0,CV009_003,1143924
65729,564,0,CV009_003,1144488
65730,620,1,CV009_003,1145108
65731,516,0,CV009_003,1145624
65732,564,0,CV009_003,1146188
65733,568,0,CV009_003,1146756
65734,564,0,CV009_003,1147320
65735,564,0,CV009_003,1147884
65736,568,0,CV009_003,1148452
65737,564,0,CV009_003,1149016
65738,564,0,CV009_003,1149580
65739,568,0,CV009_003,1150148
65740,568,0,CV009_003,1150716
65741,560,0,CV009_003,1151276
65742,568,0,CV009_003,1151844
65743,564,0,CV009_003,1152408
65744,560,0,CV009_003,1152968
65745,564,0,CV009_003,1153532
65746,568,0,CV009_003,1154100
65747,564,0,CV009_003,1154664
65748,564,0,CV009_003,1155228
65749,568,0,CV009_003,1155796
65750,564,0,CV009_003,1156360
65751,564,0,CV009_003,1156924
65752,568,0,CV009_003,1157492
65753,612,1,CV009_003,1158104
65754,516,0,CV009_003,1158620
65755,568,0,CV009_003,1159188
65756,568,0,CV009_003,1159756
65757,568,0,CV009_003,1160324
65758,572,0,CV009_003,1160896
65759,568,0,CV009_003,1161464
65760,572,0,CV009_003,1162036
65761,576,0,CV009_003,1162612
65762,564,0,CV009_003,1163176
65763,572,0,CV009_003,1163748
65764,572,0,CV009_003,1164320
65765,564,0,CV009_003,1164884
65766,568,0,CV009_003,1165452
65767,568,0,CV009_003,1166020
65768,560,0,CV009_003,1166580
65769,564,0,CV009_003,1167144
65770,568,0,CV009_003,1167712
65771,568,0,CV009_003,1168280
65772,564,0,CV009_003,1168844
65773,572,0,CV009_003,1169416
65774,564,0,CV009_003,1169980
65775,564,0,CV009_003,1170544
65776,564,0,CV009_003,1171108
65777,608,1,CV009_003,1171716
65778,516,0,CV009_003,1172232
65779,556,0,CV009_003,1172788
65780,560,0,CV009_003,1173348
65781,560,0,CV009_003,1173908
65782,560,0,CV009_003,1174468
65783,564,0,CV009_003,1175032
65784,560,0,CV009_003,1175592
65785,560,0,CV009_003,1176152
65786,564,0,CV009_003,1176716
65787,560,0,CV009_003,1177276
65788,560,0,CV009_003,1177836
65789,568,0,CV009_003,1178404
65790,556,0,CV009_003,1178960
65791,560,0,CV009_003,1179520
65792,564,0,CV009_003,1180084
65793,556,0,CV009_003,1180640
65794,564,0,CV009_003,1181204
65795,560,0,CV009_003,1181764
65796,556,0,CV009_003,1182320
65797,564,0,CV009_003,1182884
65798,564,0,CV009_003,1183448
65799,560,0,CV009_003,1184008
65800,560,0,CV009_003,1184568
65801,564,0,CV009_003,1185132
65802,560,0,CV009_003,1185692
65803,564,0,CV009_003,1186256
65804,568,0,CV009_003,1186824
65805,564,0,CV009_003,1187388
65806,568,0,CV009_003,1187956
65807,568,0,CV009_003,1188524
65808,616,1,CV009_003,1189140
65809,532,0,CV009_003,1189672
65810,576,0,CV009_003,1190248
65811,568,0,CV009_003,1190816
65812,576,0,CV009_003,1191392
65813,572,0,CV009_003,1191964
65814,572,0,CV009_003,1192536
65815,628,1,CV009_003,1193164
65816,524,0,CV009_003,1193688
65817,572,0,CV009_003,1194260
65818,568,0,CV009_003,1194828
65819,576,0,CV009_003,1195404
65820,568,0,CV009_003,1195972
65821,572,0,CV009_003,1196544
65822,572,0,CV009_003,1197116
65823,568,0,CV009_003,1197684
65824,572,0,CV009_003,1198256
65825,572,0,CV009_003,1198828
65826,572,0,CV009_003,1199400
65827,568,0,CV009_003,1199968
65828,568,0,CV009_003,1200536
65829,616,1,CV009_003,1201152
65830,520,0,CV009_003,1201672
65831,564,0,CV009_003,1202236
65832,564,0,CV009_003,1202800
65833,568,0,CV009_003,1203368
65834,564,0,CV009_003,1203932
65835,568,0,CV009_003,1204500
65836,560,0,CV009_003,1205060
65837,576,0,CV009_003,1205636
65838,572,0,CV009_003,1206208
65839,568,0,CV009_003,1206776
65840,576,0,CV009_003,1207352
65841,568,0,CV009_003,1207920
65842,576,0,CV009_003,1208496
65843,572,0,CV009_003,1209068
65844,580,0,CV009_003,1209648
65845,572,0,CV009_003,1210220
65846,572,0,CV009_003,1210792
65847,568,0,CV009_003,1211360
65848,568,0,CV009_003,1211928
65849,572,0,CV009_003,1212500
65850,564,0,CV009_003,1213064
65851,564,0,CV009_003,1213628
65852,568,0,CV009_003,1214196
65853,572,0,CV009_003,1214768
65854,564,0,CV009_003,1215332
65855,568,0,CV009_003,1215900
65856,560,0,CV009_003,1216460
65857,568,0,CV009_003,1217028
65858,568,0,CV009_003,1217596
65859,560,0,CV009_003,1218156
65860,572,0,CV009_003,1218728
65861,568,0,CV009_003,1219296
65862,560,0,CV009_003,1219856
65863,572,0,CV009_003,1220428
65864,572,0,CV009_003,1221000
65865,612,1,CV009_003,1221612
65866,520,0,CV009_003,1222132
65867,568,0,CV009_003,1222700
65868,568,0,CV009_003,1223268
65869,572,0,CV009_003,1223840
65870,564,0,CV009_003,1224404
65871,572,0,CV009_003,1224976
65872,572,0,CV009_003,1225548
65873,568,0,CV009_003,1226116
65874,572,0,CV009_003,1226688
65875,568,0,CV009_003,1227256
65876,572,0,CV009_003,1227828
65877,568,0,CV009_003,1228396
65878,576,0,CV009_003,1228972
65879,564,0,CV009_003,1229536
65880,612,1,CV009_003,1230148
65881,512,0,CV009_003,1230660
65882,556,0,CV009_003,1231216
65883,560,0,CV009_003,1231776
65884,560,0,CV009_003,1232336
65885,552,0,CV009_003,1232888
65886,556,0,CV009_003,1233444
65887,556,0,CV009_003,1234000
65888,556,0,CV009_003,1234556
65889,604,1,CV009_003,1235160
65890,508,0,CV009_003,1235668
65891,560,0,CV009_003,1236228
65892,556,0,CV009_003,1236784
65893,564,0,CV009_003,1237348
65894,564,0,CV009_003,1237912
65895,556,0,CV009_003,1238468
65896,568,0,CV009_003,1239036
65897,568,0,CV009_003,1239604
65898,564,0,CV009_003,1240168
65899,568,0,CV009_003,1240736
65900,568,0,CV009_003,1241304
65901,564,0,CV009_003,1241868
65902,572,0,CV009_003,1242440
65903,568,0,CV009_003,1243008
65904,564,0,CV009_003,1243572
65905,568,0,CV009_003,1244140
65906,564,0,CV009_003,1244704
65907,564,0,CV009_003,1245268
65908,568,0,CV009_003,1245836
65909,564,0,CV009_003,1246400
65910,564,0,CV009_003,1246964
65911,568,0,CV009_003,1247532
65912,564,0,CV009_003,1248096
65913,568,0,CV009_003,1248664
65914,568,0,CV009_003,1249232
65915,560,0,CV009_003,1249792
65916,564,0,CV009_003,1250356
65917,564,0,CV009_003,1250920
65918,612,1,CV009_003,1251532
65919,508,0,CV009_003,1252040
65920,568,0,CV009_003,1252608
65921,564,0,CV009_003,1253172
65922,564,0,CV009_003,1253736
65923,564,0,CV009_003,1254300
65924,564,0,CV009_003,1254864
65925,568,0,CV009_003,1255432
65926,564,0,CV009_003,1255996
65927,564,0,CV009_003,1256560
65928,568,0,CV009_003,1257128
65929,568,0,CV009_003,1257696
65930,564,0,CV009_003,1258260
65931,564,0,CV009_003,1258824
65932,572,0,CV009_003,1259396
65933,568,0,CV009_003,1259964
65934,560,0,CV009_003,1260524
65935,568,0,CV009_003,1261092
65936,568,0,CV009_003,1261660
65937,564,0,CV009_003,1262224
65938,564,0,CV009_003,1262788
65939,564,0,CV009_003,1263352
65940,560,0,CV009_003,1263912
65941,560,0,CV009_003,1264472
65942,560,0,CV009_003,1265032
65943,556,0,CV009_003,1265588
65944,560,0,CV009_003,1266148
65945,556,0,CV009_003,1266704
65946,556,0,CV009_003,1267260
65947,560,0,CV009_003,1267820
65948,560,0,CV009_003,1268380
65949,556,0,CV009_003,1268936
65950,556,0,CV009_003,1269492
65951,564,0,CV009_003,1270056
65952,556,0,CV009_003,1270612
65953,560,0,CV009_003,1271172
65954,564,0,CV009_003,1271736
65955,560,0,CV009_003,1272296
65956,564,0,CV009_003,1272860
65957,564,0,CV009_003,1273424
65958,564,0,CV009_003,1273988
65959,564,0,CV009_003,1274552
65960,620,1,CV009_003,1275172
65961,512,0,CV009_003,1275684
65962,564,0,CV009_003,1276248
65963,568,0,CV009_003,1276816
65964,560,0,CV009_003,1277376
65965,564,0,CV009_003,1277940
65966,564,0,CV009_003,1278504
65967,556,0,CV009_003,1279060
65968,560,0,CV009_003,1279620
65969,564,0,CV009_003,1280184
65970,556,0,CV009_003,1280740
65971,556,0,CV009_003,1281296
65972,560,0,CV009_003,1281856
65973,560,0,CV009_003,1282416
65974,552,0,CV009_003,1282968
65975,560,0,CV009_003,1283528
65976,564,0,CV009_003,1284092
65977,556,0,CV009_003,1284648
65978,568,0,CV009_003,1285216
65979,564,0,CV009_003,1285780
65980,560,0,CV009_003,1286340
65981,616,1,CV009_003,1286956
65982,516,0,CV009_003,1287472
65983,560,0,CV009_003,1288032
65984,568,0,CV009_003,1288600
65985,572,0,CV009_003,1289172
65986,564,0,CV009_003,1289736
65987,564,0,CV009_003,1290300
65988,572,0,CV009_003,1290872
65989,560,0,CV009_003,1291432
65990,564,0,CV009_003,1291996
65991,568,0,CV009_003,1292564
65992,616,1,CV009_003,1293180
65993,520,0,CV009_003,1293700
65994,572,0,CV009_003,1294272
65995,572,0,CV009_003,1294844
65996,572,0,CV009_003,1295416
65997,580,0,CV009_003,1295996
65998,580,0,CV009_003,1296576
65999,576,0,CV009_003,1297152
66000,584,0,CV009_003,1297736
66001,580,0,CV009_003,1298316
66002,580,0,CV009_003,1298896
66003,588,0,CV009_003,1299484
66004,576,0,CV009_003,1300060
66005,576,0,CV009_003,1300636
66006,588,0,CV009_003,1301224
66007,584,0,CV009_003,1301808
66008,584,0,CV009_003,1302392
66009,588,0,CV009_003,1302980
66010,588,0,CV009_003,1303568
66011,628,1,CV009_003,1304196
66012,532,0,CV009_003,1304728
66013,580,0,CV009_003,1305308
66014,572,0,CV009_003,1305880
66015,580,0,CV009_003,1306460
66016,580,0,CV009_003,1307040
66017,572,0,CV009_003,1307612
66018,576,0,CV009_003,1308188
66019,572,0,CV009_003,1308760
66020,576,0,CV009_003,1309336
66021,572,0,CV009_003,1309908
66022,576,0,CV009_003,1310484
66023,572,0,CV009_003,1311056
66024,572,0,CV009_003,1311628
66025,580,0,CV009_003,1312208
66026,580,0,CV009_003,1312788
66027,628,1,CV009_003,1313416
66028,524,0,CV009_003,1313940
66029,568,0,CV009_003,1314508
66030,572,0,CV009_003,1315080
66031,568,0,CV009_003,1315648
66032,568,0,CV009_003,1316216
66033,572,0,CV009_003,1316788
66034,576,0,CV009_003,1317364
66035,572,0,CV009_003,1317936
66036,576,0,CV009_003,1318512
66037,580,0,CV009_003,1319092
66038,568,0,CV009_003,1319660
66039,576,0,CV009_003,1320236
66040,580,0,CV009_003,1320816
66041,572,0,CV009_003,1321388
66042,576,0,CV009_003,1321964
66043,580,0,CV009_003,1322544
66044,572,0,CV009_003,1323116
66045,580,0,CV009_003,1323696
66046,580,0,CV009_003,1324276
66047,580,0,CV009_003,1324856
66048,576,0,CV009_003,1325432
66049,588,0,CV009_003,1326020
66050,580,0,CV009_003,1326600
66051,576,0,CV009_003,1327176
66052,580,0,CV009_003,1327756
66053,584,0,CV009_003,1328340
66054,580,0,CV009_003,1328920
66055,588,0,CV009_003,1329508
66056,584,0,CV009_003,1330092
66057,580,0,CV009_003,1330672
66058,588,0,CV009_003,1331260
66059,576,0,CV009_003,1331836
66060,580,0,CV009_003,1332416
66061,580,0,CV009_003,1332996
66062,576,0,CV009_003,1333572
66063,628,1,CV009_003,1334200
66064,528,0,CV009_003,1334728
66065,572,0,CV009_003,1335300
66066,580,0,CV009_003,1335880
66067,576,0,CV009_003,1336456
66068,576,0,CV009_003,1337032
66069,576,0,CV009_003,1337608
66070,576,0,CV009_003,1338184
66071,572,0,CV009_003,1338756
66072,568,0,CV009_003,1339324
66073,572,0,CV009_003,1339896
66074,572,0,CV009_003,1340468
66075,568,0,CV009_003,1341036
66076,572,0,CV009_003,1341608
66077,572,0,CV009_003,1342180
66078,568,0,CV009_003,1342748
66079,568,0,CV009_003,1343316
66080,572,0,CV009_003,1343888
66081,568,0,CV009_003,1344456
66082,576,0,CV009_003,1345032
66083,572,0,CV009_003,1345604
66084,568,0,CV009_003,1346172
66085,572,0,CV009_003,1346744
66086,576,0,CV009_003,1347320
66087,564,0,CV009_003,1347884
66088,568,0,CV009_003,1348452
66089,572,0,CV009_003,1349024
66090,568,0,CV009_003,1349592
66091,620,1,CV009_003,1350212
66092,524,0,CV009_003,1350736
66093,564,0,CV009_003,1351300
66094,572,0,CV009_003,1351872
66095,576,0,CV009_003,1352448
66096,572,0,CV009_003,1353020
66097,572,0,CV009_003,1353592
66098,624,1,CV009_003,1354216
66099,520,0,CV009_003,1354736
66100,568,0,CV009_003,1355304
66101,572,0,CV009_003,1355876
66102,568,0,CV009_003,1356444
66103,568,0,CV009_003,1357012
66104,572,0,CV009_003,1357584
66105,560,0,CV009_003,1358144
66106,572,0,CV009_003,1358716
66107,568,0,CV009_003,1359284
66108,564,0,CV009_003,1359848
66109,560,0,CV009_003,1360408
66110,568,0,CV009_003,1360976
66111,576,0,CV009_003,1361552
66112,568,0,CV009_003,1362120
66113,564,0,CV009_003,1362684
66114,580,0,CV009_003,1363264
66115,572,0,CV009_003,1363836
66116,572,0,CV009_003,1364408
66117,576,0,CV009_003,1364984
66118,572,0,CV009_003,1365556
66119,572,0,CV009_003,1366128
66120,568,0,CV009_003,1366696
66121,568,0,CV009_003,1367264
66122,568,0,CV009_003,1367832
66123,568,0,CV009_003,1368400
66124,568,0,CV009_003,1368968
66125,564,0,CV009_003,1369532
66126,568,0,CV009_003,1370100
66127,568,0,CV009_003,1370668
66128,564,0,CV009_003,1371232
66129,568,0,CV009_003,1371800
66130,568,0,CV009_003,1372368
66131,568,0,CV009_003,1372936
66132,564,0,CV009_003,1373500
66133,572,0,CV009_003,1374072
66134,568,0,CV009_003,1374640
66135,572,0,CV009_003,1375212
66136,576,0,CV009_003,1375788
66137,572,0,CV009_003,1376360
66138,576,0,CV009_003,1376936
66139,572,0,CV009_003,1377508
66140,568,0,CV009_003,1378076
66141,576,0,CV009_003,1378652
66142,572,0,CV009_003,1379224
66143,576,0,CV009_003,1379800
66144,576,0,CV009_003,1380376
66145,580,0,CV009_003,1380956
66146,576,0,CV009_003,1381532
66147,564,0,CV009_003,1382096
66148,576,0,CV009_003,1382672
66149,564,0,CV009_003,1383236
66150,568,0,CV009_003,1383804
66151,568,0,CV009_003,1384372
66152,572,0,CV009_003,1384944
66153,572,0,CV009_003,1385516
66154,568,0,CV009_003,1386084
66155,568,0,CV009_003,1386652
66156,616,1,CV009_003,1387268
66157,512,0,CV009_003,1387780
66158,572,0,CV009_003,1388352
66159,568,0,CV009_003,1388920
66160,568,0,CV009_003,1389488
66161,564,0,CV009_003,1390052
66162,572,0,CV009_003,1390624
66163,624,1,CV009_003,1391248
66164,528,0,CV009_003,1391776
66165,572,0,CV009_003,1392348
66166,572,0,CV009_003,1392920
66167,572,0,CV009_003,1393492
66168,564,0,CV009_003,1394056
66169,568,0,CV009_003,1394624
66170,620,1,CV009_003,1395244
66171,508,0,CV009_003,1395752
66172,568,0,CV009_003,1396320
66173,572,0,CV009_003,1396892
66174,564,0,CV009_003,1397456
66175,572,0,CV009_003,1398028
66176,572,0,CV009_003,1398600
66177,564,0,CV009_003,1399164
66178,580,0,CV009_003,1399744
66179,572,0,CV009_003,1400316
66180,568,0,CV009_003,1400884
66181,576,0,CV009_003,1401460
66182,572,0,CV009_003,1402032
66183,572,0,CV009_003,1402604
66184,1152,0,CV009_003,1403756
66185,564,0,CV009_003,1404320
66186,568,0,CV009_003,1404888
66187,576,0,CV009_003,1405464
66188,568,0,CV009_003,1406032
66189,568,0,CV009_003,1406600
66190,560,0,CV009_003,1407160
66191,576,0,CV009_003,1407736
66192,560,0,CV009_003,1408296
66193,572,0,CV009_003,1408868
66194,564,0,CV009_003,1409432
66195,564,0,CV009_003,1409996
66196,568,0,CV009_003,1410564
66197,572,0,CV009_003,1411136
66198,604,1,CV009_003,1411740
66199,516,0,CV009_003,1412256
66200,568,0,CV009_003,1412824
66201,560,0,CV009_003,1413384
66202,560,0,CV009_003,1413944
66203,568,0,CV009_003,1414512
66204,568,0,CV009_003,1415080
66205,576,0,CV009_003,1415656
66206,572,0,CV009_003,1416228
66207,568,0,CV009_003,1416796
66208,568,0,CV009_003,1417364
66209,568,0,CV009_003,1417932
66210,564,0,CV009_003,1418496
66211,572,0,CV009_003,1419068
66212,560,0,CV009_003,1419628
66213,620,1,CV009_003,1420248
66214,516,0,CV009_003,1420764
66215,564,0,CV009_003,1421328
66216,568,0,CV009_003,1421896
66217,572,0,CV009_003,1422468
66218,572,0,CV009_003,1423040
66219,576,0,CV009_003,1423616
66220,628,1,CV009_003,1424244
66221,532,0,CV009_003,1424776
66222,576,0,CV009_003,1425352
66223,580,0,CV009_003,1425932
66224,576,0,CV009_003,1426508
66225,572,0,CV009_003,1427080
66226,584,0,CV009_003,1427664
66227,572,0,CV009_003,1428236
66228,580,0,CV009_003,1428816
66229,580,0,CV009_003,1429396
66230,572,0,CV009_003,1429968
66231,576,0,CV009_003,1430544
66232,576,0,CV009_003,1431120
66233,572,0,CV009_003,1431692
66234,584,0,CV009_003,1432276
66235,580,0,CV009_003,1432856
66236,580,0,CV009_003,1433436
66237,588,0,CV009_003,1434024
66238,584,0,CV009_003,1434608
66239,576,0,CV009_003,1435184
66240,584,0,CV009_003,1435768
66241,588,0,CV009_003,1436356
66242,588,0,CV009_003,1436944
66243,588,0,CV009_003,1437532
66244,572,0,CV009_003,1438104
66245,588,0,CV009_003,1438692
66246,576,0,CV009_003,1439268
66247,576,0,CV009_003,1439844
66248,576,0,CV009_003,1440420
66249,572,0,CV009_003,1440992
66250,576,0,CV009_003,1441568
66251,576,0,CV009_003,1442144
66252,580,0,CV009_003,1442724
66253,572,0,CV009_003,1443296
66254,576,0,CV009_003,1443872
66255,580,0,CV009_003,1444452
66256,572,0,CV009_003,1445024
66257,628,1,CV009_003,1445652
66258,528,0,CV009_003,1446180
66259,580,0,CV009_003,1446760
66260,572,0,CV009_003,1447332
66261,568,0,CV009_003,1447900
66262,576,0,CV009_003,1448476
66263,576,0,CV009_003,1449052
66264,572,0,CV009_003,1449624
66265,560,0,CV009_003,1450184
66266,588,0,CV009_003,1450772
66267,568,0,CV009_003,1451340
66268,568,0,CV009_003,1451908
66269,560,0,CV009_003,1452468
66270,564,0,CV009_003,1453032
66271,564,0,CV009_003,1453596
66272,560,0,CV009_003,1454156
66273,564,0,CV009_003,1454720
66274,560,0,CV009_003,1455280
66275,568,0,CV009_003,1455848
66276,564,0,CV009_003,1456412
66277,560,0,CV009_003,1456972
66278,572,0,CV009_003,1457544
66279,564,0,CV009_003,1458108
66280,572,0,CV009_003,1458680
66281,584,0,CV009_003,1459264
66282,580,0,CV009_003,1459844
66283,584,0,CV009_003,1460428
66284,584,0,CV009_003,1461012
66285,588,0,CV009_003,1461600
66286,580,0,CV009_003,1462180
66287,580,0,CV009_003,1462760
66288,588,0,CV009_003,1463348
66289,576,0,CV009_003,1463924
66290,576,0,CV009_003,1464500
66291,592,0,CV009_003,1465092
66292,584,0,CV009_003,1465676
66293,584,0,CV009_003,1466260
66294,588,0,CV009_003,1466848
66295,584,0,CV009_003,1467432
66296,592,0,CV009_003,1468024
66297,592,0,CV009_003,1468616
66298,580,0,CV009_003,1469196
66299,580,0,CV009_003,1469776
66300,576,0,CV009_003,1470352
66301,572,0,CV009_003,1470924
66302,568,0,CV009_003,1471492
66303,560,0,CV009_003,1472052
66304,560,0,CV009_003,1472612
66305,560,0,CV009_003,1473172
66306,560,0,CV009_003,1473732
66307,556,0,CV009_003,1474288
66308,564,0,CV009_003,1474852
66309,560,0,CV009_003,1475412
66310,568,0,CV009_003,1475980
66311,568,0,CV009_003,1476548
66312,576,0,CV009_003,1477124
66313,580,0,CV009_003,1477704
66314,580,0,CV009_003,1478284
66315,588,0,CV009_003,1478872
66316,584,0,CV009_003,1479456
66317,580,0,CV009_003,1480036
66318,592,0,CV009_003,1480628
66319,580,0,CV009_003,1481208
66320,584,0,CV009_003,1481792
66321,584,0,CV009_003,1482376
66322,580,0,CV009_003,1482956
66323,576,0,CV009_003,1483532
66324,588,0,CV009_003,1484120
66325,580,0,CV009_003,1484700
66326,576,0,CV009_003,1485276
66327,580,0,CV009_003,1485856
66328,580,0,CV009_003,1486436
66329,572,0,CV009_003,1487008
66330,576,0,CV009_003,1487584
66331,576,0,CV009_003,1488160
66332,576,0,CV009_003,1488736
66333,576,0,CV009_003,1489312
66334,580,0,CV009_003,1489892
66335,488,0,CV009_003,1490380
66336,668,0,CV009_003,1491048
66337,588,0,CV009_003,1491636
66338,640,0,CV009_003,1492276
66339,528,0,CV009_003,1492804
66340,588,0,CV009_003,1493392
66341,588,0,CV009_003,1493980
66342,584,0,CV009_003,1494564
66343,580,0,CV009_003,1495144
66344,580,0,CV009_003,1495724
66345,584,0,CV009_003,1496308
66346,584,0,CV009_003,1496892
66347,584,0,CV009_003,1497476
66348,592,0,CV009_003,1498068
66349,604,0,CV009_003,1498672
66350,596,0,CV009_003,1499268
66351,600,0,CV009_003,1499868
66352,604,0,CV009_003,1500472
66353,596,0,CV009_003,1501068
66354,604,0,CV009_003,1501672
66355,600,0,CV009_003,1502272
66356,592,0,CV009_003,1502864
66357,588,0,CV009_003,1503452
66358,588,0,CV009_003,1504040
66359,588,0,CV009_003,1504628
66360,580,0,CV009_003,1505208
66361,588,0,CV009_003,1505796
66362,584,0,CV009_003,1506380
66363,580,0,CV009_003,1506960
66364,584,0,CV009_003,1507544
66365,584,0,CV009_003,1508128
66366,580,0,CV009_003,1508708
66367,580,0,CV009_003,1509288
66368,584,0,CV009_003,1509872
66369,580,0,CV009_003,1510452
66370,576,0,CV009_003,1511028
66371,580,0,CV009_003,1511608
66372,592,0,CV009_003,1512200
66373,576,0,CV009_003,1512776
66374,592,0,CV009_003,1513368
66375,588,0,CV009_003,1513956
66376,588,0,CV009_003,1514544
66377,588,0,CV009_003,1515132
66378,592,0,CV009_003,1515724
66379,588,0,CV009_003,1516312
66380,592,0,CV009_003,1516904
66381,592,0,CV009_003,1517496
66382,580,0,CV009_003,1518076
66383,584,0,CV009_003,1518660
66384,632,1,CV009_003,1519292
66385,532,0,CV009_003,1519824
66386,580,0,CV009_003,1520404
66387,580,0,CV009_003,1520984
66388,576,0,CV009_003,1521560
66389,576,0,CV009_003,1522136
66390,572,0,CV009_003,1522708
66391,580,0,CV009_003,1523288
66392,584,0,CV009_003,1523872
66393,580,0,CV009_003,1524452
66394,580,0,CV009_003,1525032
66395,584,0,CV009_003,1525616
66396,584,0,CV009_003,1526200
66397,580,0,CV009_003,1526780
66398,588,0,CV009_003,1527368
66399,588,0,CV009_003,1527956
66400,584,0,CV009_003,1528540
66401,596,0,CV009_003,1529136
66402,592,0,CV009_003,1529728
66403,588,0,CV009_003,1530316
66404,596,0,CV009_003,1530912
66405,584,0,CV009_003,1531496
66406,588,0,CV009_003,1532084
66407,588,0,CV009_003,1532672
66408,636,1,CV009_003,1533308
66409,540,0,CV009_003,1533848
66410,588,0,CV009_003,1534436
66411,584,0,CV009_003,1535020
66412,588,0,CV009_003,1535608
66413,596,0,CV009_003,1536204
66414,588,0,CV009_003,1536792
66415,588,0,CV009_003,1537380
66416,600,0,CV009_003,1537980
66417,592,0,CV009_003,1538572
66418,596,0,CV009_003,1539168
66419,600,0,CV009_003,1539768
66420,592,0,CV009_003,1540360
66421,596,0,CV009_003,1540956
66422,592,0,CV009_003,1541548
66423,588,0,CV009_003,1542136
66424,592,0,CV009_003,1542728
66425,596,0,CV009_003,1543324
66426,588,0,CV009_003,1543912
66427,596,0,CV009_003,1544508
66428,592,0,CV009_003,1545100
66429,584,0,CV009_003,1545684
66430,636,1,CV009_003,1546320
66431,536,0,CV009_003,1546856
66432,588,0,CV009_003,1547444
66433,576,0,CV009_003,1548020
66434,584,0,CV009_003,1548604
66435,580,0,CV009_003,1549184
66436,580,0,CV009_003,1549764
66437,580,0,CV009_003,1550344
66438,580,0,CV009_003,1550924
66439,576,0,CV009_003,1551500
66440,580,0,CV009_003,1552080
66441,580,0,CV009_003,1552660
66442,576,0,CV009_003,1553236
66443,580,0,CV009_003,1553816
66444,580,0,CV009_003,1554396
66445,580,0,CV009_003,1554976
66446,576,0,CV009_003,1555552
66447,584,0,CV009_003,1556136
66448,580,0,CV009_003,1556716
66449,592,0,CV009_003,1557308
66450,584,0,CV009_003,1557892
66451,584,0,CV009_003,1558476
66452,588,0,CV009_003,1559064
66453,584,0,CV009_003,1559648
66454,588,0,CV009_003,1560236
66455,584,0,CV009_003,1560820
66456,588,0,CV009_003,1561408
66457,588,0,CV009_003,1561996
66458,580,0,CV009_003,1562576
66459,584,0,CV009_003,1563160
66460,584,0,CV009_003,1563744
66461,1204,0,CV009_003,1564948
66462,604,0,CV009_003,1565552
66463,592,0,CV009_003,1566144
66464,588,0,CV009_003,1566732
66465,576,0,CV009_003,1567308
66466,572,0,CV009_003,1567880
66467,568,0,CV009_003,1568448
66468,564,0,CV009_003,1569012
66469,560,0,CV009_003,1569572
66470,564,0,CV009_003,1570136
66471,560,0,CV009_003,1570696
66472,552,0,CV009_003,1571248
66473,568,0,CV009_003,1571816
66474,560,0,CV009_003,1572376
66475,560,0,CV009_003,1572936
66476,568,0,CV009_003,1573504
66477,564,0,CV009_003,1574068
66478,564,0,CV009_003,1574632
66479,576,0,CV009_003,1575208
66480,568,0,CV009_003,1575776
66481,564,0,CV009_003,1576340
66482,576,0,CV009_003,1576916
66483,572,0,CV009_003,1577488
66484,568,0,CV009_003,1578056
66485,576,0,CV009_003,1578632
66486,572,0,CV009_003,1579204
66487,568,0,CV009_003,1579772
66488,572,0,CV009_003,1580344
66489,572,0,CV009_003,1580916
66490,568,0,CV009_003,1581484
66491,564,0,CV009_003,1582048
66492,568,0,CV009_003,1582616
66493,560,0,CV009_003,1583176
66494,568,0,CV009_003,1583744
66495,564,0,CV009_003,1584308
66496,608,1,CV009_003,1584916
66497,520,0,CV009_003,1585436
66498,564,0,CV009_003,1586000
66499,568,0,CV009_003,1586568
66500,560,0,CV009_003,1587128
66501,572,0,CV009_003,1587700
66502,564,0,CV009_003,1588264
66503,572,0,CV009_003,1588836
66504,568,0,CV009_003,1589404
66505,580,0,CV009_003,1589984
66506,568,0,CV009_003,1590552
66507,572,0,CV009_003,1591124
66508,584,0,CV009_003,1591708
66509,1148,0,CV009_003,1592856
66510,580,0,CV009_003,1593436
66511,572,0,CV009_003,1594008
66512,572,0,CV009_003,1594580
66513,576,0,CV009_003,1595156
66514,576,0,CV009_003,1595732
66515,624,1,CV009_003,1596356
66516,520,0,CV009_003,1596876
66517,580,0,CV009_003,1597456
66518,580,0,CV009_003,1598036
66519,576,0,CV009_003,1598612
66520,584,0,CV009_003,1599196
66521,580,0,CV009_003,1599776
66522,572,0,CV009_003,1600348
66523,580,0,CV009_003,1600928
66524,580,0,CV009_003,1601508
66525,580,0,CV009_003,1602088
66526,580,0,CV009_003,1602668
66527,584,0,CV009_003,1603252
66528,576,0,CV009_003,1603828
66529,584,0,CV009_003,1604412
66530,580,0,CV009_003,1604992
66531,580,0,CV009_003,1605572
66532,572,0,CV009_003,1606144
66533,580,0,CV009_003,1606724
66534,628,1,CV009_003,1607352
66535,528,0,CV009_003,1607880
66536,584,0,CV009_003,1608464
66537,580,0,CV009_003,1609044
66538,572,0,CV009_003,1609616
66539,584,0,CV009_003,1610200
66540,572,0,CV009_003,1610772
66541,580,0,CV009_003,1611352
66542,580,0,CV009_003,1611932
66543,576,0,CV009_003,1612508
66544,572,0,CV009_003,1613080
66545,576,0,CV009_003,1613656
66546,580,0,CV009_003,1614236
66547,576,0,CV009_003,1614812
66548,580,0,CV009_003,1615392
66549,572,0,CV009_003,1615964
66550,580,0,CV009_003,1616544
66551,580,0,CV009_003,1617124
66552,576,0,CV009_003,1617700
66553,572,0,CV009_003,1618272
66554,588,0,CV009_003,1618860
66555,584,0,CV009_003,1619444
66556,580,0,CV009_003,1620024
66557,584,0,CV009_003,1620608
66558,580,0,CV009_003,1621188
66559,628,1,CV009_003,1621816
66560,528,0,CV009_003,1622344
66561,576,0,CV009_003,1622920
66562,576,0,CV009_003,1623496
66563,584,0,CV009_003,1624080
66564,576,0,CV009_003,1624656
66565,580,0,CV009_003,1625236
66566,584,0,CV009_003,1625820
66567,584,0,CV009_003,1626404
66568,584,0,CV009_003,1626988
66569,588,0,CV009_003,1627576
66570,584,0,CV009_003,1628160
66571,588,0,CV009_003,1628748
66572,592,0,CV009_003,1629340
66573,584,0,CV009_003,1629924
66574,592,0,CV009_003,1630516
66575,592,0,CV009_003,1631108
66576,580,0,CV009_003,1631688
66577,584,0,CV009_003,1632272
66578,584,0,CV009_003,1632856
66579,576,0,CV009_003,1633432
66580,588,0,CV009_003,1634020
66581,584,0,CV009_003,1634604
66582,584,0,CV009_003,1635188
66583,584,0,CV009_003,1635772
66584,592,0,CV009_003,1636364
66585,588,0,CV009_003,1636952
66586,584,0,CV009_003,1637536
66587,588,0,CV009_003,1638124
66588,588,0,CV009_003,1638712
66589,580,0,CV009_003,1639292
66590,584,0,CV009_003,1639876
66591,588,0,CV009_003,1640464
66592,588,0,CV009_003,1641052
66593,576,0,CV009_003,1641628
66594,580,0,CV009_003,1642208
66595,588,0,CV009_003,1642796
66596,576,0,CV009_003,1643372
66597,584,0,CV009_003,1643956
66598,584,0,CV009_003,1644540
66599,584,0,CV009_003,1645124
66600,580,0,CV009_003,1645704
66601,584,0,CV009_003,1646288
66602,592,0,CV009_003,1646880
66603,584,0,CV009_003,1647464
66604,584,0,CV009_003,1648048
66605,584,0,CV009_003,1648632
66606,580,0,CV009_003,1649212
66607,584,0,CV009_003,1649796
66608,576,0,CV009_003,1650372
66609,572,0,CV009_003,1650944
66610,576,0,CV009_003,1651520
66611,572,0,CV009_003,1652092
66612,572,0,CV009_003,1652664
66613,580,0,CV009_003,1653244
66614,572,0,CV009_003,1653816
66615,568,0,CV009_003,1654384
66616,580,0,CV009_003,1654964
66617,576,0,CV009_003,1655540
66618,572,0,CV009_003,1656112
66619,572,0,CV009_003,1656684
66620,588,0,CV009_003,1657272
66621,572,0,CV009_003,1657844
66622,584,0,CV009_003,1658428
66623,576,0,CV009_003,1659004
66624,576,0,CV009_003,1659580
66625,584,0,CV009_003,1660164
66626,584,0,CV009_003,1660748
66627,628,1,CV009_003,1661376
66628,532,0,CV009_003,1661908
66629,584,0,CV009_003,1662492
66630,572,0,CV009_003,1663064
66631,576,0,CV009_003,1663640
66632,572,0,CV009_003,1664212
66633,572,0,CV009_003,1664784
66634,576,0,CV009_003,1665360
66635,580,0,CV009_003,1665940
66636,576,0,CV009_003,1666516
66637,576,0,CV009_003,1667092
66638,572,0,CV009_003,1667664
66639,576,0,CV009_003,1668240
66640,576,0,CV009_003,1668816
66641,580,0,CV009_003,1669396
66642,572,0,CV009_003,1669968
66643,572,0,CV009_003,1670540
66644,580,0,CV009_003,1671120
66645,580,0,CV009_003,1671700
66646,576,0,CV009_003,1672276
66647,584,0,CV009_003,1672860
66648,580,0,CV009_003,1673440
66649,580,0,CV009_003,1674020
66650,584,0,CV009_003,1674604
66651,576,0,CV009_003,1675180
66652,584,0,CV009_003,1675764
66653,588,0,CV009_003,1676352
66654,580,0,CV009_003,1676932
66655,592,0,CV009_003,1677524
66656,588,0,CV009_003,1678112
66657,580,0,CV009_003,1678692
66658,580,0,CV009_003,1679272
66659,584,0,CV009_003,1679856
66660,580,0,CV009_003,1680436
66661,576,0,CV009_003,1681012
66662,576,0,CV009_003,1681588
66663,624,1,CV009_003,1682212
66664,524,0,CV009_003,1682736
66665,564,0,CV009_003,1683300
66666,580,0,CV009_003,1683880
66667,576,0,CV009_003,1684456
66668,572,0,CV009_003,1685028
66669,580,0,CV009_003,1685608
66670,576,0,CV009_003,1686184
66671,580,0,CV009_003,1686764
66672,628,1,CV009_003,1687392
66673,532,0,CV009_003,1687924
66674,580,0,CV009_003,1688504
66675,584,0,CV009_003,1689088
66676,580,0,CV009_003,1689668
66677,580,0,CV009_003,1690248
66678,584,0,CV009_003,1690832
66679,580,0,CV009_003,1691412
66680,580,0,CV009_003,1691992
66681,584,0,CV009_003,1692576
66682,636,1,CV009_003,1693212
66683,524,0,CV009_003,1693736
66684,576,0,CV009_003,1694312
66685,588,0,CV009_003,1694900
66686,576,0,CV009_003,1695476
66687,580,0,CV009_003,1696056
66688,580,0,CV009_003,1696636
66689,576,0,CV009_003,1697212
66690,584,0,CV009_003,1697796
66691,580,0,CV009_003,1698376
66692,576,0,CV009_003,1698952
66693,584,0,CV009_003,1699536
66694,580,0,CV009_003,1700116
66695,572,0,CV009_003,1700688
66696,580,0,CV009_003,1701268
66697,580,0,CV009_003,1701848
66698,572,0,CV009_003,1702420
66699,584,0,CV009_003,1703004
66700,576,0,CV009_003,1703580
66701,576,0,CV009_003,1704156
66702,588,0,CV009_003,1704744
66703,580,0,CV009_003,1705324
66704,584,0,CV009_003,1705908
66705,588,0,CV009_003,1706496
66706,584,0,CV009_003,1707080
66707,584,0,CV009_003,1707664
66708,588,0,CV009_003,1708252
66709,588,0,CV009_003,1708840
66710,580,0,CV009_003,1709420
66711,588,0,CV009_003,1710008
66712,632,0,CV009_003,1710640
66713,532,0,CV009_003,1711172
66714,580,0,CV009_003,1711752
66715,636,0,CV009_003,1712388
66716,524,0,CV009_003,1712912
66717,584,0,CV009_003,1713496
66718,580,0,CV009_003,1714076
66719,572,0,CV009_003,1714648
66720,576,0,CV009_003,1715224
66721,584,0,CV009_003,1715808
66722,576,0,CV009_003,1716384
66723,576,0,CV009_003,1716960
66724,580,0,CV009_003,1717540
66725,576,0,CV009_003,1718116
66726,576,0,CV009_003,1718692
66727,580,0,CV009_003,1719272
66728,572,0,CV009_003,1719844
66729,580,0,CV009_003,1720424
66730,572,0,CV009_003,1720996
66731,628,1,CV009_003,1721624
66732,528,0,CV009_003,1722152
66733,584,0,CV009_003,1722736
66734,588,0,CV009_003,1723324
66735,592,0,CV009_003,1723916
66736,584,0,CV009_003,1724500
66737,632,1,CV009_003,1725132
66738,532,0,CV009_003,1725664
66739,580,0,CV009_003,1726244
66740,580,0,CV009_003,1726824
66741,572,0,CV009_003,1727396
66742,572,0,CV009_003,1727968
66743,576,0,CV009_003,1728544
66744,576,0,CV009_003,1729120
66745,572,0,CV009_003,1729692
66746,580,0,CV009_003,1730272
66747,580,0,CV009_003,1730852
66748,576,0,CV009_003,1731428
66749,588,0,CV009_003,1732016
66750,580,0,CV009_003,1732596
66751,580,0,CV009_003,1733176
66752,588,0,CV009_003,1733764
66753,636,1,CV009_003,1734400
66754,528,0,CV009_003,1734928
66755,592,0,CV009_003,1735520
66756,584,0,CV009_003,1736104
66757,584,0,CV009_003,1736688
66758,584,0,CV009_003,1737272
66759,588,0,CV009_003,1737860
66760,584,0,CV009_003,1738444
66761,580,0,CV009_003,1739024
66762,592,0,CV009_003,1739616
66763,580,0,CV009_003,1740196
66764,580,0,CV009_003,1740776
66765,632,1,CV009_003,1741408
66766,532,0,CV009_003,1741940
66767,576,0,CV009_003,1742516
66768,588,0,CV009_003,1743104
66769,584,0,CV009_003,1743688
66770,584,0,CV009_003,1744272
66771,584,0,CV009_003,1744856
66772,580,0,CV009_003,1745436
66773,576,0,CV009_003,1746012
66774,588,0,CV009_003,1746600
66775,588,0,CV009_003,1747188
66776,580,0,CV009_003,1747768
66777,572,0,CV009_003,1748340
66778,600,0,CV009_003,1748940
66779,584,0,CV009_003,1749524
66780,584,0,CV009_003,1750108
66781,592,0,CV009_003,1750700
66782,588,0,CV009_003,1751288
66783,580,0,CV009_003,1751868
66784,584,0,CV009_003,1752452
66785,592,0,CV009_003,1753044
66786,584,0,CV009_003,1753628
66787,580,0,CV009_003,1754208
66788,592,0,CV009_003,1754800
66789,640,1,CV009_003,1755440
66790,536,0,CV009_003,1755976
66791,588,0,CV009_003,1756564
66792,596,0,CV009_003,1757160
66793,588,0,CV009_003,1757748
66794,592,0,CV009_003,1758340
66795,592,0,CV009_003,1758932
66796,596,0,CV009_003,1759528
66797,588,0,CV009_003,1760116
66798,600,0,CV009_003,1760716
66799,600,0,CV009_003,1761316
66800,592,0,CV009_003,1761908
66801,652,1,CV009_003,1762560
66802,548,0,CV009_003,1763108
66803,596,0,CV009_003,1763704
66804,592,0,CV009_003,1764296
66805,592,0,CV009_003,1764888
66806,584,0,CV009_003,1765472
66807,592,0,CV009_003,1766064
66808,588,0,CV009_003,1766652
66809,588,0,CV009_003,1767240
66810,588,0,CV009_003,1767828
66811,588,0,CV009_003,1768416
66812,592,0,CV009_003,1769008
66813,588,0,CV009_003,1769596
66814,588,0,CV009_003,1770184
66815,588,0,CV009_003,1770772
66816,580,0,CV009_003,1771352
66817,600,0,CV009_003,1771952
66818,596,0,CV009_003,1772548
66819,592,0,CV009_003,1773140
66820,600,0,CV009_003,1773740
66821,592,0,CV009_003,1774332
66822,592,0,CV009_003,1774924
66823,596,0,CV009_003,1775520
66824,584,0,CV009_003,1776104
66825,588,0,CV009_003,1776692
66826,592,0,CV009_003,1777284
66827,580,0,CV009_003,1777864
66828,584,0,CV009_003,1778448
66829,588,0,CV009_003,1779036
66830,584,0,CV009_003,1779620
66831,584,0,CV009_003,1780204
66832,588,0,CV009_003,1780792
66833,640,0,CV009_003,1781432
66834,576,0,CV009_003,1782008
66835,544,0,CV009_003,1782552
66836,580,0,CV009_003,1783132
66837,588,0,CV009_003,1783720
66838,588,0,CV009_003,1784308
66839,588,0,CV009_003,1784896
66840,584,0,CV009_003,1785480
66841,584,0,CV009_003,1786064
66842,580,0,CV009_003,1786644
66843,584,0,CV009_003,1787228
66844,588,0,CV009_003,1787816
66845,1168,0,CV009_003,1788984
66846,584,0,CV009_003,1789568
66847,592,0,CV009_003,1790160
66848,576,0,CV009_003,1790736
66849,588,0,CV009_003,1791324
66850,584,0,CV009_003,1791908
66851,576,0,CV009_003,1792484
66852,584,0,CV009_003,1793068
66853,580,0,CV009_003,1793648
66854,580,0,CV009_003,1794228
66855,580,0,CV009_003,1794808
66856,632,1,CV009_003,1795440
66857,528,0,CV009_003,1795968
66858,584,0,CV009_003,1796552
66859,584,0,CV009_003,1797136
66860,580,0,CV009_003,1797716
66861,584,0,CV009_003,1798300
66862,584,0,CV009_003,1798884
66863,584,0,CV009_003,1799468
66864,584,0,CV009_003,1800052
66865,588,0,CV009_003,1800640
66866,584,0,CV009_003,1801224
66867,580,0,CV009_003,1801804
66868,1168,0,CV009_003,1802972
66869,580,0,CV009_003,1803552
66870,580,0,CV009_003,1804132
66871,580,0,CV009_003,1804712
66872,580,0,CV009_003,1805292
66873,584,0,CV009_003,1805876
66874,576,0,CV009_003,1806452
66875,580,0,CV009_003,1807032
66876,580,0,CV009_003,1807612
66877,576,0,CV009_003,1808188
66878,576,0,CV009_003,1808764
66879,580,0,CV009_003,1809344
66880,576,0,CV009_003,1809920
66881,576,0,CV009_003,1810496
66882,584,0,CV009_003,1811080
66883,580,0,CV009_003,1811660
66884,580,0,CV009_003,1812240
66885,588,0,CV009_003,1812828
66886,636,1,CV009_003,1813464
66887,536,0,CV009_003,1814000
66888,588,0,CV009_003,1814588
66889,584,0,CV009_003,1815172
66890,584,0,CV009_003,1815756
66891,596,0,CV009_003,1816352
66892,588,0,CV009_003,1816940
66893,584,0,CV009_003,1817524
66894,592,0,CV009_003,1818116
66895,588,0,CV009_003,1818704
66896,584,0,CV009_003,1819288
66897,584,0,CV009_003,1819872
66898,588,0,CV009_003,1820460
66899,580,0,CV009_003,1821040
66900,588,0,CV009_003,1821628
66901,580,0,CV009_003,1822208
66902,588,0,CV009_003,1822796
66903,1164,0,CV009_003,1823960
66904,588,0,CV009_003,1824548
66905,584,0,CV009_003,1825132
66906,580,0,CV009_003,1825712
66907,584,0,CV009_003,1826296
66908,592,0,CV009_003,1826888
66909,592,0,CV009_003,1827480
66910,588,0,CV009_003,1828068
66911,588,0,CV009_003,1828656
66912,588,0,CV009_003,1829244
66913,596,0,CV009_003,1829840
66914,584,0,CV009_003,1830424
66915,588,0,CV009_003,1831012
66916,596,0,CV009_003,1831608
66917,588,0,CV009_003,1832196
66918,580,0,CV009_003,1832776
66919,588,0,CV009_003,1833364
66920,572,0,CV009_003,1833936
66921,580,0,CV009_003,1834516
66922,576,0,CV009_003,1835092
66923,576,0,CV009_003,1835668
66924,580,0,CV009_003,1836248
66925,584,0,CV009_003,1836832
66926,632,1,CV009_003,1837464
66927,528,0,CV009_003,1837992
66928,588,0,CV009_003,1838580
66929,580,0,CV009_003,1839160
66930,584,0,CV009_003,1839744
66931,588,0,CV009_003,1840332
66932,584,0,CV009_003,1840916
66933,588,0,CV009_003,1841504
66934,592,0,CV009_003,1842096
66935,584,0,CV009_003,1842680
66936,588,0,CV009_003,1843268
66937,596,0,CV009_003,1843864
66938,588,0,CV009_003,1844452
66939,592,0,CV009_003,1845044
66940,592,0,CV009_003,1845636
66941,584,0,CV009_003,1846220
66942,588,0,CV009_003,1846808
66943,576,0,CV009_003,1847384
66944,588,0,CV009_003,1847972
66945,584,0,CV009_003,1848556
66946,580,0,CV009_003,1849136
66947,588,0,CV009_003,1849724
66948,580,0,CV009_003,1850304
66949,584,0,CV009_003,1850888
66950,592,0,CV009_003,1851480
66951,580,0,CV009_003,1852060
66952,588,0,CV009_003,1852648
66953,584,0,CV009_003,1853232
66954,592,0,CV009_003,1853824
66955,640,1,CV009_003,1854464
66956,536,0,CV009_003,1855000
66957,580,0,CV009_003,1855580
66958,584,0,CV009_003,1856164
66959,584,0,CV009_003,1856748
66960,580,0,CV009_003,1857328
66961,576,0,CV009_003,1857904
66962,580,0,CV009_003,1858484
66963,576,0,CV009_003,1859060
66964,576,0,CV009_003,1859636
66965,572,0,CV009_003,1860208
66966,576,0,CV009_003,1860784
66967,576,0,CV009_003,1861360
66968,580,0,CV009_003,1861940
66969,572,0,CV009_003,1862512
66970,580,0,CV009_003,1863092
66971,580,0,CV009_003,1863672
66972,576,0,CV009_003,1864248
66973,584,0,CV009_003,1864832
66974,568,0,CV009_003,1865400
66975,588,0,CV009_003,1865988
66976,580,0,CV009_003,1866568
66977,588,0,CV009_003,1867156
66978,588,0,CV009_003,1867744
66979,584,0,CV009_003,1868328
66980,592,0,CV009_003,1868920
66981,584,0,CV009_003,1869504
66982,584,0,CV009_003,1870088
66983,584,0,CV009_003,1870672
66984,576,0,CV009_003,1871248
66985,580,0,CV009_003,1871828
66986,576,0,CV009_003,1872404
66987,584,0,CV009_003,1872988
66988,580,0,CV009_003,1873568
66989,584,0,CV009_003,1874152
66990,576,0,CV009_003,1874728
66991,584,0,CV009_003,1875312
66992,588,0,CV009_003,1875900
66993,580,0,CV009_003,1876480
66994,584,0,CV009_003,1877064
66995,588,0,CV009_003,1877652
66996,584,0,CV009_003,1878236
66997,588,0,CV009_003,1878824
66998,580,0,CV009_003,1879404
66999,592,0,CV009_003,1879996
67000,592,0,CV009_003,1880588
67001,552,0,CV009_003,1881140
67002,616,0,CV009_003,1881756
67003,588,0,CV009_003,1882344
67004,584,0,CV009_003,1882928
67005,580,0,CV009_003,1883508
67006,576,0,CV009_003,1884084
67007,580,0,CV009_003,1884664
67008,572,0,CV009_003,1885236
67009,568,0,CV009_003,1885804
67010,568,0,CV009_003,1886372
67011,568,0,CV009_003,1886940
67012,572,0,CV009_003,1887512
67013,572,0,CV009_003,1888084
67014,572,0,CV009_003,1888656
67015,576,0,CV009_003,1889232
67016,568,0,CV009_003,1889800
67017,576,0,CV009_003,1890376
67018,572,0,CV009_003,1890948
67019,572,0,CV009_003,1891520
67020,572,0,CV009_003,1892092
67021,576,0,CV009_003,1892668
67022,568,0,CV009_003,1893236
67023,576,0,CV009_003,1893812
67024,576,0,CV009_003,1894388
67025,572,0,CV009_003,1894960
67026,572,0,CV009_003,1895532
67027,576,0,CV009_003,1896108
67028,568,0,CV009_003,1896676
67029,624,1,CV009_003,1897300
67030,524,0,CV009_003,1897824
67031,572,0,CV009_003,1898396
67032,568,0,CV009_003,1898964
67033,580,0,CV009_003,1899544
67034,572,0,CV009_003,1900116
67035,576,0,CV009_003,1900692
67036,580,0,CV009_003,1901272
67037,580,0,CV009_003,1901852
67038,568,0,CV009_003,1902420
67039,588,0,CV009_003,1903008
67040,580,0,CV009_003,1903588
67041,580,0,CV009_003,1904168
67042,580,0,CV009_003,1904748
67043,572,0,CV009_003,1905320
67044,580,0,CV009_003,1905900
67045,576,0,CV009_003,1906476
67046,568,0,CV009_003,1907044
67047,572,0,CV009_003,1907616
67048,576,0,CV009_003,1908192
67049,568,0,CV009_003,1908760
67050,572,0,CV009_003,1909332
67051,572,0,CV009_003,1909904
67052,568,0,CV009_003,1910472
67053,568,0,CV009_003,1911040
67054,572,0,CV009_003,1911612
67055,568,0,CV009_003,1912180
67056,572,0,CV009_003,1912752
67057,572,0,CV009_003,1913324
67058,568,0,CV009_003,1913892
67059,632,0,CV009_003,1914524
67060,528,0,CV009_003,1915052
67061,572,0,CV009_003,1915624
67062,632,0,CV009_003,1916256
67063,528,0,CV009_003,1916784
67064,576,0,CV009_003,1917360
67065,580,0,CV009_003,1917940
67066,576,0,CV009_003,1918516
67067,584,0,CV009_003,1919100
67068,584,0,CV009_003,1919684
67069,580,0,CV009_003,1920264
67070,580,0,CV009_003,1920844
67071,576,0,CV009_003,1921420
67072,572,0,CV009_003,1921992
67073,576,0,CV009_003,1922568
67074,576,0,CV009_003,1923144
67075,572,0,CV009_003,1923716
67076,576,0,CV009_003,1924292
67077,576,0,CV009_003,1924868
67078,564,0,CV009_003,1925432
67079,584,0,CV009_003,1926016
67080,576,0,CV009_003,1926592
67081,576,0,CV009_003,1927168
67082,580,0,CV009_003,1927748
67083,580,0,CV009_003,1928328
67084,580,0,CV009_003,1928908
67085,584,0,CV009_003,1929492
67086,580,0,CV009_003,1930072
67087,576,0,CV009_003,1930648
67088,584,0,CV009_003,1931232
67089,580,0,CV009_003,1931812
67090,572,0,CV009_003,1932384
67091,580,0,CV009_003,1932964
67092,584,0,CV009_003,1933548
67093,572,0,CV009_003,1934120
67094,580,0,CV009_003,1934700
67095,576,0,CV009_003,1935276
67096,572,0,CV009_003,1935848
67097,576,0,CV009_003,1936424
67098,576,0,CV009_003,1937000
67099,568,0,CV009_003,1937568
67100,576,0,CV009_003,1938144
67101,572,0,CV009_003,1938716
67102,568,0,CV009_003,1939284
67103,572,0,CV009_003,1939856
67104,568,0,CV009_003,1940424
67105,572,0,CV009_003,1940996
67106,572,0,CV009_003,1941568
67107,568,0,CV009_003,1942136
67108,576,0,CV009_003,1942712
67109,580,0,CV009_003,1943292
67110,572,0,CV009_003,1943864
67111,572,0,CV009_003,1944436
67112,580,0,CV009_003,1945016
67113,580,0,CV009_003,1945596
67114,584,0,CV009_003,1946180
67115,580,0,CV009_003,1946760
67116,576,0,CV009_003,1947336
67117,576,0,CV009_003,1947912
67118,580,0,CV009_003,1948492
67119,572,0,CV009_003,1949064
67120,576,0,CV009_003,1949640
67121,576,0,CV009_003,1950216
67122,568,0,CV009_003,1950784
67123,576,0,CV009_003,1951360
67124,572,0,CV009_003,1951932
67125,572,0,CV009_003,1952504
67126,576,0,CV009_003,1953080
67127,576,0,CV009_003,1953656
67128,576,0,CV009_003,1954232
67129,568,0,CV009_003,1954800
67130,580,0,CV009_003,1955380
67131,572,0,CV009_003,1955952
67132,576,0,CV009_003,1956528
67133,572,0,CV009_003,1957100
67134,572,0,CV009_003,1957672
67135,576,0,CV009_003,1958248
67136,580,0,CV009_003,1958828
67137,572,0,CV009_003,1959400
67138,576,0,CV009_003,1959976
67139,580,0,CV009_003,1960556
67140,572,0,CV009_003,1961128
67141,576,0,CV009_003,1961704
67142,576,0,CV009_003,1962280
67143,572,0,CV009_003,1962852
67144,572,0,CV009_003,1963424
67145,572,0,CV009_003,1963996
67146,572,0,CV009_003,1964568
67147,568,0,CV009_003,1965136
67148,572,0,CV009_003,1965708
67149,572,0,CV009_003,1966280
67150,572,0,CV009_003,1966852
67151,572,0,CV009_003,1967424
67152,568,0,CV009_003,1967992
67153,576,0,CV009_003,1968568
67154,572,0,CV009_003,1969140
67155,572,0,CV009_003,1969712
67156,568,0,CV009_003,1970280
67157,576,0,CV009_003,1970856
67158,572,0,CV009_003,1971428
67159,572,0,CV009_003,1972000
67160,572,0,CV009_003,1972572
67161,576,0,CV009_003,1973148
67162,576,0,CV009_003,1973724
67163,576,0,CV009_003,1974300
67164,576,0,CV009_003,1974876
67165,572,0,CV009_003,1975448
67166,576,0,CV009_003,1976024
67167,580,0,CV009_003,1976604
67168,572,0,CV009_003,1977176
67169,580,0,CV009_003,1977756
67170,576,0,CV009_003,1978332
67171,572,0,CV009_003,1978904
67172,632,1,CV009_003,1979536
67173,524,0,CV009_003,1980060
67174,576,0,CV009_003,1980636
67175,580,0,CV009_003,1981216
67176,576,0,CV009_003,1981792
67177,576,0,CV009_003,1982368
67178,580,0,CV009_003,1982948
67179,576,0,CV009_003,1983524
67180,576,0,CV009_003,1984100
67181,580,0,CV009_003,1984680
67182,576,0,CV009_003,1985256
67183,572,0,CV009_003,1985828
67184,580,0,CV009_003,1986408
67185,576,0,CV009_003,1986984
67186,576,0,CV009_003,1987560
67187,584,0,CV009_003,1988144
67188,580,0,CV009_003,1988724
67189,572,0,CV009_003,1989296
67190,584,0,CV009_003,1989880
67191,576,0,CV009_003,1990456
67192,576,0,CV009_003,1991032
67193,576,0,CV009_003,1991608
67194,576,0,CV009_003,1992184
67195,572,0,CV009_003,1992756
67196,580,0,CV009_003,1993336
67197,572,0,CV009_003,1993908
67198,564,0,CV009_003,1994472
67199,588,0,CV009_003,1995060
67200,572,0,CV009_003,1995632
67201,568,0,CV009_003,1996200
67202,576,0,CV009_003,1996776
67203,572,0,CV009_003,1997348
67204,568,0,CV009_003,1997916
67205,1144,0,CV009_003,1999060
67206,564,0,CV009_003,1999624
67207,576,0,CV009_003,2000200
67208,576,0,CV009_003,2000776
67209,572,0,CV009_003,2001348
67210,580,0,CV009_003,2001928
67211,580,0,CV009_003,2002508
67212,572,0,CV009_003,2003080
67213,584,0,CV009_003,2003664
67214,580,0,CV009_003,2004244
67215,580,0,CV009_003,2004824
67216,588,0,CV009_003,2005412
67217,584,0,CV009_003,2005996
67218,580,0,CV009_003,2006576
67219,584,0,CV009_003,2007160
67220,580,0,CV009_003,2007740
67221,580,0,CV009_003,2008320
67222,584,0,CV009_003,2008904
67223,1164,0,CV009_003,2010068
67224,580,0,CV009_003,2010648
67225,576,0,CV009_003,2011224
67226,580,0,CV009_003,2011804
67227,580,0,CV009_003,2012384
67228,576,0,CV009_003,2012960
67229,580,0,CV009_003,2013540
67230,572,0,CV009_003,2014112
67231,576,0,CV009_003,2014688
67232,576,0,CV009_003,2015264
67233,576,0,CV009_003,2015840
67234,572,0,CV009_003,2016412
67235,580,0,CV009_003,2016992
67236,584,0,CV009_003,2017576
67237,580,0,CV009_003,2018156
67238,584,0,CV009_003,2018740
67239,584,0,CV009_003,2019324
67240,572,0,CV009_003,2019896
67241,576,0,CV009_003,2020472
67242,580,0,CV009_003,2021052
67243,576,0,CV009_003,2021628
67244,576,0,CV009_003,2022204
67245,580,0,CV009_003,2022784
67246,572,0,CV009_003,2023356
67247,576,0,CV009_003,2023932
67248,1148,0,CV009_003,2025080
67249,576,0,CV009_003,2025656
67250,576,0,CV009_003,2026232
67251,572,0,CV009_003,2026804
67252,580,0,CV009_003,2027384
67253,576,0,CV009_003,2027960
67254,576,0,CV009_003,2028536
67255,576,0,CV009_003,2029112
67256,576,0,CV009_003,2029688
67257,572,0,CV009_003,2030260
67258,580,0,CV009_003,2030840
67259,576,0,CV009_003,2031416
67260,624,1,CV009_003,2032040
67261,524,0,CV009_003,2032564
67262,576,0,CV009_003,2033140
67263,572,0,CV009_003,2033712
67264,576,0,CV009_003,2034288
67265,580,0,CV009_003,2034868
67266,576,0,CV009_003,2035444
67267,580,0,CV009_003,2036024
67268,580,0,CV009_003,2036604
67269,576,0,CV009_003,2037180
67270,584,0,CV009_003,2037764
67271,580,0,CV009_003,2038344
67272,580,0,CV009_003,2038924
67273,636,1,CV009_003,2039560
67274,528,0,CV009_003,2040088
67275,580,0,CV009_003,2040668
67276,580,0,CV009_003,2041248
67277,584,0,CV009_003,2041832
67278,572,0,CV009_003,2042404
67279,580,0,CV009_003,2042984
67280,580,0,CV009_003,2043564
67281,576,0,CV009_003,2044140
67282,576,0,CV009_003,2044716
67283,580,0,CV009_003,2045296
67284,572,0,CV009_003,2045868
67285,580,0,CV009_003,2046448
67286,576,0,CV009_003,2047024
67287,572,0,CV009_003,2047596
67288,580,0,CV009_003,2048176
67289,584,0,CV009_003,2048760
67290,580,0,CV009_003,2049340
67291,580,0,CV009_003,2049920
67292,580,0,CV009_003,2050500
67293,584,0,CV009_003,2051084
67294,584,0,CV009_003,2051668
67295,580,0,CV009_003,2052248
67296,576,0,CV009_003,2052824
67297,580,0,CV009_003,2053404
67298,572,0,CV009_003,2053976
67299,576,0,CV009_003,2054552
67300,572,0,CV009_003,2055124
67301,580,0,CV009_003,2055704
67302,572,0,CV009_003,2056276
67303,576,0,CV009_003,2056852
67304,576,0,CV009_003,2057428
67305,576,0,CV009_003,2058004
67306,580,0,CV009_003,2058584
67307,576,0,CV009_003,2059160
67308,576,0,CV009_003,2059736
67309,580,0,CV009_003,2060316
67310,576,0,CV009_003,2060892
67311,572,0,CV009_003,2061464
67312,576,0,CV009_003,2062040
67313,576,0,CV009_003,2062616
67314,572,0,CV009_003,2063188
67315,576,0,CV009_003,2063764
67316,572,0,CV009_003,2064336
67317,576,0,CV009_003,2064912
67318,580,0,CV009_003,2065492
67319,572,0,CV009_003,2066064
67320,576,0,CV009_003,2066640
67321,576,0,CV009_003,2067216
67322,576,0,CV009_003,2067792
67323,576,0,CV009_003,2068368
67324,576,0,CV009_003,2068944
67325,624,1,CV009_003,2069568
67326,528,0,CV009_003,2070096
67327,580,0,CV009_003,2070676
67328,576,0,CV009_003,2071252
67329,584,0,CV009_003,2071836
67330,580,0,CV009_003,2072416
67331,576,0,CV009_003,2072992
67332,584,0,CV009_003,2073576
67333,588,0,CV009_003,2074164
67334,576,0,CV009_003,2074740
67335,584,0,CV009_003,2075324
67336,632,1,CV009_003,2075956
67337,528,0,CV009_003,2076484
67338,580,0,CV009_003,2077064
67339,580,0,CV009_003,2077644
67340,580,0,CV009_003,2078224
67341,584,0,CV009_003,2078808
67342,576,0,CV009_003,2079384
67343,580,0,CV009_003,2079964
67344,632,1,CV009_003,2080596
67345,528,0,CV009_003,2081124
67346,584,0,CV009_003,2081708
67347,580,0,CV009_003,2082288
67348,576,0,CV009_003,2082864
67349,584,0,CV009_003,2083448
67350,584,0,CV009_003,2084032
67351,576,0,CV009_003,2084608
67352,584,0,CV009_003,2085192
67353,584,0,CV009_003,2085776
67354,584,0,CV009_003,2086360
67355,580,0,CV009_003,2086940
67356,644,1,CV009_003,2087584
67357,532,0,CV009_003,2088116
67358,584,0,CV009_003,2088700
67359,588,0,CV009_003,2089288
67360,580,0,CV009_003,2089868
67361,584,0,CV009_003,2090452
67362,584,0,CV009_003,2091036
67363,576,0,CV009_003,2091612
67364,580,0,CV009_003,2092192
67365,584,0,CV009_003,2092776
67366,572,0,CV009_003,2093348
67367,584,0,CV009_003,2093932
67368,576,0,CV009_003,2094508
67369,576,0,CV009_003,2095084
67370,580,0,CV009_003,2095664
67371,580,0,CV009_003,2096244
67372,576,0,CV009_003,2096820
67373,580,0,CV009_003,2097400
67374,576,0,CV009_003,2097976
67375,628,1,CV009_003,2098604
67376,532,0,CV009_003,2099136
67377,576,0,CV009_003,2099712
67378,580,0,CV009_003,2100292
67379,584,0,CV009_003,2100876
67380,580,0,CV009_003,2101456
67381,592,0,CV009_003,2102048
67382,592,0,CV009_003,2102640
67383,584,0,CV009_003,2103224
67384,588,0,CV009_003,2103812
67385,588,0,CV009_003,2104400
67386,580,0,CV009_003,2104980
67387,632,1,CV009_003,2105612
67388,536,0,CV009_003,2106148
67389,580,0,CV009_003,2106728
67390,576,0,CV009_003,2107304
67391,576,0,CV009_003,2107880
67392,584,0,CV009_003,2108464
67393,576,0,CV009_003,2109040
67394,580,0,CV009_003,2109620
67395,576,0,CV009_003,2110196
67396,576,0,CV009_003,2110772
67397,624,1,CV009_003,2111396
67398,528,0,CV009_003,2111924
67399,580,0,CV009_003,2112504
67400,580,0,CV009_003,2113084
67401,580,0,CV009_003,2113664
67402,576,0,CV009_003,2114240
67403,576,0,CV009_003,2114816
67404,588,0,CV009_003,2115404
67405,588,0,CV009_003,2115992
67406,632,1,CV009_003,2116624
67407,528,0,CV009_003,2117152
67408,584,0,CV009_003,2117736
67409,572,0,CV009_003,2118308
67410,576,0,CV009_003,2118884
67411,580,0,CV009_003,2119464
67412,580,0,CV009_003,2120044
67413,572,0,CV009_003,2120616
67414,580,0,CV009_003,2121196
67415,580,0,CV009_003,2121776
67416,576,0,CV009_003,2122352
67417,580,0,CV009_003,2122932
67418,584,0,CV009_003,2123516
67419,576,0,CV009_003,2124092
67420,584,0,CV009_003,2124676
67421,588,0,CV009_003,2125264
67422,584,0,CV009_003,2125848
67423,588,0,CV009_003,2126436
67424,592,0,CV009_003,2127028
67425,584,0,CV009_003,2127612
67426,596,0,CV009_003,2128208
67427,592,0,CV009_003,2128800
67428,584,0,CV009_003,2129384
67429,596,0,CV009_003,2129980
67430,636,0,CV009_003,2130616
67431,548,0,CV009_003,2131164
67432,608,0,CV009_003,2131772
67433,168,0,CV009_003,2131940
67434,428,0,CV009_003,2132368
67435,592,0,CV009_003,2132960
67436,580,0,CV009_003,2133540
67437,588,0,CV009_003,2134128
67438,584,0,CV009_003,2134712
67439,580,0,CV009_003,2135292
67440,576,0,CV009_003,2135868
67441,576,0,CV009_003,2136444
67442,572,0,CV009_003,2137016
67443,576,0,CV009_003,2137592
67444,576,0,CV009_003,2138168
67445,572,0,CV009_003,2138740
67446,572,0,CV009_003,2139312
67447,584,0,CV009_003,2139896
67448,580,0,CV009_003,2140476
67449,584,0,CV009_003,2141060
67450,596,0,CV009_003,2141656
67451,592,0,CV009_003,2142248
67452,588,0,CV009_003,2142836
67453,596,0,CV009_003,2143432
67454,596,0,CV009_003,2144028
67455,592,0,CV009_003,2144620
67456,596,0,CV009_003,2145216
67457,596,0,CV009_003,2145812
67458,588,0,CV009_003,2146400
67459,592,0,CV009_003,2146992
67460,640,1,CV009_003,2147632
67461,536,0,CV009_003,2148168
67462,588,0,CV009_003,2148756
67463,588,0,CV009_003,2149344
67464,584,0,CV009_003,2149928
67465,580,0,CV009_003,2150508
67466,584,0,CV009_003,2151092
67467,592,0,CV009_003,2151684
67468,640,1,CV009_003,2152324
67469,532,0,CV009_003,2152856
67470,588,0,CV009_003,2153444
67471,588,0,CV009_003,2154032
67472,588,0,CV009_003,2154620
67473,596,0,CV009_003,2155216
67474,576,0,CV009_003,2155792
67475,584,0,CV009_003,2156376
67476,588,0,CV009_003,2156964
67477,580,0,CV009_003,2157544
67478,576,0,CV009_003,2158120
67479,572,0,CV009_003,2158692
67480,584,0,CV009_003,2159276
67481,576,0,CV009_003,2159852
67482,572,0,CV009_003,2160424
67483,576,0,CV009_003,2161000
67484,624,1,CV009_003,2161624
67485,520,0,CV009_003,2162144
67486,572,0,CV009_003,2162716
67487,576,0,CV009_003,2163292
67488,572,0,CV009_003,2163864
67489,576,0,CV009_003,2164440
67490,576,0,CV009_003,2165016
67491,624,1,CV009_003,2165640
67492,528,0,CV009_003,2166168
67493,576,0,CV009_003,2166744
67494,580,0,CV009_003,2167324
67495,576,0,CV009_003,2167900
67496,580,0,CV009_003,2168480
67497,580,0,CV009_003,2169060
67498,576,0,CV009_003,2169636
67499,580,0,CV009_003,2170216
67500,584,0,CV009_003,2170800
67501,588,0,CV009_003,2171388
67502,584,0,CV009_003,2171972
67503,576,0,CV009_003,2172548
67504,580,0,CV009_003,2173128
67505,580,0,CV009_003,2173708
67506,588,0,CV009_003,2174296
67507,580,0,CV009_003,2174876
67508,576,0,CV009_003,2175452
67509,584,0,CV009_003,2176036
67510,584,0,CV009_003,2176620
67511,576,0,CV009_003,2177196
67512,576,0,CV009_003,2177772
67513,588,0,CV009_003,2178360
67514,580,0,CV009_003,2178940
67515,576,0,CV009_003,2179516
67516,576,0,CV009_003,2180092
67517,580,0,CV009_003,2180672
67518,576,0,CV009_003,2181248
67519,580,0,CV009_003,2181828
67520,572,0,CV009_003,2182400
67521,580,0,CV009_003,2182980
67522,580,0,CV009_003,2183560
67523,588,0,CV009_003,2184148
67524,576,0,CV009_003,2184724
67525,580,0,CV009_003,2185304
67526,588,0,CV009_003,2185892
67527,588,0,CV009_003,2186480
67528,588,0,CV009_003,2187068
67529,588,0,CV009_003,2187656
67530,584,0,CV009_003,2188240
67531,588,0,CV009_003,2188828
67532,588,0,CV009_003,2189416
67533,588,0,CV009_003,2190004
67534,644,0,CV009_003,2190648
67535,576,0,CV009_003,2191224
67536,540,0,CV009_003,2191764
67537,584,0,CV009_003,2192348
67538,580,0,CV009_003,2192928
67539,588,0,CV009_003,2193516
67540,592,0,CV009_003,2194108
67541,580,0,CV009_003,2194688
67542,588,0,CV009_003,2195276
67543,580,0,CV009_003,2195856
67544,580,0,CV009_003,2196436
67545,588,0,CV009_003,2197024
67546,624,1,CV009_003,2197648
67547,536,0,CV009_003,2198184
67548,584,0,CV009_003,2198768
67549,580,0,CV009_003,2199348
67550,584,0,CV009_003,2199932
67551,576,0,CV009_003,2200508
67552,584,0,CV009_003,2201092
67553,584,0,CV009_003,2201676
67554,580,0,CV009_003,2202256
67555,592,0,CV009_003,2202848
67556,584,0,CV009_003,2203432
67557,584,0,CV009_003,2204016
67558,644,1,CV009_003,2204660
67559,536,0,CV009_003,2205196
67560,588,0,CV009_003,2205784
67561,592,0,CV009_003,2206376
67562,588,0,CV009_003,2206964
67563,592,0,CV009_003,2207556
67564,640,1,CV009_003,2208196
67565,540,0,CV009_003,2208736
67566,596,0,CV009_003,2209332
67567,588,0,CV009_003,2209920
67568,592,0,CV009_003,2210512
67569,588,0,CV009_003,2211100
67570,584,0,CV009_003,2211684
67571,580,0,CV009_003,2212264
67572,588,0,CV009_003,2212852
67573,588,0,CV009_003,2213440
67574,588,0,CV009_003,2214028
67575,640,1,CV009_003,2214668
67576,532,0,CV009_003,2215200
67577,584,0,CV009_003,2215784
67578,576,0,CV009_003,2216360
67579,580,0,CV009_003,2216940
67580,576,0,CV009_003,2217516
67581,576,0,CV009_003,2218092
67582,572,0,CV009_003,2218664
67583,568,0,CV009_003,2219232
67584,568,0,CV009_003,2219800
67585,568,0,CV009_003,2220368
67586,576,0,CV009_003,2220944
67587,564,0,CV009_003,2221508
67588,572,0,CV009_003,2222080
67589,576,0,CV009_003,2222656
67590,572,0,CV009_003,2223228
67591,572,0,CV009_003,2223800
67592,576,0,CV009_003,2224376
67593,576,0,CV009_003,2224952
67594,568,0,CV009_003,2225520
67595,572,0,CV009_003,2226092
67596,576,0,CV009_003,2226668
67597,568,0,CV009_003,2227236
67598,576,0,CV009_003,2227812
67599,560,0,CV009_003,2228372
67600,572,0,CV009_003,2228944
67601,572,0,CV009_003,2229516
67602,568,0,CV009_003,2230084
67603,496,0,CV009_003,2230580
67604,644,0,CV009_003,2231224
67605,576,0,CV009_003,2231800
67606,572,0,CV009_003,2232372
67607,572,0,CV009_003,2232944
67608,564,0,CV009_003,2233508
67609,564,0,CV009_003,2234072
67610,616,1,CV009_003,2234688
67611,512,0,CV009_003,2235200
67612,568,0,CV009_003,2235768
67613,568,0,CV009_003,2236336
67614,568,0,CV009_003,2236904
67615,572,0,CV009_003,2237476
67616,580,0,CV009_003,2238056
67617,580,0,CV009_003,2238636
67618,580,0,CV009_003,2239216
67619,588,0,CV009_003,2239804
67620,588,0,CV009_003,2240392
67621,592,0,CV009_003,2240984
67622,596,0,CV009_003,2241580
67623,588,0,CV009_003,2242168
67624,596,0,CV009_003,2242764
67625,600,0,CV009_003,2243364
67626,588,0,CV009_003,2243952
67627,600,0,CV009_003,2244552
67628,596,0,CV009_003,2245148
67629,592,0,CV009_003,2245740
67630,596,0,CV009_003,2246336
67631,592,0,CV009_003,2246928
67632,588,0,CV009_003,2247516
67633,592,0,CV009_003,2248108
67634,588,0,CV009_003,2248696
67635,588,0,CV009_003,2249284
67636,592,0,CV009_003,2249876
67637,584,0,CV009_003,2250460
67638,584,0,CV009_003,2251044
67639,640,1,CV009_003,2251684
67640,536,0,CV009_003,2252220
67641,584,0,CV009_003,2252804
67642,592,0,CV009_003,2253396
67643,584,0,CV009_003,2253980
67644,588,0,CV009_003,2254568
67645,588,0,CV009_003,2255156
67646,584,0,CV009_003,2255740
67647,588,0,CV009_003,2256328
67648,580,0,CV009_003,2256908
67649,588,0,CV009_003,2257496
67650,588,0,CV009_003,2258084
67651,588,0,CV009_003,2258672
67652,588,0,CV009_003,2259260
67653,584,0,CV009_003,2259844
67654,584,0,CV009_003,2260428
67655,588,0,CV009_003,2261016
67656,576,0,CV009_003,2261592
67657,584,0,CV009_003,2262176
67658,576,0,CV009_003,2262752
67659,580,0,CV009_003,2263332
67660,584,0,CV009_003,2263916
67661,584,0,CV009_003,2264500
67662,580,0,CV009_003,2265080
67663,584,0,CV009_003,2265664
67664,572,0,CV009_003,2266236
67665,572,0,CV009_003,2266808
67666,576,0,CV009_003,2267384
67667,572,0,CV009_003,2267956
67668,576,0,CV009_003,2268532
67669,576,0,CV009_003,2269108
67670,576,0,CV009_003,2269684
67671,576,0,CV009_003,2270260
67672,576,0,CV009_003,2270836
67673,584,0,CV009_003,2271420
67674,588,0,CV009_003,2272008
67675,584,0,CV009_003,2272592
67676,584,0,CV009_003,2273176
67677,588,0,CV009_003,2273764
67678,588,0,CV009_003,2274352
67679,584,0,CV009_003,2274936
67680,632,1,CV009_003,2275568
67681,540,0,CV009_003,2276108
67682,588,0,CV009_003,2276696
67683,584,0,CV009_003,2277280
67684,588,0,CV009_003,2277868
67685,584,0,CV009_003,2278452
67686,584,0,CV009_003,2279036
67687,576,0,CV009_003,2279612
67688,588,0,CV009_003,2280200
67689,584,0,CV009_003,2280784
67690,584,0,CV009_003,2281368
67691,584,0,CV009_003,2281952
67692,588,0,CV009_003,2282540
67693,584,0,CV009_003,2283124
67694,588,0,CV009_003,2283712
67695,588,0,CV009_003,2284300
67696,588,0,CV009_003,2284888
67697,584,0,CV009_003,2285472
67698,584,0,CV009_003,2286056
67699,636,1,CV009_003,2286692
67700,536,0,CV009_003,2287228
67701,588,0,CV009_003,2287816
67702,588,0,CV009_003,2288404
67703,576,0,CV009_003,2288980
67704,224,0,CV009_003,2289204
67705,280,0,CV009_003,2289484
67706,60,0,CV009_003,2289544
67707,280,0,CV009_003,2289824
67708,260,0,CV009_003,2290084
67709,400,0,CV009_003,2290484
67710,80,0,CV009_003,2290564
67711,340,0,CV009_003,2290904
67712,284,0,CV009_003,2291188
67713,220,0,CV009_003,2291408
67714,160,0,CV009_003,2291568
67715,200,0,CV009_003,2291768
67716,440,0,CV009_003,2292208
67717,280,0,CV009_003,2292488
67718,160,0,CV009_003,2292648
67719,300,0,CV009_003,2292948
67720,120,0,CV009_003,2293068
67721,380,0,CV009_003,2293448
67722,140,0,CV009_003,2293588
67723,320,0,CV009_003,2293908
67724,320,0,CV009_003,2294228
67725,120,0,CV009_003,2294348
67726,240,0,CV009_003,2294588
67727,280,0,CV009_003,2294868
67728,160,0,CV009_003,2295028
67729,420,0,CV009_003,2295448
67730,140,0,CV009_003,2295588
67731,260,0,CV009_003,2295848
67732,140,0,CV009_003,2295988
67733,260,0,CV009_003,2296248
67734,320,0,CV009_003,2296568
67735,160,0,CV009_003,2296728
67736,480,0,CV009_003,2297208
67737,136,0,CV009_003,2297344
67738,200,0,CV009_003,2297544
67739,244,0,CV009_003,2297788
67740,220,0,CV009_003,2298008
67741,260,0,CV009_003,2298268
67742,360,0,CV009_003,2298628
67743,140,0,CV009_003,2298768
67744,220,0,CV009_003,2298988
67745,280,0,CV009_003,2299268
67746,440,0,CV009_003,2299708
67747,80,0,CV009_003,2299788
67748,180,0,CV009_003,2299968
67749,240,0,CV009_003,2300208
67750,444,0,CV009_003,2300652
67751,100,0,CV009_003,2300752
67752,400,0,CV009_003,2301152
67753,60,0,CV009_003,2301212
67754,380,0,CV009_003,2301592
67755,240,0,CV009_003,2301832
67756,260,0,CV009_003,2302092
67757,260,0,CV009_003,2302352
67758,240,0,CV009_003,2302592
67759,100,0,CV009_003,2302692
67760,240,0,CV009_003,2302932
67761,320,0,CV009_003,2303252
67762,240,0,CV009_003,2303492
67763,400,0,CV009_003,2303892
67764,180,0,CV009_003,2304072
67765,100,0,CV009_003,2304172
67766,480,0,CV009_003,2304652
67767,40,0,CV009_003,2304692
67768,220,0,CV009_003,2304912
67769,476,0,CV009_003,2305388
67770,140,0,CV009_003,2305528
67771,180,0,CV009_003,2305708
67772,240,0,CV009_003,2305948
67773,220,0,CV009_003,2306168
67774,460,0,CV009_003,2306628
67775,84,0,CV009_003,2306712
67776,276,0,CV009_003,2306988
67777,164,0,CV009_003,2307152
67778,440,0,CV009_003,2307592
67779,240,0,CV009_003,2307832
67780,120,0,CV009_003,2307952
67781,420,0,CV009_003,2308372
67782,80,0,CV009_003,2308452
67783,400,0,CV009_003,2308852
67784,40,0,CV009_003,2308892
67785,260,0,CV009_003,2309152
67786,444,0,CV009_003,2309596
67787,240,0,CV009_003,2309836
67788,260,0,CV009_003,2310096
67789,220,0,CV009_003,2310316
67790,280,0,CV009_003,2310596
67791,20,0,CV009_003,2310616
67792,440,0,CV009_003,2311056
67793,140,0,CV009_003,2311196
67794,400,0,CV009_003,2311596
67795,40,0,CV009_003,2311636
67796,220,0,CV009_003,2311856
67797,420,0,CV009_003,2312276
67798,100,0,CV009_003,2312376
67799,440,0,CV009_003,2312816
67800,140,0,CV009_003,2312956
67801,300,0,CV009_003,2313256
67802,140,0,CV009_003,2313396
67803,200,0,CV009_003,2313596
67804,440,0,CV009_003,2314036
67805,100,0,CV009_003,2314136
67806,420,0,CV009_003,2314556
67807,60,0,CV009_003,2314616
67808,220,0,CV009_003,2314836
67809,320,0,CV009_003,2315156
67810,240,0,CV009_003,2315396
67811,296,0,CV009_003,2315692
67812,244,0,CV009_003,2315936
67813,160,0,CV009_003,2316096
67814,240,0,CV009_003,2316336
67815,356,0,CV009_003,2316692
67816,160,0,CV009_003,2316852
67817,360,0,CV009_003,2317212
67818,160,0,CV009_003,2317372
67819,380,0,CV009_003,2317752
67820,60,0,CV009_003,2317812
67821,460,0,CV009_003,2318272
67822,160,0,CV009_003,2318432
67823,200,0,CV009_003,2318632
67824,280,0,CV009_003,2318912
67825,224,0,CV009_003,2319136
67826,280,0,CV009_003,2319416
67827,220,0,CV009_003,2319636
67828,180,0,CV009_003,2319816
67829,280,0,CV009_003,2320096
67830,360,0,CV009_003,2320456
67831,180,0,CV009_003,2320636
67832,280,0,CV009_003,2320916
67833,340,0,CV009_003,2321256
67834,160,0,CV009_003,2321416
67835,120,0,CV009_003,2321536
67836,380,0,CV009_003,2321916
67837,344,0,CV009_003,2322260
67838,156,0,CV009_003,2322416
67839,220,0,CV009_003,2322636
67840,280,0,CV009_003,2322916
67841,120,0,CV009_003,2323036
67842,420,0,CV009_003,2323456
67843,180,0,CV009_003,2323636
67844,280,0,CV009_003,2323916
67845,340,0,CV009_003,2324256
67846,160,0,CV009_003,2324416
67847,340,0,CV009_003,2324756
67848,40,0,CV009_003,2324796
67849,220,0,CV009_003,2325016
67850,400,0,CV009_003,2325416
67851,140,0,CV009_003,2325556
67852,264,0,CV009_003,2325820
67853,216,0,CV009_003,2326036
67854,440,0,CV009_003,2326476
67855,100,0,CV009_003,2326576
67856,340,0,CV009_003,2326916
67857,240,0,CV009_003,2327156
67858,240,0,CV009_003,2327396
67859,224,0,CV009_003,2327620
67860,296,0,CV009_003,2327916
67861,180,0,CV009_003,2328096
67862,180,0,CV009_003,2328276
67863,244,0,CV009_003,2328520
67864,280,0,CV009_003,2328800
67865,300,0,CV009_003,2329100
67866,280,0,CV009_003,2329380
67867,200,0,CV009_003,2329580
67868,320,0,CV009_003,2329900
67869,160,0,CV009_003,2330060
67870,180,0,CV009_003,2330240
67871,260,0,CV009_003,2330500
67872,320,0,CV009_003,2330820
67873,260,0,CV009_003,2331080
67874,360,0,CV009_003,2331440
67875,180,0,CV009_003,2331620
67876,200,0,CV009_003,2331820
67877,140,0,CV009_003,2331960
67878,320,0,CV009_003,2332280
67879,240,0,CV009_003,2332520
67880,360,0,CV009_003,2332880
67881,140,0,CV009_003,2333020
67882,340,0,CV009_003,2333360
67883,120,0,CV009_003,2333480
67884,440,0,CV009_003,2333920
67885,160,0,CV009_003,2334080
67886,280,0,CV009_003,2334360
67887,260,0,CV009_003,2334620
67888,60,0,CV009_003,2334680
67889,240,0,CV009_003,2334920
67890,340,0,CV009_003,2335260
67891,180,0,CV009_003,2335440
67892,420,0,CV009_003,2335860
67893,180,0,CV009_003,2336040
67894,320,0,CV009_003,2336360
67895,80,0,CV009_003,2336440
67896,240,0,CV009_003,2336680
67897,460,0,CV009_003,2337140
67898,200,0,CV009_003,2337340
67899,80,0,CV009_003,2337420
67900,440,0,CV009_003,2337860
67901,60,0,CV009_003,2337920
67902,260,0,CV009_003,2338180
67903,440,0,CV009_003,2338620
67904,120,0,CV009_003,2338740
67905,300,0,CV009_003,2339040
67906,220,0,CV009_003,2339260
67907,180,0,CV009_003,2339440
67908,320,0,CV009_003,2339760
67909,140,0,CV009_003,2339900
67910,260,0,CV009_003,2340160
67911,320,0,CV009_003,2340480
67912,380,0,CV009_003,2340860
67913,200,0,CV009_003,2341060
67914,180,0,CV009_003,2341240
67915,160,0,CV009_003,2341400
67916,300,0,CV009_003,2341700
67917,380,0,CV009_003,2342080
67918,60,0,CV009_003,2342140
67919,236,0,CV009_003,2342376
67920,244,0,CV009_003,2342620
67921,240,0,CV009_003,2342860
67922,260,0,CV009_003,2343120
67923,280,0,CV009_003,2343400
67924,220,0,CV009_003,2343620
67925,400,0,CV009_003,2344020
67926,140,0,CV009_003,2344160
67927,240,0,CV009_003,2344400
67928,200,0,CV009_003,2344600
67929,420,0,CV009_003,2345020
67930,120,0,CV009_003,2345140
67931,200,0,CV009_003,2345340
67932,280,0,CV009_003,2345620
67933,300,0,CV009_003,2345920
67934,380,0,CV009_003,2346300
67935,140,0,CV009_003,2346440
67936,180,0,CV009_003,2346620
67937,260,0,CV009_003,2346880
67938,400,0,CV009_003,2347280
67939,180,0,CV009_003,2347460
67940,160,0,CV009_003,2347620
67941,220,0,CV009_003,2347840
67942,240,0,CV009_003,2348080
67943,260,0,CV009_003,2348340
67944,260,0,CV009_003,2348600
67945,240,0,CV009_003,2348840
67946,340,0,CV009_003,2349180
67947,140,0,CV009_003,2349320
67948,300,0,CV009_003,2349620
67949,180,0,CV009_003,2349800
67950,460,0,CV009_003,2350260
67951,60,0,CV009_003,2350320
67952,300,0,CV009_003,2350620
67953,280,0,CV009_003,2350900
67954,160,0,CV009_003,2351060
67955,460,0,CV009_003,2351520
67956,100,0,CV009_003,2351620
67957,320,0,CV009_003,2351940
67958,160,0,CV009_003,2352100
67959,340,0,CV009_003,2352440
67960,240,0,CV009_003,2352680
67961,200,0,CV009_003,2352880
67962,380,0,CV009_003,2353260
67963,200,0,CV009_003,2353460
67964,160,0,CV009_003,2353620
67965,160,0,CV009_003,2353780
67966,360,0,CV009_003,2354140
67967,220,0,CV009_003,2354360
67968,260,0,CV009_003,2354620
67969,320,0,CV009_003,2354940
67970,180,0,CV009_003,2355120
67971,200,0,CV009_003,2355320
67972,260,0,CV009_003,2355580
67973,316,0,CV009_003,2355896
67974,224,0,CV009_003,2356120
67975,256,0,CV009_003,2356376
67976,144,0,CV009_003,2356520
67977,376,0,CV009_003,2356896
67978,280,0,CV009_003,2357176
67979,80,0,CV009_003,2357256
67980,464,0,CV009_003,2357720
67981,40,0,CV009_003,2357760
67982,280,0,CV009_003,2358040
67983,320,0,CV009_003,2358360
67984,240,0,CV009_003,2358600
67985,240,0,CV009_003,2358840
67986,160,0,CV009_003,2359000
67987,340,0,CV009_003,2359340
67988,140,0,CV009_003,2359480
67989,300,0,CV009_003,2359780
67990,240,0,CV009_003,2360020
67991,320,0,CV009_003,2360340
67992,320,0,CV009_003,2360660
67993,80,0,CV009_003,2360740
67994,280,0,CV009_003,2361020
67995,320,0,CV009_003,2361340
67996,320,0,CV009_003,2361660
67997,180,0,CV009_003,2361840
67998,260,0,CV009_003,2362100
67999,180,0,CV009_003,2362280
68000,180,0,CV009_003,2362460
68001,320,0,CV009_003,2362780
68002,364,0,CV009_003,2363144
68003,196,0,CV009_003,2363340
68004,220,0,CV009_003,2363560
68005,240,0,CV009_003,2363800
68006,240,0,CV009_003,2364040
68007,284,0,CV009_003,2364324
68008,156,0,CV009_003,2364480
68009,324,0,CV009_003,2364804
68010,176,0,CV009_003,2364980
68011,320,0,CV009_003,2365300
68012,204,0,CV009_003,2365504
68013,400,0,CV009_003,2365904
68014,40,0,CV009_003,2365944
68015,360,0,CV009_003,2366304
68016,220,0,CV009_003,2366524
68017,280,0,CV009_003,2366804
68018,300,0,CV009_003,2367104
68019,200,0,CV009_003,2367304
68020,320,0,CV009_003,2367624
68021,180,0,CV009_003,2367804
68022,160,0,CV009_003,2367964
68023,320,0,CV009_003,2368284
68024,340,0,CV009_003,2368624
68025,240,0,CV009_003,2368864
68026,120,0,CV009_003,2368984
68027,180,0,CV009_003,2369164
68028,280,0,CV009_003,2369444
68029,400,0,CV009_003,2369844
68030,240,0,CV009_003,2370084
68031,260,0,CV009_003,2370344
68032,280,0,CV009_003,2370624
68033,180,0,CV009_003,2370804
68034,100,0,CV009_003,2370904
68035,300,0,CV009_003,2371204
68036,200,0,CV009_003,2371404
68037,440,0,CV009_003,2371844
68038,180,0,CV009_003,2372024
68039,180,0,CV009_003,2372204
68040,180,0,CV009_003,2372384
68041,240,0,CV009_003,2372624
68042,340,0,CV009_003,2372964
68043,180,0,CV009_003,2373144
68044,460,0,CV009_003,2373604
68045,180,0,CV009_003,2373784
68046,100,0,CV009_003,2373884
68047,300,0,CV009_003,2374184
68048,180,0,CV009_003,2374364
68049,260,0,CV009_003,2374624
68050,240,0,CV009_003,2374864
68051,440,0,CV009_003,2375304
68052,120,0,CV009_003,2375424
68053,296,0,CV009_003,2375720
68054,164,0,CV009_003,2375884
68055,320,0,CV009_003,2376204
68056,280,0,CV009_003,2376484
68057,236,0,CV009_003,2376720
68058,344,0,CV009_003,2377064
68059,220,0,CV009_003,2377284
68060,76,0,CV009_003,2377360
68061,284,0,CV009_003,2377644
68062,396,0,CV009_003,2378040
68063,80,0,CV009_003,2378120
68064,300,0,CV009_003,2378420
68065,160,0,CV009_003,2378580
68066,464,0,CV009_003,2379044
68067,256,0,CV009_003,2379300
68068,84,0,CV009_003,2379384
68069,280,0,CV009_003,2379664
68070,160,0,CV009_003,2379824
68071,480,0,CV009_003,2380304
68072,20,0,CV009_003,2380324
68073,324,0,CV009_003,2380648
68074,356,0,CV009_003,2381004
68075,224,0,CV009_003,2381228
68076,76,0,CV009_003,2381304
68077,360,0,CV009_003,2381664
68078,240,0,CV009_003,2381904
68079,240,0,CV009_003,2382144
68080,184,0,CV009_003,2382328
68081,276,0,CV009_003,2382604
68082,260,0,CV009_003,2382864
68083,200,0,CV009_003,2383064
68084,320,0,CV009_003,2383384
68085,240,0,CV009_003,2383624
68086,260,0,CV009_003,2383884
68087,360,0,CV009_003,2384244
68088,260,0,CV009_003,2384504
68089,244,0,CV009_003,2384748
68090,20,0,CV009_003,2384768
68091,356,0,CV009_003,2385124
68092,224,0,CV009_003,2385348
68093,320,0,CV009_003,2385668
68094,280,0,CV009_003,2385948
68095,200,0,CV009_003,2386148
68096,260,0,CV009_003,2386408
68097,240,0,CV009_003,2386648
68098,120,0,CV009_003,2386768
68099,240,0,CV009_003,2387008
68100,260,0,CV009_003,2387268
68101,340,0,CV009_003,2387608
68102,160,0,CV009_003,2387768
68103,440,0,CV009_003,2388208
68104,120,0,CV009_003,2388328
68105,320,0,CV009_003,2388648
68106,120,0,CV009_003,2388768
68107,220,0,CV009_003,2388988
68108,400,0,CV009_003,2389388
68109,260,0,CV009_003,2389648
68110,160,0,CV009_003,2389808
68111,180,0,CV009_003,2389988
68112,260,0,CV009_003,2390248
68113,320,0,CV009_003,2390568
68114,180,0,CV009_003,2390748
68115,420,0,CV009_003,2391168
68116,260,0,CV009_003,2391428
68117,220,0,CV009_003,2391648
68118,100,0,CV009_003,2391748
68119,220,0,CV009_003,2391968
68120,380,0,CV009_003,2392348
68121,300,0,CV009_003,2392648
68122,280,0,CV009_003,2392928
68123,180,0,CV009_003,2393108
68124,200,0,CV009_003,2393308
68125,340,0,CV009_003,2393648
68126,100,0,CV009_003,2393748
68127,340,0,CV009_003,2394088
68128,160,0,CV009_003,2394248
68129,400,0,CV009_003,2394648
68130,80,0,CV009_003,2394728
68131,220,0,CV009_003,2394948
68132,300,0,CV009_003,2395248
68133,400,0,CV009_003,2395648
68134,200,0,CV009_003,2395848
68135,180,0,CV009_003,2396028
68136,220,0,CV009_003,2396248
68137,180,0,CV009_003,2396428
68138,320,0,CV009_003,2396748
68139,260,0,CV009_003,2397008
68140,320,0,CV009_003,2397328
68141,280,0,CV009_003,2397608
68142,140,0,CV009_003,2397748
68143,280,0,CV009_003,2398028
68144,180,0,CV009_003,2398208
68145,440,0,CV009_003,2398648
68146,140,0,CV009_003,2398788
68147,180,0,CV009_003,2398968
68148,420,0,CV009_003,2399388
68149,120,0,CV009_003,2399508
68150,140,0,CV009_003,2399648
68151,380,0,CV009_003,2400028
68152,260,0,CV009_003,2400288
68153,280,0,CV009_003,2400568
68154,140,0,CV009_003,2400708
68155,200,0,CV009_003,2400908
68156,240,0,CV009_003,2401148
68157,340,0,CV009_003,2401488
68158,160,0,CV009_003,2401648
68159,260,0,CV009_003,2401908
68160,420,0,CV009_003,2402328
68161,140,0,CV009_003,2402468
68162,260,0,CV009_003,2402728
68163,180,0,CV009_003,2402908
68164,300,0,CV009_003,2403208
68165,280,0,CV009_003,2403488
68166,240,0,CV009_003,2403728
68167,340,0,CV009_003,2404068
68168,60,0,CV009_003,2404128
68169,300,0,CV009_003,2404428
68170,220,0,CV009_003,2404648
68171,340,0,CV009_003,2404988
68172,240,0,CV009_003,2405228
68173,220,0,CV009_003,2405448
68174,200,0,CV009_003,2405648
68175,440,0,CV009_003,2406088
68176,140,0,CV009_003,2406228
68177,200,0,CV009_003,2406428
68178,220,0,CV009_003,2406648
68179,420,0,CV009_003,2407068
68180,160,0,CV009_003,2407228
68181,120,0,CV009_003,2407348
68182,260,0,CV009_003,2407608
68183,240,0,CV009_003,2407848
68184,340,0,CV009_003,2408188
68185,300,0,CV009_003,2408488
68186,300,0,CV009_003,2408788
68187,140,0,CV009_003,2408928
68188,380,0,CV009_003,2409308
68189,80,0,CV009_003,2409388
68190,260,0,CV009_003,2409648
68191,320,0,CV009_003,2409968
68192,220,0,CV009_003,2410188
68193,360,0,CV009_003,2410548
68194,60,0,CV009_003,2410608
68195,380,0,CV009_003,2410988
68196,160,0,CV009_003,2411148
68197,180,0,CV009_003,2411328
68198,416,0,CV009_003,2411744
68199,280,0,CV009_003,2412024
68200,80,0,CV009_003,2412104
68201,200,0,CV009_003,2412304
68202,284,0,CV009_003,2412588
68203,220,0,CV009_003,2412808
68204,440,0,CV009_003,2413248
68205,80,0,CV009_003,2413328
68206,420,0,CV009_003,2413748
68207,80,0,CV009_003,2413828
68208,420,0,CV009_003,2414248
68209,280,0,CV009_003,2414528
68210,180,0,CV009_003,2414708
68211,180,0,CV009_003,2414888
68212,360,0,CV009_003,2415248
68213,180,0,CV009_003,2415428
68214,260,0,CV009_003,2415688
68215,244,0,CV009_003,2415932
68216,296,0,CV009_003,2416228
68217,260,0,CV009_003,2416488
68218,24,0,CV009_003,2416512
68219,296,0,CV009_003,2416808
68220,284,0,CV009_003,2417092
68221,216,0,CV009_003,2417308
68222,364,0,CV009_003,2417672
68223,176,0,CV009_003,2417848
68224,344,0,CV009_003,2418192
68225,140,0,CV009_003,2418332
68226,320,0,CV009_003,2418652
68227,240,0,CV009_003,2418892
68228,140,0,CV009_003,2419032
68229,300,0,CV009_003,2419332
68230,320,0,CV009_003,2419652
68231,260,0,CV009_003,2419912
68232,180,0,CV009_003,2420092
68233,160,0,CV009_003,2420252
68234,240,0,CV009_003,2420492
68235,260,0,CV009_003,2420752
68236,320,0,CV009_003,2421072
68237,180,0,CV009_003,2421252
68238,400,0,CV009_003,2421652
68239,140,0,CV009_003,2421792
68240,400,0,CV009_003,2422192
68241,40,0,CV009_003,2422232
68242,420,0,CV009_003,2422652
68243,160,0,CV009_003,2422812
68244,380,0,CV009_003,2423192
68245,200,0,CV009_003,2423392
68246,260,0,CV009_003,2423652
68247,200,0,CV009_003,2423852
68248,120,0,CV009_003,2423972
68249,260,0,CV009_003,2424232
68250,380,0,CV009_003,2424612
68251,136,0,CV009_003,2424748
68252,384,0,CV009_003,2425132
68253,60,0,CV009_003,2425192
68254,296,0,CV009_003,2425488
68255,440,0,CV009_003,2425928
68256,40,0,CV009_003,2425968
68257,320,0,CV009_003,2426288
68258,180,0,CV009_003,2426468
68259,444,0,CV009_003,2426912
68260,160,0,CV009_003,2427072
68261,140,0,CV009_003,2427212
68262,240,0,CV009_003,2427452
68263,260,0,CV009_003,2427712
68264,220,0,CV009_003,2427932
68265,420,0,CV009_003,2428352
68266,100,0,CV009_003,2428452
68267,260,0,CV009_003,2428712
68268,220,0,CV009_003,2428932
68269,280,0,CV009_003,2429212
68270,300,0,CV009_003,2429512
68271,340,0,CV009_003,2429852
68272,240,0,CV009_003,2430092
68273,80,0,CV009_003,2430172
68274,384,0,CV009_003,2430556
68275,120,0,CV009_003,2430676
68276,240,0,CV009_003,2430916
68277,240,0,CV009_003,2431156
68278,240,0,CV009_003,2431396
68279,480,0,CV009_003,2431876
68280,40,0,CV009_003,2431916
68281,440,0,CV009_003,2432356
68282,140,0,CV009_003,2432496
68283,180,0,CV009_003,2432676
68284,280,0,CV009_003,2432956
68285,220,0,CV009_003,2433176
68286,380,0,CV009_003,2433556
68287,180,0,CV009_003,2433736
68288,140,0,CV009_003,2433876
68289,280,0,CV009_003,2434156
68290,220,0,CV009_003,2434376
68291,420,0,CV009_003,2434796
68292,140,0,CV009_003,2434936
68293,400,0,CV009_003,2435336
68294,220,0,CV009_003,2435556
68295,280,0,CV009_003,2435836
68296,140,0,CV009_003,2435976
68297,200,0,CV009_003,2436176
68298,340,0,CV009_003,2436516
68299,140,0,CV009_003,2436656
68300,240,0,CV009_003,2436896
68301,200,0,CV009_003,2437096
68302,460,0,CV009_003,2437556
68303,180,0,CV009_003,2437736
68304,120,0,CV009_003,2437856
68305,420,0,CV009_003,2438276
68306,120,0,CV009_003,2438396
68307,216,0,CV009_003,2438612
68308,244,0,CV009_003,2438856
68309,276,0,CV009_003,2439132
68310,200,0,CV009_003,2439332
68311,424,0,CV009_003,2439756
68312,136,0,CV009_003,2439892
68313,304,0,CV009_003,2440196
68314,280,0,CV009_003,2440476
68315,100,0,CV009_003,2440576
68316,260,0,CV009_003,2440836
68317,260,0,CV009_003,2441096
68318,260,0,CV009_003,2441356
68319,340,0,CV009_003,2441696
68320,200,0,CV009_003,2441896
68321,300,0,CV009_003,2442196
68322,224,0,CV009_003,2442420
68323,176,0,CV009_003,2442596
68324,220,0,CV009_003,2442816
68325,360,0,CV009_003,2443176
68326,180,0,CV009_003,2443356
68327,440,0,CV009_003,2443796
68328,160,0,CV009_003,2443956
68329,244,0,CV009_003,2444200
68330,256,0,CV009_003,2444456
68331,204,0,CV009_003,2444660
68332,360,0,CV009_003,2445020
68333,20,0,CV009_003,2445040
68334,280,0,CV009_003,2445320
68335,340,0,CV009_003,2445660
68336,260,0,CV009_003,2445920
68337,300,0,CV009_003,2446220
68338,280,0,CV009_003,2446500
68339,60,0,CV009_003,2446560
68340,300,0,CV009_003,2446860
68341,300,0,CV009_003,2447160
68342,120,0,CV009_003,2447280
68343,260,0,CV009_003,2447540
68344,220,0,CV009_003,2447760
68345,380,0,CV009_003,2448140
68346,160,0,CV009_003,2448300
68347,340,0,CV009_003,2448640
68348,260,0,CV009_003,2448900
68349,240,0,CV009_003,2449140
68350,120,0,CV009_003,2449260
68351,240,0,CV009_003,2449500
68352,440,0,CV009_003,2449940
68353,200,0,CV009_003,2450140
68354,180,0,CV009_003,2450320
68355,320,0,CV009_003,2450640
68356,100,0,CV009_003,2450740
68357,400,0,CV009_003,2451140
68358,140,0,CV009_003,2451280
68359,360,0,CV009_003,2451640
68360,280,0,CV009_003,2451920
68361,220,0,CV009_003,2452140
68362,320,0,CV009_003,2452460
68363,256,0,CV009_003,2452716
68364,40,0,CV009_003,2452756
68365,220,0,CV009_003,2452976
68366,360,0,CV009_003,2453336
68367,160,0,CV009_003,2453496
68368,304,0,CV009_003,2453800
68369,360,0,CV009_003,2454160
68370,220,0,CV009_003,2454380
68371,280,0,CV009_003,2454660
68372,60,0,CV009_003,2454720
68373,440,0,CV009_003,2455160
68374,120,0,CV009_003,2455280
68375,420,0,CV009_003,2455700
68376,20,0,CV009_003,2455720
68377,364,0,CV009_003,2456084
68378,156,0,CV009_003,2456240
68379,240,0,CV009_003,2456480
68380,320,0,CV009_003,2456800
68381,200,0,CV009_003,2457000
68382,304,0,CV009_003,2457304
68383,280,0,CV009_003,2457584
68384,320,0,CV009_003,2457904
68385,220,0,CV009_003,2458124
68386,260,0,CV009_003,2458384
68387,240,0,CV009_003,2458624
68388,60,0,CV009_003,2458684
68389,300,0,CV009_003,2458984
68390,220,0,CV009_003,2459204
68391,220,0,CV009_003,2459424
68392,320,0,CV009_003,2459744
68393,220,0,CV009_003,2459964
68394,200,0,CV009_003,2460164
68395,260,0,CV009_003,2460424
68396,320,0,CV009_003,2460744
68397,160,0,CV009_003,2460904
68398,380,0,CV009_003,2461284
68399,120,0,CV009_003,2461404
68400,396,0,CV009_003,2461800
68401,144,0,CV009_003,2461944
68402,436,0,CV009_003,2462380
68403,244,0,CV009_003,2462624
68404,120,0,CV009_003,2462744
68405,340,0,CV009_003,2463084
68406,236,0,CV009_003,2463320
68407,124,0,CV009_003,2463444
68408,380,0,CV009_003,2463824
68409,100,0,CV009_003,2463924
68410,220,0,CV009_003,2464144
68411,300,0,CV009_003,2464444
68412,280,0,CV009_003,2464724
68413,300,0,CV009_003,2465024
68414,180,0,CV009_003,2465204
68415,304,0,CV009_003,2465508
68416,340,0,CV009_003,2465848
68417,180,0,CV009_003,2466028
68418,200,0,CV009_003,2466228
68419,200,0,CV009_003,2466428
68420,180,0,CV009_003,2466608
68421,320,0,CV009_003,2466928
68422,260,0,CV009_003,2467188
68423,180,0,CV009_003,2467368
68424,440,0,CV009_003,2467808
68425,100,0,CV009_003,2467908
68426,200,0,CV009_003,2468108
68427,280,0,CV009_003,2468388
68428,220,0,CV009_003,2468608
68429,300,0,CV009_003,2468908
68430,200,0,CV009_003,2469108
68431,380,0,CV009_003,2469488
68432,276,0,CV009_003,2469764
68433,104,0,CV009_003,2469868
68434,240,0,CV009_003,2470108
68435,256,0,CV009_003,2470364
68436,460,0,CV009_003,2470824
68437,60,0,CV009_003,2470884
68438,240,0,CV009_003,2471124
68439,264,0,CV009_003,2471388
68440,240,0,CV009_003,2471628
68441,200,0,CV009_003,2471828
68442,300,0,CV009_003,2472128
68443,304,0,CV009_003,2472432
68444,196,0,CV009_003,2472628
68445,384,0,CV009_003,2473012
68446,116,0,CV009_003,2473128
68447,320,0,CV009_003,2473448
68448,164,0,CV009_003,2473612
68449,256,0,CV009_003,2473868
68450,304,0,CV009_003,2474172
68451,340,0,CV009_003,2474512
68452,60,0,CV009_003,2474572
68453,260,0,CV009_003,2474832
68454,220,0,CV009_003,2475052
68455,480,0,CV009_003,2475532
68456,140,0,CV009_003,2475672
68457,140,0,CV009_003,2475812
68458,280,0,CV009_003,2476092
68459,300,0,CV009_003,2476392
68460,200,0,CV009_003,2476592
68461,320,0,CV009_003,2476912
68462,180,0,CV009_003,2477092
68463,400,0,CV009_003,2477492
68464,180,0,CV009_003,2477672
68465,140,0,CV009_003,2477812
68466,280,0,CV009_003,2478092
68467,180,0,CV009_003,2478272
68468,396,0,CV009_003,2478668
68469,324,0,CV009_003,2478992
68470,116,0,CV009_003,2479108
68471,284,0,CV009_003,2479392
68472,156,0,CV009_003,2479548
68473,264,0,CV009_003,2479812
68474,240,0,CV009_003,2480052
68475,360,0,CV009_003,2480412
68476,180,0,CV009_003,2480592
68477,240,0,CV009_003,2480832
68478,300,0,CV009_003,2481132
68479,160,0,CV009_003,2481292
68480,220,0,CV009_003,2481512
68481,320,0,CV009_003,2481832
68482,320,0,CV009_003,2482152
68483,120,0,CV009_003,2482272
68484,444,0,CV009_003,2482716
68485,120,0,CV009_003,2482836
68486,360,0,CV009_003,2483196
68487,120,0,CV009_003,2483316
68488,220,0,CV009_003,2483536
68489,380,0,CV009_003,2483916
68490,100,0,CV009_003,2484016
68491,400,0,CV009_003,2484416
68492,80,0,CV009_003,2484496
68493,380,0,CV009_003,2484876
68494,100,0,CV009_003,2484976
68495,460,0,CV009_003,2485436
68496,140,0,CV009_003,2485576
68497,356,0,CV009_003,2485932
68498,64,0,CV009_003,2485996
68499,276,0,CV009_003,2486272
68500,180,0,CV009_003,2486452
68501,444,0,CV009_003,2486896
68502,200,0,CV009_003,2487096
68503,140,0,CV009_003,2487236
68504,360,0,CV009_003,2487596
68505,240,0,CV009_003,2487836
68506,260,0,CV009_003,2488096
68507,100,0,CV009_003,2488196
68508,280,0,CV009_003,2488476
68509,424,0,CV009_003,2488900
68510,180,0,CV009_003,2489080
68511,280,0,CV009_003,2489360
68512,180,0,CV009_003,2489540
68513,160,0,CV009_003,2489700
68514,220,0,CV009_003,2489920
68515,260,0,CV009_003,2490180
68516,360,0,CV009_003,2490540
68517,160,0,CV009_003,2490700
68518,360,0,CV009_003,2491060
68519,260,0,CV009_003,2491320
68520,236,0,CV009_003,2491556
68521,280,0,CV009_003,2491836
68522,80,0,CV009_003,2491916
68523,324,0,CV009_003,2492240
68524,196,0,CV009_003,2492436
68525,224,0,CV009_003,2492660
68526,280,0,CV009_003,2492940
68527,260,0,CV009_003,2493200
68528,400,0,CV009_003,2493600
68529,120,0,CV009_003,2493720
68530,360,0,CV009_003,2494080
68531,100,0,CV009_003,2494180
68532,220,0,CV009_003,2494400
68533,464,0,CV009_003,2494864
68534,56,0,CV009_003,2494920
68535,224,0,CV009_003,2495144
68536,260,0,CV009_003,2495404
68537,460,0,CV009_003,2495864
68538,100,0,CV009_003,2495964
68539,280,0,CV009_003,2496244
68540,140,0,CV009_003,2496384
68541,300,0,CV009_003,2496684
68542,200,0,CV009_003,2496884
68543,460,0,CV009_003,2497344
68544,176,0,CV009_003,2497520
68545,140,0,CV009_003,2497660
68546,420,0,CV009_003,2498080
68547,80,0,CV009_003,2498160
68548,240,0,CV009_003,2498400
68549,240,0,CV009_003,2498640
68550,244,0,CV009_003,2498884
68551,340,0,CV009_003,2499224
68552,140,0,CV009_003,2499364
68553,280,0,CV009_003,2499644
68554,240,0,CV009_003,2499884
68555,260,0,CV009_003,2500144
68556,420,0,CV009_003,2500564
68557,60,0,CV009_003,2500624
68558,424,0,CV009_003,2501048
68559,100,0,CV009_003,2501148
68560,280,0,CV009_003,2501428
68561,180,0,CV009_003,2501608
68562,400,0,CV009_003,2502008
68563,160,0,CV009_003,2502168
68564,380,0,CV009_003,2502548
68565,236,0,CV009_003,2502784
68566,240,0,CV009_003,2503024
68567,160,0,CV009_003,2503184
68568,300,0,CV009_003,2503484
68569,80,0,CV009_003,2503564
68570,264,0,CV009_003,2503828
68571,236,0,CV009_003,2504064
68572,284,0,CV009_003,2504348
68573,220,0,CV009_003,2504568
68574,280,0,CV009_003,2504848
68575,260,0,CV009_003,2505108
68576,220,0,CV009_003,2505328
68577,304,0,CV009_003,2505632
68578,296,0,CV009_003,2505928
68579,324,0,CV009_003,2506252
68580,280,0,CV009_003,2506532
68581,160,0,CV009_003,2506692
68582,200,0,CV009_003,2506892
68583,140,0,CV009_003,2507032
68584,300,0,CV009_003,2507332
68585,200,0,CV009_003,2507532
68586,400,0,CV009_003,2507932
68587,196,0,CV009_003,2508128
68588,300,0,CV009_003,2508428
68589,240,0,CV009_003,2508668
68590,140,0,CV009_003,2508808
68591,240,0,CV009_003,2509048
68592,304,0,CV009_003,2509352
68593,200,0,CV009_003,2509552
68594,300,0,CV009_003,2509852
68595,200,0,CV009_003,2510052
68596,260,0,CV009_003,2510312
68597,240,0,CV009_003,2510552
68598,344,0,CV009_003,2510896
68599,336,0,CV009_003,2511232
68600,244,0,CV009_003,2511476
68601,240,0,CV009_003,2511716
68602,180,0,CV009_003,2511896
68603,100,0,CV009_003,2511996
68604,440,0,CV009_003,2512436
68605,220,0,CV009_003,2512656
68606,160,0,CV009_003,2512816
68607,376,0,CV009_003,2513192
68608,220,0,CV009_003,2513412
68609,80,0,CV009_003,2513492
68610,320,0,CV009_003,2513812
68611,184,0,CV009_003,2513996
68612,340,0,CV009_003,2514336
68613,220,0,CV009_003,2514556
68614,180,0,CV009_003,2514736
68615,240,0,CV009_003,2514976
68616,320,0,CV009_003,2515296
68617,364,0,CV009_003,2515660
68618,216,0,CV009_003,2515876
68619,180,0,CV009_003,2516056
68620,224,0,CV009_003,2516280
68621,420,0,CV009_003,2516700
68622,136,0,CV009_003,2516836
68623,524,0,CV009_003,2517360
68624,360,0,CV009_003,2517720
68625,236,0,CV009_003,2517956
68626,564,0,CV009_003,2518520
68627,200,0,CV009_003,2518720
68628,400,0,CV009_003,2519120
68629,580,0,CV009_003,2519700
68630,580,0,CV009_003,2520280
68631,440,0,CV009_003,2520720
68632,724,0,CV009_003,2521444
68633,276,0,CV009_003,2521720
68634,300,0,CV009_003,2522020
68635,600,0,CV009_003,2522620
68636,580,0,CV009_003,2523200
68637,384,0,CV009_003,2523584
68638,284,0,CV009_003,2523868
68639,100,0,CV009_003,2523968
68640,180,0,CV009_003,2524148
68641,380,0,CV009_003,2524528
68642,220,0,CV009_003,2524748
68643,280,0,CV009_003,2525028
68644,320,0,CV009_003,2525348
68645,280,0,CV009_003,2525628
68646,60,0,CV009_003,2525688
68647,200,0,CV009_003,2525888
68648,380,0,CV009_003,2526268
68649,260,0,CV009_003,2526528
68650,280,0,CV009_003,2526808
68651,280,0,CV009_003,2527088
68652,100,0,CV009_003,2527188
68653,284,0,CV009_003,2527472
68654,160,0,CV009_003,2527632
68655,360,0,CV009_003,2527992
68656,120,0,CV009_003,2528112
68657,300,0,CV009_003,2528412
68658,356,0,CV009_003,2528768
68659,224,0,CV009_003,2528992
68660,276,0,CV009_003,2529268
68661,324,0,CV009_003,2529592
68662,40,0,CV009_003,2529632
68663,500,0,CV009_003,2530132
68664,420,0,CV009_003,2530552
68665,60,0,CV009_003,2530612
68666,700,0,CV009_003,2531312
68667,420,0,CV009_003,2531732
68668,180,0,CV009_003,2531912
68669,252,0,CV009_003,2532164
68670,340,0,CV009_003,2532504
68671,224,0,CV009_003,2532728
68672,136,0,CV009_003,2532864
68673,292,0,CV009_003,2533156
68674,400,0,CV009_003,2533556
68675,240,0,CV009_003,2533796
68676,40,0,CV009_003,2533836
68677,460,0,CV009_003,2534296
68678,24,0,CV009_003,2534320
68679,320,0,CV009_003,2534640
68680,300,0,CV009_003,2534940
68681,120,0,CV009_003,2535060
68682,340,0,CV009_003,2535400
68683,160,0,CV009_003,2535560
68684,420,0,CV009_003,2535980
68685,296,0,CV009_003,2536276
68686,40,0,CV009_003,2536316
68687,380,0,CV009_003,2536696
68688,304,0,CV009_003,2537000
68689,100,0,CV009_003,2537100
68690,200,0,CV009_003,2537300
68691,300,0,CV009_003,2537600
68692,320,0,CV009_003,2537920
68693,324,0,CV009_003,2538244
68694,60,0,CV009_003,2538304
68695,260,0,CV009_003,2538564
68696,380,0,CV009_003,2538944
68697,100,0,CV009_003,2539044
68698,400,0,CV009_003,2539444
68699,256,0,CV009_003,2539700
68700,140,0,CV009_003,2539840
68701,300,0,CV009_003,2540140
68702,200,0,CV009_003,2540340
68703,344,0,CV009_003,2540684
68704,200,0,CV009_003,2540884
68705,140,0,CV009_003,2541024
68706,280,0,CV009_003,2541304
68707,424,0,CV009_003,2541728
68708,240,0,CV009_003,2541968
68709,120,0,CV009_003,2542088
68710,160,0,CV009_003,2542248
68711,260,0,CV009_003,2542508
68712,320,0,CV009_003,2542828
68713,260,0,CV009_003,2543088
68714,256,0,CV009_003,2543344
68715,220,0,CV009_003,2543564
68716,324,0,CV009_003,2543888
68717,240,0,CV009_003,2544128
68718,260,0,CV009_003,2544388
68719,100,0,CV009_003,2544488
68720,440,0,CV009_003,2544928
68721,280,0,CV009_003,2545208
68722,104,0,CV009_003,2545312
68723,180,0,CV009_003,2545492
68724,240,0,CV009_003,2545732
68725,280,0,CV009_003,2546012
68726,320,0,CV009_003,2546332
68727,216,0,CV009_003,2546548
68728,260,0,CV009_003,2546808
68729,320,0,CV009_003,2547128
68730,124,0,CV009_003,2547252
68731,240,0,CV009_003,2547492
68732,220,0,CV009_003,2547712
68733,280,0,CV009_003,2547992
68734,260,0,CV009_003,2548252
68735,344,0,CV009_003,2548596
68736,100,0,CV009_003,2548696
68737,260,0,CV009_003,2548956
68738,340,0,CV009_003,2549296
68739,160,0,CV009_003,2549456
68740,356,0,CV009_003,2549812
68741,240,0,CV009_003,2550052
68742,180,0,CV009_003,2550232
68743,244,0,CV009_003,2550476
68744,280,0,CV009_003,2550756
68745,220,0,CV009_003,2550976
68746,240,0,CV009_003,2551216
68747,444,0,CV009_003,2551660
68748,200,0,CV009_003,2551860
68749,80,0,CV009_003,2551940
68750,320,0,CV009_003,2552260
68751,180,0,CV009_003,2552440
68752,376,0,CV009_003,2552816
68753,320,0,CV009_003,2553136
68754,180,0,CV009_003,2553316
68755,104,0,CV009_003,2553420
68756,340,0,CV009_003,2553760
68757,344,0,CV009_003,2554104
68758,136,0,CV009_003,2554240
68759,364,0,CV009_003,2554604
68760,120,0,CV009_003,2554724
68761,220,0,CV009_003,2554944
68762,260,0,CV009_003,2555204
68763,240,0,CV009_003,2555444
68764,376,0,CV009_003,2555820
68765,300,0,CV009_003,2556120
68766,20,0,CV009_003,2556140
68767,384,0,CV009_003,2556524
68768,240,0,CV009_003,2556764
68769,200,0,CV009_003,2556964
68770,180,0,CV009_003,2557144
68771,424,0,CV009_003,2557568
68772,160,0,CV009_003,2557728
68773,160,0,CV009_003,2557888
68774,260,0,CV009_003,2558148
68775,240,0,CV009_003,2558388
68776,420,0,CV009_003,2558808
68777,116,0,CV009_003,2558924
68778,200,0,CV009_003,2559124
68779,364,0,CV009_003,2559488
68780,280,0,CV009_003,2559768
68781,140,0,CV009_003,2559908
68782,240,0,CV009_003,2560148
68783,240,0,CV009_003,2560388
68784,344,0,CV009_003,2560732
68785,200,0,CV009_003,2560932
68786,220,0,CV009_003,2561152
68787,280,0,CV009_003,2561432
68788,300,0,CV009_003,2561732
68789,316,0,CV009_003,2562048
68790,80,0,CV009_003,2562128
68791,424,0,CV009_003,2562552
68792,220,0,CV009_003,2562772
68793,80,0,CV009_003,2562852
68794,240,0,CV009_003,2563092
68795,460,0,CV009_003,2563552
68796,104,0,CV009_003,2563656
68797,200,0,CV009_003,2563856
68798,280,0,CV009_003,2564136
68799,240,0,CV009_003,2564376
68800,360,0,CV009_003,2564736
68801,316,0,CV009_003,2565052
68802,100,0,CV009_003,2565152
68803,184,0,CV009_003,2565336
68804,420,0,CV009_003,2565756
68805,100,0,CV009_003,2565856
68806,240,0,CV009_003,2566096
68807,220,0,CV009_003,2566316
68808,424,0,CV009_003,2566740
68809,180,0,CV009_003,2566920
68810,220,0,CV009_003,2567140
68811,160,0,CV009_003,2567300
68812,440,0,CV009_003,2567740
68813,296,0,CV009_003,2568036
68814,120,0,CV009_003,2568156
68815,160,0,CV009_003,2568316
68816,444,0,CV009_003,2568760
68817,80,0,CV009_003,2568840
68818,240,0,CV009_003,2569080
68819,240,0,CV009_003,2569320
68820,404,0,CV009_003,2569724
68821,140,0,CV009_003,2569864
68822,260,0,CV009_003,2570124
68823,180,0,CV009_003,2570304
68824,420,0,CV009_003,2570724
68825,236,0,CV009_003,2570960
68826,180,0,CV009_003,2571140
68827,140,0,CV009_003,2571280
68828,484,0,CV009_003,2571764
68829,224,0,CV009_003,2571988
68830,56,0,CV009_003,2572044
68831,260,0,CV009_003,2572304
68832,304,0,CV009_003,2572608
68833,300,0,CV009_003,2572908
68834,200,0,CV009_003,2573108
68835,300,0,CV009_003,2573408
68836,276,0,CV009_003,2573684
68837,200,0,CV009_003,2573884
68838,260,0,CV009_003,2574144
68839,284,0,CV009_003,2574428
68840,100,0,CV009_003,2574528
68841,424,0,CV009_003,2574952
68842,56,0,CV009_003,2575008
68843,240,0,CV009_003,2575248
68844,324,0,CV009_003,2575572
68845,160,0,CV009_003,2575732
68846,320,0,CV009_003,2576052
68847,180,0,CV009_003,2576232
68848,460,0,CV009_003,2576692
68849,196,0,CV009_003,2576888
68850,240,0,CV009_003,2577128
68851,304,0,CV009_003,2577432
68852,40,0,CV009_003,2577472
68853,260,0,CV009_003,2577732
68854,240,0,CV009_003,2577972
68855,260,0,CV009_003,2578232
68856,284,0,CV009_003,2578516
68857,220,0,CV009_003,2578736
68858,240,0,CV009_003,2578976
68859,240,0,CV009_003,2579216
68860,340,0,CV009_003,2579556
68861,176,0,CV009_003,2579732
68862,260,0,CV009_003,2579992
68863,424,0,CV009_003,2580416
68864,80,0,CV009_003,2580496
68865,200,0,CV009_003,2580696
68866,340,0,CV009_003,2581036
68867,160,0,CV009_003,2581196
68868,384,0,CV009_003,2581580
68869,320,0,CV009_003,2581900
68870,140,0,CV009_003,2582040
68871,160,0,CV009_003,2582200
68872,340,0,CV009_003,2582540
68873,256,0,CV009_003,2582796
68874,180,0,CV009_003,2582976
68875,260,0,CV009_003,2583236
68876,224,0,CV009_003,2583460
68877,420,0,CV009_003,2583880
68878,40,0,CV009_003,2583920
68879,300,0,CV009_003,2584220
68880,260,0,CV009_003,2584480
68881,200,0,CV009_003,2584680
68882,284,0,CV009_003,2584964
68883,200,0,CV009_003,2585164
68884,280,0,CV009_003,2585444
68885,376,0,CV009_003,2585820
68886,264,0,CV009_003,2586084
68887,296,0,CV009_003,2586380
68888,80,0,CV009_003,2586460
68889,384,0,CV009_003,2586844
68890,60,0,CV009_003,2586904
68891,240,0,CV009_003,2587144
68892,260,0,CV009_003,2587404
68893,240,0,CV009_003,2587644
68894,264,0,CV009_003,2587908
68895,440,0,CV009_003,2588348
68896,40,0,CV009_003,2588388
68897,360,0,CV009_003,2588748
68898,240,0,CV009_003,2588988
68899,200,0,CV009_003,2589188
68900,180,0,CV009_003,2589368
68901,476,0,CV009_003,2589844
68902,160,0,CV009_003,2590004
68903,120,0,CV009_003,2590124
68904,284,0,CV009_003,2590408
68905,240,0,CV009_003,2590648
68906,260,0,CV009_003,2590908
68907,240,0,CV009_003,2591148
68908,284,0,CV009_003,2591432
68909,296,0,CV009_003,2591728
68910,164,0,CV009_003,2591892
68911,420,0,CV009_003,2592312
68912,220,0,CV009_003,2592532
68913,60,0,CV009_003,2592592
68914,280,0,CV009_003,2592872
68915,440,0,CV009_003,2593312
68916,180,0,CV009_003,2593492
68917,120,0,CV009_003,2593612
68918,260,0,CV009_003,2593872
68919,220,0,CV009_003,2594092
68920,380,0,CV009_003,2594472
68921,120,0,CV009_003,2594592
68922,384,0,CV009_003,2594976
68923,320,0,CV009_003,2595296
68924,80,0,CV009_003,2595376
68925,260,0,CV009_003,2595636
68926,280,0,CV009_003,2595916
68927,260,0,CV009_003,2596176
68928,180,0,CV009_003,2596356
68929,280,0,CV009_003,2596636
68930,316,0,CV009_003,2596952
68931,180,0,CV009_003,2597132
68932,260,0,CV009_003,2597392
68933,204,0,CV009_003,2597596
68934,400,0,CV009_003,2597996
68935,100,0,CV009_003,2598096
68936,260,0,CV009_003,2598356
68937,220,0,CV009_003,2598576
68938,404,0,CV009_003,2598980
68939,140,0,CV009_003,2599120
68940,240,0,CV009_003,2599360
68941,220,0,CV009_003,2599580
68942,280,0,CV009_003,2599860
68943,320,0,CV009_003,2600180
68944,236,0,CV009_003,2600416
68945,180,0,CV009_003,2600596
68946,380,0,CV009_003,2600976
68947,184,0,CV009_003,2601160
68948,284,0,CV009_003,2601444
68949,96,0,CV009_003,2601540
68950,400,0,CV009_003,2601940
68951,220,0,CV009_003,2602160
68952,120,0,CV009_003,2602280
68953,284,0,CV009_003,2602564
68954,380,0,CV009_003,2602944
68955,280,0,CV009_003,2603224
68956,100,0,CV009_003,2603324
68957,220,0,CV009_003,2603544
68958,300,0,CV009_003,2603844
68959,256,0,CV009_003,2604100
68960,240,0,CV009_003,2604340
68961,400,0,CV009_003,2604740
68962,104,0,CV009_003,2604844
68963,280,0,CV009_003,2605124
68964,240,0,CV009_003,2605364
68965,240,0,CV009_003,2605604
68966,140,0,CV009_003,2605744
68967,484,0,CV009_003,2606228
68968,136,0,CV009_003,2606364
68969,264,0,CV009_003,2606628
68970,220,0,CV009_003,2606848
68971,180,0,CV009_003,2607028
68972,360,0,CV009_003,2607388
68973,100,0,CV009_003,2607488
68974,260,0,CV009_003,2607748
68975,416,0,CV009_003,2608164
68976,120,0,CV009_003,2608284
68977,200,0,CV009_003,2608484
68978,380,0,CV009_003,2608864
68979,104,0,CV009_003,2608968
68980,400,0,CV009_003,2609368
68981,100,0,CV009_003,2609468
68982,400,0,CV009_003,2609868
68983,140,0,CV009_003,2610008
68984,240,0,CV009_003,2610248
68985,240,0,CV009_003,2610488
68986,284,0,CV009_003,2610772
68987,320,0,CV009_003,2611092
68988,340,0,CV009_003,2611432
68989,140,0,CV009_003,2611572
68990,180,0,CV009_003,2611752
68991,260,0,CV009_003,2612012
68992,416,0,CV009_003,2612428
68993,140,0,CV009_003,2612568
68994,160,0,CV009_003,2612728
68995,220,0,CV009_003,2612948
68996,404,0,CV009_003,2613352
68997,120,0,CV009_003,2613472
68998,364,0,CV009_003,2613836
68999,96,0,CV009_003,2613932
69000,460,0,CV009_003,2614392
69001,24,0,CV009_003,2614416
69002,296,0,CV009_003,2614712
69003,304,0,CV009_003,2615016
69004,160,0,CV009_003,2615176
69005,320,0,CV009_003,2615496
69006,260,0,CV009_003,2615756
69007,380,0,CV009_003,2616136
69008,60,0,CV009_003,2616196
69009,336,0,CV009_003,2616532
69010,320,0,CV009_003,2616852
69011,100,0,CV009_003,2616952
69012,224,0,CV009_003,2617176
69013,260,0,CV009_003,2617436
69014,360,0,CV009_003,2617796
69015,124,0,CV009_003,2617920
69016,236,0,CV009_003,2618156
69017,364,0,CV009_003,2618520
69018,156,0,CV009_003,2618676
69019,224,0,CV009_003,2618900
69020,420,0,CV009_003,2619320
69021,280,0,CV009_003,2619600
69022,160,0,CV009_003,2619760
69023,140,0,CV009_003,2619900
69024,280,0,CV009_003,2620180
69025,416,0,CV009_003,2620596
69026,80,0,CV009_003,2620676
69027,240,0,CV009_003,2620916
69028,244,0,CV009_003,2621160
69029,340,0,CV009_003,2621500
69030,300,0,CV009_003,2621800
69031,204,0,CV009_003,2622004
69032,156,0,CV009_003,2622160
69033,240,0,CV009_003,2622400
69034,440,0,CV009_003,2622840
69035,84,0,CV009_003,2622924
69036,180,0,CV009_003,2623104
69037,260,0,CV009_003,2623364
69038,320,0,CV009_003,2623684
69039,176,0,CV009_003,2623860
69040,340,0,CV009_003,2624200
69041,300,0,CV009_003,2624500
69042,160,0,CV009_003,2624660
69043,184,0,CV009_003,2624844
69044,260,0,CV009_003,2625104
69045,404,0,CV009_003,2625508
69046,296,0,CV009_003,2625804
69047,100,0,CV009_003,2625904
69048,260,0,CV009_003,2626164
69049,304,0,CV009_003,2626468
69050,120,0,CV009_003,2626588
69051,320,0,CV009_003,2626908
69052,280,0,CV009_003,2627188
69053,180,0,CV009_003,2627368
69054,400,0,CV009_003,2627768
69055,180,0,CV009_003,2627948
69056,336,0,CV009_003,2628284
69057,220,0,CV009_003,2628504
69058,64,0,CV009_003,2628568
69059,460,0,CV009_003,2629028
69060,60,0,CV009_003,2629088
69061,240,0,CV009_003,2629328
69062,340,0,CV009_003,2629668
69063,280,0,CV009_003,2629948
69064,264,0,CV009_003,2630212
69065,280,0,CV009_003,2630492
69066,100,0,CV009_003,2630592
69067,360,0,CV009_003,2630952
69068,100,0,CV009_003,2631052
69069,240,0,CV009_003,2631292
69070,460,0,CV009_003,2631752
69071,116,0,CV009_003,2631868
69072,180,0,CV009_003,2632048
69073,240,0,CV009_003,2632288
69074,320,0,CV009_003,2632608
69075,324,0,CV009_003,2632932
69076,100,0,CV009_003,2633032
69077,280,0,CV009_003,2633312
69078,380,0,CV009_003,2633692
69079,320,0,CV009_003,2634012
69080,20,0,CV009_003,2634032
69081,380,0,CV009_003,2634412
69082,324,0,CV009_003,2634736
69083,220,0,CV009_003,2634956
69084,60,0,CV009_003,2635016
69085,400,0,CV009_003,2635416
69086,240,0,CV009_003,2635656
69087,100,0,CV009_003,2635756
69088,260,0,CV009_003,2636016
69089,240,0,CV009_003,2636256
69090,296,0,CV009_003,2636552
69091,340,0,CV009_003,2636892
69092,180,0,CV009_003,2637072
69093,304,0,CV009_003,2637376
69094,240,0,CV009_003,2637616
69095,120,0,CV009_003,2637736
69096,260,0,CV009_003,2637996
69097,320,0,CV009_003,2638316
69098,200,0,CV009_003,2638516
69099,240,0,CV009_003,2638756
69100,340,0,CV009_003,2639096
69101,360,0,CV009_003,2639456
69102,184,0,CV009_003,2639640
69103,300,0,CV009_003,2639940
69104,20,0,CV009_003,2639960
69105,320,0,CV009_003,2640280
69106,180,0,CV009_003,2640460
69107,260,0,CV009_003,2640720
69108,260,0,CV009_003,2640980
69109,380,0,CV009_003,2641360
69110,100,0,CV009_003,2641460
69111,440,0,CV009_003,2641900
69112,176,0,CV009_003,2642076
69113,200,0,CV009_003,2642276
69114,200,0,CV009_003,2642476
69115,220,0,CV009_003,2642696
69116,324,0,CV009_003,2643020
69117,280,0,CV009_003,2643300
69118,180,0,CV009_003,2643480
69119,400,0,CV009_003,2643880
69120,160,0,CV009_003,2644040
69121,360,0,CV009_003,2644400
69122,80,0,CV009_003,2644480
69123,400,0,CV009_003,2644880
69124,240,0,CV009_003,2645120
69125,60,0,CV009_003,2645180
69126,304,0,CV009_003,2645484
69127,220,0,CV009_003,2645704
69128,280,0,CV009_003,2645984
69129,240,0,CV009_003,2646224
69130,200,0,CV009_003,2646424
69131,340,0,CV009_003,2646764
69132,336,0,CV009_003,2647100
69133,260,0,CV009_003,2647360
69134,260,0,CV009_003,2647620
69135,260,0,CV009_003,2647880
69136,260,0,CV009_003,2648140
69137,100,0,CV009_003,2648240
69138,300,0,CV009_003,2648540
69139,120,0,CV009_003,2648660
69140,384,0,CV009_003,2649044
69141,140,0,CV009_003,2649184
69142,260,0,CV009_003,2649444
69143,380,0,CV009_003,2649824
69144,220,0,CV009_003,2650044
69145,240,0,CV009_003,2650284
69146,140,0,CV009_003,2650424
69147,440,0,CV009_003,2650864
69148,20,0,CV009_003,2650884
69149,280,0,CV009_003,2651164
69150,260,0,CV009_003,2651424
69151,420,0,CV009_003,2651844
69152,124,0,CV009_003,2651968
69153,160,0,CV009_003,2652128
69154,240,0,CV009_003,2652368
69155,240,0,CV009_003,2652608
69156,380,0,CV009_003,2652988
69157,140,0,CV009_003,2653128
69158,380,0,CV009_003,2653508
69159,240,0,CV009_003,2653748
69160,340,0,CV009_003,2654088
69161,160,0,CV009_003,2654248
69162,316,0,CV009_003,2654564
69163,40,0,CV009_003,2654604
69164,360,0,CV009_003,2654964
69165,180,0,CV009_003,2655144
69166,240,0,CV009_003,2655384
69167,220,0,CV009_003,2655604
69168,300,0,CV009_003,2655904
69169,224,0,CV009_003,2656128
69170,340,0,CV009_003,2656468
69171,340,0,CV009_003,2656808
69172,60,0,CV009_003,2656868
69173,400,0,CV009_003,2657268
69174,80,0,CV009_003,2657348
69175,460,0,CV009_003,2657808
69176,20,0,CV009_003,2657828
69177,440,0,CV009_003,2658268
69178,120,0,CV009_003,2658388
69179,404,0,CV009_003,2658792
69180,176,0,CV009_003,2658968
69181,140,0,CV009_003,2659108
69182,244,0,CV009_003,2659352
69183,440,0,CV009_003,2659792
69184,160,0,CV009_003,2659952
69185,196,0,CV009_003,2660148
69186,384,0,CV009_003,2660532
69187,20,0,CV009_003,2660552
69188,240,0,CV009_003,2660792
69189,340,0,CV009_003,2661132
69190,300,0,CV009_003,2661432
69191,160,0,CV009_003,2661592
69192,340,0,CV009_003,2661932
69193,260,0,CV009_003,2662192
69194,100,0,CV009_003,2662292
69195,480,0,CV009_003,2662772
69196,140,0,CV009_003,2662912
69197,320,0,CV009_003,2663232
69198,120,0,CV009_003,2663352
69199,380,0,CV009_003,2663732
69200,260,0,CV009_003,2663992
69201,240,0,CV009_003,2664232
69202,40,0,CV009_003,2664272
69203,260,0,CV009_003,2664532
69204,240,0,CV009_003,2664772
69205,340,0,CV009_003,2665112
69206,196,0,CV009_003,2665308
69207,384,0,CV009_003,2665692
69208,176,0,CV009_003,2665868
69209,260,0,CV009_003,2666128
69210,340,0,CV009_003,2666468
69211,100,0,CV009_003,2666568
69212,344,0,CV009_003,2666912
69213,276,0,CV009_003,2667188
69214,140,0,CV009_003,2667328
69215,320,0,CV009_003,2667648
69216,120,0,CV009_003,2667768
69217,224,0,CV009_003,2667992
69218,256,0,CV009_003,2668248
69219,284,0,CV009_003,2668532
69220,280,0,CV009_003,2668812
69221,220,0,CV009_003,2669032
69222,340,0,CV009_003,2669372
69223,260,0,CV009_003,2669632
69224,120,0,CV009_003,2669752
69225,260,0,CV009_003,2670012
69226,240,0,CV009_003,2670252
69227,260,0,CV009_003,2670512
69228,300,0,CV009_003,2670812
69229,300,0,CV009_003,2671112
69230,140,0,CV009_003,2671252
69231,220,0,CV009_003,2671472
69232,440,0,CV009_003,2671912
69233,100,0,CV009_003,2672012
69234,400,0,CV009_003,2672412
69235,80,0,CV009_003,2672492
69236,444,0,CV009_003,2672936
69237,220,0,CV009_003,2673156
69238,120,0,CV009_003,2673276
69239,200,0,CV009_003,2673476
69240,240,0,CV009_003,2673716
69241,240,0,CV009_003,2673956
69242,260,0,CV009_003,2674216
69243,260,0,CV009_003,2674476
69244,300,0,CV009_003,2674776
69245,280,0,CV009_003,2675056
69246,140,0,CV009_003,2675196
69247,440,0,CV009_003,2675636
69248,140,0,CV009_003,2675776
69249,380,0,CV009_003,2676156
69250,60,0,CV009_003,2676216
69251,220,0,CV009_003,2676436
69252,436,0,CV009_003,2676872
69253,280,0,CV009_003,2677152
69254,224,0,CV009_003,2677376
69255,96,0,CV009_003,2677472
69256,260,0,CV009_003,2677732
69257,320,0,CV009_003,2678052
69258,180,0,CV009_003,2678232
69259,184,0,CV009_003,2678416
69260,280,0,CV009_003,2678696
69261,260,0,CV009_003,2678956
69262,280,0,CV009_003,2679236
69263,200,0,CV009_003,2679436
69264,220,0,CV009_003,2679656
69265,300,0,CV009_003,2679956
69266,384,0,CV009_003,2680340
69267,56,0,CV009_003,2680396
69268,300,0,CV009_003,2680696
69269,340,0,CV009_003,2681036
69270,100,0,CV009_003,2681136
69271,424,0,CV009_003,2681560
69272,76,0,CV009_003,2681636
69273,344,0,CV009_003,2681980
69274,220,0,CV009_003,2682200
69275,200,0,CV009_003,2682400
69276,220,0,CV009_003,2682620
69277,320,0,CV009_003,2682940
69278,260,0,CV009_003,2683200
69279,160,0,CV009_003,2683360
69280,440,0,CV009_003,2683800
69281,60,0,CV009_003,2683860
69282,340,0,CV009_003,2684200
69283,240,0,CV009_003,2684440
69284,336,0,CV009_003,2684776
69285,120,0,CV009_003,2684896
69286,240,0,CV009_003,2685136
69287,260,0,CV009_003,2685396
69288,320,0,CV009_003,2685716
69289,264,0,CV009_003,2685980
69290,140,0,CV009_003,2686120
69291,260,0,CV009_003,2686380
69292,340,0,CV009_003,2686720
69293,180,0,CV009_003,2686900
69294,320,0,CV009_003,2687220
69295,360,0,CV009_003,2687580
69296,140,0,CV009_003,2687720
69297,264,0,CV009_003,2687984
69298,236,0,CV009_003,2688220
69299,140,0,CV009_003,2688360
69300,244,0,CV009_003,2688604
69301,320,0,CV009_003,2688924
69302,260,0,CV009_003,2689184
69303,160,0,CV009_003,2689344
69304,340,0,CV009_003,2689684
69305,220,0,CV009_003,2689904
69306,360,0,CV009_003,2690264
69307,60,0,CV009_003,2690324
69308,360,0,CV009_003,2690684
69309,120,0,CV009_003,2690804
69310,380,0,CV009_003,2691184
69311,260,0,CV009_003,2691444
69312,336,0,CV009_003,2691780
69313,200,0,CV009_003,2691980
69314,280,0,CV009_003,2692260
69315,40,0,CV009_003,2692300
69316,280,0,CV009_003,2692580
69317,384,0,CV009_003,2692964
69318,240,0,CV009_003,2693204
69319,220,0,CV009_003,2693424
69320,280,0,CV009_003,2693704
69321,160,0,CV009_003,2693864
69322,340,0,CV009_003,2694204
69323,120,0,CV009_003,2694324
69324,380,0,CV009_003,2694704
69325,280,0,CV009_003,2694984
69326,180,0,CV009_003,2695164
69327,160,0,CV009_003,2695324
69328,240,0,CV009_003,2695564
69329,384,0,CV009_003,2695948
69330,200,0,CV009_003,2696148
69331,200,0,CV009_003,2696348
69332,320,0,CV009_003,2696668
69333,100,0,CV009_003,2696768
69334,400,0,CV009_003,2697168
69335,200,0,CV009_003,2697368
69336,300,0,CV009_003,2697668
69337,120,0,CV009_003,2697788
69338,380,0,CV009_003,2698168
69339,80,0,CV009_003,2698248
69340,300,0,CV009_003,2698548
69341,336,0,CV009_003,2698884
69342,200,0,CV009_003,2699084
69343,260,0,CV009_003,2699344
69344,180,0,CV009_003,2699524
69345,380,0,CV009_003,2699904
69346,140,0,CV009_003,2700044
69347,364,0,CV009_003,2700408
69348,280,0,CV009_003,2700688
69349,140,0,CV009_003,2700828
69350,360,0,CV009_003,2701188
69351,140,0,CV009_003,2701328
69352,360,0,CV009_003,2701688
69353,140,0,CV009_003,2701828
69354,344,0,CV009_003,2702172
69355,56,0,CV009_003,2702228
69356,240,0,CV009_003,2702468
69357,284,0,CV009_003,2702752
69358,296,0,CV009_003,2703048
69359,200,0,CV009_003,2703248
69360,300,0,CV009_003,2703548
69361,284,0,CV009_003,2703832
69362,120,0,CV009_003,2703952
69363,320,0,CV009_003,2704272
69364,380,0,CV009_003,2704652
69365,140,0,CV009_003,2704792
69366,360,0,CV009_003,2705152
69367,120,0,CV009_003,2705272
69368,320,0,CV009_003,2705592
69369,200,0,CV009_003,2705792
69370,360,0,CV009_003,2706152
69371,140,0,CV009_003,2706292
69372,360,0,CV009_003,2706652
69373,100,0,CV009_003,2706752
69374,400,0,CV009_003,2707152
69375,180,0,CV009_003,2707332
69376,320,0,CV009_003,2707652
69377,96,0,CV009_003,2707748
69378,400,0,CV009_003,2708148
69379,80,0,CV009_003,2708228
69380,240,0,CV009_003,2708468
69381,260,0,CV009_003,2708728
69382,204,0,CV009_003,2708932
69383,320,0,CV009_003,2709252
69384,240,0,CV009_003,2709492
69385,320,0,CV009_003,2709812
69386,160,0,CV009_003,2709972
69387,200,0,CV009_003,2710172
69388,280,0,CV009_003,2710452
69389,400,0,CV009_003,2710852
69390,160,0,CV009_003,2711012
69391,160,0,CV009_003,2711172
69392,220,0,CV009_003,2711392
69393,280,0,CV009_003,2711672
69394,260,0,CV009_003,2711932
69395,360,0,CV009_003,2712292
69396,100,0,CV009_003,2712392
69397,360,0,CV009_003,2712752
69398,204,0,CV009_003,2712956
69399,320,0,CV009_003,2713276
69400,280,0,CV009_003,2713556
69401,80,0,CV009_003,2713636
69402,300,0,CV009_003,2713936
69403,200,0,CV009_003,2714136
69404,240,0,CV009_003,2714376
69405,260,0,CV009_003,2714636
69406,380,0,CV009_003,2715016
69407,120,0,CV009_003,2715136
69408,340,0,CV009_003,2715476
69409,160,0,CV009_003,2715636
69410,440,0,CV009_003,2716076
69411,260,0,CV009_003,2716336
69412,80,0,CV009_003,2716416
69413,220,0,CV009_003,2716636
69414,256,0,CV009_003,2716892
69415,320,0,CV009_003,2717212
69416,180,0,CV009_003,2717392
69417,220,0,CV009_003,2717612
69418,420,0,CV009_003,2718032
69419,120,0,CV009_003,2718152
69420,220,0,CV009_003,2718372
69421,284,0,CV009_003,2718656
69422,300,0,CV009_003,2718956
69423,200,0,CV009_003,2719156
69424,220,0,CV009_003,2719376
69425,320,0,CV009_003,2719696
69426,140,0,CV009_003,2719836
69427,364,0,CV009_003,2720200
69428,236,0,CV009_003,2720436
69429,220,0,CV009_003,2720656
69430,164,0,CV009_003,2720820
69431,256,0,CV009_003,2721076
69432,360,0,CV009_003,2721436
69433,160,0,CV009_003,2721596
69434,384,0,CV009_003,2721980
69435,300,0,CV009_003,2722280
69436,180,0,CV009_003,2722460
69437,100,0,CV009_003,2722560
69438,240,0,CV009_003,2722800
69439,240,0,CV009_003,2723040
69440,340,0,CV009_003,2723380
69441,220,0,CV009_003,2723600
69442,220,0,CV009_003,2723820
69443,360,0,CV009_003,2724180
69444,180,0,CV009_003,2724360
69445,400,0,CV009_003,2724760
69446,160,0,CV009_003,2724920
69447,200,0,CV009_003,2725120
69448,220,0,CV009_003,2725340
69449,196,0,CV009_003,2725536
69450,360,0,CV009_003,2725896
69451,220,0,CV009_003,2726116
69452,340,0,CV009_003,2726456
69453,240,0,CV009_003,2726696
69454,84,0,CV009_003,2726780
69455,440,0,CV009_003,2727220
69456,80,0,CV009_003,2727300
69457,220,0,CV009_003,2727520
69458,320,0,CV009_003,2727840
69459,300,0,CV009_003,2728140
69460,280,0,CV009_003,2728420
69461,220,0,CV009_003,2728640
69462,320,0,CV009_003,2728960
69463,40,0,CV009_003,2729000
69464,280,0,CV009_003,2729280
69465,220,0,CV009_003,2729500
69466,464,0,CV009_003,2729964
69467,60,0,CV009_003,2730024
69468,280,0,CV009_003,2730304
69469,300,0,CV009_003,2730604
69470,140,0,CV009_003,2730744
69471,280,0,CV009_003,2731024
69472,200,0,CV009_003,2731224
69473,360,0,CV009_003,2731584
69474,220,0,CV009_003,2731804
69475,340,0,CV009_003,2732144
69476,220,0,CV009_003,2732364
69477,336,0,CV009_003,2732700
69478,220,0,CV009_003,2732920
69479,80,0,CV009_003,2733000
69480,220,0,CV009_003,2733220
69481,400,0,CV009_003,2733620
69482,144,0,CV009_003,2733764
69483,360,0,CV009_003,2734124
69484,120,0,CV009_003,2734244
69485,380,0,CV009_003,2734624
69486,220,0,CV009_003,2734844
69487,160,0,CV009_003,2735004
69488,240,0,CV009_003,2735244
69489,424,0,CV009_003,2735668
69490,76,0,CV009_003,2735744
69491,224,0,CV009_003,2735968
69492,340,0,CV009_003,2736308
69493,280,0,CV009_003,2736588
69494,160,0,CV009_003,2736748
69495,340,0,CV009_003,2737088
69496,280,0,CV009_003,2737368
69497,220,0,CV009_003,2737588
69498,140,0,CV009_003,2737728
69499,436,0,CV009_003,2738164
69500,140,0,CV009_003,2738304
69501,120,0,CV009_003,2738424
69502,280,0,CV009_003,2738704
69503,264,0,CV009_003,2738968
69504,240,0,CV009_003,2739208
69505,260,0,CV009_003,2739468
69506,320,0,CV009_003,2739788
69507,160,0,CV009_003,2739948
69508,220,0,CV009_003,2740168
69509,320,0,CV009_003,2740488
69510,200,0,CV009_003,2740688
69511,344,0,CV009_003,2741032
69512,300,0,CV009_003,2741332
69513,60,0,CV009_003,2741392
69514,320,0,CV009_003,2741712
69515,380,0,CV009_003,2742092
69516,100,0,CV009_003,2742192
69517,220,0,CV009_003,2742412
69518,376,0,CV009_003,2742788
69519,240,0,CV009_003,2743028
69520,200,0,CV009_003,2743228
69521,204,0,CV009_003,2743432
69522,420,0,CV009_003,2743852
69523,260,0,CV009_003,2744112
69524,184,0,CV009_003,2744296
69525,136,0,CV009_003,2744432
69526,260,0,CV009_003,2744692
69527,364,0,CV009_003,2745056
69528,140,0,CV009_003,2745196
69529,380,0,CV009_003,2745576
69530,240,0,CV009_003,2745816
69531,200,0,CV009_003,2746016
69532,120,0,CV009_003,2746136
69533,400,0,CV009_003,2746536
69534,156,0,CV009_003,2746692
69535,280,0,CV009_003,2746972
69536,204,0,CV009_003,2747176
69537,180,0,CV009_003,2747356
69538,260,0,CV009_003,2747616
69539,240,0,CV009_003,2747856
69540,240,0,CV009_003,2748096
69541,340,0,CV009_003,2748436
69542,304,0,CV009_003,2748740
69543,300,0,CV009_003,2749040
69544,40,0,CV009_003,2749080
69545,380,0,CV009_003,2749460
69546,360,0,CV009_003,2749820
69547,220,0,CV009_003,2750040
69548,60,0,CV009_003,2750100
69549,416,0,CV009_003,2750516
69550,300,0,CV009_003,2750816
69551,180,0,CV009_003,2750996
69552,84,0,CV009_003,2751080
69553,280,0,CV009_003,2751360
69554,240,0,CV009_003,2751600
69555,240,0,CV009_003,2751840
69556,260,0,CV009_003,2752100
69557,344,0,CV009_003,2752444
69558,260,0,CV009_003,2752704
69559,300,0,CV009_003,2753004
69560,60,0,CV009_003,2753064
69561,460,0,CV009_003,2753524
69562,120,0,CV009_003,2753644
69563,160,0,CV009_003,2753804
69564,476,0,CV009_003,2754280
69565,100,0,CV009_003,2754380
69566,160,0,CV009_003,2754540
69567,444,0,CV009_003,2754984
69568,100,0,CV009_003,2755084
69569,300,0,CV009_003,2755384
69570,200,0,CV009_003,2755584
69571,220,0,CV009_003,2755804
69572,240,0,CV009_003,2756044
69573,464,0,CV009_003,2756508
69574,20,0,CV009_003,2756528
69575,300,0,CV009_003,2756828
69576,360,0,CV009_003,2757188
69577,80,0,CV009_003,2757268
69578,320,0,CV009_003,2757588
69579,316,0,CV009_003,2757904
69580,264,0,CV009_003,2758168
69581,136,0,CV009_003,2758304
69582,280,0,CV009_003,2758584
69583,284,0,CV009_003,2758868
69584,220,0,CV009_003,2759088
69585,244,0,CV009_003,2759332
69586,256,0,CV009_003,2759588
69587,364,0,CV009_003,2759952
69588,240,0,CV009_003,2760192
69589,220,0,CV009_003,2760412
69590,140,0,CV009_003,2760552
69591,280,0,CV009_003,2760832
69592,180,0,CV009_003,2761012
69593,220,0,CV009_003,2761232
69594,360,0,CV009_003,2761592
69595,316,0,CV009_003,2761908
69596,240,0,CV009_003,2762148
69597,200,0,CV009_003,2762348
69598,144,0,CV009_003,2762492
69599,240,0,CV009_003,2762732
69600,340,0,CV009_003,2763072
69601,160,0,CV009_003,2763232
69602,340,0,CV009_003,2763572
69603,160,0,CV009_003,2763732
69604,304,0,CV009_003,2764036
69605,320,0,CV009_003,2764356
69606,180,0,CV009_003,2764536
69607,300,0,CV009_003,2764836
69608,280,0,CV009_003,2765116
69609,140,0,CV009_003,2765256
69610,280,0,CV009_003,2765536
69611,376,0,CV009_003,2765912
69612,240,0,CV009_003,2766152
69613,280,0,CV009_003,2766432
69614,140,0,CV009_003,2766572
69615,124,0,CV009_003,2766696
69616,360,0,CV009_003,2767056
69617,140,0,CV009_003,2767196
69618,320,0,CV009_003,2767516
69619,180,0,CV009_003,2767696
69620,464,0,CV009_003,2768160
69621,56,0,CV009_003,2768216
69622,324,0,CV009_003,2768540
69623,300,0,CV009_003,2768840
69624,200,0,CV009_003,2769040
69625,180,0,CV009_003,2769220
69626,200,0,CV009_003,2769420
69627,400,0,CV009_003,2769820
69628,100,0,CV009_003,2769920
69629,356,0,CV009_003,2770276
69630,280,0,CV009_003,2770556
69631,140,0,CV009_003,2770696
69632,244,0,CV009_003,2770940
69633,220,0,CV009_003,2771160
69634,280,0,CV009_003,2771440
69635,260,0,CV009_003,2771700
69636,360,0,CV009_003,2772060
69637,164,0,CV009_003,2772224
69638,216,0,CV009_003,2772440
69639,404,0,CV009_003,2772844
69640,180,0,CV009_003,2773024
69641,300,0,CV009_003,2773324
69642,200,0,CV009_003,2773524
69643,120,0,CV009_003,2773644
69644,380,0,CV009_003,2774024
69645,120,0,CV009_003,2774144
69646,340,0,CV009_003,2774484
69647,240,0,CV009_003,2774724
69648,196,0,CV009_003,2774920
69649,320,0,CV009_003,2775240
69650,300,0,CV009_003,2775540
69651,80,0,CV009_003,2775620
69652,424,0,CV009_003,2776044
69653,120,0,CV009_003,2776164
69654,380,0,CV009_003,2776544
69655,120,0,CV009_003,2776664
69656,380,0,CV009_003,2777044
69657,100,0,CV009_003,2777144
69658,384,0,CV009_003,2777528
69659,296,0,CV009_003,2777824
69660,160,0,CV009_003,2777984
69661,280,0,CV009_003,2778264
69662,260,0,CV009_003,2778524
69663,80,0,CV009_003,2778604
69664,320,0,CV009_003,2778924
69665,280,0,CV009_003,2779204
69666,320,0,CV009_003,2779524
69667,260,0,CV009_003,2779784
69668,160,0,CV009_003,2779944
69669,160,0,CV009_003,2780104
69670,344,0,CV009_003,2780448
69671,276,0,CV009_003,2780724
69672,140,0,CV009_003,2780864
69673,320,0,CV009_003,2781184
69674,284,0,CV009_003,2781468
69675,260,0,CV009_003,2781728
69676,100,0,CV009_003,2781828
69677,260,0,CV009_003,2782088
69678,340,0,CV009_003,2782428
69679,140,0,CV009_003,2782568
69680,264,0,CV009_003,2782832
69681,336,0,CV009_003,2783168
69682,340,0,CV009_003,2783508
69683,244,0,CV009_003,2783752
69684,80,0,CV009_003,2783832
69685,400,0,CV009_003,2784232
69686,160,0,CV009_003,2784392
69687,280,0,CV009_003,2784672
69688,160,0,CV009_003,2784832
69689,300,0,CV009_003,2785132
69690,180,0,CV009_003,2785312
69691,340,0,CV009_003,2785652
69692,276,0,CV009_003,2785928
69693,220,0,CV009_003,2786148
69694,260,0,CV009_003,2786408
69695,340,0,CV009_003,2786748
69696,180,0,CV009_003,2786928
69697,304,0,CV009_003,2787232
69698,76,0,CV009_003,2787308
69699,404,0,CV009_003,2787712
69700,220,0,CV009_003,2787932
69701,260,0,CV009_003,2788192
69702,140,0,CV009_003,2788332
69703,380,0,CV009_003,2788712
69704,80,0,CV009_003,2788792
69705,224,0,CV009_003,2789016
69706,320,0,CV009_003,2789336
69707,320,0,CV009_003,2789656
69708,120,0,CV009_003,2789776
69709,380,0,CV009_003,2790156
69710,240,0,CV009_003,2790396
69711,160,0,CV009_003,2790556
69712,240,0,CV009_003,2790796
69713,200,0,CV009_003,2790996
69714,260,0,CV009_003,2791256
69715,240,0,CV009_003,2791496
69716,360,0,CV009_003,2791856
69717,180,0,CV009_003,2792036
69718,320,0,CV009_003,2792356
69719,360,0,CV009_003,2792716
69720,20,0,CV009_003,2792736
69721,260,0,CV009_003,2792996
69722,240,0,CV009_003,2793236
69723,280,0,CV009_003,2793516
69724,260,0,CV009_003,2793776
69725,200,0,CV009_003,2793976
69726,240,0,CV009_003,2794216
69727,420,0,CV009_003,2794636
69728,184,0,CV009_003,2794820
69729,340,0,CV009_003,2795160
69730,60,0,CV009_003,2795220
69731,240,0,CV009_003,2795460
69732,360,0,CV009_003,2795820
69733,160,0,CV009_003,2795980
69734,400,0,CV009_003,2796380
69735,100,0,CV009_003,2796480
69736,456,0,CV009_003,2796936
69737,220,0,CV009_003,2797156
69738,260,0,CV009_003,2797416
69739,220,0,CV009_003,2797636
69740,124,0,CV009_003,2797760
69741,260,0,CV009_003,2798020
69742,180,0,CV009_003,2798200
69743,300,0,CV009_003,2798500
69744,240,0,CV009_003,2798740
69745,260,0,CV009_003,2799000
69746,340,0,CV009_003,2799340
69747,160,0,CV009_003,2799500
69748,180,0,CV009_003,2799680
69749,420,0,CV009_003,2800100
69750,120,0,CV009_003,2800220
69751,240,0,CV009_003,2800460
69752,320,0,CV009_003,2800780
69753,300,0,CV009_003,2801080
69754,260,0,CV009_003,2801340
69755,264,0,CV009_003,2801604
69756,240,0,CV009_003,2801844
69757,220,0,CV009_003,2802064
69758,100,0,CV009_003,2802164
69759,300,0,CV009_003,2802464
69760,356,0,CV009_003,2802820
69761,120,0,CV009_003,2802940
69762,380,0,CV009_003,2803320
69763,140,0,CV009_003,2803460
69764,420,0,CV009_003,2803880
69765,84,0,CV009_003,2803964
69766,320,0,CV009_003,2804284
69767,200,0,CV009_003,2804484
69768,400,0,CV009_003,2804884
69769,100,0,CV009_003,2804984
69770,260,0,CV009_003,2805244
69771,180,0,CV009_003,2805424
69772,240,0,CV009_003,2805664
69773,320,0,CV009_003,2805984
69774,180,0,CV009_003,2806164
69775,420,0,CV009_003,2806584
69776,80,0,CV009_003,2806664
69777,420,0,CV009_003,2807084
69778,40,0,CV009_003,2807124
69779,264,0,CV009_003,2807388
69780,240,0,CV009_003,2807628
69781,240,0,CV009_003,2807868
69782,320,0,CV009_003,2808188
69783,320,0,CV009_003,2808508
69784,140,0,CV009_003,2808648
69785,200,0,CV009_003,2808848
69786,360,0,CV009_003,2809208
69787,200,0,CV009_003,2809408
69788,360,0,CV009_003,2809768
69789,176,0,CV009_003,2809944
69790,280,0,CV009_003,2810224
69791,320,0,CV009_003,2810544
69792,100,0,CV009_003,2810644
69793,420,0,CV009_003,2811064
69794,60,0,CV009_003,2811124
69795,264,0,CV009_003,2811388
69796,240,0,CV009_003,2811628
69797,220,0,CV009_003,2811848
69798,420,0,CV009_003,2812268
69799,220,0,CV009_003,2812488
69800,100,0,CV009_003,2812588
69801,300,0,CV009_003,2812888
69802,364,0,CV009_003,2813252
69803,216,0,CV009_003,2813468
69804,140,0,CV009_003,2813608
69805,264,0,CV009_003,2813872
69806,236,0,CV009_003,2814108
69807,420,0,CV009_003,2814528
69808,40,0,CV009_003,2814568
69809,344,0,CV009_003,2814912
69810,216,0,CV009_003,2815128
69811,340,0,CV009_003,2815468
69812,104,0,CV009_003,2815572
69813,420,0,CV009_003,2815992
69814,260,0,CV009_003,2816252
69815,60,0,CV009_003,2816312
69816,300,0,CV009_003,2816612
69817,240,0,CV009_003,2816852
69818,340,0,CV009_003,2817192
69819,320,0,CV009_003,2817512
69820,20,0,CV009_003,2817532
69821,260,0,CV009_003,2817792
69822,260,0,CV009_003,2818052
69823,320,0,CV009_003,2818372
69824,240,0,CV009_003,2818612
69825,240,0,CV009_003,2818852
69826,396,0,CV009_003,2819248
69827,260,0,CV009_003,2819508
69828,240,0,CV009_003,2819748
69829,60,0,CV009_003,2819808
69830,300,0,CV009_003,2820108
69831,180,0,CV009_003,2820288
69832,244,0,CV009_003,2820532
69833,320,0,CV009_003,2820852
69834,160,0,CV009_003,2821012
69835,460,0,CV009_003,2821472
69836,80,0,CV009_003,2821552
69837,220,0,CV009_003,2821772
69838,360,0,CV009_003,2822132
69839,120,0,CV009_003,2822252
69840,300,0,CV009_003,2822552
69841,400,0,CV009_003,2822952
69842,100,0,CV009_003,2823052
69843,400,0,CV009_003,2823452
69844,184,0,CV009_003,2823636
69845,136,0,CV009_003,2823772
69846,260,0,CV009_003,2824032
69847,420,0,CV009_003,2824452
69848,80,0,CV009_003,2824532
69849,264,0,CV009_003,2824796
69850,216,0,CV009_003,2825012
69851,240,0,CV009_003,2825252
69852,260,0,CV009_003,2825512
69853,260,0,CV009_003,2825772
69854,260,0,CV009_003,2826032
69855,280,0,CV009_003,2826312
69856,184,0,CV009_003,2826496
69857,356,0,CV009_003,2826852
69858,320,0,CV009_003,2827172
69859,100,0,CV009_003,2827272
69860,324,0,CV009_003,2827596
69861,100,0,CV009_003,2827696
69862,340,0,CV009_003,2828036
69863,300,0,CV009_003,2828336
69864,220,0,CV009_003,2828556
69865,140,0,CV009_003,2828696
69866,340,0,CV009_003,2829036
69867,160,0,CV009_003,2829196
69868,320,0,CV009_003,2829516
69869,180,0,CV009_003,2829696
69870,320,0,CV009_003,2830016
69871,400,0,CV009_003,2830416
69872,60,0,CV009_003,2830476
69873,380,0,CV009_003,2830856
69874,200,0,CV009_003,2831056
69875,140,0,CV009_003,2831196
69876,440,0,CV009_003,2831636
69877,220,0,CV009_003,2831856
69878,300,0,CV009_003,2832156
69879,60,0,CV009_003,2832216
69880,200,0,CV009_003,2832416
69881,380,0,CV009_003,2832796
69882,156,0,CV009_003,2832952
69883,424,0,CV009_003,2833376
69884,120,0,CV009_003,2833496
69885,360,0,CV009_003,2833856
69886,96,0,CV009_003,2833952
69887,204,0,CV009_003,2834156
69888,440,0,CV009_003,2834596
69889,260,0,CV009_003,2834856
69890,96,0,CV009_003,2834952
69891,224,0,CV009_003,2835176
69892,360,0,CV009_003,2835536
69893,220,0,CV009_003,2835756
69894,196,0,CV009_003,2835952
69895,324,0,CV009_003,2836276
69896,120,0,CV009_003,2836396
69897,236,0,CV009_003,2836632
69898,460,0,CV009_003,2837092
69899,120,0,CV009_003,2837212
69900,160,0,CV009_003,2837372
69901,480,0,CV009_003,2837852
69902,140,0,CV009_003,2837992
69903,320,0,CV009_003,2838312
69904,200,0,CV009_003,2838512
69905,240,0,CV009_003,2838752
69906,320,0,CV009_003,2839072
69907,240,0,CV009_003,2839312
69908,60,0,CV009_003,2839372
69909,244,0,CV009_003,2839616
69910,396,0,CV009_003,2840012
69911,124,0,CV009_003,2840136
69912,380,0,CV009_003,2840516
69913,280,0,CV009_003,2840796
69914,100,0,CV009_003,2840896
69915,240,0,CV009_003,2841136
69916,280,0,CV009_003,2841416
69917,220,0,CV009_003,2841636
69918,280,0,CV009_003,2841916
69919,240,0,CV009_003,2842156
69920,260,0,CV009_003,2842416
69921,400,0,CV009_003,2842816
69922,100,0,CV009_003,2842916
69923,360,0,CV009_003,2843276
69924,140,0,CV009_003,2843416
69925,160,0,CV009_003,2843576
69926,440,0,CV009_003,2844016
69927,100,0,CV009_003,2844116
69928,360,0,CV009_003,2844476
69929,260,0,CV009_003,2844736
69930,180,0,CV009_003,2844916
69931,200,0,CV009_003,2845116
69932,300,0,CV009_003,2845416
69933,360,0,CV009_003,2845776
69934,140,0,CV009_003,2845916
69935,180,0,CV009_003,2846096
69936,320,0,CV009_003,2846416
69937,364,0,CV009_003,2846780
69938,136,0,CV009_003,2846916
69939,180,0,CV009_003,2847096
69940,200,0,CV009_003,2847296
69941,320,0,CV009_003,2847616
69942,364,0,CV009_003,2847980
69943,116,0,CV009_003,2848096
69944,320,0,CV009_003,2848416
69945,120,0,CV009_003,2848536
69946,280,0,CV009_003,2848816
69947,220,0,CV009_003,2849036
69948,380,0,CV009_003,2849416
69949,240,0,CV009_003,2849656
69950,180,0,CV009_003,2849836
69951,280,0,CV009_003,2850116
69952,224,0,CV009_003,2850340
69953,216,0,CV009_003,2850556
69954,360,0,CV009_003,2850916
69955,140,0,CV009_003,2851056
69956,240,0,CV009_003,2851296
69957,320,0,CV009_003,2851616
69958,220,0,CV009_003,2851836
69959,224,0,CV009_003,2852060
69960,396,0,CV009_003,2852456
69961,60,0,CV009_003,2852516
69962,280,0,CV009_003,2852796
69963,244,0,CV009_003,2853040
69964,220,0,CV009_003,2853260
69965,400,0,CV009_003,2853660
69966,80,0,CV009_003,2853740
69967,300,0,CV009_003,2854040
69968,240,0,CV009_003,2854280
69969,260,0,CV009_003,2854540
69970,240,0,CV009_003,2854780
69971,440,0,CV009_003,2855220
69972,20,0,CV009_003,2855240
69973,240,0,CV009_003,2855480
69974,300,0,CV009_003,2855780
69975,380,0,CV009_003,2856160
69976,260,0,CV009_003,2856420
69977,60,0,CV009_003,2856480
69978,320,0,CV009_003,2856800
69979,220,0,CV009_003,2857020
69980,400,0,CV009_003,2857420
69981,260,0,CV009_003,2857680
69982,180,0,CV009_003,2857860
69983,140,0,CV009_003,2858000
69984,360,0,CV009_003,2858360
69985,240,0,CV009_003,2858600
69986,260,0,CV009_003,2858860
69987,140,0,CV009_003,2859000
69988,200,0,CV009_003,2859200
69989,260,0,CV009_003,2859460
69990,320,0,CV009_003,2859780
69991,320,0,CV009_003,2860100
69992,260,0,CV009_003,2860360
69993,80,0,CV009_003,2860440
69994,420,0,CV009_003,2860860
69995,260,0,CV009_003,2861120
69996,240,0,CV009_003,2861360
69997,260,0,CV009_003,2861620
69998,240,0,CV009_003,2861860
69999,300,0,CV009_003,2862160
70000,140,0,CV009_003,2862300
70001,140,0,CV009_003,2862440
70002,320,0,CV009_003,2862760
70003,196,0,CV009_003,2862956
70004,384,0,CV009_003,2863340
70005,260,0,CV009_003,2863600
70006,280,0,CV009_003,2863880
70007,100,0,CV009_003,2863980
70008,200,0,CV009_003,2864180
70009,340,0,CV009_003,2864520
70010,256,0,CV009_003,2864776
70011,324,0,CV009_003,2865100
70012,236,0,CV009_003,2865336
70013,124,0,CV009_003,2865460
70014,416,0,CV009_003,2865876
70015,80,0,CV009_003,2865956
70016,220,0,CV009_003,2866176
70017,360,0,CV009_003,2866536
70018,120,0,CV009_003,2866656
70019,400,0,CV009_003,2867056
70020,160,0,CV009_003,2867216
70021,400,0,CV009_003,2867616
70022,200,0,CV009_003,2867816
70023,100,0,CV009_003,2867916
70024,360,0,CV009_003,2868276
70025,220,0,CV009_003,2868496
70026,340,0,CV009_003,2868836
70027,40,0,CV009_003,2868876
70028,284,0,CV009_003,2869160
70029,220,0,CV009_003,2869380
70030,380,0,CV009_003,2869760
70031,280,0,CV009_003,2870040
70032,260,0,CV009_003,2870300
70033,60,0,CV009_003,2870360
70034,420,0,CV009_003,2870780
70035,140,0,CV009_003,2870920
70036,240,0,CV009_003,2871160
70037,200,0,CV009_003,2871360
70038,240,0,CV009_003,2871600
70039,320,0,CV009_003,2871920
70040,340,0,CV009_003,2872260
70041,100,0,CV009_003,2872360
70042,240,0,CV009_003,2872600
70043,340,0,CV009_003,2872940
70044,180,0,CV009_003,2873120
70045,240,0,CV009_003,2873360
70046,280,0,CV009_003,2873640
70047,280,0,CV009_003,2873920
70048,220,0,CV009_003,2874140
70049,220,0,CV009_003,2874360
70050,284,0,CV009_003,2874644
70051,216,0,CV009_003,2874860
70052,240,0,CV009_003,2875100
70053,360,0,CV009_003,2875460
70054,160,0,CV009_003,2875620
70055,420,0,CV009_003,2876040
70056,80,0,CV009_003,2876120
70057,264,0,CV009_003,2876384
70058,216,0,CV009_003,2876600
70059,444,0,CV009_003,2877044
70060,20,0,CV009_003,2877064
70061,416,0,CV009_003,2877480
70062,184,0,CV009_003,2877664
70063,360,0,CV009_003,2878024
70064,240,0,CV009_003,2878264
70065,36,0,CV009_003,2878300
70066,364,0,CV009_003,2878664
70067,360,0,CV009_003,2879024
70068,100,0,CV009_003,2879124
70069,200,0,CV009_003,2879324
70070,440,0,CV009_003,2879764
70071,120,0,CV009_003,2879884
70072,280,0,CV009_003,2880164
70073,160,0,CV009_003,2880324
70074,200,0,CV009_003,2880524
70075,360,0,CV009_003,2880884
70076,240,0,CV009_003,2881124
70077,260,0,CV009_003,2881384
70078,320,0,CV009_003,2881704
70079,60,0,CV009_003,2881764
70080,460,0,CV009_003,2882224
70081,80,0,CV009_003,2882304
70082,220,0,CV009_003,2882524
70083,300,0,CV009_003,2882824
70084,260,0,CV009_003,2883084
70085,276,0,CV009_003,2883360
70086,244,0,CV009_003,2883604
70087,160,0,CV009_003,2883764
70088,360,0,CV009_003,2884124
70089,136,0,CV009_003,2884260
70090,400,0,CV009_003,2884660
70091,220,0,CV009_003,2884880
70092,120,0,CV009_003,2885000
70093,240,0,CV009_003,2885240
70094,484,0,CV009_003,2885724
70095,20,0,CV009_003,2885744
70096,280,0,CV009_003,2886024
70097,260,0,CV009_003,2886284
70098,320,0,CV009_003,2886604
70099,320,0,CV009_003,2886924
70100,80,0,CV009_003,2887004
70101,340,0,CV009_003,2887344
70102,240,0,CV009_003,2887584
70103,240,0,CV009_003,2887824
70104,180,0,CV009_003,2888004
70105,304,0,CV009_003,2888308
70106,196,0,CV009_003,2888504
70107,320,0,CV009_003,2888824
70108,320,0,CV009_003,2889144
70109,180,0,CV009_003,2889324
70110,300,0,CV009_003,2889624
70111,120,0,CV009_003,2889744
70112,404,0,CV009_003,2890148
70113,56,0,CV009_003,2890204
70114,464,0,CV009_003,2890668
70115,100,0,CV009_003,2890768
70116,260,0,CV009_003,2891028
70117,220,0,CV009_003,2891248
70118,200,0,CV009_003,2891448
70119,420,0,CV009_003,2891868
70120,180,0,CV009_003,2892048
70121,200,0,CV009_003,2892248
70122,220,0,CV009_003,2892468
70123,220,0,CV009_003,2892688
70124,380,0,CV009_003,2893068
70125,220,0,CV009_003,2893288
70126,320,0,CV009_003,2893608
70127,60,0,CV009_003,2893668
70128,316,0,CV009_003,2893984
70129,284,0,CV009_003,2894268
70130,256,0,CV009_003,2894524
70131,260,0,CV009_003,2894784
70132,220,0,CV009_003,2895004
70133,180,0,CV009_003,2895184
70134,220,0,CV009_003,2895404
70135,484,0,CV009_003,2895888
70136,200,0,CV009_003,2896088
70137,100,0,CV009_003,2896188
70138,240,0,CV009_003,2896428
70139,380,0,CV009_003,2896808
70140,200,0,CV009_003,2897008
70141,380,0,CV009_003,2897388
70142,40,0,CV009_003,2897428
70143,220,0,CV009_003,2897648
70144,264,0,CV009_003,2897912
70145,396,0,CV009_003,2898308
70146,164,0,CV009_003,2898472
70147,336,0,CV009_003,2898808
70148,140,0,CV009_003,2898948
70149,360,0,CV009_003,2899308
70150,120,0,CV009_003,2899428
70151,320,0,CV009_003,2899748
70152,340,0,CV009_003,2900088
70153,204,0,CV009_003,2900292
70154,276,0,CV009_003,2900568
70155,284,0,CV009_003,2900852
70156,156,0,CV009_003,2901008
70157,200,0,CV009_003,2901208
70158,264,0,CV009_003,2901472
70159,300,0,CV009_003,2901772
70160,120,0,CV009_003,2901892
70161,380,0,CV009_003,2902272
70162,260,0,CV009_003,2902532
70163,240,0,CV009_003,2902772
70164,120,0,CV009_003,2902892
70165,240,0,CV009_003,2903132
70166,280,0,CV009_003,2903412
70167,320,0,CV009_003,2903732
70168,160,0,CV009_003,2903892
70169,380,0,CV009_003,2904272
70170,260,0,CV009_003,2904532
70171,240,0,CV009_003,2904772
70172,120,0,CV009_003,2904892
70173,380,0,CV009_003,2905272
70174,76,0,CV009_003,2905348
70175,320,0,CV009_003,2905668
70176,320,0,CV009_003,2905988
70177,260,0,CV009_003,2906248
70178,140,0,CV009_003,2906388
70179,240,0,CV009_003,2906628
70180,260,0,CV009_003,2906888
70181,224,0,CV009_003,2907112
70182,300,0,CV009_003,2907412
70183,380,0,CV009_003,2907792
70184,20,0,CV009_003,2907812
70185,480,0,CV009_003,2908292
70186,220,0,CV009_003,2908512
70187,80,0,CV009_003,2908592
70188,340,0,CV009_003,2908932
70189,360,0,CV009_003,2909292
70190,60,0,CV009_003,2909352
70191,364,0,CV009_003,2909716
70192,76,0,CV009_003,2909792
70193,300,0,CV009_003,2910092
70194,300,0,CV009_003,2910392
70195,180,0,CV009_003,2910572
70196,440,0,CV009_003,2911012
70197,120,0,CV009_003,2911132
70198,384,0,CV009_003,2911516
70199,20,0,CV009_003,2911536
70200,356,0,CV009_003,2911892
70201,244,0,CV009_003,2912136
70202,320,0,CV009_003,2912456
70203,300,0,CV009_003,2912756
70204,140,0,CV009_003,2912896
70205,200,0,CV009_003,2913096
70206,320,0,CV009_003,2913416
70207,120,0,CV009_003,2913536
70208,280,0,CV009_003,2913816
70209,200,0,CV009_003,2914016
70210,240,0,CV009_003,2914256
70211,300,0,CV009_003,2914556
70212,200,0,CV009_003,2914756
70213,360,0,CV009_003,2915116
70214,216,0,CV009_003,2915332
70215,344,0,CV009_003,2915676
70216,176,0,CV009_003,2915852
70217,320,0,CV009_003,2916172
70218,564,0,CV009_003,2916736
70219,640,0,CV009_003,2917376
70220,340,0,CV009_003,2917716
70221,60,0,CV009_003,2917776
70222,380,0,CV009_003,2918156
70223,100,0,CV009_003,2918256
70224,340,0,CV009_003,2918596
70225,160,0,CV009_003,2918756
70226,260,0,CV009_003,2919016
70227,220,0,CV009_003,2919236
70228,260,0,CV009_003,2919496
70229,320,0,CV009_003,2919816
70230,284,0,CV009_003,2920100
70231,220,0,CV009_003,2920320
70232,300,0,CV009_003,2920620
70233,100,0,CV009_003,2920720
70234,460,0,CV009_003,2921180
70235,20,0,CV009_003,2921200
70236,260,0,CV009_003,2921460
70237,260,0,CV009_003,2921720
70238,380,0,CV009_003,2922100
70239,140,0,CV009_003,2922240
70240,340,0,CV009_003,2922580
70241,256,0,CV009_003,2922836
70242,324,0,CV009_003,2923160
70243,160,0,CV009_003,2923320
70244,140,0,CV009_003,2923460
70245,220,0,CV009_003,2923680
70246,380,0,CV009_003,2924060
70247,200,0,CV009_003,2924260
70248,164,0,CV009_003,2924424
70249,256,0,CV009_003,2924680
70250,364,0,CV009_003,2925044
70251,136,0,CV009_003,2925180
70252,264,0,CV009_003,2925444
70253,420,0,CV009_003,2925864
70254,60,0,CV009_003,2925924
70255,300,0,CV009_003,2926224
70256,200,0,CV009_003,2926424
70257,280,0,CV009_003,2926704
70258,200,0,CV009_003,2926904
70259,320,0,CV009_003,2927224
70260,220,0,CV009_003,2927444
70261,376,0,CV009_003,2927820
70262,160,0,CV009_003,2927980
70263,220,0,CV009_003,2928200
70264,200,0,CV009_003,2928400
70265,280,0,CV009_003,2928680
70266,224,0,CV009_003,2928904
70267,320,0,CV009_003,2929224
70268,200,0,CV009_003,2929424
70269,220,0,CV009_003,2929644
70270,240,0,CV009_003,2929884
70271,280,0,CV009_003,2930164
70272,260,0,CV009_003,2930424
70273,240,0,CV009_003,2930664
70274,424,0,CV009_003,2931088
70275,40,0,CV009_003,2931128
70276,360,0,CV009_003,2931488
70277,140,0,CV009_003,2931628
70278,280,0,CV009_003,2931908
70279,320,0,CV009_003,2932228
70280,220,0,CV009_003,2932448
70281,356,0,CV009_003,2932804
70282,200,0,CV009_003,2933004
70283,140,0,CV009_003,2933144
70284,240,0,CV009_003,2933384
70285,360,0,CV009_003,2933744
70286,324,0,CV009_003,2934068
70287,180,0,CV009_003,2934248
70288,184,0,CV009_003,2934432
70289,316,0,CV009_003,2934748
70290,224,0,CV009_003,2934972
70291,156,0,CV009_003,2935128
70292,220,0,CV009_003,2935348
70293,284,0,CV009_003,2935632
70294,216,0,CV009_003,2935848
70295,244,0,CV009_003,2936092
70296,360,0,CV009_003,2936452
70297,120,0,CV009_003,2936572
70298,340,0,CV009_003,2936912
70299,160,0,CV009_003,2937072
70300,400,0,CV009_003,2937472
70301,176,0,CV009_003,2937648
70302,180,0,CV009_003,2937828
70303,280,0,CV009_003,2938108
70304,320,0,CV009_003,2938428
70305,128,0,CV009_003,2938556
70306,276,0,CV009_003,2938832
70307,300,0,CV009_003,2939132
70308,220,0,CV009_003,2939352
70309,384,0,CV009_003,2939736
70310,156,0,CV009_003,2939892
70311,180,0,CV009_003,2940072
70312,380,0,CV009_003,2940452
70313,224,0,CV009_003,2940676
70314,180,0,CV009_003,2940856
70315,200,0,CV009_003,2941056
70316,460,0,CV009_003,2941516
70317,160,0,CV009_003,2941676
70318,240,0,CV009_003,2941916
70319,140,0,CV009_003,2942056
70320,416,0,CV009_003,2942472
70321,100,0,CV009_003,2942572
70322,260,0,CV009_003,2942832
70323,344,0,CV009_003,2943176
70324,220,0,CV009_003,2943396
70325,140,0,CV009_003,2943536
70326,404,0,CV009_003,2943940
70327,296,0,CV009_003,2944236
70328,60,0,CV009_003,2944296
70329,300,0,CV009_003,2944596
70330,220,0,CV009_003,2944816
70331,304,0,CV009_003,2945120
70332,260,0,CV009_003,2945380
70333,280,0,CV009_003,2945660
70334,260,0,CV009_003,2945920
70335,260,0,CV009_003,2946180
70336,120,0,CV009_003,2946300
70337,436,0,CV009_003,2946736
70338,40,0,CV009_003,2946776
70339,320,0,CV009_003,2947096
70340,140,0,CV009_003,2947236
70341,284,0,CV009_003,2947520
70342,220,0,CV009_003,2947740
70343,480,0,CV009_003,2948220
70344,80,0,CV009_003,2948300
70345,240,0,CV009_003,2948540
70346,260,0,CV009_003,2948800
70347,404,0,CV009_003,2949204
70348,20,0,CV009_003,2949224
70349,460,0,CV009_003,2949684
70350,40,0,CV009_003,2949724
70351,460,0,CV009_003,2950184
70352,140,0,CV009_003,2950324
70353,140,0,CV009_003,2950464
70354,440,0,CV009_003,2950904
70355,256,0,CV009_003,2951160
70356,140,0,CV009_003,2951300
70357,340,0,CV009_003,2951640
70358,140,0,CV009_003,2951780
70359,344,0,CV009_003,2952124
70360,200,0,CV009_003,2952324
70361,240,0,CV009_003,2952564
70362,140,0,CV009_003,2952704
70363,380,0,CV009_003,2953084
70364,244,0,CV009_003,2953328
70365,216,0,CV009_003,2953544
70366,344,0,CV009_003,2953888
70367,40,0,CV009_003,2953928
70368,460,0,CV009_003,2954388
70369,120,0,CV009_003,2954508
70370,300,0,CV009_003,2954808
70371,120,0,CV009_003,2954928
70372,380,0,CV009_003,2955308
70373,120,0,CV009_003,2955428
70374,316,0,CV009_003,2955744
70375,320,0,CV009_003,2956064
70376,184,0,CV009_003,2956248
70377,176,0,CV009_003,2956424
70378,344,0,CV009_003,2956768
70379,196,0,CV009_003,2956964
70380,240,0,CV009_003,2957204
70381,444,0,CV009_003,2957648
70382,60,0,CV009_003,2957708
70383,320,0,CV009_003,2958028
70384,160,0,CV009_003,2958188
70385,220,0,CV009_003,2958408
70386,300,0,CV009_003,2958708
70387,344,0,CV009_003,2959052
70388,120,0,CV009_003,2959172
70389,380,0,CV009_003,2959552
70390,280,0,CV009_003,2959832
70391,280,0,CV009_003,2960112
70392,120,0,CV009_003,2960232
70393,300,0,CV009_003,2960532
70394,140,0,CV009_003,2960672
70395,260,0,CV009_003,2960932
70396,360,0,CV009_003,2961292
70397,80,0,CV009_003,2961372
70398,376,0,CV009_003,2961748
70399,184,0,CV009_003,2961932
70400,200,0,CV009_003,2962132
70401,456,0,CV009_003,2962588
70402,240,0,CV009_003,2962828
70403,40,0,CV009_003,2962868
70404,320,0,CV009_003,2963188
70405,220,0,CV009_003,2963408
70406,284,0,CV009_003,2963692
70407,180,0,CV009_003,2963872
70408,460,0,CV009_003,2964332
70409,20,0,CV009_003,2964352
70410,260,0,CV009_003,2964612
70411,360,0,CV009_003,2964972
70412,220,0,CV009_003,2965192
70413,200,0,CV009_003,2965392
70414,200,0,CV009_003,2965592
70415,480,0,CV009_003,2966072
70416,220,0,CV009_003,2966292
70417,80,0,CV009_003,2966372
70418,424,0,CV009_003,2966796
70419,40,0,CV009_003,2966836
70420,320,0,CV009_003,2967156
70421,360,0,CV009_003,2967516
70422,140,0,CV009_003,2967656
70423,280,0,CV009_003,2967936
70424,200,0,CV009_003,2968136
70425,240,0,CV009_003,2968376
70426,280,0,CV009_003,2968656
70427,376,0,CV009_003,2969032
70428,120,0,CV009_003,2969152
70429,240,0,CV009_003,2969392
70430,380,0,CV009_003,2969772
70431,264,0,CV009_003,2970036
70432,56,0,CV009_003,2970092
70433,244,0,CV009_003,2970336
70434,340,0,CV009_003,2970676
70435,300,0,CV009_003,2970976
70436,200,0,CV009_003,2971176
70437,160,0,CV009_003,2971336
70438,340,0,CV009_003,2971676
70439,140,0,CV009_003,2971816
70440,280,0,CV009_003,2972096
70441,200,0,CV009_003,2972296
70442,260,0,CV009_003,2972556
70443,264,0,CV009_003,2972820
70444,320,0,CV009_003,2973140
70445,160,0,CV009_003,2973300
70446,340,0,CV009_003,2973640
70447,240,0,CV009_003,2973880
70448,260,0,CV009_003,2974140
70449,320,0,CV009_003,2974460
70450,60,0,CV009_003,2974520
70451,476,0,CV009_003,2974996
70452,240,0,CV009_003,2975236
70453,40,0,CV009_003,2975276
70454,240,0,CV009_003,2975516
70455,280,0,CV009_003,2975796
70456,360,0,CV009_003,2976156
70457,264,0,CV009_003,2976420
70458,240,0,CV009_003,2976660
70459,320,0,CV009_003,2976980
70460,180,0,CV009_003,2977160
70461,140,0,CV009_003,2977300
70462,360,0,CV009_003,2977660
70463,160,0,CV009_003,2977820
70464,300,0,CV009_003,2978120
70465,160,0,CV009_003,2978280
70466,240,0,CV009_003,2978520
70467,424,0,CV009_003,2978944
70468,180,0,CV009_003,2979124
70469,100,0,CV009_003,2979224
70470,480,0,CV009_003,2979704
70471,240,0,CV009_003,2979944
70472,180,0,CV009_003,2980124
70473,160,0,CV009_003,2980284
70474,416,0,CV009_003,2980700
70475,120,0,CV009_003,2980820
70476,260,0,CV009_003,2981080
70477,300,0,CV009_003,2981380
70478,260,0,CV009_003,2981640
70479,224,0,CV009_003,2981864
70480,320,0,CV009_003,2982184
70481,80,0,CV009_003,2982264
70482,200,0,CV009_003,2982464
70483,260,0,CV009_003,2982724
70484,260,0,CV009_003,2982984
70485,284,0,CV009_003,2983268
70486,376,0,CV009_003,2983644
70487,224,0,CV009_003,2983868
70488,220,0,CV009_003,2984088
70489,220,0,CV009_003,2984308
70490,200,0,CV009_003,2984508
70491,380,0,CV009_003,2984888
70492,40,0,CV009_003,2984928
70493,380,0,CV009_003,2985308
70494,260,0,CV009_003,2985568
70495,276,0,CV009_003,2985844
70496,180,0,CV009_003,2986024
70497,244,0,CV009_003,2986268
70498,300,0,CV009_003,2986568
70499,340,0,CV009_003,2986908
70500,20,0,CV009_003,2986928
70501,404,0,CV009_003,2987332
70502,96,0,CV009_003,2987428
70503,280,0,CV009_003,2987708
70504,224,0,CV009_003,2987932
70505,456,0,CV009_003,2988388
70506,160,0,CV009_003,2988548
70507,340,0,CV009_003,2988888
70508,20,0,CV009_003,2988908
70509,264,0,CV009_003,2989172
70510,440,0,CV009_003,2989612
70511,156,0,CV009_003,2989768
70512,184,0,CV009_003,2989952
70513,304,0,CV009_003,2990256
70514,532,0,CV009_003,2990788
70515,580,0,CV009_003,2991368
70516,580,0,CV009_003,2991948
70517,580,0,CV009_003,2992528
70518,568,0,CV009_003,2993096
70519,584,0,CV009_003,2993680
70520,276,0,CV009_003,2993956
70521,156,0,CV009_003,2994112
70522,844,0,CV009_003,2994956
70523,160,0,CV009_003,2995116
70524,296,0,CV009_003,2995412
70525,1204,0,CV009_003,2996616
70526,344,0,CV009_003,2996960
70527,160,0,CV009_003,2997120
70528,580,0,CV009_003,2997700
70529,260,0,CV009_003,2997960
70530,240,0,CV009_003,2998200
70531,300,0,CV009_003,2998500
70532,200,0,CV009_003,2998700
70533,140,0,CV009_003,2998840
70534,240,0,CV009_003,2999080
70535,300,0,CV009_003,2999380
70536,200,0,CV009_003,2999580
70537,424,0,CV009_003,3000004
70538,100,0,CV009_003,3000104
70539,220,0,CV009_003,3000324
70540,240,0,CV009_003,3000564
70541,380,0,CV009_003,3000944
70542,200,0,CV009_003,3001144
70543,220,0,CV009_003,3001364
70544,220,0,CV009_003,3001584
70545,360,0,CV009_003,3001944
70546,140,0,CV009_003,3002084
70547,436,0,CV009_003,3002520
70548,20,0,CV009_003,3002540
70549,280,0,CV009_003,3002820
70550,260,0,CV009_003,3003080
70551,384,0,CV009_003,3003464
70552,240,0,CV009_003,3003704
70553,280,0,CV009_003,3003984
70554,164,0,CV009_003,3004148
70555,176,0,CV009_003,3004324
70556,424,0,CV009_003,3004748
70557,76,0,CV009_003,3004824
70558,424,0,CV009_003,3005248
70559,120,0,CV009_003,3005368
70560,160,0,CV009_003,3005528
70561,320,0,CV009_003,3005848
70562,220,0,CV009_003,3006068
70563,420,0,CV009_003,3006488
70564,140,0,CV009_003,3006628
70565,320,0,CV009_003,3006948
70566,96,0,CV009_003,3007044
70567,300,0,CV009_003,3007344
70568,160,0,CV009_003,3007504
70569,300,0,CV009_003,3007804
70570,300,0,CV009_003,3008104
70571,184,0,CV009_003,3008288
70572,320,0,CV009_003,3008608
70573,380,0,CV009_003,3008988
70574,20,0,CV009_003,3009008
70575,400,0,CV009_003,3009408
70576,200,0,CV009_003,3009608
70577,260,0,CV009_003,3009868
70578,160,0,CV009_003,3010028
70579,300,0,CV009_003,3010328
70580,200,0,CV009_003,3010528
70581,364,0,CV009_003,3010892
70582,220,0,CV009_003,3011112
70583,120,0,CV009_003,3011232
70584,460,0,CV009_003,3011692
70585,260,0,CV009_003,3011952
70586,120,0,CV009_003,3012072
70587,260,0,CV009_003,3012332
70588,296,0,CV009_003,3012628
70589,200,0,CV009_003,3012828
70590,220,0,CV009_003,3013048
70591,200,0,CV009_003,3013248
70592,340,0,CV009_003,3013588
70593,164,0,CV009_003,3013752
70594,240,0,CV009_003,3013992
70595,240,0,CV009_003,3014232
70596,360,0,CV009_003,3014592
70597,200,0,CV009_003,3014792
70598,160,0,CV009_003,3014952
70599,400,0,CV009_003,3015352
70600,140,0,CV009_003,3015492
70601,384,0,CV009_003,3015876
70602,80,0,CV009_003,3015956
70603,400,0,CV009_003,3016356
70604,200,0,CV009_003,3016556
70605,120,0,CV009_003,3016676
70606,280,0,CV009_003,3016956
70607,220,0,CV009_003,3017176
70608,376,0,CV009_003,3017552
70609,200,0,CV009_003,3017752
70610,180,0,CV009_003,3017932
70611,440,0,CV009_003,3018372
70612,80,0,CV009_003,3018452
70613,224,0,CV009_003,3018676
70614,320,0,CV009_003,3018996
70615,200,0,CV009_003,3019196
70616,380,0,CV009_003,3019576
70617,140,0,CV009_003,3019716
70618,360,0,CV009_003,3020076
70619,80,0,CV009_003,3020156
70620,360,0,CV009_003,3020516
70621,220,0,CV009_003,3020736
70622,184,0,CV009_003,3020920
70623,300,0,CV009_003,3021220
70624,220,0,CV009_003,3021440
70625,280,0,CV009_003,3021720
70626,240,0,CV009_003,3021960
70627,400,0,CV009_003,3022360
70628,180,0,CV009_003,3022540
70629,220,0,CV009_003,3022760
70630,140,0,CV009_003,3022900
70631,236,0,CV009_003,3023136
70632,260,0,CV009_003,3023396
70633,260,0,CV009_003,3023656
70634,224,0,CV009_003,3023880
70635,340,0,CV009_003,3024220
70636,160,0,CV009_003,3024380
70637,260,0,CV009_003,3024640
70638,440,0,CV009_003,3025080
70639,224,0,CV009_003,3025304
70640,96,0,CV009_003,3025400
70641,240,0,CV009_003,3025640
70642,264,0,CV009_003,3025904
70643,236,0,CV009_003,3026140
70644,404,0,CV009_003,3026544
70645,120,0,CV009_003,3026664
70646,300,0,CV009_003,3026964
70647,140,0,CV009_003,3027104
70648,320,0,CV009_003,3027424
70649,160,0,CV009_003,3027584
70650,380,0,CV009_003,3027964
70651,220,0,CV009_003,3028184
70652,160,0,CV009_003,3028344
70653,296,0,CV009_003,3028640
70654,184,0,CV009_003,3028824
70655,456,0,CV009_003,3029280
70656,60,0,CV009_003,3029340
70657,284,0,CV009_003,3029624
70658,200,0,CV009_003,3029824
70659,300,0,CV009_003,3030124
70660,240,0,CV009_003,3030364
70661,380,0,CV009_003,3030744
70662,260,0,CV009_003,3031004
70663,60,0,CV009_003,3031064
70664,380,0,CV009_003,3031444
70665,120,0,CV009_003,3031564
70666,320,0,CV009_003,3031884
70667,180,0,CV009_003,3032064
70668,364,0,CV009_003,3032428
70669,260,0,CV009_003,3032688
70670,200,0,CV009_003,3032888
70671,360,0,CV009_003,3033248
70672,240,0,CV009_003,3033488
70673,200,0,CV009_003,3033688
70674,280,0,CV009_003,3033968
70675,220,0,CV009_003,3034188
70676,100,0,CV009_003,3034288
70677,316,0,CV009_003,3034604
70678,300,0,CV009_003,3034904
70679,320,0,CV009_003,3035224
70680,160,0,CV009_003,3035384
70681,184,0,CV009_003,3035568
70682,220,0,CV009_003,3035788
70683,260,0,CV009_003,3036048
70684,420,0,CV009_003,3036468
70685,80,0,CV009_003,3036548
70686,280,0,CV009_003,3036828
70687,340,0,CV009_003,3037168
70688,140,0,CV009_003,3037308
70689,384,0,CV009_003,3037692
70690,116,0,CV009_003,3037808
70691,364,0,CV009_003,3038172
70692,120,0,CV009_003,3038292
70693,340,0,CV009_003,3038632
70694,340,0,CV009_003,3038972
70695,120,0,CV009_003,3039092
70696,260,0,CV009_003,3039352
70697,160,0,CV009_003,3039512
70698,440,0,CV009_003,3039952
70699,120,0,CV009_003,3040072
70700,180,0,CV009_003,3040252
70701,280,0,CV009_003,3040532
70702,316,0,CV009_003,3040848
70703,324,0,CV009_003,3041172
70704,256,0,CV009_003,3041428
70705,60,0,CV009_003,3041488
70706,364,0,CV009_003,3041852
70707,360,0,CV009_003,3042212
70708,140,0,CV009_003,3042352
70709,180,0,CV009_003,3042532
70710,220,0,CV009_003,3042752
70711,380,0,CV009_003,3043132
70712,120,0,CV009_003,3043252
70713,220,0,CV009_003,3043472
70714,240,0,CV009_003,3043712
70715,464,0,CV009_003,3044176
70716,76,0,CV009_003,3044252
70717,424,0,CV009_003,3044676
70718,176,0,CV009_003,3044852
70719,324,0,CV009_003,3045176
70720,20,0,CV009_003,3045196
70721,300,0,CV009_003,3045496
70722,360,0,CV009_003,3045856
70723,120,0,CV009_003,3045976
70724,320,0,CV009_003,3046296
70725,140,0,CV009_003,3046436
70726,260,0,CV009_003,3046696
70727,280,0,CV009_003,3046976
70728,200,0,CV009_003,3047176
70729,376,0,CV009_003,3047552
70730,340,0,CV009_003,3047892
70731,40,0,CV009_003,3047932
70732,480,0,CV009_003,3048412
70733,40,0,CV009_003,3048452
70734,324,0,CV009_003,3048776
70735,160,0,CV009_003,3048936
70736,240,0,CV009_003,3049176
70737,360,0,CV009_003,3049536
70738,200,0,CV009_003,3049736
70739,260,0,CV009_003,3049996
70740,180,0,CV009_003,3050176
70741,260,0,CV009_003,3050436
70742,440,0,CV009_003,3050876
70743,60,0,CV009_003,3050936
70744,460,0,CV009_003,3051396
70745,80,0,CV009_003,3051476
70746,284,0,CV009_003,3051760
70747,136,0,CV009_003,3051896
70748,464,0,CV009_003,3052360
70749,56,0,CV009_003,3052416
70750,404,0,CV009_003,3052820
70751,300,0,CV009_003,3053120
70752,20,0,CV009_003,3053140
70753,260,0,CV009_003,3053400
70754,240,0,CV009_003,3053640
70755,300,0,CV009_003,3053940
70756,400,0,CV009_003,3054340
70757,200,0,CV009_003,3054540
70758,200,0,CV009_003,3054740
70759,240,0,CV009_003,3054980
70760,200,0,CV009_003,3055180
70761,200,0,CV009_003,3055380
70762,460,0,CV009_003,3055840
70763,216,0,CV009_003,3056056
70764,224,0,CV009_003,3056280
70765,296,0,CV009_003,3056576
70766,120,0,CV009_003,3056696
70767,320,0,CV009_003,3057016
70768,220,0,CV009_003,3057236
70769,160,0,CV009_003,3057396
70770,244,0,CV009_003,3057640
70771,240,0,CV009_003,3057880
70772,360,0,CV009_003,3058240
70773,260,0,CV009_003,3058500
70774,260,0,CV009_003,3058760
70775,260,0,CV009_003,3059020
70776,80,0,CV009_003,3059100
70777,400,0,CV009_003,3059500
70778,160,0,CV009_003,3059660
70779,380,0,CV009_003,3060040
70780,180,0,CV009_003,3060220
70781,280,0,CV009_003,3060500
70782,320,0,CV009_003,3060820
70783,60,0,CV009_003,3060880
70784,320,0,CV009_003,3061200
70785,324,0,CV009_003,3061524
70786,80,0,CV009_003,3061604
70787,256,0,CV009_003,3061860
70788,324,0,CV009_003,3062184
70789,256,0,CV009_003,3062440
70790,304,0,CV009_003,3062744
70791,136,0,CV009_003,3062880
70792,200,0,CV009_003,3063080
70793,380,0,CV009_003,3063460
70794,100,0,CV009_003,3063560
70795,340,0,CV009_003,3063900
70796,180,0,CV009_003,3064080
70797,400,0,CV009_003,3064480
70798,100,0,CV009_003,3064580
70799,240,0,CV009_003,3064820
70800,240,0,CV009_003,3065060
70801,420,0,CV009_003,3065480
70802,100,0,CV009_003,3065580
70803,680,0,CV009_003,3066260
70804,260,0,CV009_003,3066520
70805,20,0,CV009_003,3066540
70806,264,0,CV009_003,3066804
70807,276,0,CV009_003,3067080
70808,324,0,CV009_003,3067404
70809,116,0,CV009_003,3067520
70810,320,0,CV009_003,3067840
70811,344,0,CV009_003,3068184
70812,120,0,CV009_003,3068304
70813,260,0,CV009_003,3068564
70814,400,0,CV009_003,3068964
70815,240,0,CV009_003,3069204
70816,260,0,CV009_003,3069464
70817,140,0,CV009_003,3069604
70818,240,0,CV009_003,3069844
70819,280,0,CV009_003,3070124
70820,220,0,CV009_003,3070344
70821,240,0,CV009_003,3070584
70822,160,0,CV009_003,3070744
70823,400,0,CV009_003,3071144
70824,140,0,CV009_003,3071284
70825,280,0,CV009_003,3071564
70826,180,0,CV009_003,3071744
70827,284,0,CV009_003,3072028
70828,360,0,CV009_003,3072388
70829,280,0,CV009_003,3072668
70830,60,0,CV009_003,3072728
70831,400,0,CV009_003,3073128
70832,200,0,CV009_003,3073328
70833,260,0,CV009_003,3073588
70834,140,0,CV009_003,3073728
70835,260,0,CV009_003,3073988
70836,460,0,CV009_003,3074448
70837,96,0,CV009_003,3074544
70838,384,0,CV009_003,3074928
70839,256,0,CV009_003,3075184
70840,264,0,CV009_003,3075448
70841,240,0,CV009_003,3075688
70842,20,0,CV009_003,3075708
70843,320,0,CV009_003,3076028
70844,260,0,CV009_003,3076288
70845,200,0,CV009_003,3076488
70846,284,0,CV009_003,3076772
70847,196,0,CV009_003,3076968
70848,260,0,CV009_003,3077228
70849,300,0,CV009_003,3077528
70850,360,0,CV009_003,3077888
70851,284,0,CV009_003,3078172
70852,20,0,CV009_003,3078192
70853,400,0,CV009_003,3078592
70854,160,0,CV009_003,3078752
70855,180,0,CV009_003,3078932
70856,260,0,CV009_003,3079192
70857,460,0,CV009_003,3079652
70858,60,0,CV009_003,3079712
70859,220,0,CV009_003,3079932
70860,360,0,CV009_003,3080292
70861,216,0,CV009_003,3080508
70862,240,0,CV009_003,3080748
70863,320,0,CV009_003,3081068
70864,320,0,CV009_003,3081388
70865,184,0,CV009_003,3081572
70866,120,0,CV009_003,3081692
70867,280,0,CV009_003,3081972
70868,180,0,CV009_003,3082152
70869,300,0,CV009_003,3082452
70870,300,0,CV009_003,3082752
70871,220,0,CV009_003,3082972
70872,284,0,CV009_003,3083256
70873,156,0,CV009_003,3083412
70874,444,0,CV009_003,3083856
70875,76,0,CV009_003,3083932
70876,264,0,CV009_003,3084196
70877,240,0,CV009_003,3084436
70878,300,0,CV009_003,3084736
70879,200,0,CV009_003,3084936
70880,200,0,CV009_003,3085136
70881,240,0,CV009_003,3085376
70882,300,0,CV009_003,3085676
70883,240,0,CV009_003,3085916
70884,200,0,CV009_003,3086116
70885,396,0,CV009_003,3086512
70886,140,0,CV009_003,3086652
70887,220,0,CV009_003,3086872
70888,280,0,CV009_003,3087152
70889,300,0,CV009_003,3087452
70890,200,0,CV009_003,3087652
70891,380,0,CV009_003,3088032
70892,104,0,CV009_003,3088136
70893,320,0,CV009_003,3088456
70894,180,0,CV009_003,3088636
70895,320,0,CV009_003,3088956
70896,180,0,CV009_003,3089136
70897,260,0,CV009_003,3089396
70898,344,0,CV009_003,3089740
70899,136,0,CV009_003,3089876
70900,384,0,CV009_003,3090260
70901,100,0,CV009_003,3090360
70902,440,0,CV009_003,3090800
70903,40,0,CV009_003,3090840
70904,300,0,CV009_003,3091140
70905,360,0,CV009_003,3091500
70906,100,0,CV009_003,3091600
70907,320,0,CV009_003,3091920
70908,280,0,CV009_003,3092200
70909,296,0,CV009_003,3092496
70910,124,0,CV009_003,3092620
70911,216,0,CV009_003,3092836
70912,260,0,CV009_003,3093096
70913,300,0,CV009_003,3093396
70914,220,0,CV009_003,3093616
70915,320,0,CV009_003,3093936
70916,164,0,CV009_003,3094100
70917,240,0,CV009_003,3094340
70918,240,0,CV009_003,3094580
70919,360,0,CV009_003,3094940
70920,180,0,CV009_003,3095120
70921,320,0,CV009_003,3095440
70922,160,0,CV009_003,3095600
70923,300,0,CV009_003,3095900
70924,324,0,CV009_003,3096224
70925,216,0,CV009_003,3096440
70926,240,0,CV009_003,3096680
70927,124,0,CV009_003,3096804
70928,340,0,CV009_003,3097144
70929,160,0,CV009_003,3097304
70930,240,0,CV009_003,3097544
70931,400,0,CV009_003,3097944
70932,280,0,CV009_003,3098224
70933,180,0,CV009_003,3098404
70934,200,0,CV009_003,3098604
70935,376,0,CV009_003,3098980
70936,224,0,CV009_003,3099204
70937,296,0,CV009_003,3099500
70938,100,0,CV009_003,3099600
70939,240,0,CV009_003,3099840
70940,320,0,CV009_003,3100160
70941,260,0,CV009_003,3100420
70942,144,0,CV009_003,3100564
70943,200,0,CV009_003,3100764
70944,460,0,CV009_003,3101224
70945,200,0,CV009_003,3101424
70946,240,0,CV009_003,3101664
70947,140,0,CV009_003,3101804
70948,324,0,CV009_003,3102128
70949,116,0,CV009_003,3102244
70950,444,0,CV009_003,3102688
70951,96,0,CV009_003,3102784
70952,424,0,CV009_003,3103208
70953,120,0,CV009_003,3103328
70954,280,0,CV009_003,3103608
70955,200,0,CV009_003,3103808
70956,200,0,CV009_003,3104008
70957,380,0,CV009_003,3104388
70958,80,0,CV009_003,3104468
70959,420,0,CV009_003,3104888
70960,76,0,CV009_003,3104964
70961,340,0,CV009_003,3105304
70962,200,0,CV009_003,3105504
70963,300,0,CV009_003,3105804
70964,340,0,CV009_003,3106144
70965,260,0,CV009_003,3106404
70966,84,0,CV009_003,3106488
70967,364,0,CV009_003,3106852
70968,296,0,CV009_003,3107148
70969,120,0,CV009_003,3107268
70970,280,0,CV009_003,3107548
70971,360,0,CV009_003,3107908
70972,160,0,CV009_003,3108068
70973,140,0,CV009_003,3108208
70974,424,0,CV009_003,3108632
70975,96,0,CV009_003,3108728
70976,424,0,CV009_003,3109152
70977,220,0,CV009_003,3109372
70978,140,0,CV009_003,3109512
70979,240,0,CV009_003,3109752
70980,260,0,CV009_003,3110012
70981,380,0,CV009_003,3110392
70982,180,0,CV009_003,3110572
70983,276,0,CV009_003,3110848
70984,260,0,CV009_003,3111108
70985,120,0,CV009_003,3111228
70986,260,0,CV009_003,3111488
70987,220,0,CV009_003,3111708
70988,200,0,CV009_003,3111908
70989,324,0,CV009_003,3112232
70990,180,0,CV009_003,3112412
70991,320,0,CV009_003,3112732
70992,180,0,CV009_003,3112912
70993,444,0,CV009_003,3113356
70994,56,0,CV009_003,3113412
70995,240,0,CV009_003,3113652
70996,364,0,CV009_003,3114016
70997,360,0,CV009_003,3114376
70998,120,0,CV009_003,3114496
70999,160,0,CV009_003,3114656
71000,360,0,CV009_003,3115016
71001,180,0,CV009_003,3115196
71002,420,0,CV009_003,3115616
71003,236,0,CV009_003,3115852
71004,140,0,CV009_003,3115992
71005,180,0,CV009_003,3116172
71006,220,0,CV009_003,3116392
71007,240,0,CV009_003,3116632
71008,324,0,CV009_003,3116956
71009,200,0,CV009_003,3117156
71010,300,0,CV009_003,3117456
71011,300,0,CV009_003,3117756
71012,140,0,CV009_003,3117896
71013,260,0,CV009_003,3118156
71014,444,0,CV009_003,3118600
71015,40,0,CV009_003,3118640
71016,416,0,CV009_003,3119056
71017,184,0,CV009_003,3119240
71018,280,0,CV009_003,3119520
71019,200,0,CV009_003,3119720
71020,140,0,CV009_003,3119860
71021,360,0,CV009_003,3120220
71022,280,0,CV009_003,3120500
71023,100,0,CV009_003,3120600
71024,256,0,CV009_003,3120856
71025,240,0,CV009_003,3121096
71026,380,0,CV009_003,3121476
71027,160,0,CV009_003,3121636
71028,240,0,CV009_003,3121876
71029,364,0,CV009_003,3122240
71030,140,0,CV009_003,3122380
71031,200,0,CV009_003,3122580
71032,400,0,CV009_003,3122980
71033,200,0,CV009_003,3123180
71034,184,0,CV009_003,3123364
71035,236,0,CV009_003,3123600
71036,244,0,CV009_003,3123844
71037,360,0,CV009_003,3124204
71038,140,0,CV009_003,3124344
71039,456,0,CV009_003,3124800
71040,180,0,CV009_003,3124980
71041,144,0,CV009_003,3125124
71042,220,0,CV009_003,3125344
71043,240,0,CV009_003,3125584
71044,440,0,CV009_003,3126024
71045,120,0,CV009_003,3126144
71046,316,0,CV009_003,3126460
71047,244,0,CV009_003,3126704
71048,216,0,CV009_003,3126920
71049,180,0,CV009_003,3127100
71050,404,0,CV009_003,3127504
71051,80,0,CV009_003,3127584
71052,240,0,CV009_003,3127824
71053,204,0,CV009_003,3128028
71054,356,0,CV009_003,3128384
71055,260,0,CV009_003,3128644
71056,240,0,CV009_003,3128884
71057,380,0,CV009_003,3129264
71058,20,0,CV009_003,3129284
71059,440,0,CV009_003,3129724
71060,64,0,CV009_003,3129788
71061,440,0,CV009_003,3130228
71062,240,0,CV009_003,3130468
71063,220,0,CV009_003,3130688
71064,140,0,CV009_003,3130828
71065,180,0,CV009_003,3131008
71066,480,0,CV009_003,3131488
71067,80,0,CV009_003,3131568
71068,200,0,CV009_003,3131768
71069,240,0,CV009_003,3132008
71070,316,0,CV009_003,3132324
71071,260,0,CV009_003,3132584
71072,220,0,CV009_003,3132804
71073,360,0,CV009_003,3133164
71074,200,0,CV009_003,3133364
71075,284,0,CV009_003,3133648
71076,184,0,CV009_003,3133832
71077,176,0,CV009_003,3134008
71078,400,0,CV009_003,3134408
71079,120,0,CV009_003,3134528
71080,240,0,CV009_003,3134768
71081,380,0,CV009_003,3135148
71082,120,0,CV009_003,3135268
71083,304,0,CV009_003,3135572
71084,260,0,CV009_003,3135832
71085,180,0,CV009_003,3136012
71086,200,0,CV009_003,3136212
71087,460,0,CV009_003,3136672
71088,160,0,CV009_003,3136832
71089,180,0,CV009_003,3137012
71090,240,0,CV009_003,3137252
71091,356,0,CV009_003,3137608
71092,180,0,CV009_003,3137788
71093,340,0,CV009_003,3138128
71094,80,0,CV009_003,3138208
71095,440,0,CV009_003,3138648
71096,200,0,CV009_003,3138848
71097,144,0,CV009_003,3138992
71098,360,0,CV009_003,3139352
71099,140,0,CV009_003,3139492
71100,360,0,CV009_003,3139852
71101,120,0,CV009_003,3139972
71102,284,0,CV009_003,3140256
71103,216,0,CV009_003,3140472
71104,240,0,CV009_003,3140712
71105,444,0,CV009_003,3141156
71106,220,0,CV009_003,3141376
71107,140,0,CV009_003,3141516
71108,300,0,CV009_003,3141816
71109,200,0,CV009_003,3142016
71110,300,0,CV009_003,3142316
71111,120,0,CV009_003,3142436
71112,456,0,CV009_003,3142892
71113,120,0,CV009_003,3143012
71114,240,0,CV009_003,3143252
71115,160,0,CV009_003,3143412
71116,268,0,CV009_003,3143680
71117,236,0,CV009_003,3143916
71118,420,0,CV009_003,3144336
71119,100,0,CV009_003,3144436
71120,384,0,CV009_003,3144820
71121,116,0,CV009_003,3144936
71122,444,0,CV009_003,3145380
71123,40,0,CV009_003,3145420
71124,276,0,CV009_003,3145696
71125,324,0,CV009_003,3146020
71126,200,0,CV009_003,3146220
71127,240,0,CV009_003,3146460
71128,240,0,CV009_003,3146700
71129,320,0,CV009_003,3147020
71130,200,0,CV009_003,3147220
71131,380,0,CV009_003,3147600
71132,160,0,CV009_003,3147760
71133,260,0,CV009_003,3148020
71134,96,0,CV009_003,3148116
71135,320,0,CV009_003,3148436
71136,220,0,CV009_003,3148656
71137,260,0,CV009_003,3148916
71138,304,0,CV009_003,3149220
71139,180,0,CV009_003,3149400
71140,440,0,CV009_003,3149840
71141,60,0,CV009_003,3149900
71142,440,0,CV009_003,3150340
71143,224,0,CV009_003,3150564
71144,76,0,CV009_003,3150640
71145,240,0,CV009_003,3150880
71146,304,0,CV009_003,3151184
71147,280,0,CV009_003,3151464
71148,200,0,CV009_003,3151664
71149,360,0,CV009_003,3152024
71150,200,0,CV009_003,3152224
71151,180,0,CV009_003,3152404
71152,400,0,CV009_003,3152804
71153,220,0,CV009_003,3153024
71154,280,0,CV009_003,3153304
71155,140,0,CV009_003,3153444
71156,200,0,CV009_003,3153644
71157,320,0,CV009_003,3153964
71158,316,0,CV009_003,3154280
71159,220,0,CV009_003,3154500
71160,200,0,CV009_003,3154700
71161,180,0,CV009_003,3154880
71162,308,0,CV009_003,3155188
71163,132,0,CV009_003,3155320
71164,284,0,CV009_003,3155604
71165,420,0,CV009_003,3156024
71166,120,0,CV009_003,3156144
71167,300,0,CV009_003,3156444
71168,140,0,CV009_003,3156584
71169,240,0,CV009_003,3156824
71170,340,0,CV009_003,3157164
71171,240,0,CV009_003,3157404
71172,180,0,CV009_003,3157584
71173,420,0,CV009_003,3158004
71174,200,0,CV009_003,3158204
71175,180,0,CV009_003,3158384
71176,180,0,CV009_003,3158564
71177,404,0,CV009_003,3158968
71178,200,0,CV009_003,3159168
71179,120,0,CV009_003,3159288
71180,460,0,CV009_003,3159748
71181,180,0,CV009_003,3159928
71182,100,0,CV009_003,3160028
71183,260,0,CV009_003,3160288
71184,240,0,CV009_003,3160528
71185,336,0,CV009_003,3160864
71186,280,0,CV009_003,3161144
71187,220,0,CV009_003,3161364
71188,280,0,CV009_003,3161644
71189,180,0,CV009_003,3161824
71190,180,0,CV009_003,3162004
71191,304,0,CV009_003,3162308
71192,240,0,CV009_003,3162548
71193,260,0,CV009_003,3162808
71194,200,0,CV009_003,3163008
71195,260,0,CV009_003,3163268
71196,260,0,CV009_003,3163528
71197,320,0,CV009_003,3163848
71198,180,0,CV009_003,3164028
71199,220,0,CV009_003,3164248
71200,280,0,CV009_003,3164528
71201,404,0,CV009_003,3164932
71202,100,0,CV009_003,3165032
71203,240,0,CV009_003,3165272
71204,260,0,CV009_003,3165532
71205,240,0,CV009_003,3165772
71206,260,0,CV009_003,3166032
71207,316,0,CV009_003,3166348
71208,280,0,CV009_003,3166628
71209,240,0,CV009_003,3166868
71210,100,0,CV009_003,3166968
71211,260,0,CV009_003,3167228
71212,244,0,CV009_003,3167472
71213,320,0,CV009_003,3167792
71214,280,0,CV009_003,3168072
71215,220,0,CV009_003,3168292
71216,380,0,CV009_003,3168672
71217,120,0,CV009_003,3168792
71218,200,0,CV009_003,3168992
71219,240,0,CV009_003,3169232
71220,340,0,CV009_003,3169572
71221,144,0,CV009_003,3169716
71222,460,0,CV009_003,3170176
71223,20,0,CV009_003,3170196
71224,260,0,CV009_003,3170456
71225,320,0,CV009_003,3170776
71226,256,0,CV009_003,3171032
71227,200,0,CV009_003,3171232
71228,340,0,CV009_003,3171572
71229,140,0,CV009_003,3171712
71230,224,0,CV009_003,3171936
71231,360,0,CV009_003,3172296
71232,160,0,CV009_003,3172456
71233,340,0,CV009_003,3172796
71234,180,0,CV009_003,3172976
71235,244,0,CV009_003,3173220
71236,276,0,CV009_003,3173496
71237,384,0,CV009_003,3173880
71238,160,0,CV009_003,3174040
71239,220,0,CV009_003,3174260
71240,160,0,CV009_003,3174420
71241,340,0,CV009_003,3174760
71242,376,0,CV009_003,3175136
71243,220,0,CV009_003,3175356
71244,260,0,CV009_003,3175616
71245,80,0,CV009_003,3175696
71246,204,0,CV009_003,3175900
71247,380,0,CV009_003,3176280
71248,120,0,CV009_003,3176400
71249,284,0,CV009_003,3176684
71250,316,0,CV009_003,3177000
71251,180,0,CV009_003,3177180
71252,260,0,CV009_003,3177440
71253,200,0,CV009_003,3177640
71254,244,0,CV009_003,3177884
71255,360,0,CV009_003,3178244
71256,160,0,CV009_003,3178404
71257,340,0,CV009_003,3178744
71258,300,0,CV009_003,3179044
71259,316,0,CV009_003,3179360
71260,80,0,CV009_003,3179440
71261,200,0,CV009_003,3179640
71262,320,0,CV009_003,3179960
71263,264,0,CV009_003,3180224
71264,220,0,CV009_003,3180444
71265,380,0,CV009_003,3180824
71266,40,0,CV009_003,3180864
71267,280,0,CV009_003,3181144
71268,240,0,CV009_003,3181384
71269,404,0,CV009_003,3181788
71270,60,0,CV009_003,3181848
71271,400,0,CV009_003,3182248
71272,240,0,CV009_003,3182488
71273,200,0,CV009_003,3182688
71274,220,0,CV009_003,3182908
71275,340,0,CV009_003,3183248
71276,240,0,CV009_003,3183488
71277,160,0,CV009_003,3183648
71278,196,0,CV009_003,3183844
71279,380,0,CV009_003,3184224
71280,224,0,CV009_003,3184448
71281,136,0,CV009_003,3184584
71282,240,0,CV009_003,3184824
71283,404,0,CV009_003,3185228
71284,140,0,CV009_003,3185368
71285,240,0,CV009_003,3185608
71286,280,0,CV009_003,3185888
71287,280,0,CV009_003,3186168
71288,300,0,CV009_003,3186468
71289,100,0,CV009_003,3186568
71290,344,0,CV009_003,3186912
71291,140,0,CV009_003,3187052
71292,360,0,CV009_003,3187412
71293,320,0,CV009_003,3187732
71294,240,0,CV009_003,3187972
71295,260,0,CV009_003,3188232
71296,300,0,CV009_003,3188532
71297,120,0,CV009_003,3188652
71298,376,0,CV009_003,3189028
71299,164,0,CV009_003,3189192
71300,136,0,CV009_003,3189328
71301,240,0,CV009_003,3189568
71302,300,0,CV009_003,3189868
71303,160,0,CV009_003,3190028
71304,284,0,CV009_003,3190312
71305,440,0,CV009_003,3190752
71306,104,0,CV009_003,3190856
71307,396,0,CV009_003,3191252
71308,20,0,CV009_003,3191272
71309,260,0,CV009_003,3191532
71310,280,0,CV009_003,3191812
71311,244,0,CV009_003,3192056
71312,360,0,CV009_003,3192416
71313,220,0,CV009_003,3192636
71314,260,0,CV009_003,3192896
71315,320,0,CV009_003,3193216
71316,140,0,CV009_003,3193356
71317,300,0,CV009_003,3193656
71318,180,0,CV009_003,3193836
71319,296,0,CV009_003,3194132
71320,340,0,CV009_003,3194472
71321,140,0,CV009_003,3194612
71322,180,0,CV009_003,3194792
71323,200,0,CV009_003,3194992
71324,304,0,CV009_003,3195296
71325,240,0,CV009_003,3195536
71326,200,0,CV009_003,3195736
71327,460,0,CV009_003,3196196
71328,40,0,CV009_003,3196236
71329,384,0,CV009_003,3196620
71330,116,0,CV009_003,3196736
71331,464,0,CV009_003,3197200
71332,20,0,CV009_003,3197220
71333,440,0,CV009_003,3197660
71334,120,0,CV009_003,3197780
71335,280,0,CV009_003,3198060
71336,160,0,CV009_003,3198220
71337,260,0,CV009_003,3198480
71338,400,0,CV009_003,3198880
71339,120,0,CV009_003,3199000
71340,396,0,CV009_003,3199396
71341,260,0,CV009_003,3199656
71342,100,0,CV009_003,3199756
71343,360,0,CV009_003,3200116
71344,120,0,CV009_003,3200236
71345,448,0,CV009_003,3200684
71346,176,0,CV009_003,3200860
71347,120,0,CV009_003,3200980
71348,280,0,CV009_003,3201260
71349,220,0,CV009_003,3201480
71350,260,0,CV009_003,3201740
71351,220,0,CV009_003,3201960
71352,240,0,CV009_003,3202200
71353,300,0,CV009_003,3202500
71354,384,0,CV009_003,3202884
71355,60,0,CV009_003,3202944
71356,260,0,CV009_003,3203204
71357,340,0,CV009_003,3203544
71358,160,0,CV009_003,3203704
71359,220,0,CV009_003,3203924
71360,436,0,CV009_003,3204360
71361,160,0,CV009_003,3204520
71362,340,0,CV009_003,3204860
71363,160,0,CV009_003,3205020
71364,200,0,CV009_003,3205220
71365,220,0,CV009_003,3205440
71366,284,0,CV009_003,3205724
71367,220,0,CV009_003,3205944
71368,280,0,CV009_003,3206224
71369,380,0,CV009_003,3206604
71370,120,0,CV009_003,3206724
71371,344,0,CV009_003,3207068
71372,116,0,CV009_003,3207184
71373,280,0,CV009_003,3207464
71374,224,0,CV009_003,3207688
71375,356,0,CV009_003,3208044
71376,320,0,CV009_003,3208364
71377,164,0,CV009_003,3208528
71378,120,0,CV009_003,3208648
71379,240,0,CV009_003,3208888
71380,440,0,CV009_003,3209328
71381,60,0,CV009_003,3209388
71382,376,0,CV009_003,3209764
71383,144,0,CV009_003,3209908
71384,436,0,CV009_003,3210344
71385,20,0,CV009_003,3210364
71386,300,0,CV009_003,3210664
71387,360,0,CV009_003,3211024
71388,304,0,CV009_003,3211328
71389,40,0,CV009_003,3211368
71390,360,0,CV009_003,3211728
71391,140,0,CV009_003,3211868
71392,420,0,CV009_003,3212288
71393,220,0,CV009_003,3212508
71394,200,0,CV009_003,3212708
71395,260,0,CV009_003,3212968
71396,360,0,CV009_003,3213328
71397,60,0,CV009_003,3213388
71398,424,0,CV009_003,3213812
71399,20,0,CV009_003,3213832
71400,480,0,CV009_003,3214312
71401,240,0,CV009_003,3214552
71402,180,0,CV009_003,3214732
71403,320,0,CV009_003,3215052
71404,20,0,CV009_003,3215072
71405,260,0,CV009_003,3215332
71406,276,0,CV009_003,3215608
71407,380,0,CV009_003,3215988
71408,180,0,CV009_003,3216168
71409,324,0,CV009_003,3216492
71410,320,0,CV009_003,3216812
71411,20,0,CV009_003,3216832
71412,380,0,CV009_003,3217212
71413,140,0,CV009_003,3217352
71414,360,0,CV009_003,3217712
71415,120,0,CV009_003,3217832
71416,360,0,CV009_003,3218192
71417,140,0,CV009_003,3218332
71418,260,0,CV009_003,3218592
71419,220,0,CV009_003,3218812
71420,380,0,CV009_003,3219192
71421,224,0,CV009_003,3219416
71422,360,0,CV009_003,3219776
71423,100,0,CV009_003,3219876
71424,200,0,CV009_003,3220076
71425,280,0,CV009_003,3220356
71426,320,0,CV009_003,3220676
71427,260,0,CV009_003,3220936
71428,336,0,CV009_003,3221272
71429,40,0,CV009_003,3221312
71430,420,0,CV009_003,3221732
71431,100,0,CV009_003,3221832
71432,220,0,CV009_003,3222052
71433,264,0,CV009_003,3222316
71434,260,0,CV009_003,3222576
71435,220,0,CV009_003,3222796
71436,400,0,CV009_003,3223196
71437,220,0,CV009_003,3223416
71438,340,0,CV009_003,3223756
71439,144,0,CV009_003,3223900
71440,156,0,CV009_003,3224056
71441,240,0,CV009_003,3224296
71442,224,0,CV009_003,3224520
71443,340,0,CV009_003,3224860
71444,140,0,CV009_003,3225000
71445,260,0,CV009_003,3225260
71446,320,0,CV009_003,3225580
71447,240,0,CV009_003,3225820
71448,336,0,CV009_003,3226156
71449,200,0,CV009_003,3226356
71450,180,0,CV009_003,3226536
71451,380,0,CV009_003,3226916
71452,80,0,CV009_003,3226996
71453,244,0,CV009_003,3227240
71454,440,0,CV009_003,3227680
71455,80,0,CV009_003,3227760
71456,420,0,CV009_003,3228180
71457,160,0,CV009_003,3228340
71458,240,0,CV009_003,3228580
71459,180,0,CV009_003,3228760
71460,364,0,CV009_003,3229124
71461,196,0,CV009_003,3229320
71462,180,0,CV009_003,3229500
71463,324,0,CV009_003,3229824
71464,240,0,CV009_003,3230064
71465,160,0,CV009_003,3230224
71466,420,0,CV009_003,3230644
71467,240,0,CV009_003,3230884
71468,176,0,CV009_003,3231060
71469,300,0,CV009_003,3231360
71470,260,0,CV009_003,3231620
71471,80,0,CV009_003,3231700
71472,284,0,CV009_003,3231984
71473,300,0,CV009_003,3232284
71474,200,0,CV009_003,3232484
71475,300,0,CV009_003,3232784
71476,320,0,CV009_003,3233104
71477,184,0,CV009_003,3233288
71478,156,0,CV009_003,3233444
71479,444,0,CV009_003,3233888
71480,76,0,CV009_003,3233964
71481,324,0,CV009_003,3234288
71482,360,0,CV009_003,3234648
71483,140,0,CV009_003,3234788
71484,180,0,CV009_003,3234968
71485,220,0,CV009_003,3235188
71486,380,0,CV009_003,3235568
71487,176,0,CV009_003,3235744
71488,260,0,CV009_003,3236004
71489,300,0,CV009_003,3236304
71490,260,0,CV009_003,3236564
71491,140,0,CV009_003,3236704
71492,204,0,CV009_003,3236908
71493,260,0,CV009_003,3237168
71494,300,0,CV009_003,3237468
71495,200,0,CV009_003,3237668
71496,1588,0,CV009_004,1588
71497,544,0,CV009_004,2132
71498,540,0,CV009_004,2672
71499,600,1,CV009_004,3272
71500,496,0,CV009_004,3768
71501,548,0,CV009_004,4316
71502,548,0,CV009_004,4864
71503,596,0,CV009_004,5460
71504,496,0,CV009_004,5956
71505,548,0,CV009_004,6504
71506,596,0,CV009_004,7100
71507,548,0,CV009_004,7648
71508,496,0,CV009_004,8144
71509,548,0,CV009_004,8692
71510,544,0,CV009_004,9236
71511,544,0,CV009_004,9780
71512,540,0,CV009_004,10320
71513,548,0,CV009_004,10868
71514,552,0,CV009_004,11420
71515,544,0,CV009_004,11964
71516,556,0,CV009_004,12520
71517,556,0,CV009_004,13076
71518,428,0,CV009_004,13504
71519,184,0,CV009_004,13688
71520,508,0,CV009_004,14196
71521,556,0,CV009_004,14752
71522,564,0,CV009_004,15316
71523,560,0,CV009_004,15876
71524,564,0,CV009_004,16440
71525,564,0,CV009_004,17004
71526,608,1,CV009_004,17612
71527,508,0,CV009_004,18120
71528,552,0,CV009_004,18672
71529,548,0,CV009_004,19220
71530,396,0,CV009_004,19616
71531,156,0,CV009_004,19772
71532,540,0,CV009_004,20312
71533,540,0,CV009_004,20852
71534,544,0,CV009_004,21396
71535,540,0,CV009_004,21936
71536,536,0,CV009_004,22472
71537,536,0,CV009_004,23008
71538,532,0,CV009_004,23540
71539,580,1,CV009_004,24120
71540,476,0,CV009_004,24596
71541,528,0,CV009_004,25124
71542,528,0,CV009_004,25652
71543,516,0,CV009_004,26168
71544,524,0,CV009_004,26692
71545,520,0,CV009_004,27212
71546,516,0,CV009_004,27728
71547,512,0,CV009_004,28240
71548,516,0,CV009_004,28756
71549,512,0,CV009_004,29268
71550,512,0,CV009_004,29780
71551,508,0,CV009_004,30288
71552,400,0,CV009_004,30688
71553,568,0,CV009_004,31256
71554,552,0,CV009_004,31808
71555,508,0,CV009_004,32316
71556,504,0,CV009_004,32820
71557,508,0,CV009_004,33328
71558,500,0,CV009_004,33828
71559,504,0,CV009_004,34332
71560,508,0,CV009_004,34840
71561,508,0,CV009_004,35348
71562,412,0,CV009_004,35760
71563,592,0,CV009_004,36352
71564,520,0,CV009_004,36872
71565,508,0,CV009_004,37380
71566,512,0,CV009_004,37892
71567,508,0,CV009_004,38400
71568,516,0,CV009_004,38916
71569,508,0,CV009_004,39424
71570,516,0,CV009_004,39940
71571,516,0,CV009_004,40456
71572,524,0,CV009_004,40980
71573,512,0,CV009_004,41492
71574,520,0,CV009_004,42012
71575,520,0,CV009_004,42532
71576,568,1,CV009_004,43100
71577,472,0,CV009_004,43572
71578,524,0,CV009_004,44096
71579,520,0,CV009_004,44616
71580,516,0,CV009_004,45132
71581,520,0,CV009_004,45652
71582,524,0,CV009_004,46176
71583,516,0,CV009_004,46692
71584,520,0,CV009_004,47212
71585,524,0,CV009_004,47736
71586,516,0,CV009_004,48252
71587,524,0,CV009_004,48776
71588,520,0,CV009_004,49296
71589,520,0,CV009_004,49816
71590,524,0,CV009_004,50340
71591,520,0,CV009_004,50860
71592,520,0,CV009_004,51380
71593,520,0,CV009_004,51900
71594,524,0,CV009_004,52424
71595,524,0,CV009_004,52948
71596,516,0,CV009_004,53464
71597,524,0,CV009_004,53988
71598,520,0,CV009_004,54508
71599,524,0,CV009_004,55032
71600,516,0,CV009_004,55548
71601,576,0,CV009_004,56124
71602,468,0,CV009_004,56592
71603,568,0,CV009_004,57160
71604,476,0,CV009_004,57636
71605,520,0,CV009_004,58156
71606,524,0,CV009_004,58680
71607,524,0,CV009_004,59204
71608,524,0,CV009_004,59728
71609,520,0,CV009_004,60248
71610,524,0,CV009_004,60772
71611,528,0,CV009_004,61300
71612,520,0,CV009_004,61820
71613,524,0,CV009_004,62344
71614,524,0,CV009_004,62868
71615,520,0,CV009_004,63388
71616,528,0,CV009_004,63916
71617,520,0,CV009_004,64436
71618,524,0,CV009_004,64960
71619,520,0,CV009_004,65480
71620,568,1,CV009_004,66048
71621,476,0,CV009_004,66524
71622,520,0,CV009_004,67044
71623,516,0,CV009_004,67560
71624,1040,0,CV009_004,68600
71625,564,0,CV009_004,69164
71626,468,0,CV009_004,69632
71627,520,0,CV009_004,70152
71628,516,0,CV009_004,70668
71629,516,0,CV009_004,71184
71630,520,0,CV009_004,71704
71631,520,0,CV009_004,72224
71632,516,0,CV009_004,72740
71633,520,0,CV009_004,73260
71634,524,0,CV009_004,73784
71635,516,0,CV009_004,74300
71636,524,0,CV009_004,74824
71637,524,0,CV009_004,75348
71638,516,0,CV009_004,75864
71639,524,0,CV009_004,76388
71640,524,0,CV009_004,76912
71641,516,0,CV009_004,77428
71642,520,0,CV009_004,77948
71643,576,1,CV009_004,78524
71644,476,0,CV009_004,79000
71645,516,0,CV009_004,79516
71646,528,0,CV009_004,80044
71647,520,0,CV009_004,80564
71648,572,1,CV009_004,81136
71649,476,0,CV009_004,81612
71650,520,0,CV009_004,82132
71651,520,0,CV009_004,82652
71652,524,0,CV009_004,83176
71653,568,1,CV009_004,83744
71654,476,0,CV009_004,84220
71655,520,0,CV009_004,84740
71656,520,0,CV009_004,85260
71657,520,0,CV009_004,85780
71658,524,0,CV009_004,86304
71659,524,0,CV009_004,86828
71660,520,0,CV009_004,87348
71661,520,0,CV009_004,87868
71662,520,0,CV009_004,88388
71663,516,0,CV009_004,88904
71664,520,0,CV009_004,89424
71665,520,0,CV009_004,89944
71666,568,0,CV009_004,90512
71667,512,0,CV009_004,91024
71668,472,0,CV009_004,91496
71669,524,0,CV009_004,92020
71670,516,0,CV009_004,92536
71671,520,0,CV009_004,93056
71672,520,0,CV009_004,93576
71673,568,0,CV009_004,94144
71674,516,0,CV009_004,94660
71675,524,0,CV009_004,95184
71676,528,0,CV009_004,95712
71677,520,0,CV009_004,96232
71678,1008,0,CV009_004,97240
71679,572,0,CV009_004,97812
71680,476,0,CV009_004,98288
71681,580,0,CV009_004,98868
71682,476,0,CV009_004,99344
71683,528,0,CV009_004,99872
71684,528,0,CV009_004,100400
71685,572,0,CV009_004,100972
71686,528,0,CV009_004,101500
71687,484,0,CV009_004,101984
71688,524,0,CV009_004,102508
71689,528,0,CV009_004,103036
71690,528,0,CV009_004,103564
71691,1052,0,CV009_004,104616
71692,528,0,CV009_004,105144
71693,528,0,CV009_004,105672
71694,524,0,CV009_004,106196
71695,520,0,CV009_004,106716
71696,524,0,CV009_004,107240
71697,528,0,CV009_004,107768
71698,524,0,CV009_004,108292
71699,524,0,CV009_004,108816
71700,520,0,CV009_004,109336
71701,524,0,CV009_004,109860
71702,516,0,CV009_004,110376
71703,516,0,CV009_004,110892
71704,572,0,CV009_004,111464
71705,520,0,CV009_004,111984
71706,472,0,CV009_004,112456
71707,512,0,CV009_004,112968
71708,516,0,CV009_004,113484
71709,516,0,CV009_004,114000
71710,512,0,CV009_004,114512
71711,516,0,CV009_004,115028
71712,516,0,CV009_004,115544
71713,516,0,CV009_004,116060
71714,512,0,CV009_004,116572
71715,508,0,CV009_004,117080
71716,528,0,CV009_004,117608
71717,564,1,CV009_004,118172
71718,468,0,CV009_004,118640
71719,516,0,CV009_004,119156
71720,524,0,CV009_004,119680
71721,516,0,CV009_004,120196
71722,520,0,CV009_004,120716
71723,524,0,CV009_004,121240
71724,520,0,CV009_004,121760
71725,516,0,CV009_004,122276
71726,524,0,CV009_004,122800
71727,524,0,CV009_004,123324
71728,520,0,CV009_004,123844
71729,520,0,CV009_004,124364
71730,576,1,CV009_004,124940
71731,472,0,CV009_004,125412
71732,524,0,CV009_004,125936
71733,524,0,CV009_004,126460
71734,528,0,CV009_004,126988
71735,524,0,CV009_004,127512
71736,524,0,CV009_004,128036
71737,528,0,CV009_004,128564
71738,1056,0,CV009_004,129620
71739,532,0,CV009_004,130152
71740,532,0,CV009_004,130684
71741,532,0,CV009_004,131216
71742,528,0,CV009_004,131744
71743,532,0,CV009_004,132276
71744,540,0,CV009_004,132816
71745,528,0,CV009_004,133344
71746,584,1,CV009_004,133928
71747,484,0,CV009_004,134412
71748,532,0,CV009_004,134944
71749,532,0,CV009_004,135476
71750,540,0,CV009_004,136016
71751,528,0,CV009_004,136544
71752,536,0,CV009_004,137080
71753,536,0,CV009_004,137616
71754,540,0,CV009_004,138156
71755,532,0,CV009_004,138688
71756,532,0,CV009_004,139220
71757,540,0,CV009_004,139760
71758,536,0,CV009_004,140296
71759,532,0,CV009_004,140828
71760,584,1,CV009_004,141412
71761,488,0,CV009_004,141900
71762,540,0,CV009_004,142440
71763,528,0,CV009_004,142968
71764,536,0,CV009_004,143504
71765,540,0,CV009_004,144044
71766,532,0,CV009_004,144576
71767,584,1,CV009_004,145160
71768,488,0,CV009_004,145648
71769,532,0,CV009_004,146180
71770,532,0,CV009_004,146712
71771,540,0,CV009_004,147252
71772,536,0,CV009_004,147788
71773,528,0,CV009_004,148316
71774,544,0,CV009_004,148860
71775,540,0,CV009_004,149400
71776,532,0,CV009_004,149932
71777,540,0,CV009_004,150472
71778,548,0,CV009_004,151020
71779,536,0,CV009_004,151556
71780,540,0,CV009_004,152096
71781,548,0,CV009_004,152644
71782,544,0,CV009_004,153188
71783,536,0,CV009_004,153724
71784,548,0,CV009_004,154272
71785,592,1,CV009_004,154864
71786,492,0,CV009_004,155356
71787,544,0,CV009_004,155900
71788,548,0,CV009_004,156448
71789,544,0,CV009_004,156992
71790,544,0,CV009_004,157536
71791,548,0,CV009_004,158084
71792,540,0,CV009_004,158624
71793,588,1,CV009_004,159212
71794,492,0,CV009_004,159704
71795,548,0,CV009_004,160252
71796,536,0,CV009_004,160788
71797,588,1,CV009_004,161376
71798,496,0,CV009_004,161872
71799,544,0,CV009_004,162416
71800,540,0,CV009_004,162956
71801,540,0,CV009_004,163496
71802,544,0,CV009_004,164040
71803,544,0,CV009_004,164584
71804,1084,0,CV009_004,165668
71805,544,0,CV009_004,166212
71806,540,0,CV009_004,166752
71807,540,0,CV009_004,167292
71808,540,0,CV009_004,167832
71809,532,0,CV009_004,168364
71810,536,0,CV009_004,168900
71811,536,0,CV009_004,169436
71812,536,0,CV009_004,169972
71813,528,0,CV009_004,170500
71814,532,0,CV009_004,171032
71815,528,0,CV009_004,171560
71816,536,0,CV009_004,172096
71817,524,0,CV009_004,172620
71818,572,1,CV009_004,173192
71819,476,0,CV009_004,173668
71820,528,0,CV009_004,174196
71821,520,0,CV009_004,174716
71822,520,0,CV009_004,175236
71823,520,0,CV009_004,175756
71824,576,0,CV009_004,176332
71825,520,0,CV009_004,176852
71826,520,0,CV009_004,177372
71827,476,0,CV009_004,177848
71828,524,0,CV009_004,178372
71829,520,0,CV009_004,178892
71830,524,0,CV009_004,179416
71831,528,0,CV009_004,179944
71832,528,0,CV009_004,180472
71833,524,0,CV009_004,180996
71834,524,0,CV009_004,181520
71835,532,0,CV009_004,182052
71836,532,0,CV009_004,182584
71837,524,0,CV009_004,183108
71838,536,0,CV009_004,183644
71839,540,0,CV009_004,184184
71840,536,0,CV009_004,184720
71841,528,0,CV009_004,185248
71842,536,0,CV009_004,185784
71843,588,1,CV009_004,186372
71844,488,0,CV009_004,186860
71845,536,0,CV009_004,187396
71846,536,0,CV009_004,187932
71847,540,0,CV009_004,188472
71848,540,0,CV009_004,189012
71849,536,0,CV009_004,189548
71850,536,0,CV009_004,190084
71851,540,0,CV009_004,190624
71852,544,0,CV009_004,191168
71853,536,0,CV009_004,191704
71854,1084,0,CV009_004,192788
71855,584,0,CV009_004,193372
71856,496,0,CV009_004,193868
71857,540,0,CV009_004,194408
71858,548,0,CV009_004,194956
71859,540,0,CV009_004,195496
71860,544,0,CV009_004,196040
71861,548,0,CV009_004,196588
71862,1096,0,CV009_004,197684
71863,548,0,CV009_004,198232
71864,544,0,CV009_004,198776
71865,548,0,CV009_004,199324
71866,552,0,CV009_004,199876
71867,548,0,CV009_004,200424
71868,544,0,CV009_004,200968
71869,552,0,CV009_004,201520
71870,556,0,CV009_004,202076
71871,548,0,CV009_004,202624
71872,600,0,CV009_004,203224
71873,556,0,CV009_004,203780
71874,500,0,CV009_004,204280
71875,544,0,CV009_004,204824
71876,552,0,CV009_004,205376
71877,552,0,CV009_004,205928
71878,544,0,CV009_004,206472
71879,544,0,CV009_004,207016
71880,548,0,CV009_004,207564
71881,544,0,CV009_004,208108
71882,544,0,CV009_004,208652
71883,544,0,CV009_004,209196
71884,540,0,CV009_004,209736
71885,544,0,CV009_004,210280
71886,540,0,CV009_004,210820
71887,544,0,CV009_004,211364
71888,540,0,CV009_004,211904
71889,544,0,CV009_004,212448
71890,544,0,CV009_004,212992
71891,540,0,CV009_004,213532
71892,540,0,CV009_004,214072
71893,544,0,CV009_004,214616
71894,1072,0,CV009_004,215688
71895,544,0,CV009_004,216232
71896,532,0,CV009_004,216764
71897,540,0,CV009_004,217304
71898,540,0,CV009_004,217844
71899,540,0,CV009_004,218384
71900,548,0,CV009_004,218932
71901,536,0,CV009_004,219468
71902,540,0,CV009_004,220008
71903,544,0,CV009_004,220552
71904,540,0,CV009_004,221092
71905,544,0,CV009_004,221636
71906,584,1,CV009_004,222220
71907,488,0,CV009_004,222708
71908,544,0,CV009_004,223252
71909,536,0,CV009_004,223788
71910,536,0,CV009_004,224324
71911,548,0,CV009_004,224872
71912,536,0,CV009_004,225408
71913,544,0,CV009_004,225952
71914,544,0,CV009_004,226496
71915,540,0,CV009_004,227036
71916,540,0,CV009_004,227576
71917,548,0,CV009_004,228124
71918,536,0,CV009_004,228660
71919,592,1,CV009_004,229252
71920,492,0,CV009_004,229744
71921,544,0,CV009_004,230288
71922,532,0,CV009_004,230820
71923,540,0,CV009_004,231360
71924,540,0,CV009_004,231900
71925,532,0,CV009_004,232432
71926,536,0,CV009_004,232968
71927,540,0,CV009_004,233508
71928,536,0,CV009_004,234044
71929,532,0,CV009_004,234576
71930,544,0,CV009_004,235120
71931,532,0,CV009_004,235652
71932,544,0,CV009_004,236196
71933,532,0,CV009_004,236728
71934,540,0,CV009_004,237268
71935,540,0,CV009_004,237808
71936,536,0,CV009_004,238344
71937,540,0,CV009_004,238884
71938,544,0,CV009_004,239428
71939,540,0,CV009_004,239968
71940,544,0,CV009_004,240512
71941,544,0,CV009_004,241056
71942,540,0,CV009_004,241596
71943,544,0,CV009_004,242140
71944,552,0,CV009_004,242692
71945,540,0,CV009_004,243232
71946,544,0,CV009_004,243776
71947,544,0,CV009_004,244320
71948,544,0,CV009_004,244864
71949,540,0,CV009_004,245404
71950,548,0,CV009_004,245952
71951,540,0,CV009_004,246492
71952,536,0,CV009_004,247028
71953,540,0,CV009_004,247568
71954,548,0,CV009_004,248116
71955,536,0,CV009_004,248652
71956,592,1,CV009_004,249244
71957,496,0,CV009_004,249740
71958,540,0,CV009_004,250280
71959,544,0,CV009_004,250824
71960,548,0,CV009_004,251372
71961,544,0,CV009_004,251916
71962,544,0,CV009_004,252460
71963,552,0,CV009_004,253012
71964,540,0,CV009_004,253552
71965,552,0,CV009_004,254104
71966,552,0,CV009_004,254656
71967,592,1,CV009_004,255248
71968,500,0,CV009_004,255748
71969,552,0,CV009_004,256300
71970,544,0,CV009_004,256844
71971,552,0,CV009_004,257396
71972,552,0,CV009_004,257948
71973,548,0,CV009_004,258496
71974,552,0,CV009_004,259048
71975,552,0,CV009_004,259600
71976,548,0,CV009_004,260148
71977,548,0,CV009_004,260696
71978,552,0,CV009_004,261248
71979,556,0,CV009_004,261804
71980,544,0,CV009_004,262348
71981,548,0,CV009_004,262896
71982,548,0,CV009_004,263444
71983,540,0,CV009_004,263984
71984,548,0,CV009_004,264532
71985,544,0,CV009_004,265076
71986,584,1,CV009_004,265660
71987,492,0,CV009_004,266152
71988,544,0,CV009_004,266696
71989,540,0,CV009_004,267236
71990,544,0,CV009_004,267780
71991,540,0,CV009_004,268320
71992,544,0,CV009_004,268864
71993,544,0,CV009_004,269408
71994,540,0,CV009_004,269948
71995,544,0,CV009_004,270492
71996,544,0,CV009_004,271036
71997,540,0,CV009_004,271576
71998,544,0,CV009_004,272120
71999,548,0,CV009_004,272668
72000,588,1,CV009_004,273256
72001,496,0,CV009_004,273752
72002,544,0,CV009_004,274296
72003,540,0,CV009_004,274836
72004,548,0,CV009_004,275384
72005,548,0,CV009_004,275932
72006,536,0,CV009_004,276468
72007,552,0,CV009_004,277020
72008,548,0,CV009_004,277568
72009,544,0,CV009_004,278112
72010,548,0,CV009_004,278660
72011,556,0,CV009_004,279216
72012,544,0,CV009_004,279760
72013,544,0,CV009_004,280304
72014,548,0,CV009_004,280852
72015,540,0,CV009_004,281392
72016,540,0,CV009_004,281932
72017,544,0,CV009_004,282476
72018,540,0,CV009_004,283016
72019,536,0,CV009_004,283552
72020,544,0,CV009_004,284096
72021,540,0,CV009_004,284636
72022,1080,0,CV009_004,285716
72023,532,0,CV009_004,286248
72024,544,0,CV009_004,286792
72025,540,0,CV009_004,287332
72026,532,0,CV009_004,287864
72027,540,0,CV009_004,288404
72028,540,0,CV009_004,288944
72029,532,0,CV009_004,289476
72030,540,0,CV009_004,290016
72031,532,0,CV009_004,290548
72032,540,0,CV009_004,291088
72033,540,0,CV009_004,291628
72034,536,0,CV009_004,292164
72035,536,0,CV009_004,292700
72036,536,0,CV009_004,293236
72037,540,0,CV009_004,293776
72038,536,0,CV009_004,294312
72039,536,0,CV009_004,294848
72040,540,0,CV009_004,295388
72041,540,0,CV009_004,295928
72042,540,0,CV009_004,296468
72043,548,0,CV009_004,297016
72044,588,0,CV009_004,297604
72045,496,0,CV009_004,298100
72046,548,0,CV009_004,298648
72047,600,0,CV009_004,299248
72048,496,0,CV009_004,299744
72049,548,0,CV009_004,300292
72050,556,0,CV009_004,300848
72051,548,0,CV009_004,301396
72052,552,0,CV009_004,301948
72053,548,0,CV009_004,302496
72054,536,0,CV009_004,303032
72055,548,0,CV009_004,303580
72056,544,0,CV009_004,304124
72057,540,0,CV009_004,304664
72058,596,1,CV009_004,305260
72059,496,0,CV009_004,305756
72060,544,0,CV009_004,306300
72061,540,0,CV009_004,306840
72062,536,0,CV009_004,307376
72063,540,0,CV009_004,307916
72064,536,0,CV009_004,308452
72065,540,0,CV009_004,308992
72066,1064,0,CV009_004,310056
72067,532,0,CV009_004,310588
72068,528,0,CV009_004,311116
72069,524,0,CV009_004,311640
72070,528,0,CV009_004,312168
72071,536,0,CV009_004,312704
72072,528,0,CV009_004,313232
72073,528,0,CV009_004,313760
72074,532,0,CV009_004,314292
72075,532,0,CV009_004,314824
72076,536,0,CV009_004,315360
72077,532,0,CV009_004,315892
72078,532,0,CV009_004,316424
72079,536,0,CV009_004,316960
72080,532,0,CV009_004,317492
72081,536,0,CV009_004,318028
72082,536,0,CV009_004,318564
72083,532,0,CV009_004,319096
72084,540,0,CV009_004,319636
72085,536,0,CV009_004,320172
72086,540,0,CV009_004,320712
72087,528,0,CV009_004,321240
72088,536,0,CV009_004,321776
72089,536,0,CV009_004,322312
72090,532,0,CV009_004,322844
72091,532,0,CV009_004,323376
72092,532,0,CV009_004,323908
72093,528,0,CV009_004,324436
72094,532,0,CV009_004,324968
72095,532,0,CV009_004,325500
72096,532,0,CV009_004,326032
72097,532,0,CV009_004,326564
72098,536,0,CV009_004,327100
72099,536,0,CV009_004,327636
72100,540,0,CV009_004,328176
72101,536,0,CV009_004,328712
72102,544,0,CV009_004,329256
72103,540,0,CV009_004,329796
72104,540,0,CV009_004,330336
72105,540,0,CV009_004,330876
72106,548,0,CV009_004,331424
72107,544,0,CV009_004,331968
72108,552,0,CV009_004,332520
72109,548,0,CV009_004,333068
72110,548,0,CV009_004,333616
72111,556,0,CV009_004,334172
72112,544,0,CV009_004,334716
72113,560,0,CV009_004,335276
72114,552,0,CV009_004,335828
72115,548,0,CV009_004,336376
72116,556,0,CV009_004,336932
72117,556,0,CV009_004,337488
72118,548,0,CV009_004,338036
72119,556,0,CV009_004,338592
72120,556,0,CV009_004,339148
72121,556,0,CV009_004,339704
72122,556,0,CV009_004,340260
72123,552,0,CV009_004,340812
72124,560,0,CV009_004,341372
72125,556,0,CV009_004,341928
72126,552,0,CV009_004,342480
72127,556,0,CV009_004,343036
72128,560,0,CV009_004,343596
72129,556,0,CV009_004,344152
72130,560,0,CV009_004,344712
72131,564,0,CV009_004,345276
72132,560,0,CV009_004,345836
72133,564,0,CV009_004,346400
72134,560,0,CV009_004,346960
72135,564,0,CV009_004,347524
72136,564,0,CV009_004,348088
72137,560,0,CV009_004,348648
72138,548,0,CV009_004,349196
72139,588,0,CV009_004,349784
72140,564,0,CV009_004,350348
72141,556,0,CV009_004,350904
72142,568,0,CV009_004,351472
72143,568,0,CV009_004,352040
72144,568,0,CV009_004,352608
72145,564,0,CV009_004,353172
72146,556,0,CV009_004,353728
72147,564,0,CV009_004,354292
72148,560,0,CV009_004,354852
72149,556,0,CV009_004,355408
72150,560,0,CV009_004,355968
72151,560,0,CV009_004,356528
72152,560,0,CV009_004,357088
72153,560,0,CV009_004,357648
72154,556,0,CV009_004,358204
72155,568,0,CV009_004,358772
72156,560,0,CV009_004,359332
72157,568,0,CV009_004,359900
72158,564,0,CV009_004,360464
72159,564,0,CV009_004,361028
72160,560,0,CV009_004,361588
72161,568,0,CV009_004,362156
72162,560,0,CV009_004,362716
72163,564,0,CV009_004,363280
72164,568,0,CV009_004,363848
72165,556,0,CV009_004,364404
72166,568,0,CV009_004,364972
72167,564,0,CV009_004,365536
72168,560,0,CV009_004,366096
72169,560,0,CV009_004,366656
72170,560,0,CV009_004,367216
72171,564,0,CV009_004,367780
72172,560,0,CV009_004,368340
72173,560,0,CV009_004,368900
72174,556,0,CV009_004,369456
72175,556,0,CV009_004,370012
72176,556,0,CV009_004,370568
72177,556,0,CV009_004,371124
72178,556,0,CV009_004,371680
72179,604,1,CV009_004,372284
72180,496,0,CV009_004,372780
72181,552,0,CV009_004,373332
72182,548,0,CV009_004,373880
72183,552,0,CV009_004,374432
72184,548,0,CV009_004,374980
72185,548,0,CV009_004,375528
72186,548,0,CV009_004,376076
72187,548,0,CV009_004,376624
72188,548,0,CV009_004,377172
72189,548,0,CV009_004,377720
72190,592,1,CV009_004,378312
72191,492,0,CV009_004,378804
72192,544,0,CV009_004,379348
72193,548,0,CV009_004,379896
72194,548,0,CV009_004,380444
72195,540,0,CV009_004,380984
72196,544,0,CV009_004,381528
72197,540,0,CV009_004,382068
72198,536,0,CV009_004,382604
72199,540,0,CV009_004,383144
72200,532,0,CV009_004,383676
72201,536,0,CV009_004,384212
72202,536,0,CV009_004,384748
72203,532,0,CV009_004,385280
72204,536,0,CV009_004,385816
72205,540,0,CV009_004,386356
72206,540,0,CV009_004,386896
72207,540,0,CV009_004,387436
72208,540,0,CV009_004,387976
72209,544,0,CV009_004,388520
72210,544,0,CV009_004,389064
72211,544,0,CV009_004,389608
72212,544,0,CV009_004,390152
72213,544,0,CV009_004,390696
72214,596,1,CV009_004,391292
72215,492,0,CV009_004,391784
72216,548,0,CV009_004,392332
72217,540,0,CV009_004,392872
72218,544,0,CV009_004,393416
72219,544,0,CV009_004,393960
72220,544,0,CV009_004,394504
72221,544,0,CV009_004,395048
72222,540,0,CV009_004,395588
72223,540,0,CV009_004,396128
72224,540,0,CV009_004,396668
72225,544,0,CV009_004,397212
72226,540,0,CV009_004,397752
72227,540,0,CV009_004,398292
72228,544,0,CV009_004,398836
72229,544,0,CV009_004,399380
72230,544,0,CV009_004,399924
72231,544,0,CV009_004,400468
72232,544,0,CV009_004,401012
72233,552,0,CV009_004,401564
72234,544,0,CV009_004,402108
72235,548,0,CV009_004,402656
72236,548,0,CV009_004,403204
72237,548,0,CV009_004,403752
72238,548,0,CV009_004,404300
72239,548,0,CV009_004,404848
72240,544,0,CV009_004,405392
72241,544,0,CV009_004,405936
72242,544,0,CV009_004,406480
72243,544,0,CV009_004,407024
72244,544,0,CV009_004,407568
72245,544,0,CV009_004,408112
72246,544,0,CV009_004,408656
72247,544,0,CV009_004,409200
72248,540,0,CV009_004,409740
72249,544,0,CV009_004,410284
72250,540,0,CV009_004,410824
72251,548,0,CV009_004,411372
72252,540,0,CV009_004,411912
72253,540,0,CV009_004,412452
72254,544,0,CV009_004,412996
72255,540,0,CV009_004,413536
72256,544,0,CV009_004,414080
72257,544,0,CV009_004,414624
72258,540,0,CV009_004,415164
72259,544,0,CV009_004,415708
72260,532,0,CV009_004,416240
72261,536,0,CV009_004,416776
72262,544,0,CV009_004,417320
72263,536,0,CV009_004,417856
72264,532,0,CV009_004,418388
72265,536,0,CV009_004,418924
72266,528,0,CV009_004,419452
72267,532,0,CV009_004,419984
72268,536,0,CV009_004,420520
72269,536,0,CV009_004,421056
72270,536,0,CV009_004,421592
72271,528,0,CV009_004,422120
72272,532,0,CV009_004,422652
72273,528,0,CV009_004,423180
72274,524,0,CV009_004,423704
72275,528,0,CV009_004,424232
72276,524,0,CV009_004,424756
72277,528,0,CV009_004,425284
72278,572,1,CV009_004,425856
72279,476,0,CV009_004,426332
72280,524,0,CV009_004,426856
72281,528,0,CV009_004,427384
72282,524,0,CV009_004,427908
72283,528,0,CV009_004,428436
72284,524,0,CV009_004,428960
72285,528,0,CV009_004,429488
72286,536,0,CV009_004,430024
72287,524,0,CV009_004,430548
72288,528,0,CV009_004,431076
72289,528,0,CV009_004,431604
72290,528,0,CV009_004,432132
72291,528,0,CV009_004,432660
72292,528,0,CV009_004,433188
72293,528,0,CV009_004,433716
72294,524,0,CV009_004,434240
72295,528,0,CV009_004,434768
72296,576,1,CV009_004,435344
72297,480,0,CV009_004,435824
72298,524,0,CV009_004,436348
72299,524,0,CV009_004,436872
72300,524,0,CV009_004,437396
72301,524,0,CV009_004,437920
72302,528,0,CV009_004,438448
72303,524,0,CV009_004,438972
72304,528,0,CV009_004,439500
72305,524,0,CV009_004,440024
72306,520,0,CV009_004,440544
72307,528,0,CV009_004,441072
72308,520,0,CV009_004,441592
72309,524,0,CV009_004,442116
72310,528,0,CV009_004,442644
72311,524,0,CV009_004,443168
72312,528,0,CV009_004,443696
72313,532,0,CV009_004,444228
72314,516,0,CV009_004,444744
72315,588,1,CV009_004,445332
72316,480,0,CV009_004,445812
72317,528,0,CV009_004,446340
72318,536,0,CV009_004,446876
72319,532,0,CV009_004,447408
72320,532,0,CV009_004,447940
72321,540,0,CV009_004,448480
72322,536,0,CV009_004,449016
72323,536,0,CV009_004,449552
72324,544,0,CV009_004,450096
72325,536,0,CV009_004,450632
72326,536,0,CV009_004,451168
72327,540,0,CV009_004,451708
72328,536,0,CV009_004,452244
72329,544,0,CV009_004,452788
72330,536,0,CV009_004,453324
72331,540,0,CV009_004,453864
72332,540,0,CV009_004,454404
72333,536,0,CV009_004,454940
72334,540,0,CV009_004,455480
72335,536,0,CV009_004,456016
72336,536,0,CV009_004,456552
72337,536,0,CV009_004,457088
72338,540,0,CV009_004,457628
72339,540,0,CV009_004,458168
72340,540,0,CV009_004,458708
72341,540,0,CV009_004,459248
72342,540,0,CV009_004,459788
72343,536,0,CV009_004,460324
72344,540,0,CV009_004,460864
72345,536,0,CV009_004,461400
72346,540,0,CV009_004,461940
72347,540,0,CV009_004,462480
72348,544,0,CV009_004,463024
72349,544,0,CV009_004,463568
72350,540,0,CV009_004,464108
72351,548,0,CV009_004,464656
72352,544,0,CV009_004,465200
72353,548,0,CV009_004,465748
72354,548,0,CV009_004,466296
72355,544,0,CV009_004,466840
72356,548,0,CV009_004,467388
72357,548,0,CV009_004,467936
72358,548,0,CV009_004,468484
72359,548,0,CV009_004,469032
72360,548,0,CV009_004,469580
72361,548,0,CV009_004,470128
72362,544,0,CV009_004,470672
72363,540,0,CV009_004,471212
72364,548,0,CV009_004,471760
72365,544,0,CV009_004,472304
72366,544,0,CV009_004,472848
72367,540,0,CV009_004,473388
72368,548,0,CV009_004,473936
72369,544,0,CV009_004,474480
72370,544,0,CV009_004,475024
72371,544,0,CV009_004,475568
72372,548,0,CV009_004,476116
72373,548,0,CV009_004,476664
72374,544,0,CV009_004,477208
72375,552,0,CV009_004,477760
72376,540,0,CV009_004,478300
72377,544,0,CV009_004,478844
72378,548,0,CV009_004,479392
72379,548,0,CV009_004,479940
72380,540,0,CV009_004,480480
72381,544,0,CV009_004,481024
72382,544,0,CV009_004,481568
72383,544,0,CV009_004,482112
72384,548,0,CV009_004,482660
72385,536,0,CV009_004,483196
72386,540,0,CV009_004,483736
72387,532,0,CV009_004,484268
72388,540,0,CV009_004,484808
72389,536,0,CV009_004,485344
72390,540,0,CV009_004,485884
72391,532,0,CV009_004,486416
72392,536,0,CV009_004,486952
72393,536,0,CV009_004,487488
72394,536,0,CV009_004,488024
72395,536,0,CV009_004,488560
72396,536,0,CV009_004,489096
72397,540,0,CV009_004,489636
72398,540,0,CV009_004,490176
72399,540,0,CV009_004,490716
72400,536,0,CV009_004,491252
72401,544,0,CV009_004,491796
72402,544,0,CV009_004,492340
72403,540,0,CV009_004,492880
72404,544,0,CV009_004,493424
72405,548,0,CV009_004,493972
72406,544,0,CV009_004,494516
72407,540,0,CV009_004,495056
72408,544,0,CV009_004,495600
72409,544,0,CV009_004,496144
72410,548,0,CV009_004,496692
72411,536,0,CV009_004,497228
72412,540,0,CV009_004,497768
72413,596,1,CV009_004,498364
72414,488,0,CV009_004,498852
72415,536,0,CV009_004,499388
72416,544,0,CV009_004,499932
72417,540,0,CV009_004,500472
72418,540,0,CV009_004,501012
72419,536,0,CV009_004,501548
72420,544,0,CV009_004,502092
72421,540,0,CV009_004,502632
72422,540,0,CV009_004,503172
72423,540,0,CV009_004,503712
72424,544,0,CV009_004,504256
72425,540,0,CV009_004,504796
72426,544,0,CV009_004,505340
72427,544,0,CV009_004,505884
72428,544,0,CV009_004,506428
72429,544,0,CV009_004,506972
72430,544,0,CV009_004,507516
72431,552,0,CV009_004,508068
72432,548,0,CV009_004,508616
72433,552,0,CV009_004,509168
72434,552,0,CV009_004,509720
72435,552,0,CV009_004,510272
72436,552,0,CV009_004,510824
72437,552,0,CV009_004,511376
72438,552,0,CV009_004,511928
72439,552,0,CV009_004,512480
72440,552,0,CV009_004,513032
72441,552,0,CV009_004,513584
72442,544,0,CV009_004,514128
72443,552,0,CV009_004,514680
72444,552,0,CV009_004,515232
72445,548,0,CV009_004,515780
72446,600,1,CV009_004,516380
72447,500,0,CV009_004,516880
72448,548,0,CV009_004,517428
72449,548,0,CV009_004,517976
72450,552,0,CV009_004,518528
72451,548,0,CV009_004,519076
72452,548,0,CV009_004,519624
72453,556,0,CV009_004,520180
72454,552,0,CV009_004,520732
72455,548,0,CV009_004,521280
72456,560,0,CV009_004,521840
72457,556,0,CV009_004,522396
72458,556,0,CV009_004,522952
72459,556,0,CV009_004,523508
72460,556,0,CV009_004,524064
72461,548,0,CV009_004,524612
72462,556,0,CV009_004,525168
72463,560,0,CV009_004,525728
72464,552,0,CV009_004,526280
72465,548,0,CV009_004,526828
72466,552,0,CV009_004,527380
72467,540,0,CV009_004,527920
72468,544,0,CV009_004,528464
72469,540,0,CV009_004,529004
72470,544,0,CV009_004,529548
72471,536,0,CV009_004,530084
72472,536,0,CV009_004,530620
72473,540,0,CV009_004,531160
72474,540,0,CV009_004,531700
72475,536,0,CV009_004,532236
72476,536,0,CV009_004,532772
72477,592,1,CV009_004,533364
72478,492,0,CV009_004,533856
72479,536,0,CV009_004,534392
72480,544,0,CV009_004,534936
72481,548,0,CV009_004,535484
72482,544,0,CV009_004,536028
72483,540,0,CV009_004,536568
72484,552,0,CV009_004,537120
72485,552,0,CV009_004,537672
72486,544,0,CV009_004,538216
72487,544,0,CV009_004,538760
72488,604,1,CV009_004,539364
72489,500,0,CV009_004,539864
72490,548,0,CV009_004,540412
72491,556,0,CV009_004,540968
72492,556,0,CV009_004,541524
72493,548,0,CV009_004,542072
72494,556,0,CV009_004,542628
72495,560,0,CV009_004,543188
72496,552,0,CV009_004,543740
72497,552,0,CV009_004,544292
72498,556,0,CV009_004,544848
72499,552,0,CV009_004,545400
72500,552,0,CV009_004,545952
72501,556,0,CV009_004,546508
72502,548,0,CV009_004,547056
72503,556,0,CV009_004,547612
72504,556,0,CV009_004,548168
72505,556,0,CV009_004,548724
72506,560,0,CV009_004,549284
72507,548,0,CV009_004,549832
72508,556,0,CV009_004,550388
72509,556,0,CV009_004,550944
72510,552,0,CV009_004,551496
72511,552,0,CV009_004,552048
72512,560,0,CV009_004,552608
72513,552,0,CV009_004,553160
72514,552,0,CV009_004,553712
72515,544,0,CV009_004,554256
72516,556,0,CV009_004,554812
72517,548,0,CV009_004,555360
72518,544,0,CV009_004,555904
72519,552,0,CV009_004,556456
72520,548,0,CV009_004,557004
72521,556,0,CV009_004,557560
72522,556,0,CV009_004,558116
72523,552,0,CV009_004,558668
72524,552,0,CV009_004,559220
72525,556,0,CV009_004,559776
72526,1100,0,CV009_004,560876
72527,552,0,CV009_004,561428
72528,548,0,CV009_004,561976
72529,544,0,CV009_004,562520
72530,548,0,CV009_004,563068
72531,536,0,CV009_004,563604
72532,544,0,CV009_004,564148
72533,548,0,CV009_004,564696
72534,540,0,CV009_004,565236
72535,540,0,CV009_004,565776
72536,532,0,CV009_004,566308
72537,548,0,CV009_004,566856
72538,540,0,CV009_004,567396
72539,540,0,CV009_004,567936
72540,540,0,CV009_004,568476
72541,540,0,CV009_004,569016
72542,544,0,CV009_004,569560
72543,536,0,CV009_004,570096
72544,544,0,CV009_004,570640
72545,544,0,CV009_004,571184
72546,540,0,CV009_004,571724
72547,540,0,CV009_004,572264
72548,544,0,CV009_004,572808
72549,592,1,CV009_004,573400
72550,500,0,CV009_004,573900
72551,548,0,CV009_004,574448
72552,564,0,CV009_004,575012
72553,548,0,CV009_004,575560
72554,492,0,CV009_004,576052
72555,276,0,CV009_004,576328
72556,344,0,CV009_004,576672
72557,424,0,CV009_004,577096
72558,700,0,CV009_004,577796
72559,564,0,CV009_004,578360
72560,552,0,CV009_004,578912
72561,556,0,CV009_004,579468
72562,556,0,CV009_004,580024
72563,552,0,CV009_004,580576
72564,552,0,CV009_004,581128
72565,544,0,CV009_004,581672
72566,544,0,CV009_004,582216
72567,540,0,CV009_004,582756
72568,548,0,CV009_004,583304
72569,540,0,CV009_004,583844
72570,540,0,CV009_004,584384
72571,540,0,CV009_004,584924
72572,540,0,CV009_004,585464
72573,536,0,CV009_004,586000
72574,540,0,CV009_004,586540
72575,536,0,CV009_004,587076
72576,540,0,CV009_004,587616
72577,540,0,CV009_004,588156
72578,544,0,CV009_004,588700
72579,544,0,CV009_004,589244
72580,540,0,CV009_004,589784
72581,536,0,CV009_004,590320
72582,556,0,CV009_004,590876
72583,540,0,CV009_004,591416
72584,548,0,CV009_004,591964
72585,552,0,CV009_004,592516
72586,548,0,CV009_004,593064
72587,556,0,CV009_004,593620
72588,552,0,CV009_004,594172
72589,548,0,CV009_004,594720
72590,556,0,CV009_004,595276
72591,560,0,CV009_004,595836
72592,552,0,CV009_004,596388
72593,560,0,CV009_004,596948
72594,560,0,CV009_004,597508
72595,556,0,CV009_004,598064
72596,556,0,CV009_004,598620
72597,564,0,CV009_004,599184
72598,556,0,CV009_004,599740
72599,560,0,CV009_004,600300
72600,560,0,CV009_004,600860
72601,556,0,CV009_004,601416
72602,604,1,CV009_004,602020
72603,508,0,CV009_004,602528
72604,556,0,CV009_004,603084
72605,552,0,CV009_004,603636
72606,556,0,CV009_004,604192
72607,560,0,CV009_004,604752
72608,556,0,CV009_004,605308
72609,564,0,CV009_004,605872
72610,556,0,CV009_004,606428
72611,552,0,CV009_004,606980
72612,564,0,CV009_004,607544
72613,552,0,CV009_004,608096
72614,560,0,CV009_004,608656
72615,556,0,CV009_004,609212
72616,556,0,CV009_004,609768
72617,556,0,CV009_004,610324
72618,560,0,CV009_004,610884
72619,552,0,CV009_004,611436
72620,564,0,CV009_004,612000
72621,556,0,CV009_004,612556
72622,564,0,CV009_004,613120
72623,544,0,CV009_004,613664
72624,552,0,CV009_004,614216
72625,340,0,CV009_004,614556
72626,272,0,CV009_004,614828
72627,496,0,CV009_004,615324
72628,524,0,CV009_004,615848
72629,560,0,CV009_004,616408
72630,580,0,CV009_004,616988
72631,492,0,CV009_004,617480
72632,540,0,CV009_004,618020
72633,532,0,CV009_004,618552
72634,532,0,CV009_004,619084
72635,532,0,CV009_004,619616
72636,536,0,CV009_004,620152
72637,524,0,CV009_004,620676
72638,528,0,CV009_004,621204
72639,524,0,CV009_004,621728
72640,528,0,CV009_004,622256
72641,524,0,CV009_004,622780
72642,524,0,CV009_004,623304
72643,520,0,CV009_004,623824
72644,1044,0,CV009_004,624868
72645,1028,0,CV009_004,625896
72646,516,0,CV009_004,626412
72647,568,0,CV009_004,626980
72648,460,0,CV009_004,627440
72649,516,0,CV009_004,627956
72650,516,0,CV009_004,628472
72651,512,0,CV009_004,628984
72652,512,0,CV009_004,629496
72653,516,0,CV009_004,630012
72654,508,0,CV009_004,630520
72655,512,0,CV009_004,631032
72656,516,0,CV009_004,631548
72657,504,0,CV009_004,632052
72658,512,0,CV009_004,632564
72659,508,0,CV009_004,633072
72660,516,0,CV009_004,633588
72661,508,0,CV009_004,634096
72662,512,0,CV009_004,634608
72663,512,0,CV009_004,635120
72664,512,0,CV009_004,635632
72665,512,0,CV009_004,636144
72666,512,0,CV009_004,636656
72667,516,0,CV009_004,637172
72668,512,0,CV009_004,637684
72669,512,0,CV009_004,638196
72670,520,0,CV009_004,638716
72671,512,0,CV009_004,639228
72672,512,0,CV009_004,639740
72673,516,0,CV009_004,640256
72674,508,0,CV009_004,640764
72675,516,0,CV009_004,641280
72676,516,0,CV009_004,641796
72677,512,0,CV009_004,642308
72678,512,0,CV009_004,642820
72679,516,0,CV009_004,643336
72680,516,0,CV009_004,643852
72681,504,0,CV009_004,644356
72682,520,0,CV009_004,644876
72683,564,1,CV009_004,645440
72684,464,0,CV009_004,645904
72685,520,0,CV009_004,646424
72686,512,0,CV009_004,646936
72687,516,0,CV009_004,647452
72688,516,0,CV009_004,647968
72689,520,0,CV009_004,648488
72690,512,0,CV009_004,649000
72691,520,0,CV009_004,649520
72692,520,0,CV009_004,650040
72693,512,0,CV009_004,650552
72694,520,0,CV009_004,651072
72695,520,0,CV009_004,651592
72696,512,0,CV009_004,652104
72697,240,0,CV009_004,652344
72698,276,0,CV009_004,652620
72699,520,0,CV009_004,653140
72700,512,0,CV009_004,653652
72701,516,0,CV009_004,654168
72702,516,0,CV009_004,654684
72703,516,0,CV009_004,655200
72704,512,0,CV009_004,655712
72705,516,0,CV009_004,656228
72706,516,0,CV009_004,656744
72707,512,0,CV009_004,657256
72708,516,0,CV009_004,657772
72709,516,0,CV009_004,658288
72710,516,0,CV009_004,658804
72711,516,0,CV009_004,659320
72712,516,0,CV009_004,659836
72713,508,0,CV009_004,660344
72714,568,0,CV009_004,660912
72715,520,0,CV009_004,661432
72716,464,0,CV009_004,661896
72717,560,0,CV009_004,662456
72718,468,0,CV009_004,662924
72719,520,0,CV009_004,663444
72720,512,0,CV009_004,663956
72721,516,0,CV009_004,664472
72722,520,0,CV009_004,664992
72723,564,0,CV009_004,665556
72724,472,0,CV009_004,666028
72725,568,0,CV009_004,666596
72726,472,0,CV009_004,667068
72727,516,0,CV009_004,667584
72728,520,0,CV009_004,668104
72729,524,0,CV009_004,668628
72730,516,0,CV009_004,669144
72731,520,0,CV009_004,669664
72732,524,0,CV009_004,670188
72733,516,0,CV009_004,670704
72734,520,0,CV009_004,671224
72735,524,0,CV009_004,671748
72736,516,0,CV009_004,672264
72737,520,0,CV009_004,672784
72738,520,0,CV009_004,673304
72739,564,0,CV009_004,673868
72740,476,0,CV009_004,674344
72741,520,0,CV009_004,674864
72742,568,0,CV009_004,675432
72743,1040,0,CV009_004,676472
72744,472,0,CV009_004,676944
72745,520,0,CV009_004,677464
72746,520,0,CV009_004,677984
72747,528,0,CV009_004,678512
72748,520,0,CV009_004,679032
72749,524,0,CV009_004,679556
72750,528,0,CV009_004,680084
72751,520,0,CV009_004,680604
72752,528,0,CV009_004,681132
72753,524,0,CV009_004,681656
72754,524,0,CV009_004,682180
72755,524,0,CV009_004,682704
72756,528,0,CV009_004,683232
72757,524,0,CV009_004,683756
72758,524,0,CV009_004,684280
72759,516,0,CV009_004,684796
72760,572,1,CV009_004,685368
72761,476,0,CV009_004,685844
72762,520,0,CV009_004,686364
72763,524,0,CV009_004,686888
72764,572,1,CV009_004,687460
72765,472,0,CV009_004,687932
72766,524,0,CV009_004,688456
72767,528,0,CV009_004,688984
72768,520,0,CV009_004,689504
72769,524,0,CV009_004,690028
72770,524,0,CV009_004,690552
72771,524,0,CV009_004,691076
72772,524,0,CV009_004,691600
72773,524,0,CV009_004,692124
72774,528,0,CV009_004,692652
72775,520,0,CV009_004,693172
72776,524,0,CV009_004,693696
72777,524,0,CV009_004,694220
72778,528,0,CV009_004,694748
72779,516,0,CV009_004,695264
72780,572,0,CV009_004,695836
72781,528,0,CV009_004,696364
72782,464,0,CV009_004,696828
72783,528,0,CV009_004,697356
72784,516,0,CV009_004,697872
72785,1044,0,CV009_004,698916
72786,568,0,CV009_004,699484
72787,472,0,CV009_004,699956
72788,520,0,CV009_004,700476
72789,524,0,CV009_004,701000
72790,520,0,CV009_004,701520
72791,520,0,CV009_004,702040
72792,524,0,CV009_004,702564
72793,520,0,CV009_004,703084
72794,520,0,CV009_004,703604
72795,524,0,CV009_004,704128
72796,524,0,CV009_004,704652
72797,520,0,CV009_004,705172
72798,520,0,CV009_004,705692
72799,528,0,CV009_004,706220
72800,520,0,CV009_004,706740
72801,520,0,CV009_004,707260
72802,528,0,CV009_004,707788
72803,520,0,CV009_004,708308
72804,520,0,CV009_004,708828
72805,528,0,CV009_004,709356
72806,516,0,CV009_004,709872
72807,504,0,CV009_004,710376
72808,536,0,CV009_004,710912
72809,568,1,CV009_004,711480
72810,472,0,CV009_004,711952
72811,520,0,CV009_004,712472
72812,520,0,CV009_004,712992
72813,524,0,CV009_004,713516
72814,516,0,CV009_004,714032
72815,520,0,CV009_004,714552
72816,524,0,CV009_004,715076
72817,520,0,CV009_004,715596
72818,524,0,CV009_004,716120
72819,520,0,CV009_004,716640
72820,524,0,CV009_004,717164
72821,520,0,CV009_004,717684
72822,520,0,CV009_004,718204
72823,524,0,CV009_004,718728
72824,572,1,CV009_004,719300
72825,476,0,CV009_004,719776
72826,524,0,CV009_004,720300
72827,520,0,CV009_004,720820
72828,524,0,CV009_004,721344
72829,532,0,CV009_004,721876
72830,504,0,CV009_004,722380
72831,540,0,CV009_004,722920
72832,528,0,CV009_004,723448
72833,528,0,CV009_004,723976
72834,520,0,CV009_004,724496
72835,528,0,CV009_004,725024
72836,528,0,CV009_004,725552
72837,524,0,CV009_004,726076
72838,524,0,CV009_004,726600
72839,528,0,CV009_004,727128
72840,520,0,CV009_004,727648
72841,524,0,CV009_004,728172
72842,528,0,CV009_004,728700
72843,576,1,CV009_004,729276
72844,472,0,CV009_004,729748
72845,528,0,CV009_004,730276
72846,532,0,CV009_004,730808
72847,520,0,CV009_004,731328
72848,528,0,CV009_004,731856
72849,532,0,CV009_004,732388
72850,524,0,CV009_004,732912
72851,580,1,CV009_004,733492
72852,480,0,CV009_004,733972
72853,536,0,CV009_004,734508
72854,524,0,CV009_004,735032
72855,532,0,CV009_004,735564
72856,532,0,CV009_004,736096
72857,524,0,CV009_004,736620
72858,532,0,CV009_004,737152
72859,528,0,CV009_004,737680
72860,524,0,CV009_004,738204
72861,528,0,CV009_004,738732
72862,532,0,CV009_004,739264
72863,524,0,CV009_004,739788
72864,528,0,CV009_004,740316
72865,528,0,CV009_004,740844
72866,528,0,CV009_004,741372
72867,528,0,CV009_004,741900
72868,584,1,CV009_004,742484
72869,472,0,CV009_004,742956
72870,532,0,CV009_004,743488
72871,536,0,CV009_004,744024
72872,528,0,CV009_004,744552
72873,528,0,CV009_004,745080
72874,532,0,CV009_004,745612
72875,532,0,CV009_004,746144
72876,524,0,CV009_004,746668
72877,580,1,CV009_004,747248
72878,484,0,CV009_004,747732
72879,532,0,CV009_004,748264
72880,524,0,CV009_004,748788
72881,532,0,CV009_004,749320
72882,532,0,CV009_004,749852
72883,532,0,CV009_004,750384
72884,528,0,CV009_004,750912
72885,580,1,CV009_004,751492
72886,480,0,CV009_004,751972
72887,528,0,CV009_004,752500
72888,536,0,CV009_004,753036
72889,536,0,CV009_004,753572
72890,528,0,CV009_004,754100
72891,536,0,CV009_004,754636
72892,580,1,CV009_004,755216
72893,492,0,CV009_004,755708
72894,528,0,CV009_004,756236
72895,536,0,CV009_004,756772
72896,540,0,CV009_004,757312
72897,536,0,CV009_004,757848
72898,540,0,CV009_004,758388
72899,536,0,CV009_004,758924
72900,592,1,CV009_004,759516
72901,484,0,CV009_004,760000
72902,540,0,CV009_004,760540
72903,540,0,CV009_004,761080
72904,536,0,CV009_004,761616
72905,540,0,CV009_004,762156
72906,544,0,CV009_004,762700
72907,532,0,CV009_004,763232
72908,536,0,CV009_004,763768
72909,540,0,CV009_004,764308
72910,536,0,CV009_004,764844
72911,540,0,CV009_004,765384
72912,540,0,CV009_004,765924
72913,576,1,CV009_004,766500
72914,492,0,CV009_004,766992
72915,532,0,CV009_004,767524
72916,540,0,CV009_004,768064
72917,540,0,CV009_004,768604
72918,588,1,CV009_004,769192
72919,488,0,CV009_004,769680
72920,536,0,CV009_004,770216
72921,540,0,CV009_004,770756
72922,528,0,CV009_004,771284
72923,536,0,CV009_004,771820
72924,536,0,CV009_004,772356
72925,532,0,CV009_004,772888
72926,524,0,CV009_004,773412
72927,548,0,CV009_004,773960
72928,528,0,CV009_004,774488
72929,532,0,CV009_004,775020
72930,536,0,CV009_004,775556
72931,532,0,CV009_004,776088
72932,532,0,CV009_004,776620
72933,540,0,CV009_004,777160
72934,532,0,CV009_004,777692
72935,532,0,CV009_004,778224
72936,540,0,CV009_004,778764
72937,532,0,CV009_004,779296
72938,536,0,CV009_004,779832
72939,540,0,CV009_004,780372
72940,536,0,CV009_004,780908
72941,1068,0,CV009_004,781976
72942,532,0,CV009_004,782508
72943,540,0,CV009_004,783048
72944,524,0,CV009_004,783572
72945,536,0,CV009_004,784108
72946,580,1,CV009_004,784688
72947,488,0,CV009_004,785176
72948,532,0,CV009_004,785708
72949,536,0,CV009_004,786244
72950,532,0,CV009_004,786776
72951,532,0,CV009_004,787308
72952,528,0,CV009_004,787836
72953,532,0,CV009_004,788368
72954,528,0,CV009_004,788896
72955,520,0,CV009_004,789416
72956,544,0,CV009_004,789960
72957,532,0,CV009_004,790492
72958,584,0,CV009_004,791076
72959,480,0,CV009_004,791556
72960,524,0,CV009_004,792080
72961,592,0,CV009_004,792672
72962,484,0,CV009_004,793156
72963,528,0,CV009_004,793684
72964,532,0,CV009_004,794216
72965,536,0,CV009_004,794752
72966,524,0,CV009_004,795276
72967,528,0,CV009_004,795804
72968,536,0,CV009_004,796340
72969,532,0,CV009_004,796872
72970,528,0,CV009_004,797400
72971,532,0,CV009_004,797932
72972,588,1,CV009_004,798520
72973,476,0,CV009_004,798996
72974,536,0,CV009_004,799532
72975,536,0,CV009_004,800068
72976,540,0,CV009_004,800608
72977,544,0,CV009_004,801152
72978,540,0,CV009_004,801692
72979,544,0,CV009_004,802236
72980,544,0,CV009_004,802780
72981,540,0,CV009_004,803320
72982,544,0,CV009_004,803864
72983,540,0,CV009_004,804404
72984,540,0,CV009_004,804944
72985,584,1,CV009_004,805528
72986,488,0,CV009_004,806016
72987,528,0,CV009_004,806544
72988,532,0,CV009_004,807076
72989,532,0,CV009_004,807608
72990,528,0,CV009_004,808136
72991,524,0,CV009_004,808660
72992,528,0,CV009_004,809188
72993,524,0,CV009_004,809712
72994,524,0,CV009_004,810236
72995,520,0,CV009_004,810756
72996,524,0,CV009_004,811280
72997,528,0,CV009_004,811808
72998,516,0,CV009_004,812324
72999,524,0,CV009_004,812848
73000,524,0,CV009_004,813372
73001,516,0,CV009_004,813888
73002,524,0,CV009_004,814412
73003,524,0,CV009_004,814936
73004,564,0,CV009_004,815500
73005,476,0,CV009_004,815976
73006,572,0,CV009_004,816548
73007,476,0,CV009_004,817024
73008,524,0,CV009_004,817548
73009,576,0,CV009_004,818124
73010,524,0,CV009_004,818648
73011,476,0,CV009_004,819124
73012,524,0,CV009_004,819648
73013,524,0,CV009_004,820172
73014,524,0,CV009_004,820696
73015,528,0,CV009_004,821224
73016,528,0,CV009_004,821752
73017,520,0,CV009_004,822272
73018,528,0,CV009_004,822800
73019,528,0,CV009_004,823328
73020,524,0,CV009_004,823852
73021,524,0,CV009_004,824376
73022,524,0,CV009_004,824900
73023,532,0,CV009_004,825432
73024,524,0,CV009_004,825956
73025,572,1,CV009_004,826528
73026,480,0,CV009_004,827008
73027,528,0,CV009_004,827536
73028,528,0,CV009_004,828064
73029,532,0,CV009_004,828596
73030,536,0,CV009_004,829132
73031,540,0,CV009_004,829672
73032,544,0,CV009_004,830216
73033,536,0,CV009_004,830752
73034,532,0,CV009_004,831284
73035,536,0,CV009_004,831820
73036,532,0,CV009_004,832352
73037,532,0,CV009_004,832884
73038,532,0,CV009_004,833416
73039,536,0,CV009_004,833952
73040,576,0,CV009_004,834528
73041,476,0,CV009_004,835004
73042,576,0,CV009_004,835580
73043,484,0,CV009_004,836064
73044,520,0,CV009_004,836584
73045,536,0,CV009_004,837120
73046,520,0,CV009_004,837640
73047,524,0,CV009_004,838164
73048,528,0,CV009_004,838692
73049,524,0,CV009_004,839216
73050,528,0,CV009_004,839744
73051,524,0,CV009_004,840268
73052,536,0,CV009_004,840804
73053,524,0,CV009_004,841328
73054,524,0,CV009_004,841852
73055,532,0,CV009_004,842384
73056,524,0,CV009_004,842908
73057,528,0,CV009_004,843436
73058,528,0,CV009_004,843964
73059,584,1,CV009_004,844548
73060,476,0,CV009_004,845024
73061,528,0,CV009_004,845552
73062,540,0,CV009_004,846092
73063,536,0,CV009_004,846628
73064,540,0,CV009_004,847168
73065,544,0,CV009_004,847712
73066,540,0,CV009_004,848252
73067,552,0,CV009_004,848804
73068,544,0,CV009_004,849348
73069,548,0,CV009_004,849896
73070,552,0,CV009_004,850448
73071,604,0,CV009_004,851052
73072,500,0,CV009_004,851552
73073,544,0,CV009_004,852096
73074,596,0,CV009_004,852692
73075,504,0,CV009_004,853196
73076,552,0,CV009_004,853748
73077,548,0,CV009_004,854296
73078,556,0,CV009_004,854852
73079,560,0,CV009_004,855412
73080,548,0,CV009_004,855960
73081,568,0,CV009_004,856528
73082,564,0,CV009_004,857092
73083,560,0,CV009_004,857652
73084,564,0,CV009_004,858216
73085,560,0,CV009_004,858776
73086,564,0,CV009_004,859340
73087,560,0,CV009_004,859900
73088,560,0,CV009_004,860460
73089,576,0,CV009_004,861036
73090,1120,0,CV009_004,862156
73091,564,0,CV009_004,862720
73092,560,0,CV009_004,863280
73093,556,0,CV009_004,863836
73094,548,0,CV009_004,864384
73095,556,0,CV009_004,864940
73096,604,1,CV009_004,865544
73097,500,0,CV009_004,866044
73098,560,0,CV009_004,866604
73099,560,0,CV009_004,867164
73100,556,0,CV009_004,867720
73101,560,0,CV009_004,868280
73102,560,0,CV009_004,868840
73103,564,0,CV009_004,869404
73104,560,0,CV009_004,869964
73105,568,0,CV009_004,870532
73106,564,0,CV009_004,871096
73107,564,0,CV009_004,871660
73108,564,0,CV009_004,872224
73109,564,0,CV009_004,872788
73110,560,0,CV009_004,873348
73111,568,0,CV009_004,873916
73112,612,1,CV009_004,874528
73113,516,0,CV009_004,875044
73114,560,0,CV009_004,875604
73115,560,0,CV009_004,876164
73116,556,0,CV009_004,876720
73117,556,0,CV009_004,877276
73118,564,0,CV009_004,877840
73119,564,0,CV009_004,878404
73120,604,1,CV009_004,879008
73121,520,0,CV009_004,879528
73122,564,0,CV009_004,880092
73123,560,0,CV009_004,880652
73124,576,0,CV009_004,881228
73125,564,0,CV009_004,881792
73126,564,0,CV009_004,882356
73127,556,0,CV009_004,882912
73128,636,1,CV009_004,883548
73129,504,0,CV009_004,884052
73130,560,0,CV009_004,884612
73131,572,0,CV009_004,885184
73132,568,0,CV009_004,885752
73133,560,0,CV009_004,886312
73134,564,0,CV009_004,886876
73135,576,0,CV009_004,887452
73136,564,0,CV009_004,888016
73137,572,0,CV009_004,888588
73138,564,0,CV009_004,889152
73139,564,0,CV009_004,889716
73140,564,0,CV009_004,890280
73141,572,0,CV009_004,890852
73142,564,0,CV009_004,891416
73143,560,0,CV009_004,891976
73144,576,0,CV009_004,892552
73145,564,0,CV009_004,893116
73146,564,0,CV009_004,893680
73147,572,0,CV009_004,894252
73148,568,0,CV009_004,894820
73149,576,0,CV009_004,895396
73150,576,0,CV009_004,895972
73151,572,0,CV009_004,896544
73152,576,0,CV009_004,897120
73153,576,0,CV009_004,897696
73154,584,0,CV009_004,898280
73155,580,0,CV009_004,898860
73156,580,0,CV009_004,899440
73157,580,0,CV009_004,900020
73158,576,0,CV009_004,900596
73159,580,0,CV009_004,901176
73160,580,0,CV009_004,901756
73161,580,0,CV009_004,902336
73162,580,0,CV009_004,902916
73163,564,0,CV009_004,903480
73164,592,0,CV009_004,904072
73165,576,0,CV009_004,904648
73166,572,0,CV009_004,905220
73167,572,0,CV009_004,905792
73168,572,0,CV009_004,906364
73169,576,0,CV009_004,906940
73170,620,1,CV009_004,907560
73171,520,0,CV009_004,908080
73172,580,0,CV009_004,908660
73173,576,0,CV009_004,909236
73174,568,0,CV009_004,909804
73175,576,0,CV009_004,910380
73176,568,0,CV009_004,910948
73177,616,1,CV009_004,911564
73178,520,0,CV009_004,912084
73179,564,0,CV009_004,912648
73180,564,0,CV009_004,913212
73181,572,0,CV009_004,913784
73182,564,0,CV009_004,914348
73183,564,0,CV009_004,914912
73184,572,0,CV009_004,915484
73185,568,0,CV009_004,916052
73186,564,0,CV009_004,916616
73187,568,0,CV009_004,917184
73188,568,0,CV009_004,917752
73189,568,0,CV009_004,918320
73190,564,0,CV009_004,918884
73191,568,0,CV009_004,919452
73192,560,0,CV009_004,920012
73193,572,0,CV009_004,920584
73194,568,0,CV009_004,921152
73195,564,0,CV009_004,921716
73196,560,0,CV009_004,922276
73197,576,0,CV009_004,922852
73198,564,0,CV009_004,923416
73199,568,0,CV009_004,923984
73200,568,0,CV009_004,924552
73201,564,0,CV009_004,925116
73202,560,0,CV009_004,925676
73203,572,0,CV009_004,926248
73204,564,0,CV009_004,926812
73205,556,0,CV009_004,927368
73206,564,0,CV009_004,927932
73207,560,0,CV009_004,928492
73208,560,0,CV009_004,929052
73209,564,0,CV009_004,929616
73210,568,0,CV009_004,930184
73211,564,0,CV009_004,930748
73212,560,0,CV009_004,931308
73213,564,0,CV009_004,931872
73214,564,0,CV009_004,932436
73215,560,0,CV009_004,932996
73216,616,1,CV009_004,933612
73217,512,0,CV009_004,934124
73218,560,0,CV009_004,934684
73219,564,0,CV009_004,935248
73220,564,0,CV009_004,935812
73221,568,0,CV009_004,936380
73222,560,0,CV009_004,936940
73223,632,1,CV009_004,937572
73224,508,0,CV009_004,938080
73225,572,0,CV009_004,938652
73226,568,0,CV009_004,939220
73227,576,0,CV009_004,939796
73228,568,0,CV009_004,940364
73229,568,0,CV009_004,940932
73230,568,0,CV009_004,941500
73231,576,0,CV009_004,942076
73232,564,0,CV009_004,942640
73233,580,0,CV009_004,943220
73234,572,0,CV009_004,943792
73235,568,0,CV009_004,944360
73236,576,0,CV009_004,944936
73237,564,0,CV009_004,945500
73238,568,0,CV009_004,946068
73239,572,0,CV009_004,946640
73240,564,0,CV009_004,947204
73241,572,0,CV009_004,947776
73242,564,0,CV009_004,948340
73243,572,0,CV009_004,948912
73244,568,0,CV009_004,949480
73245,568,0,CV009_004,950048
73246,564,0,CV009_004,950612
73247,564,0,CV009_004,951176
73248,568,0,CV009_004,951744
73249,612,1,CV009_004,952356
73250,512,0,CV009_004,952868
73251,568,0,CV009_004,953436
73252,564,0,CV009_004,954000
73253,572,0,CV009_004,954572
73254,564,0,CV009_004,955136
73255,568,0,CV009_004,955704
73256,564,0,CV009_004,956268
73257,572,0,CV009_004,956840
73258,568,0,CV009_004,957408
73259,568,0,CV009_004,957976
73260,624,1,CV009_004,958600
73261,520,0,CV009_004,959120
73262,568,0,CV009_004,959688
73263,572,0,CV009_004,960260
73264,568,0,CV009_004,960828
73265,572,0,CV009_004,961400
73266,568,0,CV009_004,961968
73267,620,1,CV009_004,962588
73268,520,0,CV009_004,963108
73269,564,0,CV009_004,963672
73270,572,0,CV009_004,964244
73271,560,0,CV009_004,964804
73272,568,0,CV009_004,965372
73273,572,0,CV009_004,965944
73274,568,0,CV009_004,966512
73275,572,0,CV009_004,967084
73276,568,0,CV009_004,967652
73277,564,0,CV009_004,968216
73278,564,0,CV009_004,968780
73279,556,0,CV009_004,969336
73280,556,0,CV009_004,969892
73281,552,0,CV009_004,970444
73282,556,0,CV009_004,971000
73283,600,1,CV009_004,971600
73284,500,0,CV009_004,972100
73285,556,0,CV009_004,972656
73286,552,0,CV009_004,973208
73287,548,0,CV009_004,973756
73288,560,0,CV009_004,974316
73289,560,0,CV009_004,974876
73290,556,0,CV009_004,975432
73291,564,0,CV009_004,975996
73292,616,0,CV009_004,976612
73293,508,0,CV009_004,977120
73294,564,0,CV009_004,977684
73295,612,0,CV009_004,978296
73296,512,0,CV009_004,978808
73297,564,0,CV009_004,979372
73298,564,0,CV009_004,979936
73299,564,0,CV009_004,980500
73300,560,0,CV009_004,981060
73301,560,0,CV009_004,981620
73302,564,0,CV009_004,982184
73303,616,1,CV009_004,982800
73304,504,0,CV009_004,983304
73305,564,0,CV009_004,983868
73306,560,0,CV009_004,984428
73307,560,0,CV009_004,984988
73308,620,1,CV009_004,985608
73309,516,0,CV009_004,986124
73310,560,0,CV009_004,986684
73311,568,0,CV009_004,987252
73312,568,0,CV009_004,987820
73313,564,0,CV009_004,988384
73314,564,0,CV009_004,988948
73315,572,0,CV009_004,989520
73316,568,0,CV009_004,990088
73317,572,0,CV009_004,990660
73318,624,1,CV009_004,991284
73319,520,0,CV009_004,991804
73320,568,0,CV009_004,992372
73321,576,0,CV009_004,992948
73322,572,0,CV009_004,993520
73323,568,0,CV009_004,994088
73324,580,0,CV009_004,994668
73325,620,1,CV009_004,995288
73326,520,0,CV009_004,995808
73327,564,0,CV009_004,996372
73328,580,0,CV009_004,996952
73329,572,0,CV009_004,997524
73330,572,0,CV009_004,998096
73331,576,0,CV009_004,998672
73332,572,0,CV009_004,999244
73333,572,0,CV009_004,999816
73334,580,0,CV009_004,1000396
73335,576,0,CV009_004,1000972
73336,564,0,CV009_004,1001536
73337,592,0,CV009_004,1002128
73338,568,0,CV009_004,1002696
73339,580,0,CV009_004,1003276
73340,580,0,CV009_004,1003856
73341,576,0,CV009_004,1004432
73342,572,0,CV009_004,1005004
73343,632,1,CV009_004,1005636
73344,524,0,CV009_004,1006160
73345,576,0,CV009_004,1006736
73346,580,0,CV009_004,1007316
73347,580,0,CV009_004,1007896
73348,576,0,CV009_004,1008472
73349,580,0,CV009_004,1009052
73350,580,0,CV009_004,1009632
73351,572,0,CV009_004,1010204
73352,580,0,CV009_004,1010784
73353,576,0,CV009_004,1011360
73354,572,0,CV009_004,1011932
73355,576,0,CV009_004,1012508
73356,576,0,CV009_004,1013084
73357,564,0,CV009_004,1013648
73358,576,0,CV009_004,1014224
73359,576,0,CV009_004,1014800
73360,564,0,CV009_004,1015364
73361,572,0,CV009_004,1015936
73362,572,0,CV009_004,1016508
73363,564,0,CV009_004,1017072
73364,572,0,CV009_004,1017644
73365,568,0,CV009_004,1018212
73366,560,0,CV009_004,1018772
73367,572,0,CV009_004,1019344
73368,564,0,CV009_004,1019908
73369,564,0,CV009_004,1020472
73370,572,0,CV009_004,1021044
73371,564,0,CV009_004,1021608
73372,620,0,CV009_004,1022228
73373,564,0,CV009_004,1022792
73374,512,0,CV009_004,1023304
73375,568,0,CV009_004,1023872
73376,564,0,CV009_004,1024436
73377,568,0,CV009_004,1025004
73378,624,1,CV009_004,1025628
73379,508,0,CV009_004,1026136
73380,568,0,CV009_004,1026704
73381,572,0,CV009_004,1027276
73382,572,0,CV009_004,1027848
73383,568,0,CV009_004,1028416
73384,564,0,CV009_004,1028980
73385,556,0,CV009_004,1029536
73386,584,0,CV009_004,1030120
73387,572,0,CV009_004,1030692
73388,568,0,CV009_004,1031260
73389,576,0,CV009_004,1031836
73390,564,0,CV009_004,1032400
73391,576,0,CV009_004,1032976
73392,568,0,CV009_004,1033544
73393,572,0,CV009_004,1034116
73394,568,0,CV009_004,1034684
73395,576,0,CV009_004,1035260
73396,568,0,CV009_004,1035828
73397,572,0,CV009_004,1036400
73398,576,0,CV009_004,1036976
73399,568,0,CV009_004,1037544
73400,568,0,CV009_004,1038112
73401,576,0,CV009_004,1038688
73402,576,0,CV009_004,1039264
73403,568,0,CV009_004,1039832
73404,576,0,CV009_004,1040408
73405,580,0,CV009_004,1040988
73406,560,0,CV009_004,1041548
73407,600,0,CV009_004,1042148
73408,580,0,CV009_004,1042728
73409,580,0,CV009_004,1043308
73410,580,0,CV009_004,1043888
73411,580,0,CV009_004,1044468
73412,580,0,CV009_004,1045048
73413,580,0,CV009_004,1045628
73414,584,0,CV009_004,1046212
73415,580,0,CV009_004,1046792
73416,580,0,CV009_004,1047372
73417,580,0,CV009_004,1047952
73418,580,0,CV009_004,1048532
73419,580,0,CV009_004,1049112
73420,584,0,CV009_004,1049696
73421,576,0,CV009_004,1050272
73422,580,0,CV009_004,1050852
73423,580,0,CV009_004,1051432
73424,572,0,CV009_004,1052004
73425,576,0,CV009_004,1052580
73426,576,0,CV009_004,1053156
73427,572,0,CV009_004,1053728
73428,576,0,CV009_004,1054304
73429,576,0,CV009_004,1054880
73430,572,0,CV009_004,1055452
73431,580,0,CV009_004,1056032
73432,628,1,CV009_004,1056660
73433,524,0,CV009_004,1057184
73434,580,0,CV009_004,1057764
73435,576,0,CV009_004,1058340
73436,576,0,CV009_004,1058916
73437,580,0,CV009_004,1059496
73438,568,0,CV009_004,1060064
73439,584,0,CV009_004,1060648
73440,580,0,CV009_004,1061228
73441,576,0,CV009_004,1061804
73442,580,0,CV009_004,1062384
73443,580,0,CV009_004,1062964
73444,580,0,CV009_004,1063544
73445,580,0,CV009_004,1064124
73446,568,0,CV009_004,1064692
73447,580,0,CV009_004,1065272
73448,584,0,CV009_004,1065856
73449,580,0,CV009_004,1066436
73450,580,0,CV009_004,1067016
73451,632,1,CV009_004,1067648
73452,524,0,CV009_004,1068172
73453,580,0,CV009_004,1068752
73454,576,0,CV009_004,1069328
73455,568,0,CV009_004,1069896
73456,568,0,CV009_004,1070464
73457,568,0,CV009_004,1071032
73458,620,1,CV009_004,1071652
73459,508,0,CV009_004,1072160
73460,564,0,CV009_004,1072724
73461,572,0,CV009_004,1073296
73462,560,0,CV009_004,1073856
73463,564,0,CV009_004,1074420
73464,560,0,CV009_004,1074980
73465,560,0,CV009_004,1075540
73466,560,0,CV009_004,1076100
73467,560,0,CV009_004,1076660
73468,560,0,CV009_004,1077220
73469,556,0,CV009_004,1077776
73470,560,0,CV009_004,1078336
73471,548,0,CV009_004,1078884
73472,564,0,CV009_004,1079448
73473,560,0,CV009_004,1080008
73474,560,0,CV009_004,1080568
73475,572,0,CV009_004,1081140
73476,564,0,CV009_004,1081704
73477,564,0,CV009_004,1082268
73478,576,0,CV009_004,1082844
73479,564,0,CV009_004,1083408
73480,572,0,CV009_004,1083980
73481,572,0,CV009_004,1084552
73482,576,0,CV009_004,1085128
73483,572,0,CV009_004,1085700
73484,568,0,CV009_004,1086268
73485,580,0,CV009_004,1086848
73486,580,0,CV009_004,1087428
73487,572,0,CV009_004,1088000
73488,572,0,CV009_004,1088572
73489,580,0,CV009_004,1089152
73490,572,0,CV009_004,1089724
73491,580,0,CV009_004,1090304
73492,572,0,CV009_004,1090876
73493,572,0,CV009_004,1091448
73494,568,0,CV009_004,1092016
73495,636,1,CV009_004,1092652
73496,508,0,CV009_004,1093160
73497,572,0,CV009_004,1093732
73498,568,0,CV009_004,1094300
73499,568,0,CV009_004,1094868
73500,568,0,CV009_004,1095436
73501,564,0,CV009_004,1096000
73502,572,0,CV009_004,1096572
73503,568,0,CV009_004,1097140
73504,576,0,CV009_004,1097716
73505,564,0,CV009_004,1098280
73506,564,0,CV009_004,1098844
73507,576,0,CV009_004,1099420
73508,568,0,CV009_004,1099988
73509,572,0,CV009_004,1100560
73510,568,0,CV009_004,1101128
73511,572,0,CV009_004,1101700
73512,568,0,CV009_004,1102268
73513,572,0,CV009_004,1102840
73514,568,0,CV009_004,1103408
73515,568,0,CV009_004,1103976
73516,568,0,CV009_004,1104544
73517,572,0,CV009_004,1105116
73518,568,0,CV009_004,1105684
73519,568,0,CV009_004,1106252
73520,576,0,CV009_004,1106828
73521,564,0,CV009_004,1107392
73522,572,0,CV009_004,1107964
73523,568,0,CV009_004,1108532
73524,576,0,CV009_004,1109108
73525,564,0,CV009_004,1109672
73526,572,0,CV009_004,1110244
73527,568,0,CV009_004,1110812
73528,576,0,CV009_004,1111388
73529,568,0,CV009_004,1111956
73530,576,0,CV009_004,1112532
73531,576,0,CV009_004,1113108
73532,572,0,CV009_004,1113680
73533,576,0,CV009_004,1114256
73534,580,0,CV009_004,1114836
73535,572,0,CV009_004,1115408
73536,624,1,CV009_004,1116032
73537,532,0,CV009_004,1116564
73538,572,0,CV009_004,1117136
73539,576,0,CV009_004,1117712
73540,576,0,CV009_004,1118288
73541,568,0,CV009_004,1118856
73542,576,0,CV009_004,1119432
73543,572,0,CV009_004,1120004
73544,572,0,CV009_004,1120576
73545,576,0,CV009_004,1121152
73546,580,0,CV009_004,1121732
73547,568,0,CV009_004,1122300
73548,576,0,CV009_004,1122876
73549,576,0,CV009_004,1123452
73550,580,0,CV009_004,1124032
73551,628,1,CV009_004,1124660
73552,536,0,CV009_004,1125196
73553,576,0,CV009_004,1125772
73554,584,0,CV009_004,1126356
73555,584,0,CV009_004,1126940
73556,588,0,CV009_004,1127528
73557,580,0,CV009_004,1128108
73558,584,0,CV009_004,1128692
73559,584,0,CV009_004,1129276
73560,580,0,CV009_004,1129856
73561,580,0,CV009_004,1130436
73562,584,0,CV009_004,1131020
73563,1160,0,CV009_004,1132180
73564,584,0,CV009_004,1132764
73565,580,0,CV009_004,1133344
73566,576,0,CV009_004,1133920
73567,584,0,CV009_004,1134504
73568,576,0,CV009_004,1135080
73569,576,0,CV009_004,1135656
73570,568,0,CV009_004,1136224
73571,580,0,CV009_004,1136804
73572,576,0,CV009_004,1137380
73573,576,0,CV009_004,1137956
73574,580,0,CV009_004,1138536
73575,580,0,CV009_004,1139116
73576,576,0,CV009_004,1139692
73577,584,0,CV009_004,1140276
73578,572,0,CV009_004,1140848
73579,572,0,CV009_004,1141420
73580,580,0,CV009_004,1142000
73581,576,0,CV009_004,1142576
73582,568,0,CV009_004,1143144
73583,580,0,CV009_004,1143724
73584,572,0,CV009_004,1144296
73585,576,0,CV009_004,1144872
73586,572,0,CV009_004,1145444
73587,576,0,CV009_004,1146020
73588,572,0,CV009_004,1146592
73589,572,0,CV009_004,1147164
73590,576,0,CV009_004,1147740
73591,580,0,CV009_004,1148320
73592,576,0,CV009_004,1148896
73593,572,0,CV009_004,1149468
73594,576,0,CV009_004,1150044
73595,640,1,CV009_004,1150684
73596,524,0,CV009_004,1151208
73597,580,0,CV009_004,1151788
73598,588,0,CV009_004,1152376
73599,576,0,CV009_004,1152952
73600,576,0,CV009_004,1153528
73601,580,0,CV009_004,1154108
73602,576,0,CV009_004,1154684
73603,572,0,CV009_004,1155256
73604,576,0,CV009_004,1155832
73605,576,0,CV009_004,1156408
73606,572,0,CV009_004,1156980
73607,572,0,CV009_004,1157552
73608,572,0,CV009_004,1158124
73609,572,0,CV009_004,1158696
73610,572,0,CV009_004,1159268
73611,568,0,CV009_004,1159836
73612,624,1,CV009_004,1160460
73613,524,0,CV009_004,1160984
73614,568,0,CV009_004,1161552
73615,576,0,CV009_004,1162128
73616,576,0,CV009_004,1162704
73617,572,0,CV009_004,1163276
73618,580,0,CV009_004,1163856
73619,576,0,CV009_004,1164432
73620,576,0,CV009_004,1165008
73621,572,0,CV009_004,1165580
73622,580,0,CV009_004,1166160
73623,576,0,CV009_004,1166736
73624,576,0,CV009_004,1167312
73625,584,0,CV009_004,1167896
73626,576,0,CV009_004,1168472
73627,572,0,CV009_004,1169044
73628,576,0,CV009_004,1169620
73629,596,0,CV009_004,1170216
73630,576,0,CV009_004,1170792
73631,1160,0,CV009_004,1171952
73632,580,0,CV009_004,1172532
73633,576,0,CV009_004,1173108
73634,576,0,CV009_004,1173684
73635,572,0,CV009_004,1174256
73636,568,0,CV009_004,1174824
73637,576,0,CV009_004,1175400
73638,568,0,CV009_004,1175968
73639,572,0,CV009_004,1176540
73640,576,0,CV009_004,1177116
73641,572,0,CV009_004,1177688
73642,576,0,CV009_004,1178264
73643,580,0,CV009_004,1178844
73644,580,0,CV009_004,1179424
73645,576,0,CV009_004,1180000
73646,580,0,CV009_004,1180580
73647,580,0,CV009_004,1181160
73648,580,0,CV009_004,1181740
73649,584,0,CV009_004,1182324
73650,580,0,CV009_004,1182904
73651,580,0,CV009_004,1183484
73652,580,0,CV009_004,1184064
73653,640,1,CV009_004,1184704
73654,532,0,CV009_004,1185236
73655,584,0,CV009_004,1185820
73656,580,0,CV009_004,1186400
73657,576,0,CV009_004,1186976
73658,580,0,CV009_004,1187556
73659,580,0,CV009_004,1188136
73660,576,0,CV009_004,1188712
73661,584,0,CV009_004,1189296
73662,584,0,CV009_004,1189880
73663,576,0,CV009_004,1190456
73664,572,0,CV009_004,1191028
73665,576,0,CV009_004,1191604
73666,576,0,CV009_004,1192180
73667,568,0,CV009_004,1192748
73668,576,0,CV009_004,1193324
73669,576,0,CV009_004,1193900
73670,568,0,CV009_004,1194468
73671,576,0,CV009_004,1195044
73672,580,0,CV009_004,1195624
73673,564,0,CV009_004,1196188
73674,572,0,CV009_004,1196760
73675,564,0,CV009_004,1197324
73676,568,0,CV009_004,1197892
73677,572,0,CV009_004,1198464
73678,564,0,CV009_004,1199028
73679,564,0,CV009_004,1199592
73680,568,0,CV009_004,1200160
73681,568,0,CV009_004,1200728
73682,564,0,CV009_004,1201292
73683,564,0,CV009_004,1201856
73684,572,0,CV009_004,1202428
73685,560,0,CV009_004,1202988
73686,564,0,CV009_004,1203552
73687,560,0,CV009_004,1204112
73688,616,1,CV009_004,1204728
73689,516,0,CV009_004,1205244
73690,564,0,CV009_004,1205808
73691,560,0,CV009_004,1206368
73692,564,0,CV009_004,1206932
73693,564,0,CV009_004,1207496
73694,568,0,CV009_004,1208064
73695,564,0,CV009_004,1208628
73696,572,0,CV009_004,1209200
73697,572,0,CV009_004,1209772
73698,564,0,CV009_004,1210336
73699,576,0,CV009_004,1210912
73700,572,0,CV009_004,1211484
73701,568,0,CV009_004,1212052
73702,576,0,CV009_004,1212628
73703,568,0,CV009_004,1213196
73704,576,0,CV009_004,1213772
73705,576,0,CV009_004,1214348
73706,568,0,CV009_004,1214916
73707,576,0,CV009_004,1215492
73708,576,0,CV009_004,1216068
73709,568,0,CV009_004,1216636
73710,576,0,CV009_004,1217212
73711,624,1,CV009_004,1217836
73712,520,0,CV009_004,1218356
73713,576,0,CV009_004,1218932
73714,564,0,CV009_004,1219496
73715,580,0,CV009_004,1220076
73716,576,0,CV009_004,1220652
73717,572,0,CV009_004,1221224
73718,576,0,CV009_004,1221800
73719,580,0,CV009_004,1222380
73720,576,0,CV009_004,1222956
73721,580,0,CV009_004,1223536
73722,580,0,CV009_004,1224116
73723,632,1,CV009_004,1224748
73724,508,0,CV009_004,1225256
73725,584,0,CV009_004,1225840
73726,576,0,CV009_004,1226416
73727,576,0,CV009_004,1226992
73728,580,0,CV009_004,1227572
73729,580,0,CV009_004,1228152
73730,576,0,CV009_004,1228728
73731,568,0,CV009_004,1229296
73732,576,0,CV009_004,1229872
73733,568,0,CV009_004,1230440
73734,572,0,CV009_004,1231012
73735,572,0,CV009_004,1231584
73736,572,0,CV009_004,1232156
73737,572,0,CV009_004,1232728
73738,568,0,CV009_004,1233296
73739,576,0,CV009_004,1233872
73740,564,0,CV009_004,1234436
73741,568,0,CV009_004,1235004
73742,576,0,CV009_004,1235580
73743,576,0,CV009_004,1236156
73744,572,0,CV009_004,1236728
73745,572,0,CV009_004,1237300
73746,576,0,CV009_004,1237876
73747,572,0,CV009_004,1238448
73748,572,0,CV009_004,1239020
73749,580,0,CV009_004,1239600
73750,576,0,CV009_004,1240176
73751,624,1,CV009_004,1240800
73752,524,0,CV009_004,1241324
73753,576,0,CV009_004,1241900
73754,576,0,CV009_004,1242476
73755,576,0,CV009_004,1243052
73756,584,0,CV009_004,1243636
73757,572,0,CV009_004,1244208
73758,576,0,CV009_004,1244784
73759,584,0,CV009_004,1245368
73760,584,0,CV009_004,1245952
73761,576,0,CV009_004,1246528
73762,580,0,CV009_004,1247108
73763,636,1,CV009_004,1247744
73764,524,0,CV009_004,1248268
73765,576,0,CV009_004,1248844
73766,580,0,CV009_004,1249424
73767,584,0,CV009_004,1250008
73768,576,0,CV009_004,1250584
73769,584,0,CV009_004,1251168
73770,580,0,CV009_004,1251748
73771,580,0,CV009_004,1252328
73772,580,0,CV009_004,1252908
73773,584,0,CV009_004,1253492
73774,580,0,CV009_004,1254072
73775,580,0,CV009_004,1254652
73776,580,0,CV009_004,1255232
73777,572,0,CV009_004,1255804
73778,584,0,CV009_004,1256388
73779,580,0,CV009_004,1256968
73780,576,0,CV009_004,1257544
73781,572,0,CV009_004,1258116
73782,632,1,CV009_004,1258748
73783,520,0,CV009_004,1259268
73784,568,0,CV009_004,1259836
73785,580,0,CV009_004,1260416
73786,576,0,CV009_004,1260992
73787,580,0,CV009_004,1261572
73788,576,0,CV009_004,1262148
73789,580,0,CV009_004,1262728
73790,572,0,CV009_004,1263300
73791,576,0,CV009_004,1263876
73792,580,0,CV009_004,1264456
73793,576,0,CV009_004,1265032
73794,576,0,CV009_004,1265608
73795,572,0,CV009_004,1266180
73796,580,0,CV009_004,1266760
73797,580,0,CV009_004,1267340
73798,580,0,CV009_004,1267920
73799,580,0,CV009_004,1268500
73800,576,0,CV009_004,1269076
73801,580,0,CV009_004,1269656
73802,580,0,CV009_004,1270236
73803,576,0,CV009_004,1270812
73804,572,0,CV009_004,1271384
73805,580,0,CV009_004,1271964
73806,580,0,CV009_004,1272544
73807,580,0,CV009_004,1273124
73808,636,1,CV009_004,1273760
73809,520,0,CV009_004,1274280
73810,580,0,CV009_004,1274860
73811,580,0,CV009_004,1275440
73812,580,0,CV009_004,1276020
73813,568,0,CV009_004,1276588
73814,576,0,CV009_004,1277164
73815,588,0,CV009_004,1277752
73816,576,0,CV009_004,1278328
73817,580,0,CV009_004,1278908
73818,580,0,CV009_004,1279488
73819,584,0,CV009_004,1280072
73820,580,0,CV009_004,1280652
73821,580,0,CV009_004,1281232
73822,580,0,CV009_004,1281812
73823,580,0,CV009_004,1282392
73824,580,0,CV009_004,1282972
73825,580,0,CV009_004,1283552
73826,580,0,CV009_004,1284132
73827,636,1,CV009_004,1284768
73828,524,0,CV009_004,1285292
73829,580,0,CV009_004,1285872
73830,576,0,CV009_004,1286448
73831,580,0,CV009_004,1287028
73832,576,0,CV009_004,1287604
73833,572,0,CV009_004,1288176
73834,580,0,CV009_004,1288756
73835,572,0,CV009_004,1289328
73836,576,0,CV009_004,1289904
73837,572,0,CV009_004,1290476
73838,576,0,CV009_004,1291052
73839,580,0,CV009_004,1291632
73840,580,0,CV009_004,1292212
73841,580,0,CV009_004,1292792
73842,580,0,CV009_004,1293372
73843,580,0,CV009_004,1293952
73844,580,0,CV009_004,1294532
73845,580,0,CV009_004,1295112
73846,580,0,CV009_004,1295692
73847,580,0,CV009_004,1296272
73848,584,0,CV009_004,1296856
73849,580,0,CV009_004,1297436
73850,576,0,CV009_004,1298012
73851,580,0,CV009_004,1298592
73852,580,0,CV009_004,1299172
73853,624,1,CV009_004,1299796
73854,520,0,CV009_004,1300316
73855,580,0,CV009_004,1300896
73856,576,0,CV009_004,1301472
73857,576,0,CV009_004,1302048
73858,632,1,CV009_004,1302680
73859,524,0,CV009_004,1303204
73860,580,0,CV009_004,1303784
73861,580,0,CV009_004,1304364
73862,580,0,CV009_004,1304944
73863,576,0,CV009_004,1305520
73864,580,0,CV009_004,1306100
73865,580,0,CV009_004,1306680
73866,580,0,CV009_004,1307260
73867,584,0,CV009_004,1307844
73868,592,0,CV009_004,1308436
73869,580,0,CV009_004,1309016
73870,584,0,CV009_004,1309600
73871,584,0,CV009_004,1310184
73872,580,0,CV009_004,1310764
73873,592,0,CV009_004,1311356
73874,584,0,CV009_004,1311940
73875,584,0,CV009_004,1312524
73876,580,0,CV009_004,1313104
73877,580,0,CV009_004,1313684
73878,592,0,CV009_004,1314276
73879,584,0,CV009_004,1314860
73880,580,0,CV009_004,1315440
73881,576,0,CV009_004,1316016
73882,568,0,CV009_004,1316584
73883,580,0,CV009_004,1317164
73884,624,1,CV009_004,1317788
73885,520,0,CV009_004,1318308
73886,580,0,CV009_004,1318888
73887,576,0,CV009_004,1319464
73888,572,0,CV009_004,1320036
73889,576,0,CV009_004,1320612
73890,576,0,CV009_004,1321188
73891,576,0,CV009_004,1321764
73892,580,0,CV009_004,1322344
73893,580,0,CV009_004,1322924
73894,580,0,CV009_004,1323504
73895,580,0,CV009_004,1324084
73896,588,0,CV009_004,1324672
73897,580,0,CV009_004,1325252
73898,580,0,CV009_004,1325832
73899,580,0,CV009_004,1326412
73900,580,0,CV009_004,1326992
73901,580,0,CV009_004,1327572
73902,580,0,CV009_004,1328152
73903,636,1,CV009_004,1328788
73904,524,0,CV009_004,1329312
73905,580,0,CV009_004,1329892
73906,580,0,CV009_004,1330472
73907,576,0,CV009_004,1331048
73908,580,0,CV009_004,1331628
73909,568,0,CV009_004,1332196
73910,576,0,CV009_004,1332772
73911,576,0,CV009_004,1333348
73912,580,0,CV009_004,1333928
73913,568,0,CV009_004,1334496
73914,580,0,CV009_004,1335076
73915,580,0,CV009_004,1335656
73916,588,0,CV009_004,1336244
73917,576,0,CV009_004,1336820
73918,580,0,CV009_004,1337400
73919,592,0,CV009_004,1337992
73920,580,0,CV009_004,1338572
73921,580,0,CV009_004,1339152
73922,640,1,CV009_004,1339792
73923,524,0,CV009_004,1340316
73924,580,0,CV009_004,1340896
73925,576,0,CV009_004,1341472
73926,580,0,CV009_004,1342052
73927,572,0,CV009_004,1342624
73928,584,0,CV009_004,1343208
73929,576,0,CV009_004,1343784
73930,580,0,CV009_004,1344364
73931,584,0,CV009_004,1344948
73932,588,0,CV009_004,1345536
73933,580,0,CV009_004,1346116
73934,580,0,CV009_004,1346696
73935,580,0,CV009_004,1347276
73936,584,0,CV009_004,1347860
73937,576,0,CV009_004,1348436
73938,580,0,CV009_004,1349016
73939,572,0,CV009_004,1349588
73940,576,0,CV009_004,1350164
73941,636,1,CV009_004,1350800
73942,524,0,CV009_004,1351324
73943,572,0,CV009_004,1351896
73944,580,0,CV009_004,1352476
73945,572,0,CV009_004,1353048
73946,576,0,CV009_004,1353624
73947,580,0,CV009_004,1354204
73948,580,0,CV009_004,1354784
73949,576,0,CV009_004,1355360
73950,580,0,CV009_004,1355940
73951,568,0,CV009_004,1356508
73952,588,0,CV009_004,1357096
73953,572,0,CV009_004,1357668
73954,580,0,CV009_004,1358248
73955,576,0,CV009_004,1358824
73956,576,0,CV009_004,1359400
73957,568,0,CV009_004,1359968
73958,580,0,CV009_004,1360548
73959,576,0,CV009_004,1361124
73960,576,0,CV009_004,1361700
73961,572,0,CV009_004,1362272
73962,576,0,CV009_004,1362848
73963,580,0,CV009_004,1363428
73964,564,0,CV009_004,1363992
73965,580,0,CV009_004,1364572
73966,580,0,CV009_004,1365152
73967,560,0,CV009_004,1365712
73968,592,0,CV009_004,1366304
73969,572,0,CV009_004,1366876
73970,576,0,CV009_004,1367452
73971,576,0,CV009_004,1368028
73972,580,0,CV009_004,1368608
73973,568,0,CV009_004,1369176
73974,632,1,CV009_004,1369808
73975,520,0,CV009_004,1370328
73976,576,0,CV009_004,1370904
73977,568,0,CV009_004,1371472
73978,580,0,CV009_004,1372052
73979,576,0,CV009_004,1372628
73980,576,0,CV009_004,1373204
73981,580,0,CV009_004,1373784
73982,576,0,CV009_004,1374360
73983,576,0,CV009_004,1374936
73984,584,0,CV009_004,1375520
73985,580,0,CV009_004,1376100
73986,580,0,CV009_004,1376680
73987,584,0,CV009_004,1377264
73988,576,0,CV009_004,1377840
73989,580,0,CV009_004,1378420
73990,580,0,CV009_004,1379000
73991,580,0,CV009_004,1379580
73992,580,0,CV009_004,1380160
73993,1164,0,CV009_004,1381324
73994,576,0,CV009_004,1381900
73995,632,0,CV009_004,1382532
73996,524,0,CV009_004,1383056
73997,572,0,CV009_004,1383628
73998,584,0,CV009_004,1384212
73999,576,0,CV009_004,1384788
74000,576,0,CV009_004,1385364
74001,580,0,CV009_004,1385944
74002,580,0,CV009_004,1386524
74003,576,0,CV009_004,1387100
74004,580,0,CV009_004,1387680
74005,580,0,CV009_004,1388260
74006,580,0,CV009_004,1388840
74007,580,0,CV009_004,1389420
74008,580,0,CV009_004,1390000
74009,584,0,CV009_004,1390584
74010,576,0,CV009_004,1391160
74011,640,1,CV009_004,1391800
74012,532,0,CV009_004,1392332
74013,584,0,CV009_004,1392916
74014,580,0,CV009_004,1393496
74015,580,0,CV009_004,1394076
74016,580,0,CV009_004,1394656
74017,576,0,CV009_004,1395232
74018,580,0,CV009_004,1395812
74019,576,0,CV009_004,1396388
74020,572,0,CV009_004,1396960
74021,576,0,CV009_004,1397536
74022,572,0,CV009_004,1398108
74023,576,0,CV009_004,1398684
74024,580,0,CV009_004,1399264
74025,568,0,CV009_004,1399832
74026,572,0,CV009_004,1400404
74027,568,0,CV009_004,1400972
74028,576,0,CV009_004,1401548
74029,564,0,CV009_004,1402112
74030,572,0,CV009_004,1402684
74031,572,0,CV009_004,1403256
74032,572,0,CV009_004,1403828
74033,572,0,CV009_004,1404400
74034,568,0,CV009_004,1404968
74035,576,0,CV009_004,1405544
74036,568,0,CV009_004,1406112
74037,576,0,CV009_004,1406688
74038,568,0,CV009_004,1407256
74039,576,0,CV009_004,1407832
74040,568,0,CV009_004,1408400
74041,576,0,CV009_004,1408976
74042,576,0,CV009_004,1409552
74043,572,0,CV009_004,1410124
74044,568,0,CV009_004,1410692
74045,576,0,CV009_004,1411268
74046,568,0,CV009_004,1411836
74047,560,0,CV009_004,1412396
74048,580,0,CV009_004,1412976
74049,568,0,CV009_004,1413544
74050,572,0,CV009_004,1414116
74051,564,0,CV009_004,1414680
74052,576,0,CV009_004,1415256
74053,564,0,CV009_004,1415820
74054,568,0,CV009_004,1416388
74055,572,0,CV009_004,1416960
74056,568,0,CV009_004,1417528
74057,568,0,CV009_004,1418096
74058,568,0,CV009_004,1418664
74059,572,0,CV009_004,1419236
74060,564,0,CV009_004,1419800
74061,572,0,CV009_004,1420372
74062,568,0,CV009_004,1420940
74063,564,0,CV009_004,1421504
74064,572,0,CV009_004,1422076
74065,568,0,CV009_004,1422644
74066,568,0,CV009_004,1423212
74067,616,1,CV009_004,1423828
74068,516,0,CV009_004,1424344
74069,568,0,CV009_004,1424912
74070,568,0,CV009_004,1425480
74071,568,0,CV009_004,1426048
74072,564,0,CV009_004,1426612
74073,572,0,CV009_004,1427184
74074,560,0,CV009_004,1427744
74075,568,0,CV009_004,1428312
74076,568,0,CV009_004,1428880
74077,564,0,CV009_004,1429444
74078,564,0,CV009_004,1430008
74079,564,0,CV009_004,1430572
74080,564,0,CV009_004,1431136
74081,560,0,CV009_004,1431696
74082,572,0,CV009_004,1432268
74083,560,0,CV009_004,1432828
74084,560,0,CV009_004,1433388
74085,564,0,CV009_004,1433952
74086,564,0,CV009_004,1434516
74087,560,0,CV009_004,1435076
74088,568,0,CV009_004,1435644
74089,568,0,CV009_004,1436212
74090,620,1,CV009_004,1436832
74091,508,0,CV009_004,1437340
74092,572,0,CV009_004,1437912
74093,564,0,CV009_004,1438476
74094,564,0,CV009_004,1439040
74095,572,0,CV009_004,1439612
74096,564,0,CV009_004,1440176
74097,564,0,CV009_004,1440740
74098,564,0,CV009_004,1441304
74099,616,1,CV009_004,1441920
74100,516,0,CV009_004,1442436
74101,564,0,CV009_004,1443000
74102,564,0,CV009_004,1443564
74103,568,0,CV009_004,1444132
74104,568,0,CV009_004,1444700
74105,564,0,CV009_004,1445264
74106,564,0,CV009_004,1445828
74107,572,0,CV009_004,1446400
74108,620,1,CV009_004,1447020
74109,516,0,CV009_004,1447536
74110,564,0,CV009_004,1448100
74111,568,0,CV009_004,1448668
74112,568,0,CV009_004,1449236
74113,1136,0,CV009_004,1450372
74114,572,0,CV009_004,1450944
74115,564,0,CV009_004,1451508
74116,576,0,CV009_004,1452084
74117,564,0,CV009_004,1452648
74118,576,0,CV009_004,1453224
74119,1132,0,CV009_004,1454356
74120,572,0,CV009_004,1454928
74121,560,0,CV009_004,1455488
74122,568,0,CV009_004,1456056
74123,568,0,CV009_004,1456624
74124,564,0,CV009_004,1457188
74125,564,0,CV009_004,1457752
74126,564,0,CV009_004,1458316
74127,568,0,CV009_004,1458884
74128,564,0,CV009_004,1459448
74129,564,0,CV009_004,1460012
74130,564,0,CV009_004,1460576
74131,576,0,CV009_004,1461152
74132,560,0,CV009_004,1461712
74133,576,0,CV009_004,1462288
74134,568,0,CV009_004,1462856
74135,560,0,CV009_004,1463416
74136,576,0,CV009_004,1463992
74137,568,0,CV009_004,1464560
74138,572,0,CV009_004,1465132
74139,564,0,CV009_004,1465696
74140,580,0,CV009_004,1466276
74141,564,0,CV009_004,1466840
74142,568,0,CV009_004,1467408
74143,572,0,CV009_004,1467980
74144,564,0,CV009_004,1468544
74145,572,0,CV009_004,1469116
74146,564,0,CV009_004,1469680
74147,568,0,CV009_004,1470248
74148,616,1,CV009_004,1470864
74149,520,0,CV009_004,1471384
74150,572,0,CV009_004,1471956
74151,564,0,CV009_004,1472520
74152,576,0,CV009_004,1473096
74153,568,0,CV009_004,1473664
74154,580,0,CV009_004,1474244
74155,624,1,CV009_004,1474868
74156,532,0,CV009_004,1475400
74157,568,0,CV009_004,1475968
74158,576,0,CV009_004,1476544
74159,572,0,CV009_004,1477116
74160,576,0,CV009_004,1477692
74161,572,0,CV009_004,1478264
74162,588,0,CV009_004,1478852
74163,576,0,CV009_004,1479428
74164,580,0,CV009_004,1480008
74165,584,0,CV009_004,1480592
74166,576,0,CV009_004,1481168
74167,580,0,CV009_004,1481748
74168,576,0,CV009_004,1482324
74169,580,0,CV009_004,1482904
74170,576,0,CV009_004,1483480
74171,576,0,CV009_004,1484056
74172,576,0,CV009_004,1484632
74173,580,0,CV009_004,1485212
74174,1160,0,CV009_004,1486372
74175,580,0,CV009_004,1486952
74176,580,0,CV009_004,1487532
74177,584,0,CV009_004,1488116
74178,584,0,CV009_004,1488700
74179,588,0,CV009_004,1489288
74180,584,0,CV009_004,1489872
74181,580,0,CV009_004,1490452
74182,584,0,CV009_004,1491036
74183,576,0,CV009_004,1491612
74184,584,0,CV009_004,1492196
74185,588,0,CV009_004,1492784
74186,592,0,CV009_004,1493376
74187,580,0,CV009_004,1493956
74188,596,0,CV009_004,1494552
74189,592,0,CV009_004,1495144
74190,588,0,CV009_004,1495732
74191,596,0,CV009_004,1496328
74192,588,0,CV009_004,1496916
74193,584,0,CV009_004,1497500
74194,592,0,CV009_004,1498092
74195,584,0,CV009_004,1498676
74196,584,0,CV009_004,1499260
74197,588,0,CV009_004,1499848
74198,584,0,CV009_004,1500432
74199,580,0,CV009_004,1501012
74200,584,0,CV009_004,1501596
74201,580,0,CV009_004,1502176
74202,1164,0,CV009_004,1503340
74203,588,0,CV009_004,1503928
74204,584,0,CV009_004,1504512
74205,584,0,CV009_004,1505096
74206,588,0,CV009_004,1505684
74207,584,0,CV009_004,1506268
74208,584,0,CV009_004,1506852
74209,588,0,CV009_004,1507440
74210,580,0,CV009_004,1508020
74211,584,0,CV009_004,1508604
74212,584,0,CV009_004,1509188
74213,576,0,CV009_004,1509764
74214,580,0,CV009_004,1510344
74215,576,0,CV009_004,1510920
74216,576,0,CV009_004,1511496
74217,584,0,CV009_004,1512080
74218,580,0,CV009_004,1512660
74219,580,0,CV009_004,1513240
74220,624,1,CV009_004,1513864
74221,524,0,CV009_004,1514388
74222,576,0,CV009_004,1514964
74223,572,0,CV009_004,1515536
74224,568,0,CV009_004,1516104
74225,576,0,CV009_004,1516680
74226,572,0,CV009_004,1517252
74227,1140,0,CV009_004,1518392
74228,580,0,CV009_004,1518972
74229,576,0,CV009_004,1519548
74230,580,0,CV009_004,1520128
74231,580,0,CV009_004,1520708
74232,576,0,CV009_004,1521284
74233,580,0,CV009_004,1521864
74234,580,0,CV009_004,1522444
74235,580,0,CV009_004,1523024
74236,584,0,CV009_004,1523608
74237,576,0,CV009_004,1524184
74238,584,0,CV009_004,1524768
74239,584,0,CV009_004,1525352
74240,580,0,CV009_004,1525932
74241,576,0,CV009_004,1526508
74242,588,0,CV009_004,1527096
74243,576,0,CV009_004,1527672
74244,584,0,CV009_004,1528256
74245,636,1,CV009_004,1528892
74246,524,0,CV009_004,1529416
74247,584,0,CV009_004,1530000
74248,584,0,CV009_004,1530584
74249,576,0,CV009_004,1531160
74250,580,0,CV009_004,1531740
74251,580,0,CV009_004,1532320
74252,580,0,CV009_004,1532900
74253,580,0,CV009_004,1533480
74254,580,0,CV009_004,1534060
74255,580,0,CV009_004,1534640
74256,576,0,CV009_004,1535216
74257,576,0,CV009_004,1535792
74258,576,0,CV009_004,1536368
74259,572,0,CV009_004,1536940
74260,576,0,CV009_004,1537516
74261,564,0,CV009_004,1538080
74262,580,0,CV009_004,1538660
74263,564,0,CV009_004,1539224
74264,572,0,CV009_004,1539796
74265,572,0,CV009_004,1540368
74266,572,0,CV009_004,1540940
74267,560,0,CV009_004,1541500
74268,568,0,CV009_004,1542068
74269,568,0,CV009_004,1542636
74270,564,0,CV009_004,1543200
74271,564,0,CV009_004,1543764
74272,564,0,CV009_004,1544328
74273,564,0,CV009_004,1544892
74274,568,0,CV009_004,1545460
74275,564,0,CV009_004,1546024
74276,572,0,CV009_004,1546596
74277,568,0,CV009_004,1547164
74278,568,0,CV009_004,1547732
74279,568,0,CV009_004,1548300
74280,624,1,CV009_004,1548924
74281,516,0,CV009_004,1549440
74282,568,0,CV009_004,1550008
74283,576,0,CV009_004,1550584
74284,624,1,CV009_004,1551208
74285,516,0,CV009_004,1551724
74286,580,0,CV009_004,1552304
74287,576,0,CV009_004,1552880
74288,572,0,CV009_004,1553452
74289,588,0,CV009_004,1554040
74290,580,0,CV009_004,1554620
74291,580,0,CV009_004,1555200
74292,588,0,CV009_004,1555788
74293,580,0,CV009_004,1556368
74294,576,0,CV009_004,1556944
74295,572,0,CV009_004,1557516
74296,592,0,CV009_004,1558108
74297,576,0,CV009_004,1558684
74298,572,0,CV009_004,1559256
74299,636,1,CV009_004,1559892
74300,524,0,CV009_004,1560416
74301,576,0,CV009_004,1560992
74302,584,0,CV009_004,1561576
74303,576,0,CV009_004,1562152
74304,576,0,CV009_004,1562728
74305,572,0,CV009_004,1563300
74306,576,0,CV009_004,1563876
74307,576,0,CV009_004,1564452
74308,580,0,CV009_004,1565032
74309,568,0,CV009_004,1565600
74310,576,0,CV009_004,1566176
74311,580,0,CV009_004,1566756
74312,572,0,CV009_004,1567328
74313,576,0,CV009_004,1567904
74314,576,0,CV009_004,1568480
74315,576,0,CV009_004,1569056
74316,624,1,CV009_004,1569680
74317,524,0,CV009_004,1570204
74318,576,0,CV009_004,1570780
74319,576,0,CV009_004,1571356
74320,580,0,CV009_004,1571936
74321,572,0,CV009_004,1572508
74322,576,0,CV009_004,1573084
74323,580,0,CV009_004,1573664
74324,576,0,CV009_004,1574240
74325,568,0,CV009_004,1574808
74326,580,0,CV009_004,1575388
74327,580,0,CV009_004,1575968
74328,576,0,CV009_004,1576544
74329,584,0,CV009_004,1577128
74330,576,0,CV009_004,1577704
74331,572,0,CV009_004,1578276
74332,636,1,CV009_004,1578912
74333,524,0,CV009_004,1579436
74334,576,0,CV009_004,1580012
74335,580,0,CV009_004,1580592
74336,572,0,CV009_004,1581164
74337,572,0,CV009_004,1581736
74338,576,0,CV009_004,1582312
74339,572,0,CV009_004,1582884
74340,572,0,CV009_004,1583456
74341,576,0,CV009_004,1584032
74342,576,0,CV009_004,1584608
74343,572,0,CV009_004,1585180
74344,580,0,CV009_004,1585760
74345,580,0,CV009_004,1586340
74346,580,0,CV009_004,1586920
74347,580,0,CV009_004,1587500
74348,636,1,CV009_004,1588136
74349,520,0,CV009_004,1588656
74350,584,0,CV009_004,1589240
74351,580,0,CV009_004,1589820
74352,580,0,CV009_004,1590400
74353,584,0,CV009_004,1590984
74354,640,1,CV009_004,1591624
74355,536,0,CV009_004,1592160
74356,580,0,CV009_004,1592740
74357,584,0,CV009_004,1593324
74358,584,0,CV009_004,1593908
74359,580,0,CV009_004,1594488
74360,636,1,CV009_004,1595124
74361,536,0,CV009_004,1595660
74362,576,0,CV009_004,1596236
74363,584,0,CV009_004,1596820
74364,568,0,CV009_004,1597388
74365,592,0,CV009_004,1597980
74366,584,0,CV009_004,1598564
74367,580,0,CV009_004,1599144
74368,584,0,CV009_004,1599728
74369,580,0,CV009_004,1600308
74370,584,0,CV009_004,1600892
74371,580,0,CV009_004,1601472
74372,636,1,CV009_004,1602108
74373,524,0,CV009_004,1602632
74374,580,0,CV009_004,1603212
74375,584,0,CV009_004,1603796
74376,576,0,CV009_004,1604372
74377,584,0,CV009_004,1604956
74378,636,1,CV009_004,1605592
74379,528,0,CV009_004,1606120
74380,588,0,CV009_004,1606708
74381,584,0,CV009_004,1607292
74382,636,0,CV009_004,1607928
74383,528,0,CV009_004,1608456
74384,636,0,CV009_004,1609092
74385,540,0,CV009_004,1609632
74386,580,0,CV009_004,1610212
74387,584,0,CV009_004,1610796
74388,584,0,CV009_004,1611380
74389,580,0,CV009_004,1611960
74390,636,1,CV009_004,1612596
74391,520,0,CV009_004,1613116
74392,584,0,CV009_004,1613700
74393,580,0,CV009_004,1614280
74394,1160,0,CV009_004,1615440
74395,576,0,CV009_004,1616016
74396,580,0,CV009_004,1616596
74397,580,0,CV009_004,1617176
74398,576,0,CV009_004,1617752
74399,572,0,CV009_004,1618324
74400,584,0,CV009_004,1618908
74401,580,0,CV009_004,1619488
74402,576,0,CV009_004,1620064
74403,588,0,CV009_004,1620652
74404,584,0,CV009_004,1621236
74405,584,0,CV009_004,1621820
74406,584,0,CV009_004,1622404
74407,584,0,CV009_004,1622988
74408,588,0,CV009_004,1623576
74409,588,0,CV009_004,1624164
74410,584,0,CV009_004,1624748
74411,580,0,CV009_004,1625328
74412,588,0,CV009_004,1625916
74413,588,0,CV009_004,1626504
74414,584,0,CV009_004,1627088
74415,584,0,CV009_004,1627672
74416,592,0,CV009_004,1628264
74417,584,0,CV009_004,1628848
74418,588,0,CV009_004,1629436
74419,588,0,CV009_004,1630024
74420,584,0,CV009_004,1630608
74421,580,0,CV009_004,1631188
74422,580,0,CV009_004,1631768
74423,580,0,CV009_004,1632348
74424,580,0,CV009_004,1632928
74425,580,0,CV009_004,1633508
74426,580,0,CV009_004,1634088
74427,580,0,CV009_004,1634668
74428,584,0,CV009_004,1635252
74429,580,0,CV009_004,1635832
74430,580,0,CV009_004,1636412
74431,580,0,CV009_004,1636992
74432,584,0,CV009_004,1637576
74433,580,0,CV009_004,1638156
74434,584,0,CV009_004,1638740
74435,576,0,CV009_004,1639316
74436,636,1,CV009_004,1639952
74437,524,0,CV009_004,1640476
74438,576,0,CV009_004,1641052
74439,580,0,CV009_004,1641632
74440,580,0,CV009_004,1642212
74441,568,0,CV009_004,1642780
74442,580,0,CV009_004,1643360
74443,580,0,CV009_004,1643940
74444,580,0,CV009_004,1644520
74445,580,0,CV009_004,1645100
74446,580,0,CV009_004,1645680
74447,576,0,CV009_004,1646256
74448,584,0,CV009_004,1646840
74449,580,0,CV009_004,1647420
74450,580,0,CV009_004,1648000
74451,584,0,CV009_004,1648584
74452,592,0,CV009_004,1649176
74453,588,0,CV009_004,1649764
74454,584,0,CV009_004,1650348
74455,588,0,CV009_004,1650936
74456,588,0,CV009_004,1651524
74457,584,0,CV009_004,1652108
74458,592,0,CV009_004,1652700
74459,584,0,CV009_004,1653284
74460,580,0,CV009_004,1653864
74461,596,0,CV009_004,1654460
74462,584,0,CV009_004,1655044
74463,588,0,CV009_004,1655632
74464,588,0,CV009_004,1656220
74465,592,0,CV009_004,1656812
74466,588,0,CV009_004,1657400
74467,592,0,CV009_004,1657992
74468,588,0,CV009_004,1658580
74469,592,0,CV009_004,1659172
74470,600,0,CV009_004,1659772
74471,600,0,CV009_004,1660372
74472,604,0,CV009_004,1660976
74473,600,0,CV009_004,1661576
74474,604,0,CV009_004,1662180
74475,612,0,CV009_004,1662792
74476,600,0,CV009_004,1663392
74477,596,0,CV009_004,1663988
74478,600,0,CV009_004,1664588
74479,592,0,CV009_004,1665180
74480,600,0,CV009_004,1665780
74481,588,0,CV009_004,1666368
74482,604,0,CV009_004,1666972
74483,588,0,CV009_004,1667560
74484,600,0,CV009_004,1668160
74485,596,0,CV009_004,1668756
74486,584,0,CV009_004,1669340
74487,596,0,CV009_004,1669936
74488,588,0,CV009_004,1670524
74489,592,0,CV009_004,1671116
74490,588,0,CV009_004,1671704
74491,600,0,CV009_004,1672304
74492,1196,0,CV009_004,1673500
74493,600,0,CV009_004,1674100
74494,596,0,CV009_004,1674696
74495,600,0,CV009_004,1675296
74496,1188,0,CV009_004,1676484
74497,596,0,CV009_004,1677080
74498,580,0,CV009_004,1677660
74499,592,0,CV009_004,1678252
74500,588,0,CV009_004,1678840
74501,584,0,CV009_004,1679424
74502,588,0,CV009_004,1680012
74503,580,0,CV009_004,1680592
74504,568,0,CV009_004,1681160
74505,572,0,CV009_004,1681732
74506,572,0,CV009_004,1682304
74507,568,0,CV009_004,1682872
74508,576,0,CV009_004,1683448
74509,572,0,CV009_004,1684020
74510,560,0,CV009_004,1684580
74511,620,1,CV009_004,1685200
74512,488,0,CV009_004,1685688
74513,556,0,CV009_004,1686244
74514,556,0,CV009_004,1686800
74515,548,0,CV009_004,1687348
74516,1096,0,CV009_004,1688444
74517,540,0,CV009_004,1688984
74518,540,0,CV009_004,1689524
74519,536,0,CV009_004,1690060
74520,540,0,CV009_004,1690600
74521,532,0,CV009_004,1691132
74522,536,0,CV009_004,1691668
74523,540,0,CV009_004,1692208
74524,540,0,CV009_004,1692748
74525,540,0,CV009_004,1693288
74526,544,0,CV009_004,1693832
74527,536,0,CV009_004,1694368
74528,600,1,CV009_004,1694968
74529,496,0,CV009_004,1695464
74530,544,0,CV009_004,1696008
74531,540,0,CV009_004,1696548
74532,1084,0,CV009_004,1697632
74533,596,0,CV009_004,1698228
74534,120,0,CV009_004,1698348
74535,380,0,CV009_004,1698728
74536,160,0,CV009_004,1698888
74537,400,0,CV009_004,1699288
74538,40,0,CV009_004,1699328
74539,464,0,CV009_004,1699792
74540,120,0,CV009_004,1699912
74541,180,0,CV009_004,1700092
74542,296,0,CV009_004,1700388
74543,600,0,CV009_004,1700988
74544,324,0,CV009_004,1701312
74545,40,0,CV009_004,1701352
74546,220,0,CV009_004,1701572
74547,316,0,CV009_004,1701888
74548,200,0,CV009_004,1702088
74549,404,0,CV009_004,1702492
74550,180,0,CV009_004,1702672
74551,380,0,CV009_004,1703052
74552,156,0,CV009_004,1703208
74553,124,0,CV009_004,1703332
74554,460,0,CV009_004,1703792
74555,60,0,CV009_004,1703852
74556,220,0,CV009_004,1704072
74557,320,0,CV009_004,1704392
74558,280,0,CV009_004,1704672
74559,300,0,CV009_004,1704972
74560,160,0,CV009_004,1705132
74561,200,0,CV009_004,1705332
74562,220,0,CV009_004,1705552
74563,444,0,CV009_004,1705996
74564,276,0,CV009_004,1706272
74565,180,0,CV009_004,1706452
74566,140,0,CV009_004,1706592
74567,224,0,CV009_004,1706816
74568,220,0,CV009_004,1707036
74569,376,0,CV009_004,1707412
74570,164,0,CV009_004,1707576
74571,440,0,CV009_004,1708016
74572,20,0,CV009_004,1708036
74573,260,0,CV009_004,1708296
74574,360,0,CV009_004,1708656
74575,320,0,CV009_004,1708976
74576,200,0,CV009_004,1709176
74577,280,0,CV009_004,1709456
74578,140,0,CV009_004,1709596
74579,200,0,CV009_004,1709796
74580,220,0,CV009_004,1710016
74581,380,0,CV009_004,1710396
74582,200,0,CV009_004,1710596
74583,220,0,CV009_004,1710816
74584,380,0,CV009_004,1711196
74585,60,0,CV009_004,1711256
74586,300,0,CV009_004,1711556
74587,300,0,CV009_004,1711856
74588,320,0,CV009_004,1712176
74589,140,0,CV009_004,1712316
74590,280,0,CV009_004,1712596
74591,200,0,CV009_004,1712796
74592,220,0,CV009_004,1713016
74593,400,0,CV009_004,1713416
74594,240,0,CV009_004,1713656
74595,220,0,CV009_004,1713876
74596,96,0,CV009_004,1713972
74597,400,0,CV009_004,1714372
74598,320,0,CV009_004,1714692
74599,40,0,CV009_004,1714732
74600,240,0,CV009_004,1714972
74601,480,0,CV009_004,1715452
74602,80,0,CV009_004,1715532
74603,420,0,CV009_004,1715952
74604,20,0,CV009_004,1715972
74605,260,0,CV009_004,1716232
74606,264,0,CV009_004,1716496
74607,400,0,CV009_004,1716896
74608,160,0,CV009_004,1717056
74609,260,0,CV009_004,1717316
74610,300,0,CV009_004,1717616
74611,240,0,CV009_004,1717856
74612,200,0,CV009_004,1718056
74613,240,0,CV009_004,1718296
74614,380,0,CV009_004,1718676
74615,220,0,CV009_004,1718896
74616,220,0,CV009_004,1719116
74617,180,0,CV009_004,1719296
74618,180,0,CV009_004,1719476
74619,320,0,CV009_004,1719796
74620,240,0,CV009_004,1720036
74621,264,0,CV009_004,1720300
74622,300,0,CV009_004,1720600
74623,160,0,CV009_004,1720760
74624,240,0,CV009_004,1721000
74625,400,0,CV009_004,1721400
74626,240,0,CV009_004,1721640
74627,60,0,CV009_004,1721700
74628,396,0,CV009_004,1722096
74629,100,0,CV009_004,1722196
74630,444,0,CV009_004,1722640
74631,176,0,CV009_004,1722816
74632,80,0,CV009_004,1722896
74633,340,0,CV009_004,1723236
74634,320,0,CV009_004,1723556
74635,320,0,CV009_004,1723876
74636,220,0,CV009_004,1724096
74637,44,0,CV009_004,1724140
74638,476,0,CV009_004,1724616
74639,260,0,CV009_004,1724876
74640,160,0,CV009_004,1725036
74641,220,0,CV009_004,1725256
74642,140,0,CV009_004,1725396
74643,404,0,CV009_004,1725800
74644,200,0,CV009_004,1726000
74645,140,0,CV009_004,1726140
74646,480,0,CV009_004,1726620
74647,220,0,CV009_004,1726840
74648,40,0,CV009_004,1726880
74649,360,0,CV009_004,1727240
74650,540,0,CV009_004,1727780
74651,180,0,CV009_004,1727960
74652,160,0,CV009_004,1728120
74653,260,0,CV009_004,1728380
74654,500,0,CV009_004,1728880
74655,400,0,CV009_004,1729280
74656,200,0,CV009_004,1729480
74657,300,0,CV009_004,1729780
74658,100,0,CV009_004,1729880
74659,384,0,CV009_004,1730264
74660,196,0,CV009_004,1730460
74661,220,0,CV009_004,1730680
74662,204,0,CV009_004,1730884
74663,436,0,CV009_004,1731320
74664,20,0,CV009_004,1731340
74665,284,0,CV009_004,1731624
74666,276,0,CV009_004,1731900
74667,364,0,CV009_004,1732264
74668,280,0,CV009_004,1732544
74669,40,0,CV009_004,1732584
74670,280,0,CV009_004,1732864
74671,440,0,CV009_004,1733304
74672,40,0,CV009_004,1733344
74673,240,0,CV009_004,1733584
74674,380,0,CV009_004,1733964
74675,140,0,CV009_004,1734104
74676,284,0,CV009_004,1734388
74677,196,0,CV009_004,1734584
74678,400,0,CV009_004,1734984
74679,140,0,CV009_004,1735124
74680,404,0,CV009_004,1735528
74681,20,0,CV009_004,1735548
74682,296,0,CV009_004,1735844
74683,404,0,CV009_004,1736248
74684,180,0,CV009_004,1736428
74685,200,0,CV009_004,1736628
74686,360,0,CV009_004,1736988
74687,220,0,CV009_004,1737208
74688,100,0,CV009_004,1737308
74689,440,0,CV009_004,1737748
74690,80,0,CV009_004,1737828
74691,444,0,CV009_004,1738272
74692,116,0,CV009_004,1738388
74693,284,0,CV009_004,1738672
74694,200,0,CV009_004,1738872
74695,280,0,CV009_004,1739152
74696,160,0,CV009_004,1739312
74697,300,0,CV009_004,1739612
74698,260,0,CV009_004,1739872
74699,320,0,CV009_004,1740192
74700,176,0,CV009_004,1740368
74701,244,0,CV009_004,1740612
74702,140,0,CV009_004,1740752
74703,400,0,CV009_004,1741152
74704,100,0,CV009_004,1741252
74705,480,0,CV009_004,1741732
74706,120,0,CV009_004,1741852
74707,320,0,CV009_004,1742172
74708,140,0,CV009_004,1742312
74709,320,0,CV009_004,1742632
74710,120,0,CV009_004,1742752
74711,480,0,CV009_004,1743232
74712,120,0,CV009_004,1743352
74713,340,0,CV009_004,1743692
74714,120,0,CV009_004,1743812
74715,180,0,CV009_004,1743992
74716,264,0,CV009_004,1744256
74717,260,0,CV009_004,1744516
74718,316,0,CV009_004,1744832
74719,204,0,CV009_004,1745036
74720,276,0,CV009_004,1745312
74721,160,0,CV009_004,1745472
74722,288,0,CV009_004,1745760
74723,412,0,CV009_004,1746172
74724,124,0,CV009_004,1746296
74725,380,0,CV009_004,1746676
74726,224,0,CV009_004,1746900
74727,76,0,CV009_004,1746976
74728,384,0,CV009_004,1747360
74729,140,0,CV009_004,1747500
74730,220,0,CV009_004,1747720
74731,260,0,CV009_004,1747980
74732,420,0,CV009_004,1748400
74733,60,0,CV009_004,1748460
74734,420,0,CV009_004,1748880
74735,180,0,CV009_004,1749060
74736,280,0,CV009_004,1749340
74737,180,0,CV009_004,1749520
74738,276,0,CV009_004,1749796
74739,180,0,CV009_004,1749976
74740,340,0,CV009_004,1750316
74741,120,0,CV009_004,1750436
74742,480,0,CV009_004,1750916
74743,104,0,CV009_004,1751020
74744,160,0,CV009_004,1751180
74745,360,0,CV009_004,1751540
74746,304,0,CV009_004,1751844
74747,196,0,CV009_004,1752040
74748,220,0,CV009_004,1752260
74749,200,0,CV009_004,1752460
74750,220,0,CV009_004,1752680
74751,256,0,CV009_004,1752936
74752,704,0,CV009_004,1753640
74753,80,0,CV009_004,1753720
74754,420,0,CV009_004,1754140
74755,60,0,CV009_004,1754200
74756,260,0,CV009_004,1754460
74757,600,0,CV009_004,1755060
74758,100,0,CV009_004,1755160
74759,460,0,CV009_004,1755620
74760,220,0,CV009_004,1755840
74761,60,0,CV009_004,1755900
74762,376,0,CV009_004,1756276
74763,156,0,CV009_004,1756432
74764,408,0,CV009_004,1756840
74765,140,0,CV009_004,1756980
74766,200,0,CV009_004,1757180
74767,300,0,CV009_004,1757480
74768,340,0,CV009_004,1757820
74769,64,0,CV009_004,1757884
74770,260,0,CV009_004,1758144
74771,260,0,CV009_004,1758404
74772,320,0,CV009_004,1758724
74773,180,0,CV009_004,1758904
74774,240,0,CV009_004,1759144
74775,220,0,CV009_004,1759364
74776,380,0,CV009_004,1759744
74777,140,0,CV009_004,1759884
74778,276,0,CV009_004,1760160
74779,296,0,CV009_004,1760456
74780,184,0,CV009_004,1760640
74781,336,0,CV009_004,1760976
74782,140,0,CV009_004,1761116
74783,440,0,CV009_004,1761556
74784,108,0,CV009_004,1761664
74785,224,0,CV009_004,1761888
74786,200,0,CV009_004,1762088
74787,976,0,CV009_004,1763064
74788,260,0,CV009_004,1763324
74789,240,0,CV009_004,1763564
74790,224,0,CV009_004,1763788
74791,136,0,CV009_004,1763924
74792,324,0,CV009_004,1764248
74793,264,0,CV009_004,1764512
74794,296,0,CV009_004,1764808
74795,20,0,CV009_004,1764828
74796,440,0,CV009_004,1765268
74797,240,0,CV009_004,1765508
74798,140,0,CV009_004,1765648
74799,300,0,CV009_004,1765948
74800,264,0,CV009_004,1766212
74801,120,0,CV009_004,1766332
74802,380,0,CV009_004,1766712
74803,300,0,CV009_004,1767012
74804,40,0,CV009_004,1767052
74805,240,0,CV009_004,1767292
74806,340,0,CV009_004,1767632
74807,180,0,CV009_004,1767812
74808,240,0,CV009_004,1768052
74809,300,0,CV009_004,1768352
74810,400,0,CV009_004,1768752
74811,140,0,CV009_004,1768892
74812,360,0,CV009_004,1769252
74813,40,0,CV009_004,1769292
74814,480,0,CV009_004,1769772
74815,20,0,CV009_004,1769792
74816,240,0,CV009_004,1770032
74817,300,0,CV009_004,1770332
74818,260,0,CV009_004,1770592
74819,200,0,CV009_004,1770792
74820,320,0,CV009_004,1771112
74821,360,0,CV009_004,1771472
74822,184,0,CV009_004,1771656
74823,260,0,CV009_004,1771916
74824,300,0,CV009_004,1772216
74825,240,0,CV009_004,1772456
74826,160,0,CV009_004,1772616
74827,180,0,CV009_004,1772796
74828,420,0,CV009_004,1773216
74829,240,0,CV009_004,1773456
74830,80,0,CV009_004,1773536
74831,360,0,CV009_004,1773896
74832,240,0,CV009_004,1774136
74833,180,0,CV009_004,1774316
74834,180,0,CV009_004,1774496
74835,480,0,CV009_004,1774976
74836,200,0,CV009_004,1775176
74837,200,0,CV009_004,1775376
74838,220,0,CV009_004,1775596
74839,240,0,CV009_004,1775836
74840,300,0,CV009_004,1776136
74841,240,0,CV009_004,1776376
74842,340,0,CV009_004,1776716
74843,40,0,CV009_004,1776756
74844,404,0,CV009_004,1777160
74845,116,0,CV009_004,1777276
74846,200,0,CV009_004,1777476
74847,320,0,CV009_004,1777796
74848,240,0,CV009_004,1778036
74849,184,0,CV009_004,1778220
74850,460,0,CV009_004,1778680
74851,200,0,CV009_004,1778880
74852,280,0,CV009_004,1779160
74853,180,0,CV009_004,1779340
74854,160,0,CV009_004,1779500
74855,220,0,CV009_004,1779720
74856,300,0,CV009_004,1780020
74857,200,0,CV009_004,1780220
74858,240,0,CV009_004,1780460
74859,440,0,CV009_004,1780900
74860,120,0,CV009_004,1781020
74861,276,0,CV009_004,1781296
74862,344,0,CV009_004,1781640
74863,140,0,CV009_004,1781780
74864,280,0,CV009_004,1782060
74865,180,0,CV009_004,1782240
74866,200,0,CV009_004,1782440
74867,260,0,CV009_004,1782700
74868,400,0,CV009_004,1783100
74869,100,0,CV009_004,1783200
74870,280,0,CV009_004,1783480
74871,220,0,CV009_004,1783700
74872,340,0,CV009_004,1784040
74873,340,0,CV009_004,1784380
74874,84,0,CV009_004,1784464
74875,360,0,CV009_004,1784824
74876,300,0,CV009_004,1785124
74877,40,0,CV009_004,1785164
74878,360,0,CV009_004,1785524
74879,140,0,CV009_004,1785664
74880,240,0,CV009_004,1785904
74881,320,0,CV009_004,1786224
74882,180,0,CV009_004,1786404
74883,320,0,CV009_004,1786724
74884,180,0,CV009_004,1786904
74885,316,0,CV009_004,1787220
74886,260,0,CV009_004,1787480
74887,160,0,CV009_004,1787640
74888,404,0,CV009_004,1788044
74889,136,0,CV009_004,1788180
74890,364,0,CV009_004,1788544
74891,140,0,CV009_004,1788684
74892,296,0,CV009_004,1788980
74893,204,0,CV009_004,1789184
74894,240,0,CV009_004,1789424
74895,260,0,CV009_004,1789684
74896,220,0,CV009_004,1789904
74897,244,0,CV009_004,1790148
74898,216,0,CV009_004,1790364
74899,464,0,CV009_004,1790828
74900,80,0,CV009_004,1790908
74901,240,0,CV009_004,1791148
74902,220,0,CV009_004,1791368
74903,340,0,CV009_004,1791708
74904,200,0,CV009_004,1791908
74905,240,0,CV009_004,1792148
74906,200,0,CV009_004,1792348
74907,356,0,CV009_004,1792704
74908,200,0,CV009_004,1792904
74909,280,0,CV009_004,1793184
74910,200,0,CV009_004,1793384
74911,280,0,CV009_004,1793664
74912,204,0,CV009_004,1793868
74913,380,0,CV009_004,1794248
74914,120,0,CV009_004,1794368
74915,220,0,CV009_004,1794588
74916,360,0,CV009_004,1794948
74917,160,0,CV009_004,1795108
74918,280,0,CV009_004,1795388
74919,220,0,CV009_004,1795608
74920,304,0,CV009_004,1795912
74921,160,0,CV009_004,1796072
74922,300,0,CV009_004,1796372
74923,200,0,CV009_004,1796572
74924,380,0,CV009_004,1796952
74925,180,0,CV009_004,1797132
74926,400,0,CV009_004,1797532
74927,100,0,CV009_004,1797632
74928,356,0,CV009_004,1797988
74929,300,0,CV009_004,1798288
74930,20,0,CV009_004,1798308
74931,300,0,CV009_004,1798608
74932,224,0,CV009_004,1798832
74933,340,0,CV009_004,1799172
74934,140,0,CV009_004,1799312
74935,440,0,CV009_004,1799752
74936,40,0,CV009_004,1799792
74937,280,0,CV009_004,1800072
74938,404,0,CV009_004,1800476
74939,176,0,CV009_004,1800652
74940,180,0,CV009_004,1800832
74941,244,0,CV009_004,1801076
74942,220,0,CV009_004,1801296
74943,260,0,CV009_004,1801556
74944,360,0,CV009_004,1801916
74945,200,0,CV009_004,1802116
74946,160,0,CV009_004,1802276
74947,360,0,CV009_004,1802636
74948,356,0,CV009_004,1802992
74949,220,0,CV009_004,1803212
74950,240,0,CV009_004,1803452
74951,80,0,CV009_004,1803532
74952,220,0,CV009_004,1803752
74953,404,0,CV009_004,1804156
74954,160,0,CV009_004,1804316
74955,340,0,CV009_004,1804656
74956,300,0,CV009_004,1804956
74957,200,0,CV009_004,1805156
74958,100,0,CV009_004,1805256
74959,384,0,CV009_004,1805640
74960,116,0,CV009_004,1805756
74961,404,0,CV009_004,1806160
74962,116,0,CV009_004,1806276
74963,344,0,CV009_004,1806620
74964,300,0,CV009_004,1806920
74965,200,0,CV009_004,1807120
74966,120,0,CV009_004,1807240
74967,380,0,CV009_004,1807620
74968,180,0,CV009_004,1807800
74969,396,0,CV009_004,1808196
74970,224,0,CV009_004,1808420
74971,136,0,CV009_004,1808556
74972,260,0,CV009_004,1808816
74973,320,0,CV009_004,1809136
74974,120,0,CV009_004,1809256
74975,384,0,CV009_004,1809640
74976,220,0,CV009_004,1809860
74977,100,0,CV009_004,1809960
74978,300,0,CV009_004,1810260
74979,404,0,CV009_004,1810664
74980,176,0,CV009_004,1810840
74981,264,0,CV009_004,1811104
74982,240,0,CV009_004,1811344
74983,260,0,CV009_004,1811604
74984,220,0,CV009_004,1811824
74985,240,0,CV009_004,1812064
74986,340,0,CV009_004,1812404
74987,200,0,CV009_004,1812604
74988,276,0,CV009_004,1812880
74989,224,0,CV009_004,1813104
74990,116,0,CV009_004,1813220
74991,220,0,CV009_004,1813440
74992,284,0,CV009_004,1813724
74993,400,0,CV009_004,1814124
74994,100,0,CV009_004,1814224
74995,200,0,CV009_004,1814424
74996,340,0,CV009_004,1814764
74997,360,0,CV009_004,1815124
74998,224,0,CV009_004,1815348
74999,296,0,CV009_004,1815644
75000,60,0,CV009_004,1815704
75001,364,0,CV009_004,1816068
75002,160,0,CV009_004,1816228
75003,200,0,CV009_004,1816428
75004,300,0,CV009_004,1816728
75005,320,0,CV009_004,1817048
75006,180,0,CV009_004,1817228
75007,296,0,CV009_004,1817524
75008,200,0,CV009_004,1817724
75009,180,0,CV009_004,1817904
75010,344,0,CV009_004,1818248
75011,180,0,CV009_004,1818428
75012,340,0,CV009_004,1818768
75013,200,0,CV009_004,1818968
75014,380,0,CV009_004,1819348
75015,80,0,CV009_004,1819428
75016,200,0,CV009_004,1819628
75017,420,0,CV009_004,1820048
75018,204,0,CV009_004,1820252
75019,200,0,CV009_004,1820452
75020,240,0,CV009_004,1820692
75021,340,0,CV009_004,1821032
75022,140,0,CV009_004,1821172
75023,420,0,CV009_004,1821592
75024,20,0,CV009_004,1821612
75025,396,0,CV009_004,1822008
75026,340,0,CV009_004,1822348
75027,40,0,CV009_004,1822388
75028,284,0,CV009_004,1822672
75029,220,0,CV009_004,1822892
75030,220,0,CV009_004,1823112
75031,340,0,CV009_004,1823452
75032,160,0,CV009_004,1823612
75033,240,0,CV009_004,1823852
75034,320,0,CV009_004,1824172
75035,180,0,CV009_004,1824352
75036,340,0,CV009_004,1824692
75037,264,0,CV009_004,1824956
75038,120,0,CV009_004,1825076
75039,280,0,CV009_004,1825356
75040,360,0,CV009_004,1825716
75041,120,0,CV009_004,1825836
75042,460,0,CV009_004,1826296
75043,60,0,CV009_004,1826356
75044,220,0,CV009_004,1826576
75045,276,0,CV009_004,1826852
75046,300,0,CV009_004,1827152
75047,280,0,CV009_004,1827432
75048,244,0,CV009_004,1827676
75049,180,0,CV009_004,1827856
75050,440,0,CV009_004,1828296
75051,20,0,CV009_004,1828316
75052,300,0,CV009_004,1828616
75053,260,0,CV009_004,1828876
75054,240,0,CV009_004,1829116
75055,280,0,CV009_004,1829396
75056,200,0,CV009_004,1829596
75057,200,0,CV009_004,1829796
75058,284,0,CV009_004,1830080
75059,420,0,CV009_004,1830500
75060,80,0,CV009_004,1830580
75061,340,0,CV009_004,1830920
75062,120,0,CV009_004,1831040
75063,260,0,CV009_004,1831300
75064,260,0,CV009_004,1831560
75065,220,0,CV009_004,1831780
75066,420,0,CV009_004,1832200
75067,200,0,CV009_004,1832400
75068,340,0,CV009_004,1832740
75069,100,0,CV009_004,1832840
75070,356,0,CV009_004,1833196
75071,80,0,CV009_004,1833276
75072,400,0,CV009_004,1833676
75073,144,0,CV009_004,1833820
75074,240,0,CV009_004,1834060
75075,240,0,CV009_004,1834300
75076,360,0,CV009_004,1834660
75077,300,0,CV009_004,1834960
75078,260,0,CV009_004,1835220
75079,60,0,CV009_004,1835280
75080,440,0,CV009_004,1835720
75081,24,0,CV009_004,1835744
75082,356,0,CV009_004,1836100
75083,244,0,CV009_004,1836344
75084,336,0,CV009_004,1836680
75085,300,0,CV009_004,1836980
75086,80,0,CV009_004,1837060
75087,204,0,CV009_004,1837264
75088,240,0,CV009_004,1837504
75089,420,0,CV009_004,1837924
75090,200,0,CV009_004,1838124
75091,140,0,CV009_004,1838264
75092,300,0,CV009_004,1838564
75093,360,0,CV009_004,1838924
75094,120,0,CV009_004,1839044
75095,280,0,CV009_004,1839324
75096,240,0,CV009_004,1839564
75097,200,0,CV009_004,1839764
75098,256,0,CV009_004,1840020
75099,344,0,CV009_004,1840364
75100,276,0,CV009_004,1840640
75101,180,0,CV009_004,1840820
75102,320,0,CV009_004,1841140
75103,100,0,CV009_004,1841240
75104,444,0,CV009_004,1841684
75105,20,0,CV009_004,1841704
75106,380,0,CV009_004,1842084
75107,160,0,CV009_004,1842244
75108,340,0,CV009_004,1842584
75109,160,0,CV009_004,1842744
75110,340,0,CV009_004,1843084
75111,180,0,CV009_004,1843264
75112,320,0,CV009_004,1843584
75113,260,0,CV009_004,1843844
75114,84,0,CV009_004,1843928
75115,296,0,CV009_004,1844224
75116,284,0,CV009_004,1844508
75117,196,0,CV009_004,1844704
75118,424,0,CV009_004,1845128
75119,196,0,CV009_004,1845324
75120,224,0,CV009_004,1845548
75121,320,0,CV009_004,1845868
75122,280,0,CV009_004,1846148
75123,180,0,CV009_004,1846328
75124,220,0,CV009_004,1846548
75125,240,0,CV009_004,1846788
75126,140,0,CV009_004,1846928
75127,440,0,CV009_004,1847368
75128,180,0,CV009_004,1847548
75129,120,0,CV009_004,1847668
75130,340,0,CV009_004,1848008
75131,280,0,CV009_004,1848288
75132,300,0,CV009_004,1848588
75133,276,0,CV009_004,1848864
75134,40,0,CV009_004,1848904
75135,440,0,CV009_004,1849344
75136,220,0,CV009_004,1849564
75137,184,0,CV009_004,1849748
75138,316,0,CV009_004,1850064
75139,104,0,CV009_004,1850168
75140,400,0,CV009_004,1850568
75141,220,0,CV009_004,1850788
75142,320,0,CV009_004,1851108
75143,60,0,CV009_004,1851168
75144,344,0,CV009_004,1851512
75145,116,0,CV009_004,1851628
75146,460,0,CV009_004,1852088
75147,80,0,CV009_004,1852168
75148,400,0,CV009_004,1852568
75149,220,0,CV009_004,1852788
75150,140,0,CV009_004,1852928
75151,220,0,CV009_004,1853148
75152,300,0,CV009_004,1853448
75153,284,0,CV009_004,1853732
75154,196,0,CV009_004,1853928
75155,324,0,CV009_004,1854252
75156,100,0,CV009_004,1854352
75157,380,0,CV009_004,1854732
75158,300,0,CV009_004,1855032
75159,60,0,CV009_004,1855092
75160,420,0,CV009_004,1855512
75161,140,0,CV009_004,1855652
75162,280,0,CV009_004,1855932
75163,260,0,CV009_004,1856192
75164,140,0,CV009_004,1856332
75165,320,0,CV009_004,1856652
75166,380,0,CV009_004,1857032
75167,200,0,CV009_004,1857232
75168,256,0,CV009_004,1857488
75169,100,0,CV009_004,1857588
75170,444,0,CV009_004,1858032
75171,140,0,CV009_004,1858172
75172,180,0,CV009_004,1858352
75173,300,0,CV009_004,1858652
75174,160,0,CV009_004,1858812
75175,320,0,CV009_004,1859132
75176,420,0,CV009_004,1859552
75177,180,0,CV009_004,1859732
75178,100,0,CV009_004,1859832
75179,404,0,CV009_004,1860236
75180,136,0,CV009_004,1860372
75181,300,0,CV009_004,1860672
75182,140,0,CV009_004,1860812
75183,324,0,CV009_004,1861136
75184,320,0,CV009_004,1861456
75185,220,0,CV009_004,1861676
75186,160,0,CV009_004,1861836
75187,240,0,CV009_004,1862076
75188,200,0,CV009_004,1862276
75189,480,0,CV009_004,1862756
75190,40,0,CV009_004,1862796
75191,440,0,CV009_004,1863236
75192,60,0,CV009_004,1863296
75193,460,0,CV009_004,1863756
75194,180,0,CV009_004,1863936
75195,160,0,CV009_004,1864096
75196,240,0,CV009_004,1864336
75197,256,0,CV009_004,1864592
75198,260,0,CV009_004,1864852
75199,180,0,CV009_004,1865032
75200,280,0,CV009_004,1865312
75201,304,0,CV009_004,1865616
75202,360,0,CV009_004,1865976
75203,60,0,CV009_004,1866036
75204,260,0,CV009_004,1866296
75205,240,0,CV009_004,1866536
75206,260,0,CV009_004,1866796
75207,240,0,CV009_004,1867036
75208,420,0,CV009_004,1867456
75209,80,0,CV009_004,1867536
75210,384,0,CV009_004,1867920
75211,116,0,CV009_004,1868036
75212,200,0,CV009_004,1868236
75213,404,0,CV009_004,1868640
75214,300,0,CV009_004,1868940
75215,220,0,CV009_004,1869160
75216,60,0,CV009_004,1869220
75217,280,0,CV009_004,1869500
75218,440,0,CV009_004,1869940
75219,240,0,CV009_004,1870180
75220,60,0,CV009_004,1870240
75221,260,0,CV009_004,1870500
75222,280,0,CV009_004,1870780
75223,256,0,CV009_004,1871036
75224,324,0,CV009_004,1871360
75225,216,0,CV009_004,1871576
75226,320,0,CV009_004,1871896
75227,160,0,CV009_004,1872056
75228,180,0,CV009_004,1872236
75229,280,0,CV009_004,1872516
75230,224,0,CV009_004,1872740
75231,360,0,CV009_004,1873100
75232,140,0,CV009_004,1873240
75233,280,0,CV009_004,1873520
75234,260,0,CV009_004,1873780
75235,340,0,CV009_004,1874120
75236,264,0,CV009_004,1874384
75237,136,0,CV009_004,1874520
75238,200,0,CV009_004,1874720
75239,380,0,CV009_004,1875100
75240,120,0,CV009_004,1875220
75241,344,0,CV009_004,1875564
75242,320,0,CV009_004,1875884
75243,196,0,CV009_004,1876080
75244,224,0,CV009_004,1876304
75245,160,0,CV009_004,1876464
75246,220,0,CV009_004,1876684
75247,260,0,CV009_004,1876944
75248,340,0,CV009_004,1877284
75249,200,0,CV009_004,1877484
75250,400,0,CV009_004,1877884
75251,240,0,CV009_004,1878124
75252,256,0,CV009_004,1878380
75253,260,0,CV009_004,1878640
75254,20,0,CV009_004,1878660
75255,240,0,CV009_004,1878900
75256,344,0,CV009_004,1879244
75257,260,0,CV009_004,1879504
75258,140,0,CV009_004,1879644
75259,336,0,CV009_004,1879980
75260,160,0,CV009_004,1880140
75261,260,0,CV009_004,1880400
75262,244,0,CV009_004,1880644
75263,480,0,CV009_004,1881124
75264,80,0,CV009_004,1881204
75265,180,0,CV009_004,1881384
75266,700,0,CV009_004,1882084
75267,380,0,CV009_004,1882464
75268,400,0,CV009_004,1882864
75269,60,0,CV009_004,1882924
75270,284,0,CV009_004,1883208
75271,160,0,CV009_004,1883368
75272,240,0,CV009_004,1883608
75273,440,0,CV009_004,1884048
75274,60,0,CV009_004,1884108
75275,476,0,CV009_004,1884584
75276,180,0,CV009_004,1884764
75277,260,0,CV009_004,1885024
75278,304,0,CV009_004,1885328
75279,200,0,CV009_004,1885528
75280,260,0,CV009_004,1885788
75281,60,0,CV009_004,1885848
75282,440,0,CV009_004,1886288
75283,60,0,CV009_004,1886348
75284,360,0,CV009_004,1886708
75285,280,0,CV009_004,1886988
75286,300,0,CV009_004,1887288
75287,264,0,CV009_004,1887552
75288,20,0,CV009_004,1887572
75289,260,0,CV009_004,1887832
75290,300,0,CV009_004,1888132
75291,320,0,CV009_004,1888452
75292,140,0,CV009_004,1888592
75293,440,0,CV009_004,1889032
75294,80,0,CV009_004,1889112
75295,220,0,CV009_004,1889332
75296,280,0,CV009_004,1889612
75297,436,0,CV009_004,1890048
75298,220,0,CV009_004,1890268
75299,80,0,CV009_004,1890348
75300,244,0,CV009_004,1890592
75301,220,0,CV009_004,1890812
75302,260,0,CV009_004,1891072
75303,260,0,CV009_004,1891332
75304,360,0,CV009_004,1891692
75305,184,0,CV009_004,1891876
75306,240,0,CV009_004,1892116
75307,340,0,CV009_004,1892456
75308,200,0,CV009_004,1892656
75309,300,0,CV009_004,1892956
75310,80,0,CV009_004,1893036
75311,420,0,CV009_004,1893456
75312,160,0,CV009_004,1893616
75313,340,0,CV009_004,1893956
75314,80,0,CV009_004,1894036
75315,280,0,CV009_004,1894316
75316,436,0,CV009_004,1894752
75317,180,0,CV009_004,1894932
75318,140,0,CV009_004,1895072
75319,204,0,CV009_004,1895276
75320,280,0,CV009_004,1895556
75321,240,0,CV009_004,1895796
75322,240,0,CV009_004,1896036
75323,240,0,CV009_004,1896276
75324,404,0,CV009_004,1896680
75325,80,0,CV009_004,1896760
75326,360,0,CV009_004,1897120
75327,260,0,CV009_004,1897380
75328,340,0,CV009_004,1897720
75329,140,0,CV009_004,1897860
75330,160,0,CV009_004,1898020
75331,280,0,CV009_004,1898300
75332,200,0,CV009_004,1898500
75333,240,0,CV009_004,1898740
75334,340,0,CV009_004,1899080
75335,260,0,CV009_004,1899340
75336,376,0,CV009_004,1899716
75337,200,0,CV009_004,1899916
75338,124,0,CV009_004,1900040
75339,240,0,CV009_004,1900280
75340,420,0,CV009_004,1900700
75341,80,0,CV009_004,1900780
75342,220,0,CV009_004,1901000
75343,264,0,CV009_004,1901264
75344,220,0,CV009_004,1901484
75345,360,0,CV009_004,1901844
75346,200,0,CV009_004,1902044
75347,160,0,CV009_004,1902204
75348,340,0,CV009_004,1902544
75349,160,0,CV009_004,1902704
75350,320,0,CV009_004,1903024
75351,180,0,CV009_004,1903204
75352,420,0,CV009_004,1903624
75353,240,0,CV009_004,1903864
75354,316,0,CV009_004,1904180
75355,180,0,CV009_004,1904360
75356,104,0,CV009_004,1904464
75357,240,0,CV009_004,1904704
75358,300,0,CV009_004,1905004
75359,220,0,CV009_004,1905224
75360,324,0,CV009_004,1905548
75361,160,0,CV009_004,1905708
75362,220,0,CV009_004,1905928
75363,280,0,CV009_004,1906208
75364,380,0,CV009_004,1906588
75365,160,0,CV009_004,1906748
75366,180,0,CV009_004,1906928
75367,260,0,CV009_004,1907188
75368,240,0,CV009_004,1907428
75369,340,0,CV009_004,1907768
75370,256,0,CV009_004,1908024
75371,280,0,CV009_004,1908304
75372,240,0,CV009_004,1908544
75373,124,0,CV009_004,1908668
75374,240,0,CV009_004,1908908
75375,260,0,CV009_004,1909168
75376,420,0,CV009_004,1909588
75377,164,0,CV009_004,1909752
75378,220,0,CV009_004,1909972
75379,380,0,CV009_004,1910352
75380,200,0,CV009_004,1910552
75381,180,0,CV009_004,1910732
75382,240,0,CV009_004,1910972
75383,180,0,CV009_004,1911152
75384,320,0,CV009_004,1911472
75385,180,0,CV009_004,1911652
75386,260,0,CV009_004,1911912
75387,220,0,CV009_004,1912132
75388,260,0,CV009_004,1912392
75389,276,0,CV009_004,1912668
75390,280,0,CV009_004,1912948
75391,304,0,CV009_004,1913252
75392,120,0,CV009_004,1913372
75393,340,0,CV009_004,1913712
75394,300,0,CV009_004,1914012
75395,280,0,CV009_004,1914292
75396,124,0,CV009_004,1914416
75397,240,0,CV009_004,1914656
75398,200,0,CV009_004,1914856
75399,340,0,CV009_004,1915196
75400,240,0,CV009_004,1915436
75401,160,0,CV009_004,1915596
75402,480,0,CV009_004,1916076
75403,100,0,CV009_004,1916176
75404,240,0,CV009_004,1916416
75405,200,0,CV009_004,1916616
75406,436,0,CV009_004,1917052
75407,180,0,CV009_004,1917232
75408,200,0,CV009_004,1917432
75409,380,0,CV009_004,1917812
75410,204,0,CV009_004,1918016
75411,100,0,CV009_004,1918116
75412,300,0,CV009_004,1918416
75413,220,0,CV009_004,1918636
75414,360,0,CV009_004,1918996
75415,104,0,CV009_004,1919100
75416,460,0,CV009_004,1919560
75417,140,0,CV009_004,1919700
75418,260,0,CV009_004,1919960
75419,180,0,CV009_004,1920140
75420,260,0,CV009_004,1920400
75421,340,0,CV009_004,1920740
75422,160,0,CV009_004,1920900
75423,160,0,CV009_004,1921060
75424,320,0,CV009_004,1921380
75425,180,0,CV009_004,1921560
75426,400,0,CV009_004,1921960
75427,180,0,CV009_004,1922140
75428,360,0,CV009_004,1922500
75429,176,0,CV009_004,1922676
75430,300,0,CV009_004,1922976
75431,100,0,CV009_004,1923076
75432,344,0,CV009_004,1923420
75433,180,0,CV009_004,1923600
75434,320,0,CV009_004,1923920
75435,220,0,CV009_004,1924140
75436,160,0,CV009_004,1924300
75437,240,0,CV009_004,1924540
75438,444,0,CV009_004,1924984
75439,120,0,CV009_004,1925104
75440,340,0,CV009_004,1925444
75441,220,0,CV009_004,1925664
75442,220,0,CV009_004,1925884
75443,140,0,CV009_004,1926024
75444,260,0,CV009_004,1926284
75445,340,0,CV009_004,1926624
75446,340,0,CV009_004,1926964
75447,100,0,CV009_004,1927064
75448,200,0,CV009_004,1927264
75449,240,0,CV009_004,1927504
75450,300,0,CV009_004,1927804
75451,280,0,CV009_004,1928084
75452,360,0,CV009_004,1928444
75453,236,0,CV009_004,1928680
75454,240,0,CV009_004,1928920
75455,200,0,CV009_004,1929120
75456,144,0,CV009_004,1929264
75457,336,0,CV009_004,1929600
75458,164,0,CV009_004,1929764
75459,440,0,CV009_004,1930204
75460,200,0,CV009_004,1930404
75461,180,0,CV009_004,1930584
75462,304,0,CV009_004,1930888
75463,100,0,CV009_004,1930988
75464,360,0,CV009_004,1931348
75465,120,0,CV009_004,1931468
75466,460,0,CV009_004,1931928
75467,120,0,CV009_004,1932048
75468,180,0,CV009_004,1932228
75469,360,0,CV009_004,1932588
75470,340,0,CV009_004,1932928
75471,60,0,CV009_004,1932988
75472,240,0,CV009_004,1933228
75473,240,0,CV009_004,1933468
75474,300,0,CV009_004,1933768
75475,200,0,CV009_004,1933968
75476,400,0,CV009_004,1934368
75477,236,0,CV009_004,1934604
75478,180,0,CV009_004,1934784
75479,280,0,CV009_004,1935064
75480,144,0,CV009_004,1935208
75481,336,0,CV009_004,1935544
75482,184,0,CV009_004,1935728
75483,420,0,CV009_004,1936148
75484,260,0,CV009_004,1936408
75485,120,0,CV009_004,1936528
75486,304,0,CV009_004,1936832
75487,160,0,CV009_004,1936992
75488,320,0,CV009_004,1937312
75489,140,0,CV009_004,1937452
75490,460,0,CV009_004,1937912
75491,160,0,CV009_004,1938072
75492,100,0,CV009_004,1938172
75493,380,0,CV009_004,1938552
75494,320,0,CV009_004,1938872
75495,180,0,CV009_004,1939052
75496,160,0,CV009_004,1939212
75497,200,0,CV009_004,1939412
75498,280,0,CV009_004,1939692
75499,220,0,CV009_004,1939912
75500,380,0,CV009_004,1940292
75501,220,0,CV009_004,1940512
75502,360,0,CV009_004,1940872
75503,196,0,CV009_004,1941068
75504,204,0,CV009_004,1941272
75505,196,0,CV009_004,1941468
75506,184,0,CV009_004,1941652
75507,240,0,CV009_004,1941892
75508,320,0,CV009_004,1942212
75509,180,0,CV009_004,1942392
75510,460,0,CV009_004,1942852
75511,40,0,CV009_004,1942892
75512,400,0,CV009_004,1943292
75513,224,0,CV009_004,1943516
75514,340,0,CV009_004,1943856
75515,140,0,CV009_004,1943996
75516,360,0,CV009_004,1944356
75517,80,0,CV009_004,1944436
75518,180,0,CV009_004,1944616
75519,420,0,CV009_004,1945036
75520,200,0,CV009_004,1945236
75521,120,0,CV009_004,1945356
75522,280,0,CV009_004,1945636
75523,220,0,CV009_004,1945856
75524,380,0,CV009_004,1946236
75525,120,0,CV009_004,1946356
75526,260,0,CV009_004,1946616
75527,456,0,CV009_004,1947072
75528,260,0,CV009_004,1947332
75529,240,0,CV009_004,1947572
75530,60,0,CV009_004,1947632
75531,244,0,CV009_004,1947876
75532,300,0,CV009_004,1948176
75533,200,0,CV009_004,1948376
75534,220,0,CV009_004,1948596
75535,280,0,CV009_004,1948876
75536,344,0,CV009_004,1949220
75537,320,0,CV009_004,1949540
75538,40,0,CV009_004,1949580
75539,480,0,CV009_004,1950060
75540,100,0,CV009_004,1950160
75541,180,0,CV009_004,1950340
75542,240,0,CV009_004,1950580
75543,400,0,CV009_004,1950980
75544,100,0,CV009_004,1951080
75545,260,0,CV009_004,1951340
75546,220,0,CV009_004,1951560
75547,280,0,CV009_004,1951840
75548,300,0,CV009_004,1952140
75549,276,0,CV009_004,1952416
75550,240,0,CV009_004,1952656
75551,360,0,CV009_004,1953016
75552,64,0,CV009_004,1953080
75553,220,0,CV009_004,1953300
75554,280,0,CV009_004,1953580
75555,280,0,CV009_004,1953860
75556,220,0,CV009_004,1954080
75557,404,0,CV009_004,1954484
75558,180,0,CV009_004,1954664
75559,140,0,CV009_004,1954804
75560,280,0,CV009_004,1955084
75561,200,0,CV009_004,1955284
75562,380,0,CV009_004,1955664
75563,140,0,CV009_004,1955804
75564,460,0,CV009_004,1956264
75565,120,0,CV009_004,1956384
75566,180,0,CV009_004,1956564
75567,420,0,CV009_004,1956984
75568,120,0,CV009_004,1957104
75569,380,0,CV009_004,1957484
75570,156,0,CV009_004,1957640
75571,220,0,CV009_004,1957860
75572,264,0,CV009_004,1958124
75573,240,0,CV009_004,1958364
75574,280,0,CV009_004,1958644
75575,120,0,CV009_004,1958764
75576,340,0,CV009_004,1959104
75577,204,0,CV009_004,1959308
75578,240,0,CV009_004,1959548
75579,220,0,CV009_004,1959768
75580,220,0,CV009_004,1959988
75581,380,0,CV009_004,1960368
75582,160,0,CV009_004,1960528
75583,300,0,CV009_004,1960828
75584,240,0,CV009_004,1961068
75585,400,0,CV009_004,1961468
75586,80,0,CV009_004,1961548
75587,180,0,CV009_004,1961728
75588,356,0,CV009_004,1962084
75589,260,0,CV009_004,1962344
75590,200,0,CV009_004,1962544
75591,304,0,CV009_004,1962848
75592,180,0,CV009_004,1963028
75593,300,0,CV009_004,1963328
75594,140,0,CV009_004,1963468
75595,404,0,CV009_004,1963872
75596,120,0,CV009_004,1963992
75597,240,0,CV009_004,1964232
75598,220,0,CV009_004,1964452
75599,260,0,CV009_004,1964712
75600,360,0,CV009_004,1965072
75601,240,0,CV009_004,1965312
75602,280,0,CV009_004,1965592
75603,220,0,CV009_004,1965812
75604,360,0,CV009_004,1966172
75605,140,0,CV009_004,1966312
75606,240,0,CV009_004,1966552
75607,356,0,CV009_004,1966908
75608,180,0,CV009_004,1967088
75609,100,0,CV009_004,1967188
75610,280,0,CV009_004,1967468
75611,224,0,CV009_004,1967692
75612,236,0,CV009_004,1967928
75613,264,0,CV009_004,1968192
75614,320,0,CV009_004,1968512
75615,200,0,CV009_004,1968712
75616,220,0,CV009_004,1968932
75617,384,0,CV009_004,1969316
75618,120,0,CV009_004,1969436
75619,380,0,CV009_004,1969816
75620,180,0,CV009_004,1969996
75621,280,0,CV009_004,1970276
75622,140,0,CV009_004,1970416
75623,440,0,CV009_004,1970856
75624,140,0,CV009_004,1970996
75625,160,0,CV009_004,1971156
75626,240,0,CV009_004,1971396
75627,260,0,CV009_004,1971656
75628,320,0,CV009_004,1971976
75629,276,0,CV009_004,1972252
75630,140,0,CV009_004,1972392
75631,440,0,CV009_004,1972832
75632,204,0,CV009_004,1973036
75633,300,0,CV009_004,1973336
75634,100,0,CV009_004,1973436
75635,320,0,CV009_004,1973756
75636,280,0,CV009_004,1974036
75637,300,0,CV009_004,1974336
75638,84,0,CV009_004,1974420
75639,200,0,CV009_004,1974620
75640,460,0,CV009_004,1975080
75641,280,0,CV009_004,1975360
75642,100,0,CV009_004,1975460
75643,160,0,CV009_004,1975620
75644,440,0,CV009_004,1976060
75645,240,0,CV009_004,1976300
75646,60,0,CV009_004,1976360
75647,300,0,CV009_004,1976660
75648,340,0,CV009_004,1977000
75649,240,0,CV009_004,1977240
75650,200,0,CV009_004,1977440
75651,180,0,CV009_004,1977620
75652,256,0,CV009_004,1977876
75653,220,0,CV009_004,1978096
75654,424,0,CV009_004,1978520
75655,80,0,CV009_004,1978600
75656,300,0,CV009_004,1978900
75657,200,0,CV009_004,1979100
75658,240,0,CV009_004,1979340
75659,300,0,CV009_004,1979640
75660,384,0,CV009_004,1980024
75661,180,0,CV009_004,1980204
75662,140,0,CV009_004,1980344
75663,460,0,CV009_004,1980804
75664,200,0,CV009_004,1981004
75665,80,0,CV009_004,1981084
75666,300,0,CV009_004,1981384
75667,260,0,CV009_004,1981644
75668,340,0,CV009_004,1981984
75669,100,0,CV009_004,1982084
75670,240,0,CV009_004,1982324
75671,300,0,CV009_004,1982624
75672,380,0,CV009_004,1983004
75673,160,0,CV009_004,1983164
75674,220,0,CV009_004,1983384
75675,216,0,CV009_004,1983600
75676,360,0,CV009_004,1983960
75677,240,0,CV009_004,1984200
75678,100,0,CV009_004,1984300
75679,284,0,CV009_004,1984584
75680,220,0,CV009_004,1984804
75681,240,0,CV009_004,1985044
75682,260,0,CV009_004,1985304
75683,444,0,CV009_004,1985748
75684,260,0,CV009_004,1986008
75685,160,0,CV009_004,1986168
75686,200,0,CV009_004,1986368
75687,400,0,CV009_004,1986768
75688,240,0,CV009_004,1987008
75689,80,0,CV009_004,1987088
75690,280,0,CV009_004,1987368
75691,180,0,CV009_004,1987548
75692,420,0,CV009_004,1987968
75693,120,0,CV009_004,1988088
75694,240,0,CV009_004,1988328
75695,240,0,CV009_004,1988568
75696,380,0,CV009_004,1988948
75697,60,0,CV009_004,1989008
75698,260,0,CV009_004,1989268
75699,456,0,CV009_004,1989724
75700,220,0,CV009_004,1989944
75701,260,0,CV009_004,1990204
75702,80,0,CV009_004,1990284
75703,324,0,CV009_004,1990608
75704,180,0,CV009_004,1990788
75705,216,0,CV009_004,1991004
75706,284,0,CV009_004,1991288
75707,320,0,CV009_004,1991608
75708,180,0,CV009_004,1991788
75709,224,0,CV009_004,1992012
75710,400,0,CV009_004,1992412
75711,200,0,CV009_004,1992612
75712,180,0,CV009_004,1992792
75713,220,0,CV009_004,1993012
75714,380,0,CV009_004,1993392
75715,180,0,CV009_004,1993572
75716,160,0,CV009_004,1993732
75717,260,0,CV009_004,1993992
75718,240,0,CV009_004,1994232
75719,360,0,CV009_004,1994592
75720,340,0,CV009_004,1994932
75721,80,0,CV009_004,1995012
75722,240,0,CV009_004,1995252
75723,200,0,CV009_004,1995452
75724,400,0,CV009_004,1995852
75725,256,0,CV009_004,1996108
75726,280,0,CV009_004,1996388
75727,200,0,CV009_004,1996588
75728,320,0,CV009_004,1996908
75729,260,0,CV009_004,1997168
75730,124,0,CV009_004,1997292
75731,336,0,CV009_004,1997628
75732,64,0,CV009_004,1997692
75733,360,0,CV009_004,1998052
75734,180,0,CV009_004,1998232
75735,240,0,CV009_004,1998472
75736,360,0,CV009_004,1998832
75737,140,0,CV009_004,1998972
75738,424,0,CV009_004,1999396
75739,120,0,CV009_004,1999516
75740,160,0,CV009_004,1999676
75741,320,0,CV009_004,1999996
75742,260,0,CV009_004,2000256
75743,340,0,CV009_004,2000596
75744,240,0,CV009_004,2000836
75745,180,0,CV009_004,2001016
75746,180,0,CV009_004,2001196
75747,220,0,CV009_004,2001416
75748,380,0,CV009_004,2001796
75749,220,0,CV009_004,2002016
75750,140,0,CV009_004,2002156
75751,240,0,CV009_004,2002396
75752,260,0,CV009_004,2002656
75753,340,0,CV009_004,2002996
75754,200,0,CV009_004,2003196
75755,400,0,CV009_004,2003596
75756,140,0,CV009_004,2003736
75757,280,0,CV009_004,2004016
75758,356,0,CV009_004,2004372
75759,60,0,CV009_004,2004432
75760,240,0,CV009_004,2004672
75761,440,0,CV009_004,2005112
75762,160,0,CV009_004,2005272
75763,264,0,CV009_004,2005536
75764,100,0,CV009_004,2005636
75765,240,0,CV009_004,2005876
75766,260,0,CV009_004,2006136
75767,300,0,CV009_004,2006436
75768,200,0,CV009_004,2006636
75769,260,0,CV009_004,2006896
75770,340,0,CV009_004,2007236
75771,160,0,CV009_004,2007396
75772,240,0,CV009_004,2007636
75773,264,0,CV009_004,2007900
75774,340,0,CV009_004,2008240
75775,160,0,CV009_004,2008400
75776,220,0,CV009_004,2008620
75777,420,0,CV009_004,2009040
75778,240,0,CV009_004,2009280
75779,280,0,CV009_004,2009560
75780,40,0,CV009_004,2009600
75781,420,0,CV009_004,2010020
75782,160,0,CV009_004,2010180
75783,180,0,CV009_004,2010360
75784,420,0,CV009_004,2010780
75785,240,0,CV009_004,2011020
75786,80,0,CV009_004,2011100
75787,320,0,CV009_004,2011420
75788,160,0,CV009_004,2011580
75789,380,0,CV009_004,2011960
75790,120,0,CV009_004,2012080
75791,460,0,CV009_004,2012540
75792,60,0,CV009_004,2012600
75793,420,0,CV009_004,2013020
75794,120,0,CV009_004,2013140
75795,280,0,CV009_004,2013420
75796,176,0,CV009_004,2013596
75797,404,0,CV009_004,2014000
75798,80,0,CV009_004,2014080
75799,416,0,CV009_004,2014496
75800,180,0,CV009_004,2014676
75801,220,0,CV009_004,2014896
75802,204,0,CV009_004,2015100
75803,236,0,CV009_004,2015336
75804,664,0,CV009_004,2016000
75805,240,0,CV009_004,2016240
75806,160,0,CV009_004,2016400
75807,220,0,CV009_004,2016620
75808,240,0,CV009_004,2016860
75809,200,0,CV009_004,2017060
75810,460,0,CV009_004,2017520
75811,220,0,CV009_004,2017740
75812,160,0,CV009_004,2017900
75813,160,0,CV009_004,2018060
75814,380,0,CV009_004,2018440
75815,120,0,CV009_004,2018560
75816,380,0,CV009_004,2018940
75817,300,0,CV009_004,2019240
75818,140,0,CV009_004,2019380
75819,284,0,CV009_004,2019664
75820,116,0,CV009_004,2019780
75821,424,0,CV009_004,2020204
75822,200,0,CV009_004,2020404
75823,300,0,CV009_004,2020704
75824,100,0,CV009_004,2020804
75825,380,0,CV009_004,2021184
75826,240,0,CV009_004,2021424
75827,80,0,CV009_004,2021504
75828,340,0,CV009_004,2021844
75829,180,0,CV009_004,2022024
75830,400,0,CV009_004,2022424
75831,180,0,CV009_004,2022604
75832,140,0,CV009_004,2022744
75833,460,0,CV009_004,2023204
75834,40,0,CV009_004,2023244
75835,360,0,CV009_004,2023604
75836,340,0,CV009_004,2023944
75837,180,0,CV009_004,2024124
75838,320,0,CV009_004,2024444
75839,260,0,CV009_004,2024704
75840,160,0,CV009_004,2024864
75841,160,0,CV009_004,2025024
75842,240,0,CV009_004,2025264
75843,440,0,CV009_004,2025704
75844,140,0,CV009_004,2025844
75845,180,0,CV009_004,2026024
75846,380,0,CV009_004,2026404
75847,280,0,CV009_004,2026684
75848,240,0,CV009_004,2026924
75849,40,0,CV009_004,2026964
75850,240,0,CV009_004,2027204
75851,360,0,CV009_004,2027564
75852,200,0,CV009_004,2027764
75853,380,0,CV009_004,2028144
75854,280,0,CV009_004,2028424
75855,220,0,CV009_004,2028644
75856,280,0,CV009_004,2028924
75857,100,0,CV009_004,2029024
75858,280,0,CV009_004,2029304
75859,140,0,CV009_004,2029444
75860,440,0,CV009_004,2029884
75861,140,0,CV009_004,2030024
75862,380,0,CV009_004,2030404
75863,120,0,CV009_004,2030524
75864,220,0,CV009_004,2030744
75865,280,0,CV009_004,2031024
75866,160,0,CV009_004,2031184
75867,460,0,CV009_004,2031644
75868,100,0,CV009_004,2031744
75869,256,0,CV009_004,2032000
75870,400,0,CV009_004,2032400
75871,220,0,CV009_004,2032620
75872,40,0,CV009_004,2032660
75873,400,0,CV009_004,2033060
75874,100,0,CV009_004,2033160
75875,260,0,CV009_004,2033420
75876,264,0,CV009_004,2033684
75877,316,0,CV009_004,2034000
75878,204,0,CV009_004,2034204
75879,376,0,CV009_004,2034580
75880,264,0,CV009_004,2034844
75881,60,0,CV009_004,2034904
75882,260,0,CV009_004,2035164
75883,260,0,CV009_004,2035424
75884,364,0,CV009_004,2035788
75885,96,0,CV009_004,2035884
75886,440,0,CV009_004,2036324
75887,64,0,CV009_004,2036388
75888,300,0,CV009_004,2036688
75889,340,0,CV009_004,2037028
75890,260,0,CV009_004,2037288
75891,160,0,CV009_004,2037448
75892,180,0,CV009_004,2037628
75893,400,0,CV009_004,2038028
75894,100,0,CV009_004,2038128
75895,460,0,CV009_004,2038588
75896,260,0,CV009_004,2038848
75897,180,0,CV009_004,2039028
75898,140,0,CV009_004,2039168
75899,200,0,CV009_004,2039368
75900,380,0,CV009_004,2039748
75901,280,0,CV009_004,2040028
75902,80,0,CV009_004,2040108
75903,240,0,CV009_004,2040348
75904,320,0,CV009_004,2040668
75905,260,0,CV009_004,2040928
75906,240,0,CV009_004,2041168
75907,340,0,CV009_004,2041508
75908,160,0,CV009_004,2041668
75909,180,0,CV009_004,2041848
75910,260,0,CV009_004,2042108
75911,240,0,CV009_004,2042348
75912,320,0,CV009_004,2042668
75913,360,0,CV009_004,2043028
75914,260,0,CV009_004,2043288
75915,140,0,CV009_004,2043428
75916,240,0,CV009_004,2043668
75917,220,0,CV009_004,2043888
75918,356,0,CV009_004,2044244
75919,160,0,CV009_004,2044404
75920,380,0,CV009_004,2044784
75921,80,0,CV009_004,2044864
75922,380,0,CV009_004,2045244
75923,120,0,CV009_004,2045364
75924,340,0,CV009_004,2045704
75925,104,0,CV009_004,2045808
75926,260,0,CV009_004,2046068
75927,240,0,CV009_004,2046308
75928,380,0,CV009_004,2046688
75929,220,0,CV009_004,2046908
75930,280,0,CV009_004,2047188
75931,120,0,CV009_004,2047308
75932,300,0,CV009_004,2047608
75933,180,0,CV009_004,2047788
75934,264,0,CV009_004,2048052
75935,240,0,CV009_004,2048292
75936,360,0,CV009_004,2048652
75937,340,0,CV009_004,2048992
75938,260,0,CV009_004,2049252
75939,140,0,CV009_004,2049392
75940,140,0,CV009_004,2049532
75941,320,0,CV009_004,2049852
75942,180,0,CV009_004,2050032
75943,240,0,CV009_004,2050272
75944,380,0,CV009_004,2050652
75945,320,0,CV009_004,2050972
75946,120,0,CV009_004,2051092
75947,340,0,CV009_004,2051432
75948,200,0,CV009_004,2051632
75949,140,0,CV009_004,2051772
75950,260,0,CV009_004,2052032
75951,300,0,CV009_004,2052332
75952,180,0,CV009_004,2052512
75953,320,0,CV009_004,2052832
75954,320,0,CV009_004,2053152
75955,320,0,CV009_004,2053472
75956,180,0,CV009_004,2053652
75957,100,0,CV009_004,2053752
75958,476,0,CV009_004,2054228
75959,40,0,CV009_004,2054268
75960,220,0,CV009_004,2054488
75961,284,0,CV009_004,2054772
75962,300,0,CV009_004,2055072
75963,220,0,CV009_004,2055292
75964,380,0,CV009_004,2055672
75965,120,0,CV009_004,2055792
75966,180,0,CV009_004,2055972
75967,460,0,CV009_004,2056432
75968,120,0,CV009_004,2056552
75969,264,0,CV009_004,2056816
75970,180,0,CV009_004,2056996
75971,440,0,CV009_004,2057436
75972,160,0,CV009_004,2057596
75973,120,0,CV009_004,2057716
75974,240,0,CV009_004,2057956
75975,240,0,CV009_004,2058196
75976,440,0,CV009_004,2058636
75977,200,0,CV009_004,2058836
75978,300,0,CV009_004,2059136
75979,240,0,CV009_004,2059376
75980,260,0,CV009_004,2059636
75981,60,0,CV009_004,2059696
75982,280,0,CV009_004,2059976
75983,220,0,CV009_004,2060196
75984,420,0,CV009_004,2060616
75985,300,0,CV009_004,2060916
75986,120,0,CV009_004,2061036
75987,180,0,CV009_004,2061216
75988,220,0,CV009_004,2061436
75989,276,0,CV009_004,2061712
75990,220,0,CV009_004,2061932
75991,244,0,CV009_004,2062176
75992,260,0,CV009_004,2062436
75993,240,0,CV009_004,2062676
75994,300,0,CV009_004,2062976
75995,360,0,CV009_004,2063336
75996,304,0,CV009_004,2063640
75997,180,0,CV009_004,2063820
75998,100,0,CV009_004,2063920
75999,360,0,CV009_004,2064280
76000,140,0,CV009_004,2064420
76001,300,0,CV009_004,2064720
76002,400,0,CV009_004,2065120
76003,200,0,CV009_004,2065320
76004,140,0,CV009_004,2065460
76005,200,0,CV009_004,2065660
76006,260,0,CV009_004,2065920
76007,280,0,CV009_004,2066200
76008,200,0,CV009_004,2066400
76009,300,0,CV009_004,2066700
76010,420,0,CV009_004,2067120
76011,240,0,CV009_004,2067360
76012,80,0,CV009_004,2067440
76013,180,0,CV009_004,2067620
76014,296,0,CV009_004,2067916
76015,240,0,CV009_004,2068156
76016,344,0,CV009_004,2068500
76017,140,0,CV009_004,2068640
76018,300,0,CV009_004,2068940
76019,220,0,CV009_004,2069160
76020,240,0,CV009_004,2069400
76021,224,0,CV009_004,2069624
76022,276,0,CV009_004,2069900
76023,324,0,CV009_004,2070224
76024,160,0,CV009_004,2070384
76025,340,0,CV009_004,2070724
76026,160,0,CV009_004,2070884
76027,280,0,CV009_004,2071164
76028,200,0,CV009_004,2071364
76029,300,0,CV009_004,2071664
76030,300,0,CV009_004,2071964
76031,140,0,CV009_004,2072104
76032,460,0,CV009_004,2072564
76033,40,0,CV009_004,2072604
76034,440,0,CV009_004,2073044
76035,96,0,CV009_004,2073140
76036,380,0,CV009_004,2073520
76037,60,0,CV009_004,2073580
76038,284,0,CV009_004,2073864
76039,280,0,CV009_004,2074144
76040,300,0,CV009_004,2074444
76041,160,0,CV009_004,2074604
76042,340,0,CV009_004,2074944
76043,284,0,CV009_004,2075228
76044,280,0,CV009_004,2075508
76045,280,0,CV009_004,2075788
76046,260,0,CV009_004,2076048
76047,60,0,CV009_004,2076108
76048,200,0,CV009_004,2076308
76049,400,0,CV009_004,2076708
76050,220,0,CV009_004,2076928
76051,120,0,CV009_004,2077048
76052,260,0,CV009_004,2077308
76053,360,0,CV009_004,2077668
76054,240,0,CV009_004,2077908
76055,140,0,CV009_004,2078048
76056,260,0,CV009_004,2078308
76057,376,0,CV009_004,2078684
76058,240,0,CV009_004,2078924
76059,220,0,CV009_004,2079144
76060,144,0,CV009_004,2079288
76061,340,0,CV009_004,2079628
76062,380,0,CV009_004,2080008
76063,80,0,CV009_004,2080088
76064,304,0,CV009_004,2080392
76065,136,0,CV009_004,2080528
76066,404,0,CV009_004,2080932
76067,120,0,CV009_004,2081052
76068,220,0,CV009_004,2081272
76069,240,0,CV009_004,2081512
76070,460,0,CV009_004,2081972
76071,140,0,CV009_004,2082112
76072,140,0,CV009_004,2082252
76073,460,0,CV009_004,2082712
76074,200,0,CV009_004,2082912
76075,140,0,CV009_004,2083052
76076,260,0,CV009_004,2083312
76077,280,0,CV009_004,2083592
76078,320,0,CV009_004,2083912
76079,140,0,CV009_004,2084052
76080,300,0,CV009_004,2084352
76081,200,0,CV009_004,2084552
76082,380,0,CV009_004,2084932
76083,220,0,CV009_004,2085152
76084,100,0,CV009_004,2085252
76085,296,0,CV009_004,2085548
76086,320,0,CV009_004,2085868
76087,144,0,CV009_004,2086012
76088,240,0,CV009_004,2086252
76089,360,0,CV009_004,2086612
76090,140,0,CV009_004,2086752
76091,360,0,CV009_004,2087112
76092,140,0,CV009_004,2087252
76093,260,0,CV009_004,2087512
76094,260,0,CV009_004,2087772
76095,320,0,CV009_004,2088092
76096,120,0,CV009_004,2088212
76097,480,0,CV009_004,2088692
76098,144,0,CV009_004,2088836
76099,200,0,CV009_004,2089036
76100,240,0,CV009_004,2089276
76101,300,0,CV009_004,2089576
76102,120,0,CV009_004,2089696
76103,360,0,CV009_004,2090056
76104,140,0,CV009_004,2090196
76105,260,0,CV009_004,2090456
76106,460,0,CV009_004,2090916
76107,140,0,CV009_004,2091056
76108,140,0,CV009_004,2091196
76109,240,0,CV009_004,2091436
76110,240,0,CV009_004,2091676
76111,380,0,CV009_004,2092056
76112,260,0,CV009_004,2092316
76113,260,0,CV009_004,2092576
76114,300,0,CV009_004,2092876
76115,260,0,CV009_004,2093136
76116,120,0,CV009_004,2093256
76117,220,0,CV009_004,2093476
76118,200,0,CV009_004,2093676
76119,440,0,CV009_004,2094116
76120,60,0,CV009_004,2094176
76121,300,0,CV009_004,2094476
76122,416,0,CV009_004,2094892
76123,164,0,CV009_004,2095056
76124,96,0,CV009_004,2095152
76125,400,0,CV009_004,2095552
76126,100,0,CV009_004,2095652
76127,364,0,CV009_004,2096016
76128,180,0,CV009_004,2096196
76129,276,0,CV009_004,2096472
76130,364,0,CV009_004,2096836
76131,60,0,CV009_004,2096896
76132,480,0,CV009_004,2097376
76133,60,0,CV009_004,2097436
76134,360,0,CV009_004,2097796
76135,120,0,CV009_004,2097916
76136,340,0,CV009_004,2098256
76137,160,0,CV009_004,2098416
76138,404,0,CV009_004,2098820
76139,80,0,CV009_004,2098900
76140,460,0,CV009_004,2099360
76141,60,0,CV009_004,2099420
76142,260,0,CV009_004,2099680
76143,180,0,CV009_004,2099860
76144,320,0,CV009_004,2100180
76145,420,0,CV009_004,2100600
76146,140,0,CV009_004,2100740
76147,320,0,CV009_004,2101060
76148,120,0,CV009_004,2101180
76149,380,0,CV009_004,2101560
76150,220,0,CV009_004,2101780
76151,280,0,CV009_004,2102060
76152,80,0,CV009_004,2102140
76153,220,0,CV009_004,2102360
76154,260,0,CV009_004,2102620
76155,340,0,CV009_004,2102960
76156,360,0,CV009_004,2103320
76157,240,0,CV009_004,2103560
76158,180,0,CV009_004,2103740
76159,200,0,CV009_004,2103940
76160,200,0,CV009_004,2104140
76161,200,0,CV009_004,2104340
76162,400,0,CV009_004,2104740
76163,200,0,CV009_004,2104940
76164,240,0,CV009_004,2105180
76165,200,0,CV009_004,2105380
76166,400,0,CV009_004,2105780
76167,140,0,CV009_004,2105920
76168,140,0,CV009_004,2106060
76169,460,0,CV009_004,2106520
76170,176,0,CV009_004,2106696
76171,120,0,CV009_004,2106816
76172,464,0,CV009_004,2107280
76173,140,0,CV009_004,2107420
76174,160,0,CV009_004,2107580
76175,400,0,CV009_004,2107980
76176,120,0,CV009_004,2108100
76177,340,0,CV009_004,2108440
76178,140,0,CV009_004,2108580
76179,320,0,CV009_004,2108900
76180,200,0,CV009_004,2109100
76181,380,0,CV009_004,2109480
76182,160,0,CV009_004,2109640
76183,380,0,CV009_004,2110020
76184,224,0,CV009_004,2110244
76185,236,0,CV009_004,2110480
76186,284,0,CV009_004,2110764
76187,180,0,CV009_004,2110944
76188,280,0,CV009_004,2111224
76189,140,0,CV009_004,2111364
76190,180,0,CV009_004,2111544
76191,440,0,CV009_004,2111984
76192,140,0,CV009_004,2112124
76193,300,0,CV009_004,2112424
76194,160,0,CV009_004,2112584
76195,180,0,CV009_004,2112764
76196,240,0,CV009_004,2113004
76197,320,0,CV009_004,2113324
76198,280,0,CV009_004,2113604
76199,320,0,CV009_004,2113924
76200,280,0,CV009_004,2114204
76201,260,0,CV009_004,2114464
76202,60,0,CV009_004,2114524
76203,280,0,CV009_004,2114804
76204,260,0,CV009_004,2115064
76205,340,0,CV009_004,2115404
76206,120,0,CV009_004,2115524
76207,420,0,CV009_004,2115944
76208,40,0,CV009_004,2115984
76209,380,0,CV009_004,2116364
76210,256,0,CV009_004,2116620
76211,140,0,CV009_004,2116760
76212,220,0,CV009_004,2116980
76213,364,0,CV009_004,2117344
76214,200,0,CV009_004,2117544
76215,200,0,CV009_004,2117744
76216,360,0,CV009_004,2118104
76217,160,0,CV009_004,2118264
76218,280,0,CV009_004,2118544
76219,200,0,CV009_004,2118744
76220,240,0,CV009_004,2118984
76221,240,0,CV009_004,2119224
76222,340,0,CV009_004,2119564
76223,380,0,CV009_004,2119944
76224,244,0,CV009_004,2120188
76225,40,0,CV009_004,2120228
76226,240,0,CV009_004,2120468
76227,260,0,CV009_004,2120728
76228,340,0,CV009_004,2121068
76229,240,0,CV009_004,2121308
76230,260,0,CV009_004,2121568
76231,340,0,CV009_004,2121908
76232,40,0,CV009_004,2121948
76233,240,0,CV009_004,2122188
76234,300,0,CV009_004,2122488
76235,220,0,CV009_004,2122708
76236,360,0,CV009_004,2123068
76237,320,0,CV009_004,2123388
76238,260,0,CV009_004,2123648
76239,60,0,CV009_004,2123708
76240,220,0,CV009_004,2123928
76241,320,0,CV009_004,2124248
76242,180,0,CV009_004,2124428
76243,440,0,CV009_004,2124868
76244,200,0,CV009_004,2125068
76245,100,0,CV009_004,2125168
76246,240,0,CV009_004,2125408
76247,456,0,CV009_004,2125864
76248,40,0,CV009_004,2125904
76249,400,0,CV009_004,2126304
76250,200,0,CV009_004,2126504
76251,320,0,CV009_004,2126824
76252,84,0,CV009_004,2126908
76253,340,0,CV009_004,2127248
76254,280,0,CV009_004,2127528
76255,140,0,CV009_004,2127668
76256,360,0,CV009_004,2128028
76257,340,0,CV009_004,2128368
76258,160,0,CV009_004,2128528
76259,160,0,CV009_004,2128688
76260,200,0,CV009_004,2128888
76261,460,0,CV009_004,2129348
76262,40,0,CV009_004,2129388
76263,280,0,CV009_004,2129668
76264,444,0,CV009_004,2130112
76265,56,0,CV009_004,2130168
76266,324,0,CV009_004,2130492
76267,140,0,CV009_004,2130632
76268,440,0,CV009_004,2131072
76269,140,0,CV009_004,2131212
76270,340,0,CV009_004,2131552
76271,240,0,CV009_004,2131792
76272,140,0,CV009_004,2131932
76273,260,0,CV009_004,2132192
76274,180,0,CV009_004,2132372
76275,340,0,CV009_004,2132712
76276,220,0,CV009_004,2132932
76277,160,0,CV009_004,2133092
76278,420,0,CV009_004,2133512
76279,220,0,CV009_004,2133732
76280,260,0,CV009_004,2133992
76281,100,0,CV009_004,2134092
76282,400,0,CV009_004,2134492
76283,200,0,CV009_004,2134692
76284,300,0,CV009_004,2134992
76285,280,0,CV009_004,2135272
76286,220,0,CV009_004,2135492
76287,300,0,CV009_004,2135792
76288,60,0,CV009_004,2135852
76289,300,0,CV009_004,2136152
76290,340,0,CV009_004,2136492
76291,80,0,CV009_004,2136572
76292,420,0,CV009_004,2136992
76293,80,0,CV009_004,2137072
76294,360,0,CV009_004,2137432
76295,220,0,CV009_004,2137652
76296,156,0,CV009_004,2137808
76297,360,0,CV009_004,2138168
76298,180,0,CV009_004,2138348
76299,220,0,CV009_004,2138568
76300,344,0,CV009_004,2138912
76301,200,0,CV009_004,2139112
76302,276,0,CV009_004,2139388
76303,384,0,CV009_004,2139772
76304,260,0,CV009_004,2140032
76305,80,0,CV009_004,2140112
76306,180,0,CV009_004,2140292
76307,280,0,CV009_004,2140572
76308,260,0,CV009_004,2140832
76309,384,0,CV009_004,2141216
76310,100,0,CV009_004,2141316
76311,380,0,CV009_004,2141696
76312,280,0,CV009_004,2141976
76313,120,0,CV009_004,2142096
76314,200,0,CV009_004,2142296
76315,220,0,CV009_004,2142516
76316,360,0,CV009_004,2142876
76317,200,0,CV009_004,2143076
76318,260,0,CV009_004,2143336
76319,260,0,CV009_004,2143596
76320,380,0,CV009_004,2143976
76321,80,0,CV009_004,2144056
76322,420,0,CV009_004,2144476
76323,220,0,CV009_004,2144696
76324,280,0,CV009_004,2144976
76325,260,0,CV009_004,2145236
76326,240,0,CV009_004,2145476
76327,80,0,CV009_004,2145556
76328,320,0,CV009_004,2145876
76329,200,0,CV009_004,2146076
76330,340,0,CV009_004,2146416
76331,160,0,CV009_004,2146576
76332,356,0,CV009_004,2146932
76333,280,0,CV009_004,2147212
76334,20,0,CV009_004,2147232
76335,264,0,CV009_004,2147496
76336,240,0,CV009_004,2147736
76337,380,0,CV009_004,2148116
76338,260,0,CV009_004,2148376
76339,120,0,CV009_004,2148496
76340,280,0,CV009_004,2148776
76341,220,0,CV009_004,2148996
76342,420,0,CV009_004,2149416
76343,244,0,CV009_004,2149660
76344,100,0,CV009_004,2149760
76345,440,0,CV009_004,2150200
76346,80,0,CV009_004,2150280
76347,280,0,CV009_004,2150560
76348,200,0,CV009_004,2150760
76349,400,0,CV009_004,2151160
76350,140,0,CV009_004,2151300
76351,160,0,CV009_004,2151460
76352,280,0,CV009_004,2151740
76353,220,0,CV009_004,2151960
76354,380,0,CV009_004,2152340
76355,120,0,CV009_004,2152460
76356,460,0,CV009_004,2152920
76357,20,0,CV009_004,2152940
76358,240,0,CV009_004,2153180
76359,340,0,CV009_004,2153520
76360,180,0,CV009_004,2153700
76361,260,0,CV009_004,2153960
76362,400,0,CV009_004,2154360
76363,160,0,CV009_004,2154520
76364,200,0,CV009_004,2154720
76365,360,0,CV009_004,2155080
76366,120,0,CV009_004,2155200
76367,336,0,CV009_004,2155536
76368,140,0,CV009_004,2155676
76369,404,0,CV009_004,2156080
76370,120,0,CV009_004,2156200
76371,280,0,CV009_004,2156480
76372,400,0,CV009_004,2156880
76373,100,0,CV009_004,2156980
76374,220,0,CV009_004,2157200
76375,280,0,CV009_004,2157480
76376,280,0,CV009_004,2157760
76377,220,0,CV009_004,2157980
76378,320,0,CV009_004,2158300
76379,180,0,CV009_004,2158480
76380,360,0,CV009_004,2158840
76381,240,0,CV009_004,2159080
76382,140,0,CV009_004,2159220
76383,404,0,CV009_004,2159624
76384,20,0,CV009_004,2159644
76385,300,0,CV009_004,2159944
76386,300,0,CV009_004,2160244
76387,200,0,CV009_004,2160444
76388,420,0,CV009_004,2160864
76389,220,0,CV009_004,2161084
76390,160,0,CV009_004,2161244
76391,120,0,CV009_004,2161364
76392,480,0,CV009_004,2161844
76393,180,0,CV009_004,2162024
76394,140,0,CV009_004,2162164
76395,260,0,CV009_004,2162424
76396,400,0,CV009_004,2162824
76397,200,0,CV009_004,2163024
76398,140,0,CV009_004,2163164
76399,200,0,CV009_004,2163364
76400,240,0,CV009_004,2163604
76401,240,0,CV009_004,2163844
76402,360,0,CV009_004,2164204
76403,300,0,CV009_004,2164504
76404,280,0,CV009_004,2164784
76405,200,0,CV009_004,2164984
76406,200,0,CV009_004,2165184
76407,240,0,CV009_004,2165424
76408,160,0,CV009_004,2165584
76409,380,0,CV009_004,2165964
76410,140,0,CV009_004,2166104
76411,440,0,CV009_004,2166544
76412,260,0,CV009_004,2166804
76413,120,0,CV009_004,2166924
76414,260,0,CV009_004,2167184
76415,160,0,CV009_004,2167344
76416,380,0,CV009_004,2167724
76417,176,0,CV009_004,2167900
76418,180,0,CV009_004,2168080
76419,380,0,CV009_004,2168460
76420,340,0,CV009_004,2168800
76421,80,0,CV009_004,2168880
76422,384,0,CV009_004,2169264
76423,80,0,CV009_004,2169344
76424,280,0,CV009_004,2169624
76425,340,0,CV009_004,2169964
76426,200,0,CV009_004,2170164
76427,140,0,CV009_004,2170304
76428,396,0,CV009_004,2170700
76429,164,0,CV009_004,2170864
76430,280,0,CV009_004,2171144
76431,300,0,CV009_004,2171444
76432,120,0,CV009_004,2171564
76433,260,0,CV009_004,2171824
76434,260,0,CV009_004,2172084
76435,380,0,CV009_004,2172464
76436,280,0,CV009_004,2172744
76437,220,0,CV009_004,2172964
76438,144,0,CV009_004,2173108
76439,276,0,CV009_004,2173384
76440,204,0,CV009_004,2173588
76441,200,0,CV009_004,2173788
76442,320,0,CV009_004,2174108
76443,380,0,CV009_004,2174488
76444,260,0,CV009_004,2174748
76445,220,0,CV009_004,2174968
76446,60,0,CV009_004,2175028
76447,300,0,CV009_004,2175328
76448,200,0,CV009_004,2175528
76449,380,0,CV009_004,2175908
76450,200,0,CV009_004,2176108
76451,380,0,CV009_004,2176488
76452,220,0,CV009_004,2176708
76453,200,0,CV009_004,2176908
76454,160,0,CV009_004,2177068
76455,340,0,CV009_004,2177408
76456,240,0,CV009_004,2177648
76457,260,0,CV009_004,2177908
76458,200,0,CV009_004,2178108
76459,120,0,CV009_004,2178228
76460,480,0,CV009_004,2178708
76461,100,0,CV009_004,2178808
76462,300,0,CV009_004,2179108
76463,280,0,CV009_004,2179388
76464,100,0,CV009_004,2179488
76465,420,0,CV009_004,2179908
76466,60,0,CV009_004,2179968
76467,440,0,CV009_004,2180408
76468,140,0,CV009_004,2180548
76469,180,0,CV009_004,2180728
76470,380,0,CV009_004,2181108
76471,120,0,CV009_004,2181228
76472,256,0,CV009_004,2181484
76473,440,0,CV009_004,2181924
76474,140,0,CV009_004,2182064
76475,364,0,CV009_004,2182428
76476,260,0,CV009_004,2182688
76477,40,0,CV009_004,2182728
76478,220,0,CV009_004,2182948
76479,280,0,CV009_004,2183228
76480,240,0,CV009_004,2183468
76481,460,0,CV009_004,2183928
76482,120,0,CV009_004,2184048
76483,380,0,CV009_004,2184428
76484,244,0,CV009_004,2184672
76485,76,0,CV009_004,2184748
76486,200,0,CV009_004,2184948
76487,284,0,CV009_004,2185232
76488,280,0,CV009_004,2185512
76489,240,0,CV009_004,2185752
76490,360,0,CV009_004,2186112
76491,280,0,CV009_004,2186392
76492,240,0,CV009_004,2186632
76493,260,0,CV009_004,2186892
76494,220,0,CV009_004,2187112
76495,60,0,CV009_004,2187172
76496,300,0,CV009_004,2187472
76497,180,0,CV009_004,2187652
76498,460,0,CV009_004,2188112
76499,280,0,CV009_004,2188392
76500,240,0,CV009_004,2188632
76501,60,0,CV009_004,2188692
76502,200,0,CV009_004,2188892
76503,340,0,CV009_004,2189232
76504,160,0,CV009_004,2189392
76505,420,0,CV009_004,2189812
76506,300,0,CV009_004,2190112
76507,120,0,CV009_004,2190232
76508,220,0,CV009_004,2190452
76509,200,0,CV009_004,2190652
76510,340,0,CV009_004,2190992
76511,216,0,CV009_004,2191208
76512,300,0,CV009_004,2191508
76513,240,0,CV009_004,2191748
76514,160,0,CV009_004,2191908
76515,280,0,CV009_004,2192188
76516,224,0,CV009_004,2192412
76517,320,0,CV009_004,2192732
76518,180,0,CV009_004,2192912
76519,440,0,CV009_004,2193352
76520,60,0,CV009_004,2193412
76521,200,0,CV009_004,2193612
76522,340,0,CV009_004,2193952
76523,320,0,CV009_004,2194272
76524,260,0,CV009_004,2194532
76525,280,0,CV009_004,2194812
76526,40,0,CV009_004,2194852
76527,364,0,CV009_004,2195216
76528,140,0,CV009_004,2195356
76529,320,0,CV009_004,2195676
76530,200,0,CV009_004,2195876
76531,380,0,CV009_004,2196256
76532,320,0,CV009_004,2196576
76533,200,0,CV009_004,2196776
76534,180,0,CV009_004,2196956
76535,160,0,CV009_004,2197116
76536,320,0,CV009_004,2197436
76537,160,0,CV009_004,2197596
76538,420,0,CV009_004,2198016
76539,100,0,CV009_004,2198116
76540,260,0,CV009_004,2198376
76541,220,0,CV009_004,2198596
76542,320,0,CV009_004,2198916
76543,320,0,CV009_004,2199236
76544,140,0,CV009_004,2199376
76545,400,0,CV009_004,2199776
76546,140,0,CV009_004,2199916
76547,200,0,CV009_004,2200116
76548,240,0,CV009_004,2200356
76549,200,0,CV009_004,2200556
76550,440,0,CV009_004,2200996
76551,120,0,CV009_004,2201116
76552,420,0,CV009_004,2201536
76553,180,0,CV009_004,2201716
76554,80,0,CV009_004,2201796
76555,296,0,CV009_004,2202092
76556,440,0,CV009_004,2202532
76557,60,0,CV009_004,2202592
76558,260,0,CV009_004,2202852
76559,220,0,CV009_004,2203072
76560,224,0,CV009_004,2203296
76561,240,0,CV009_004,2203536
76562,376,0,CV009_004,2203912
76563,244,0,CV009_004,2204156
76564,120,0,CV009_004,2204276
76565,440,0,CV009_004,2204716
76566,180,0,CV009_004,2204896
76567,140,0,CV009_004,2205036
76568,260,0,CV009_004,2205296
76569,220,0,CV009_004,2205516
76570,484,0,CV009_004,2206000
76571,120,0,CV009_004,2206120
76572,240,0,CV009_004,2206360
76573,260,0,CV009_004,2206620
76574,360,0,CV009_004,2206980
76575,140,0,CV009_004,2207120
76576,240,0,CV009_004,2207360
76577,220,0,CV009_004,2207580
76578,180,0,CV009_004,2207760
76579,360,0,CV009_004,2208120
76580,160,0,CV009_004,2208280
76581,260,0,CV009_004,2208540
76582,400,0,CV009_004,2208940
76583,180,0,CV009_004,2209120
76584,300,0,CV009_004,2209420
76585,280,0,CV009_004,2209700
76586,100,0,CV009_004,2209800
76587,180,0,CV009_004,2209980
76588,360,0,CV009_004,2210340
76589,160,0,CV009_004,2210500
76590,316,0,CV009_004,2210816
76591,260,0,CV009_004,2211076
76592,340,0,CV009_004,2211416
76593,240,0,CV009_004,2211656
76594,100,0,CV009_004,2211756
76595,244,0,CV009_004,2212000
76596,260,0,CV009_004,2212260
76597,200,0,CV009_004,2212460
76598,260,0,CV009_004,2212720
76599,440,0,CV009_004,2213160
76600,100,0,CV009_004,2213260
76601,400,0,CV009_004,2213660
76602,40,0,CV009_004,2213700
76603,280,0,CV009_004,2213980
76604,284,0,CV009_004,2214264
76605,300,0,CV009_004,2214564
76606,280,0,CV009_004,2214844
76607,140,0,CV009_004,2214984
76608,400,0,CV009_004,2215384
76609,180,0,CV009_004,2215564
76610,120,0,CV009_004,2215684
76611,240,0,CV009_004,2215924
76612,480,0,CV009_004,2216404
76613,40,0,CV009_004,2216444
76614,280,0,CV009_004,2216724
76615,400,0,CV009_004,2217124
76616,180,0,CV009_004,2217304
76617,140,0,CV009_004,2217444
76618,440,0,CV009_004,2217884
76619,240,0,CV009_004,2218124
76620,60,0,CV009_004,2218184
76621,280,0,CV009_004,2218464
76622,360,0,CV009_004,2218824
76623,220,0,CV009_004,2219044
76624,340,0,CV009_004,2219384
76625,240,0,CV009_004,2219624
76626,120,0,CV009_004,2219744
76627,380,0,CV009_004,2220124
76628,200,0,CV009_004,2220324
76629,80,0,CV009_004,2220404
76630,380,0,CV009_004,2220784
76631,340,0,CV009_004,2221124
76632,240,0,CV009_004,2221364
76633,140,0,CV009_004,2221504
76634,140,0,CV009_004,2221644
76635,300,0,CV009_004,2221944
76636,276,0,CV009_004,2222220
76637,300,0,CV009_004,2222520
76638,200,0,CV009_004,2222720
76639,180,0,CV009_004,2222900
76640,420,0,CV009_004,2223320
76641,280,0,CV009_004,2223600
76642,40,0,CV009_004,2223640
76643,240,0,CV009_004,2223880
76644,380,0,CV009_004,2224260
76645,100,0,CV009_004,2224360
76646,480,0,CV009_004,2224840
76647,24,0,CV009_004,2224864
76648,476,0,CV009_004,2225340
76649,20,0,CV009_004,2225360
76650,244,0,CV009_004,2225604
76651,456,0,CV009_004,2226060
76652,104,0,CV009_004,2226164
76653,340,0,CV009_004,2226504
76654,136,0,CV009_004,2226640
76655,204,0,CV009_004,2226844
76656,376,0,CV009_004,2227220
76657,124,0,CV009_004,2227344
76658,460,0,CV009_004,2227804
76659,60,0,CV009_004,2227864
76660,300,0,CV009_004,2228164
76661,220,0,CV009_004,2228384
76662,420,0,CV009_004,2228804
76663,160,0,CV009_004,2228964
76664,200,0,CV009_004,2229164
76665,400,0,CV009_004,2229564
76666,140,0,CV009_004,2229704
76667,140,0,CV009_004,2229844
76668,240,0,CV009_004,2230084
76669,240,0,CV009_004,2230324
76670,380,0,CV009_004,2230704
76671,140,0,CV009_004,2230844
76672,440,0,CV009_004,2231284
76673,60,0,CV009_004,2231344
76674,220,0,CV009_004,2231564
76675,300,0,CV009_004,2231864
76676,300,0,CV009_004,2232164
76677,260,0,CV009_004,2232424
76678,160,0,CV009_004,2232584
76679,420,0,CV009_004,2233004
76680,280,0,CV009_004,2233284
76681,240,0,CV009_004,2233524
76682,160,0,CV009_004,2233684
76683,140,0,CV009_004,2233824
76684,320,0,CV009_004,2234144
76685,260,0,CV009_004,2234404
76686,300,0,CV009_004,2234704
76687,104,0,CV009_004,2234808
76688,276,0,CV009_004,2235084
76689,200,0,CV009_004,2235284
76690,364,0,CV009_004,2235648
76691,180,0,CV009_004,2235828
76692,300,0,CV009_004,2236128
76693,280,0,CV009_004,2236408
76694,260,0,CV009_004,2236668
76695,300,0,CV009_004,2236968
76696,140,0,CV009_004,2237108
76697,240,0,CV009_004,2237348
76698,200,0,CV009_004,2237548
76699,220,0,CV009_004,2237768
76700,360,0,CV009_004,2238128
76701,240,0,CV009_004,2238368
76702,320,0,CV009_004,2238688
76703,260,0,CV009_004,2238948
76704,260,0,CV009_004,2239208
76705,60,0,CV009_004,2239268
76706,340,0,CV009_004,2239608
76707,240,0,CV009_004,2239848
76708,340,0,CV009_004,2240188
76709,240,0,CV009_004,2240428
76710,180,0,CV009_004,2240608
76711,320,0,CV009_004,2240928
76712,280,0,CV009_004,2241208
76713,200,0,CV009_004,2241408
76714,180,0,CV009_004,2241588
76715,200,0,CV009_004,2241788
76716,340,0,CV009_004,2242128
76717,160,0,CV009_004,2242288
76718,240,0,CV009_004,2242528
76719,220,0,CV009_004,2242748
76720,440,0,CV009_004,2243188
76721,140,0,CV009_004,2243328
76722,340,0,CV009_004,2243668
76723,60,0,CV009_004,2243728
76724,320,0,CV009_004,2244048
76725,160,0,CV009_004,2244208
76726,280,0,CV009_004,2244488
76727,220,0,CV009_004,2244708
76728,340,0,CV009_004,2245048
76729,320,0,CV009_004,2245368
76730,280,0,CV009_004,2245648
76731,100,0,CV009_004,2245748
76732,200,0,CV009_004,2245948
76733,260,0,CV009_004,2246208
76734,240,0,CV009_004,2246448
76735,340,0,CV009_004,2246788
76736,340,0,CV009_004,2247128
76737,240,0,CV009_004,2247368
76738,260,0,CV009_004,2247628
76739,60,0,CV009_004,2247688
76740,320,0,CV009_004,2248008
76741,260,0,CV009_004,2248268
76742,320,0,CV009_004,2248588
76743,180,0,CV009_004,2248768
76744,360,0,CV009_004,2249128
76745,220,0,CV009_004,2249348
76746,280,0,CV009_004,2249628
76747,80,0,CV009_004,2249708
76748,200,0,CV009_004,2249908
76749,316,0,CV009_004,2250224
76750,304,0,CV009_004,2250528
76751,276,0,CV009_004,2250804
76752,240,0,CV009_004,2251044
76753,320,0,CV009_004,2251364
76754,240,0,CV009_004,2251604
76755,140,0,CV009_004,2251744
76756,260,0,CV009_004,2252004
76757,240,0,CV009_004,2252244
76758,180,0,CV009_004,2252424
76759,360,0,CV009_004,2252784
76760,124,0,CV009_004,2252908
76761,316,0,CV009_004,2253224
76762,364,0,CV009_004,2253588
76763,140,0,CV009_004,2253728
76764,180,0,CV009_004,2253908
76765,280,0,CV009_004,2254188
76766,200,0,CV009_004,2254388
76767,400,0,CV009_004,2254788
76768,180,0,CV009_004,2254968
76769,200,0,CV009_004,2255168
76770,380,0,CV009_004,2255548
76771,240,0,CV009_004,2255788
76772,120,0,CV009_004,2255908
76773,220,0,CV009_004,2256128
76774,260,0,CV009_004,2256388
76775,364,0,CV009_004,2256752
76776,136,0,CV009_004,2256888
76777,400,0,CV009_004,2257288
76778,220,0,CV009_004,2257508
76779,280,0,CV009_004,2257788
76780,220,0,CV009_004,2258008
76781,180,0,CV009_004,2258188
76782,244,0,CV009_004,2258432
76783,320,0,CV009_004,2258752
76784,260,0,CV009_004,2259012
76785,140,0,CV009_004,2259152
76786,200,0,CV009_004,2259352
76787,400,0,CV009_004,2259752
76788,180,0,CV009_004,2259932
76789,220,0,CV009_004,2260152
76790,180,0,CV009_004,2260332
76791,400,0,CV009_004,2260732
76792,260,0,CV009_004,2260992
76793,260,0,CV009_004,2261252
76794,60,0,CV009_004,2261312
76795,440,0,CV009_004,2261752
76796,200,0,CV009_004,2261952
76797,300,0,CV009_004,2262252
76798,80,0,CV009_004,2262332
76799,320,0,CV009_004,2262652
76800,260,0,CV009_004,2262912
76801,160,0,CV009_004,2263072
76802,240,0,CV009_004,2263312
76803,340,0,CV009_004,2263652
76804,360,0,CV009_004,2264012
76805,240,0,CV009_004,2264252
76806,160,0,CV009_004,2264412
76807,120,0,CV009_004,2264532
76808,300,0,CV009_004,2264832
76809,320,0,CV009_004,2265152
76810,260,0,CV009_004,2265412
76811,320,0,CV009_004,2265732
76812,280,0,CV009_004,2266012
76813,140,0,CV009_004,2266152
76814,160,0,CV009_004,2266312
76815,280,0,CV009_004,2266592
76816,200,0,CV009_004,2266792
76817,440,0,CV009_004,2267232
76818,100,0,CV009_004,2267332
76819,320,0,CV009_004,2267652
76820,120,0,CV009_004,2267772
76821,380,0,CV009_004,2268152
76822,220,0,CV009_004,2268372
76823,140,0,CV009_004,2268512
76824,300,0,CV009_004,2268812
76825,416,0,CV009_004,2269228
76826,200,0,CV009_004,2269428
76827,80,0,CV009_004,2269508
76828,480,0,CV009_004,2269988
76829,120,0,CV009_004,2270108
76830,300,0,CV009_004,2270408
76831,80,0,CV009_004,2270488
76832,384,0,CV009_004,2270872
76833,320,0,CV009_004,2271192
76834,60,0,CV009_004,2271252
76835,240,0,CV009_004,2271492
76836,440,0,CV009_004,2271932
76837,260,0,CV009_004,2272192
76838,160,0,CV009_004,2272352
76839,140,0,CV009_004,2272492
76840,260,0,CV009_004,2272752
76841,380,0,CV009_004,2273132
76842,220,0,CV009_004,2273352
76843,360,0,CV009_004,2273712
76844,60,0,CV009_004,2273772
76845,420,0,CV009_004,2274192
76846,120,0,CV009_004,2274312
76847,364,0,CV009_004,2274676
76848,40,0,CV009_004,2274716
76849,380,0,CV009_004,2275096
76850,260,0,CV009_004,2275356
76851,236,0,CV009_004,2275592
76852,140,0,CV009_004,2275732
76853,348,0,CV009_004,2276080
76854,596,0,CV009_004,2276676
76855,1172,0,CV009_004,2277848
76856,592,0,CV009_004,2278440
76857,584,0,CV009_004,2279024
76858,584,0,CV009_004,2279608
76859,1184,0,CV009_004,2280792
76860,588,0,CV009_004,2281380
76861,596,0,CV009_004,2281976
76862,596,0,CV009_004,2282572
76863,596,0,CV009_004,2283168
76864,596,0,CV009_004,2283764
76865,596,0,CV009_004,2284360
76866,600,0,CV009_004,2284960
76867,588,0,CV009_004,2285548
76868,600,0,CV009_004,2286148
76869,656,1,CV009_004,2286804
76870,556,0,CV009_004,2287360
76871,604,0,CV009_004,2287964
76872,608,0,CV009_004,2288572
76873,604,0,CV009_004,2289176
76874,596,0,CV009_004,2289772
76875,596,0,CV009_004,2290368
76876,600,0,CV009_004,2290968
76877,592,0,CV009_004,2291560
76878,588,0,CV009_004,2292148
76879,592,0,CV009_004,2292740
76880,600,0,CV009_004,2293340
76881,592,0,CV009_004,2293932
76882,600,0,CV009_004,2294532
76883,600,0,CV009_004,2295132
76884,596,0,CV009_004,2295728
76885,592,0,CV009_004,2296320
76886,588,0,CV009_004,2296908
76887,596,0,CV009_004,2297504
76888,588,0,CV009_004,2298092
76889,588,0,CV009_004,2298680
76890,588,0,CV009_004,2299268
76891,584,0,CV009_004,2299852
76892,584,0,CV009_004,2300436
76893,588,0,CV009_004,2301024
76894,588,0,CV009_004,2301612
76895,1180,0,CV009_004,2302792
76896,596,0,CV009_004,2303388
76897,584,0,CV009_004,2303972
76898,588,0,CV009_004,2304560
76899,596,0,CV009_004,2305156
76900,588,0,CV009_004,2305744
76901,584,0,CV009_004,2306328
76902,596,0,CV009_004,2306924
76903,588,0,CV009_004,2307512
76904,580,0,CV009_004,2308092
76905,584,0,CV009_004,2308676
76906,592,0,CV009_004,2309268
76907,580,0,CV009_004,2309848
76908,584,0,CV009_004,2310432
76909,592,0,CV009_004,2311024
76910,588,0,CV009_004,2311612
76911,580,0,CV009_004,2312192
76912,588,0,CV009_004,2312780
76913,588,0,CV009_004,2313368
76914,584,0,CV009_004,2313952
76915,584,0,CV009_004,2314536
76916,588,0,CV009_004,2315124
76917,588,0,CV009_004,2315712
76918,580,0,CV009_004,2316292
76919,580,0,CV009_004,2316872
76920,584,0,CV009_004,2317456
76921,576,0,CV009_004,2318032
76922,580,0,CV009_004,2318612
76923,580,0,CV009_004,2319192
76924,580,0,CV009_004,2319772
76925,572,0,CV009_004,2320344
76926,584,0,CV009_004,2320928
76927,580,0,CV009_004,2321508
76928,576,0,CV009_004,2322084
76929,576,0,CV009_004,2322660
76930,592,0,CV009_004,2323252
76931,576,0,CV009_004,2323828
76932,580,0,CV009_004,2324408
76933,584,0,CV009_004,2324992
76934,580,0,CV009_004,2325572
76935,572,0,CV009_004,2326144
76936,580,0,CV009_004,2326724
76937,588,0,CV009_004,2327312
76938,580,0,CV009_004,2327892
76939,572,0,CV009_004,2328464
76940,580,0,CV009_004,2329044
76941,584,0,CV009_004,2329628
76942,576,0,CV009_004,2330204
76943,592,0,CV009_004,2330796
76944,588,0,CV009_004,2331384
76945,588,0,CV009_004,2331972
76946,580,0,CV009_004,2332552
76947,588,0,CV009_004,2333140
76948,588,0,CV009_004,2333728
76949,584,0,CV009_004,2334312
76950,588,0,CV009_004,2334900
76951,588,0,CV009_004,2335488
76952,588,0,CV009_004,2336076
76953,588,0,CV009_004,2336664
76954,636,0,CV009_004,2337300
76955,536,0,CV009_004,2337836
76956,1160,0,CV009_004,2338996
76957,584,0,CV009_004,2339580
76958,580,0,CV009_004,2340160
76959,584,0,CV009_004,2340744
76960,584,0,CV009_004,2341328
76961,580,0,CV009_004,2341908
76962,584,0,CV009_004,2342492
76963,588,0,CV009_004,2343080
76964,588,0,CV009_004,2343668
76965,636,1,CV009_004,2344304
76966,536,0,CV009_004,2344840
76967,588,0,CV009_004,2345428
76968,584,0,CV009_004,2346012
76969,588,0,CV009_004,2346600
76970,588,0,CV009_004,2347188
76971,584,0,CV009_004,2347772
76972,592,0,CV009_004,2348364
76973,584,0,CV009_004,2348948
76974,588,0,CV009_004,2349536
76975,1168,0,CV009_004,2350704
76976,584,0,CV009_004,2351288
76977,580,0,CV009_004,2351868
76978,576,0,CV009_004,2352444
76979,584,0,CV009_004,2353028
76980,564,0,CV009_004,2353592
76981,592,0,CV009_004,2354184
76982,580,0,CV009_004,2354764
76983,588,0,CV009_004,2355352
76984,584,0,CV009_004,2355936
76985,580,0,CV009_004,2356516
76986,596,0,CV009_004,2357112
76987,588,0,CV009_004,2357700
76988,580,0,CV009_004,2358280
76989,592,0,CV009_004,2358872
76990,584,0,CV009_004,2359456
76991,580,0,CV009_004,2360036
76992,584,0,CV009_004,2360620
76993,588,0,CV009_004,2361208
76994,584,0,CV009_004,2361792
76995,580,0,CV009_004,2362372
76996,584,0,CV009_004,2362956
76997,584,0,CV009_004,2363540
76998,580,0,CV009_004,2364120
76999,580,0,CV009_004,2364700
77000,636,1,CV009_004,2365336
77001,536,0,CV009_004,2365872
77002,576,0,CV009_004,2366448
77003,580,0,CV009_004,2367028
77004,592,0,CV009_004,2367620
77005,584,0,CV009_004,2368204
77006,580,0,CV009_004,2368784
77007,596,0,CV009_004,2369380
77008,592,0,CV009_004,2369972
77009,584,0,CV009_004,2370556
77010,592,0,CV009_004,2371148
77011,592,0,CV009_004,2371740
77012,588,0,CV009_004,2372328
77013,580,0,CV009_004,2372908
77014,592,0,CV009_004,2373500
77015,592,0,CV009_004,2374092
77016,592,0,CV009_004,2374684
77017,640,1,CV009_004,2375324
77018,532,0,CV009_004,2375856
77019,592,0,CV009_004,2376448
77020,592,0,CV009_004,2377040
77021,584,0,CV009_004,2377624
77022,592,0,CV009_004,2378216
77023,588,0,CV009_004,2378804
77024,596,0,CV009_004,2379400
77025,592,0,CV009_004,2379992
77026,596,0,CV009_004,2380588
77027,592,0,CV009_004,2381180
77028,592,0,CV009_004,2381772
77029,592,0,CV009_004,2382364
77030,588,0,CV009_004,2382952
77031,580,0,CV009_004,2383532
77032,604,0,CV009_004,2384136
77033,592,0,CV009_004,2384728
77034,584,0,CV009_004,2385312
77035,596,0,CV009_004,2385908
77036,588,0,CV009_004,2386496
77037,592,0,CV009_004,2387088
77038,584,0,CV009_004,2387672
77039,640,1,CV009_004,2388312
77040,540,0,CV009_004,2388852
77041,584,0,CV009_004,2389436
77042,596,0,CV009_004,2390032
77043,592,0,CV009_004,2390624
77044,596,0,CV009_004,2391220
77045,592,0,CV009_004,2391812
77046,588,0,CV009_004,2392400
77047,592,0,CV009_004,2392992
77048,588,0,CV009_004,2393580
77049,584,0,CV009_004,2394164
77050,592,0,CV009_004,2394756
77051,588,0,CV009_004,2395344
77052,588,0,CV009_004,2395932
77053,584,0,CV009_004,2396516
77054,412,0,CV009_004,2396928
77055,264,0,CV009_004,2397192
77056,20,0,CV009_004,2397212
77057,480,0,CV009_004,2397692
77058,20,0,CV009_004,2397712
77059,596,0,CV009_004,2398308
77060,600,0,CV009_004,2398908
77061,164,0,CV009_004,2399072
77062,140,0,CV009_004,2399212
77063,240,0,CV009_004,2399452
77064,400,0,CV009_004,2399852
77065,240,0,CV009_004,2400092
77066,120,0,CV009_004,2400212
77067,420,0,CV009_004,2400632
77068,280,0,CV009_004,2400912
77069,20,0,CV009_004,2400932
77070,340,0,CV009_004,2401272
77071,360,0,CV009_004,2401632
77072,180,0,CV009_004,2401812
77073,120,0,CV009_004,2401932
77074,396,0,CV009_004,2402328
77075,280,0,CV009_004,2402608
77076,160,0,CV009_004,2402768
77077,204,0,CV009_004,2402972
77078,280,0,CV009_004,2403252
77079,260,0,CV009_004,2403512
77080,240,0,CV009_004,2403752
77081,260,0,CV009_004,2404012
77082,200,0,CV009_004,2404212
77083,200,0,CV009_004,2404412
77084,380,0,CV009_004,2404792
77085,160,0,CV009_004,2404952
77086,404,0,CV009_004,2405356
77087,120,0,CV009_004,2405476
77088,220,0,CV009_004,2405696
77089,260,0,CV009_004,2405956
77090,260,0,CV009_004,2406216
77091,260,0,CV009_004,2406476
77092,320,0,CV009_004,2406796
77093,180,0,CV009_004,2406976
77094,160,0,CV009_004,2407136
77095,340,0,CV009_004,2407476
77096,240,0,CV009_004,2407716
77097,180,0,CV009_004,2407896
77098,420,0,CV009_004,2408316
77099,200,0,CV009_004,2408516
77100,120,0,CV009_004,2408636
77101,260,0,CV009_004,2408896
77102,320,0,CV009_004,2409216
77103,260,0,CV009_004,2409476
77104,140,0,CV009_004,2409616
77105,460,0,CV009_004,2410076
77106,140,0,CV009_004,2410216
77107,160,0,CV009_004,2410376
77108,280,0,CV009_004,2410656
77109,360,0,CV009_004,2411016
77110,280,0,CV009_004,2411296
77111,160,0,CV009_004,2411456
77112,180,0,CV009_004,2411636
77113,240,0,CV009_004,2411876
77114,340,0,CV009_004,2412216
77115,200,0,CV009_004,2412416
77116,220,0,CV009_004,2412636
77117,360,0,CV009_004,2412996
77118,220,0,CV009_004,2413216
77119,240,0,CV009_004,2413456
77120,140,0,CV009_004,2413596
77121,436,0,CV009_004,2414032
77122,240,0,CV009_004,2414272
77123,180,0,CV009_004,2414452
77124,240,0,CV009_004,2414692
77125,280,0,CV009_004,2414972
77126,280,0,CV009_004,2415252
77127,244,0,CV009_004,2415496
77128,120,0,CV009_004,2415616
77129,240,0,CV009_004,2415856
77130,400,0,CV009_004,2416256
77131,180,0,CV009_004,2416436
77132,200,0,CV009_004,2416636
77133,280,0,CV009_004,2416916
77134,240,0,CV009_004,2417156
77135,320,0,CV009_004,2417476
77136,260,0,CV009_004,2417736
77137,80,0,CV009_004,2417816
77138,280,0,CV009_004,2418096
77139,300,0,CV009_004,2418396
77140,280,0,CV009_004,2418676
77141,240,0,CV009_004,2418916
77142,164,0,CV009_004,2419080
77143,400,0,CV009_004,2419480
77144,160,0,CV009_004,2419640
77145,240,0,CV009_004,2419880
77146,180,0,CV009_004,2420060
77147,280,0,CV009_004,2420340
77148,300,0,CV009_004,2420640
77149,280,0,CV009_004,2420920
77150,320,0,CV009_004,2421240
77151,240,0,CV009_004,2421480
77152,40,0,CV009_004,2421520
77153,360,0,CV009_004,2421880
77154,340,0,CV009_004,2422220
77155,200,0,CV009_004,2422420
77156,180,0,CV009_004,2422600
77157,340,0,CV009_004,2422940
77158,280,0,CV009_004,2423220
77159,220,0,CV009_004,2423440
77160,160,0,CV009_004,2423600
77161,340,0,CV009_004,2423940
77162,240,0,CV009_004,2424180
77163,260,0,CV009_004,2424440
77164,80,0,CV009_004,2424520
77165,240,0,CV009_004,2424760
77166,460,0,CV009_004,2425220
77167,140,0,CV009_004,2425360
77168,140,0,CV009_004,2425500
77169,440,0,CV009_004,2425940
77170,160,0,CV009_004,2426100
77171,140,0,CV009_004,2426240
77172,300,0,CV009_004,2426540
77173,400,0,CV009_004,2426940
77174,180,0,CV009_004,2427120
77175,300,0,CV009_004,2427420
77176,120,0,CV009_004,2427540
77177,180,0,CV009_004,2427720
77178,316,0,CV009_004,2428036
77179,180,0,CV009_004,2428216
77180,344,0,CV009_004,2428560
77181,180,0,CV009_004,2428740
77182,240,0,CV009_004,2428980
77183,300,0,CV009_004,2429280
77184,236,0,CV009_004,2429516
77185,224,0,CV009_004,2429740
77186,220,0,CV009_004,2429960
77187,400,0,CV009_004,2430360
77188,100,0,CV009_004,2430460
77189,240,0,CV009_004,2430700
77190,384,0,CV009_004,2431084
77191,120,0,CV009_004,2431204
77192,320,0,CV009_004,2431524
77193,320,0,CV009_004,2431844
77194,260,0,CV009_004,2432104
77195,320,0,CV009_004,2432424
77196,20,0,CV009_004,2432444
77197,280,0,CV009_004,2432724
77198,300,0,CV009_004,2433024
77199,200,0,CV009_004,2433224
77200,200,0,CV009_004,2433424
77201,340,0,CV009_004,2433764
77202,160,0,CV009_004,2433924
77203,280,0,CV009_004,2434204
77204,260,0,CV009_004,2434464
77205,320,0,CV009_004,2434784
77206,140,0,CV009_004,2434924
77207,300,0,CV009_004,2435224
77208,260,0,CV009_004,2435484
77209,200,0,CV009_004,2435684
77210,320,0,CV009_004,2436004
77211,160,0,CV009_004,2436164
77212,380,0,CV009_004,2436544
77213,240,0,CV009_004,2436784
77214,340,0,CV009_004,2437124
77215,196,0,CV009_004,2437320
77216,160,0,CV009_004,2437480
77217,160,0,CV009_004,2437640
77218,300,0,CV009_004,2437940
77219,380,0,CV009_004,2438320
77220,124,0,CV009_004,2438444
77221,200,0,CV009_004,2438644
77222,256,0,CV009_004,2438900
77223,364,0,CV009_004,2439264
77224,180,0,CV009_004,2439444
77225,220,0,CV009_004,2439664
77226,420,0,CV009_004,2440084
77227,180,0,CV009_004,2440264
77228,144,0,CV009_004,2440408
77229,220,0,CV009_004,2440628
77230,240,0,CV009_004,2440868
77231,340,0,CV009_004,2441208
77232,340,0,CV009_004,2441548
77233,260,0,CV009_004,2441808
77234,180,0,CV009_004,2441988
77235,140,0,CV009_004,2442128
77236,260,0,CV009_004,2442388
77237,240,0,CV009_004,2442628
77238,400,0,CV009_004,2443028
77239,200,0,CV009_004,2443228
77240,340,0,CV009_004,2443568
77241,120,0,CV009_004,2443688
77242,280,0,CV009_004,2443968
77243,180,0,CV009_004,2444148
77244,200,0,CV009_004,2444348
77245,400,0,CV009_004,2444748
77246,200,0,CV009_004,2444948
77247,280,0,CV009_004,2445228
77248,100,0,CV009_004,2445328
77249,260,0,CV009_004,2445588
77250,340,0,CV009_004,2445928
77251,300,0,CV009_004,2446228
77252,280,0,CV009_004,2446508
77253,60,0,CV009_004,2446568
77254,260,0,CV009_004,2446828
77255,280,0,CV009_004,2447108
77256,356,0,CV009_004,2447464
77257,100,0,CV009_004,2447564
77258,300,0,CV009_004,2447864
77259,260,0,CV009_004,2448124
77260,304,0,CV009_004,2448428
77261,180,0,CV009_004,2448608
77262,296,0,CV009_004,2448904
77263,364,0,CV009_004,2449268
77264,220,0,CV009_004,2449488
77265,60,0,CV009_004,2449548
77266,380,0,CV009_004,2449928
77267,340,0,CV009_004,2450268
77268,140,0,CV009_004,2450408
77269,260,0,CV009_004,2450668
77270,240,0,CV009_004,2450908
77271,340,0,CV009_004,2451248
77272,144,0,CV009_004,2451392
77273,160,0,CV009_004,2451552
77274,260,0,CV009_004,2451812
77275,220,0,CV009_004,2452032
77276,460,0,CV009_004,2452492
77277,100,0,CV009_004,2452592
77278,380,0,CV009_004,2452972
77279,360,0,CV009_004,2453332
77280,220,0,CV009_004,2453552
77281,380,0,CV009_004,2453932
77282,200,0,CV009_004,2454132
77283,240,0,CV009_004,2454372
77284,340,0,CV009_004,2454712
77285,220,0,CV009_004,2454932
77286,80,0,CV009_004,2455012
77287,300,0,CV009_004,2455312
77288,180,0,CV009_004,2455492
77289,400,0,CV009_004,2455892
77290,100,0,CV009_004,2455992
77291,480,0,CV009_004,2456472
77292,100,0,CV009_004,2456572
77293,360,0,CV009_004,2456932
77294,120,0,CV009_004,2457052
77295,200,0,CV009_004,2457252
77296,400,0,CV009_004,2457652
77297,220,0,CV009_004,2457872
77298,240,0,CV009_004,2458112
77299,120,0,CV009_004,2458232
77300,380,0,CV009_004,2458612
77301,260,0,CV009_004,2458872
77302,100,0,CV009_004,2458972
77303,356,0,CV009_004,2459328
77304,260,0,CV009_004,2459588
77305,300,0,CV009_004,2459888
77306,84,0,CV009_004,2459972
77307,240,0,CV009_004,2460212
77308,396,0,CV009_004,2460608
77309,144,0,CV009_004,2460752
77310,240,0,CV009_004,2460992
77311,220,0,CV009_004,2461212
77312,240,0,CV009_004,2461452
77313,340,0,CV009_004,2461792
77314,200,0,CV009_004,2461992
77315,300,0,CV009_004,2462292
77316,304,0,CV009_004,2462596
77317,320,0,CV009_004,2462916
77318,20,0,CV009_004,2462936
77319,320,0,CV009_004,2463256
77320,280,0,CV009_004,2463536
77321,140,0,CV009_004,2463676
77322,440,0,CV009_004,2464116
77323,220,0,CV009_004,2464336
77324,160,0,CV009_004,2464496
77325,200,0,CV009_004,2464696
77326,240,0,CV009_004,2464936
77327,320,0,CV009_004,2465256
77328,180,0,CV009_004,2465436
77329,420,0,CV009_004,2465856
77330,160,0,CV009_004,2466016
77331,240,0,CV009_004,2466256
77332,200,0,CV009_004,2466456
77333,220,0,CV009_004,2466676
77334,360,0,CV009_004,2467036
77335,220,0,CV009_004,2467256
77336,360,0,CV009_004,2467616
77337,40,0,CV009_004,2467656
77338,480,0,CV009_004,2468136
77339,120,0,CV009_004,2468256
77340,160,0,CV009_004,2468416
77341,360,0,CV009_004,2468776
77342,200,0,CV009_004,2468976
77343,256,0,CV009_004,2469232
77344,364,0,CV009_004,2469596
77345,280,0,CV009_004,2469876
77346,40,0,CV009_004,2469916
77347,460,0,CV009_004,2470376
77348,220,0,CV009_004,2470596
77349,100,0,CV009_004,2470696
77350,180,0,CV009_004,2470876
77351,320,0,CV009_004,2471196
77352,240,0,CV009_004,2471436
77353,340,0,CV009_004,2471776
77354,184,0,CV009_004,2471960
77355,300,0,CV009_004,2472260
77356,340,0,CV009_004,2472600
77357,120,0,CV009_004,2472720
77358,220,0,CV009_004,2472940
77359,320,0,CV009_004,2473260
77360,160,0,CV009_004,2473420
77361,500,0,CV009_004,2473920
77362,240,0,CV009_004,2474160
77363,180,0,CV009_004,2474340
77364,360,0,CV009_004,2474700
77365,140,0,CV009_004,2474840
77366,420,0,CV009_004,2475260
77367,160,0,CV009_004,2475420
77368,180,0,CV009_004,2475600
77369,280,0,CV009_004,2475880
77370,200,0,CV009_004,2476080
77371,440,0,CV009_004,2476520
77372,60,0,CV009_004,2476580
77373,480,0,CV009_004,2477060
77374,200,0,CV009_004,2477260
77375,76,0,CV009_004,2477336
77376,364,0,CV009_004,2477700
77377,356,0,CV009_004,2478056
77378,40,0,CV009_004,2478096
77379,284,0,CV009_004,2478380
77380,240,0,CV009_004,2478620
77381,200,0,CV009_004,2478820
77382,240,0,CV009_004,2479060
77383,400,0,CV009_004,2479460
77384,100,0,CV009_004,2479560
77385,464,0,CV009_004,2480024
77386,240,0,CV009_004,2480264
77387,120,0,CV009_004,2480384
77388,220,0,CV009_004,2480604
77389,220,0,CV009_004,2480824
77390,420,0,CV009_004,2481244
77391,80,0,CV009_004,2481324
77392,220,0,CV009_004,2481544
77393,240,0,CV009_004,2481784
77394,480,0,CV009_004,2482264
77395,100,0,CV009_004,2482364
77396,160,0,CV009_004,2482524
77397,480,0,CV009_004,2483004
77398,100,0,CV009_004,2483104
77399,220,0,CV009_004,2483324
77400,220,0,CV009_004,2483544
77401,280,0,CV009_004,2483824
77402,300,0,CV009_004,2484124
77403,140,0,CV009_004,2484264
77404,296,0,CV009_004,2484560
77405,400,0,CV009_004,2484960
77406,160,0,CV009_004,2485120
77407,304,0,CV009_004,2485424
77408,180,0,CV009_004,2485604
77409,240,0,CV009_004,2485844
77410,180,0,CV009_004,2486024
77411,280,0,CV009_004,2486304
77412,200,0,CV009_004,2486504
77413,444,0,CV009_004,2486948
77414,100,0,CV009_004,2487048
77415,220,0,CV009_004,2487268
77416,380,0,CV009_004,2487648
77417,320,0,CV009_004,2487968
77418,80,0,CV009_004,2488048
77419,180,0,CV009_004,2488228
77420,260,0,CV009_004,2488488
77421,480,0,CV009_004,2488968
77422,20,0,CV009_004,2488988
77423,420,0,CV009_004,2489408
77424,180,0,CV009_004,2489588
77425,220,0,CV009_004,2489808
77426,200,0,CV009_004,2490008
77427,340,0,CV009_004,2490348
77428,300,0,CV009_004,2490648
77429,300,0,CV009_004,2490948
77430,240,0,CV009_004,2491188
77431,176,0,CV009_004,2491364
77432,320,0,CV009_004,2491684
77433,20,0,CV009_004,2491704
77434,284,0,CV009_004,2491988
77435,300,0,CV009_004,2492288
77436,180,0,CV009_004,2492468
77437,360,0,CV009_004,2492828
77438,160,0,CV009_004,2492988
77439,444,0,CV009_004,2493432
77440,120,0,CV009_004,2493552
77441,140,0,CV009_004,2493692
77442,240,0,CV009_004,2493932
77443,420,0,CV009_004,2494352
77444,140,0,CV009_004,2494492
77445,240,0,CV009_004,2494732
77446,200,0,CV009_004,2494932
77447,440,0,CV009_004,2495372
77448,160,0,CV009_004,2495532
77449,380,0,CV009_004,2495912
77450,120,0,CV009_004,2496032
77451,240,0,CV009_004,2496272
77452,240,0,CV009_004,2496512
77453,160,0,CV009_004,2496672
77454,420,0,CV009_004,2497092
77455,256,0,CV009_004,2497348
77456,300,0,CV009_004,2497648
77457,20,0,CV009_004,2497668
77458,244,0,CV009_004,2497912
77459,280,0,CV009_004,2498192
77460,220,0,CV009_004,2498412
77461,240,0,CV009_004,2498652
77462,260,0,CV009_004,2498912
77463,364,0,CV009_004,2499276
77464,200,0,CV009_004,2499476
77465,320,0,CV009_004,2499796
77466,280,0,CV009_004,2500076
77467,180,0,CV009_004,2500256
77468,160,0,CV009_004,2500416
77469,260,0,CV009_004,2500676
77470,260,0,CV009_004,2500936
77471,340,0,CV009_004,2501276
77472,100,0,CV009_004,2501376
77473,280,0,CV009_004,2501656
77474,280,0,CV009_004,2501936
77475,416,0,CV009_004,2502352
77476,20,0,CV009_004,2502372
77477,280,0,CV009_004,2502652
77478,224,0,CV009_004,2502876
77479,280,0,CV009_004,2503156
77480,300,0,CV009_004,2503456
77481,260,0,CV009_004,2503716
77482,344,0,CV009_004,2504060
77483,220,0,CV009_004,2504280
77484,160,0,CV009_004,2504440
77485,160,0,CV009_004,2504600
77486,280,0,CV009_004,2504880
77487,380,0,CV009_004,2505260
77488,80,0,CV009_004,2505340
77489,440,0,CV009_004,2505780
77490,300,0,CV009_004,2506080
77491,180,0,CV009_004,2506260
77492,80,0,CV009_004,2506340
77493,380,0,CV009_004,2506720
77494,200,0,CV009_004,2506920
77495,276,0,CV009_004,2507196
77496,180,0,CV009_004,2507376
77497,264,0,CV009_004,2507640
77498,260,0,CV009_004,2507900
77499,400,0,CV009_004,2508300
77500,200,0,CV009_004,2508500
77501,224,0,CV009_004,2508724
77502,160,0,CV009_004,2508884
77503,180,0,CV009_004,2509064
77504,320,0,CV009_004,2509384
77505,280,0,CV009_004,2509664
77506,180,0,CV009_004,2509844
77507,400,0,CV009_004,2510244
77508,120,0,CV009_004,2510364
77509,200,0,CV009_004,2510564
77510,340,0,CV009_004,2510904
77511,160,0,CV009_004,2511064
77512,440,0,CV009_004,2511504
77513,60,0,CV009_004,2511564
77514,236,0,CV009_004,2511800
77515,240,0,CV009_004,2512040
77516,264,0,CV009_004,2512304
77517,380,0,CV009_004,2512684
77518,120,0,CV009_004,2512804
77519,240,0,CV009_004,2513044
77520,364,0,CV009_004,2513408
77521,140,0,CV009_004,2513548
77522,300,0,CV009_004,2513848
77523,236,0,CV009_004,2514084
77524,364,0,CV009_004,2514448
77525,180,0,CV009_004,2514628
77526,360,0,CV009_004,2514988
77527,60,0,CV009_004,2515048
77528,220,0,CV009_004,2515268
77529,380,0,CV009_004,2515648
77530,120,0,CV009_004,2515768
77531,480,0,CV009_004,2516248
77532,200,0,CV009_004,2516448
77533,96,0,CV009_004,2516544
77534,240,0,CV009_004,2516784
77535,264,0,CV009_004,2517048
77536,440,0,CV009_004,2517488
77537,60,0,CV009_004,2517548
77538,240,0,CV009_004,2517788
77539,424,0,CV009_004,2518212
77540,40,0,CV009_004,2518252
77541,420,0,CV009_004,2518672
77542,160,0,CV009_004,2518832
77543,260,0,CV009_004,2519092
77544,160,0,CV009_004,2519252
77545,300,0,CV009_004,2519552
77546,360,0,CV009_004,2519912
77547,60,0,CV009_004,2519972
77548,280,0,CV009_004,2520252
77549,260,0,CV009_004,2520512
77550,240,0,CV009_004,2520752
77551,300,0,CV009_004,2521052
77552,336,0,CV009_004,2521388
77553,120,0,CV009_004,2521508
77554,284,0,CV009_004,2521792
77555,220,0,CV009_004,2522012
77556,260,0,CV009_004,2522272
77557,200,0,CV009_004,2522472
77558,380,0,CV009_004,2522852
77559,144,0,CV009_004,2522996
77560,280,0,CV009_004,2523276
77561,400,0,CV009_004,2523676
77562,80,0,CV009_004,2523756
77563,260,0,CV009_004,2524016
77564,180,0,CV009_004,2524196
77565,460,0,CV009_004,2524656
77566,140,0,CV009_004,2524796
77567,140,0,CV009_004,2524936
77568,320,0,CV009_004,2525256
77569,400,0,CV009_004,2525656
77570,176,0,CV009_004,2525832
77571,280,0,CV009_004,2526112
77572,204,0,CV009_004,2526316
77573,180,0,CV009_004,2526496
77574,180,0,CV009_004,2526676
77575,340,0,CV009_004,2527016
77576,300,0,CV009_004,2527316
77577,264,0,CV009_004,2527580
77578,200,0,CV009_004,2527780
77579,160,0,CV009_004,2527940
77580,240,0,CV009_004,2528180
77581,240,0,CV009_004,2528420
77582,240,0,CV009_004,2528660
77583,260,0,CV009_004,2528920
77584,440,0,CV009_004,2529360
77585,180,0,CV009_004,2529540
77586,200,0,CV009_004,2529740
77587,260,0,CV009_004,2530000
77588,160,0,CV009_004,2530160
77589,376,0,CV009_004,2530536
77590,220,0,CV009_004,2530756
77591,144,0,CV009_004,2530900
77592,420,0,CV009_004,2531320
77593,100,0,CV009_004,2531420
77594,340,0,CV009_004,2531760
77595,160,0,CV009_004,2531920
77596,404,0,CV009_004,2532324
77597,160,0,CV009_004,2532484
77598,140,0,CV009_004,2532624
77599,260,0,CV009_004,2532884
77600,460,0,CV009_004,2533344
77601,160,0,CV009_004,2533504
77602,220,0,CV009_004,2533724
77603,140,0,CV009_004,2533864
77604,280,0,CV009_004,2534144
77605,220,0,CV009_004,2534364
77606,320,0,CV009_004,2534684
77607,260,0,CV009_004,2534944
77608,160,0,CV009_004,2535104
77609,456,0,CV009_004,2535560
77610,80,0,CV009_004,2535640
77611,344,0,CV009_004,2535984
77612,260,0,CV009_004,2536244
77613,180,0,CV009_004,2536424
77614,320,0,CV009_004,2536744
77615,100,0,CV009_004,2536844
77616,480,0,CV009_004,2537324
77617,104,0,CV009_004,2537428
77618,360,0,CV009_004,2537788
77619,280,0,CV009_004,2538068
77620,240,0,CV009_004,2538308
77621,120,0,CV009_004,2538428
77622,260,0,CV009_004,2538688
77623,360,0,CV009_004,2539048
77624,20,0,CV009_004,2539068
77625,340,0,CV009_004,2539408
77626,180,0,CV009_004,2539588
77627,400,0,CV009_004,2539988
77628,300,0,CV009_004,2540288
77629,220,0,CV009_004,2540508
77630,140,0,CV009_004,2540648
77631,300,0,CV009_004,2540948
77632,140,0,CV009_004,2541088
77633,260,0,CV009_004,2541348
77634,320,0,CV009_004,2541668
77635,360,0,CV009_004,2542028
77636,220,0,CV009_004,2542248
77637,100,0,CV009_004,2542348
77638,200,0,CV009_004,2542548
77639,280,0,CV009_004,2542828
77640,460,0,CV009_004,2543288
77641,100,0,CV009_004,2543388
77642,320,0,CV009_004,2543708
77643,180,0,CV009_004,2543888
77644,340,0,CV009_004,2544228
77645,240,0,CV009_004,2544468
77646,220,0,CV009_004,2544688
77647,160,0,CV009_004,2544848
77648,364,0,CV009_004,2545212
77649,220,0,CV009_004,2545432
77650,140,0,CV009_004,2545572
77651,220,0,CV009_004,2545792
77652,400,0,CV009_004,2546192
77653,180,0,CV009_004,2546372
77654,140,0,CV009_004,2546512
77655,340,0,CV009_004,2546852
77656,180,0,CV009_004,2547032
77657,400,0,CV009_004,2547432
77658,200,0,CV009_004,2547632
77659,120,0,CV009_004,2547752
77660,260,0,CV009_004,2548012
77661,280,0,CV009_004,2548292
77662,300,0,CV009_004,2548592
77663,340,0,CV009_004,2548932
77664,280,0,CV009_004,2549212
77665,80,0,CV009_004,2549292
77666,400,0,CV009_004,2549692
77667,60,0,CV009_004,2549752
77668,240,0,CV009_004,2549992
77669,380,0,CV009_004,2550372
77670,120,0,CV009_004,2550492
77671,376,0,CV009_004,2550868
77672,324,0,CV009_004,2551192
77673,200,0,CV009_004,2551392
77674,260,0,CV009_004,2551652
77675,120,0,CV009_004,2551772
77676,440,0,CV009_004,2552212
77677,20,0,CV009_004,2552232
77678,280,0,CV009_004,2552512
77679,340,0,CV009_004,2552852
77680,240,0,CV009_004,2553092
77681,204,0,CV009_004,2553296
77682,176,0,CV009_004,2553472
77683,404,0,CV009_004,2553876
77684,200,0,CV009_004,2554076
77685,120,0,CV009_004,2554196
77686,340,0,CV009_004,2554536
77687,400,0,CV009_004,2554936
77688,200,0,CV009_004,2555136
77689,60,0,CV009_004,2555196
77690,260,0,CV009_004,2555456
77691,300,0,CV009_004,2555756
77692,180,0,CV009_004,2555936
77693,360,0,CV009_004,2556296
77694,360,0,CV009_004,2556656
77695,260,0,CV009_004,2556916
77696,240,0,CV009_004,2557156
77697,60,0,CV009_004,2557216
77698,220,0,CV009_004,2557436
77699,436,0,CV009_004,2557872
77700,524,0,CV009_004,2558396
77701,580,0,CV009_004,2558976
77702,580,0,CV009_004,2559556
77703,576,0,CV009_004,2560132
77704,580,0,CV009_004,2560712
77705,568,0,CV009_004,2561280
77706,576,0,CV009_004,2561856
77707,580,0,CV009_004,2562436
77708,580,0,CV009_004,2563016
77709,576,0,CV009_004,2563592
77710,568,0,CV009_004,2564160
77711,576,0,CV009_004,2564736
77712,580,0,CV009_004,2565316
77713,564,0,CV009_004,2565880
77714,576,0,CV009_004,2566456
77715,572,0,CV009_004,2567028
77716,572,0,CV009_004,2567600
77717,564,0,CV009_004,2568164
77718,576,0,CV009_004,2568740
77719,568,0,CV009_004,2569308
77720,564,0,CV009_004,2569872
77721,564,0,CV009_004,2570436
77722,564,0,CV009_004,2571000
77723,564,0,CV009_004,2571564
77724,564,0,CV009_004,2572128
77725,560,0,CV009_004,2572688
77726,568,0,CV009_004,2573256
77727,564,0,CV009_004,2573820
77728,564,0,CV009_004,2574384
77729,564,0,CV009_004,2574948
77730,572,0,CV009_004,2575520
77731,568,0,CV009_004,2576088
77732,568,0,CV009_004,2576656
77733,568,0,CV009_004,2577224
77734,568,0,CV009_004,2577792
77735,624,1,CV009_004,2578416
77736,520,0,CV009_004,2578936
77737,568,0,CV009_004,2579504
77738,572,0,CV009_004,2580076
77739,572,0,CV009_004,2580648
77740,572,0,CV009_004,2581220
77741,568,0,CV009_004,2581788
77742,624,1,CV009_004,2582412
77743,520,0,CV009_004,2582932
77744,568,0,CV009_004,2583500
77745,568,0,CV009_004,2584068
77746,568,0,CV009_004,2584636
77747,564,0,CV009_004,2585200
77748,564,0,CV009_004,2585764
77749,564,0,CV009_004,2586328
77750,564,0,CV009_004,2586892
77751,560,0,CV009_004,2587452
77752,564,0,CV009_004,2588016
77753,564,0,CV009_004,2588580
77754,556,0,CV009_004,2589136
77755,572,0,CV009_004,2589708
77756,560,0,CV009_004,2590268
77757,560,0,CV009_004,2590828
77758,564,0,CV009_004,2591392
77759,564,0,CV009_004,2591956
77760,564,0,CV009_004,2592520
77761,564,0,CV009_004,2593084
77762,568,0,CV009_004,2593652
77763,564,0,CV009_004,2594216
77764,560,0,CV009_004,2594776
77765,560,0,CV009_004,2595336
77766,564,0,CV009_004,2595900
77767,556,0,CV009_004,2596456
77768,560,0,CV009_004,2597016
77769,560,0,CV009_004,2597576
77770,552,0,CV009_004,2598128
77771,560,0,CV009_004,2598688
77772,556,0,CV009_004,2599244
77773,556,0,CV009_004,2599800
77774,548,0,CV009_004,2600348
77775,560,0,CV009_004,2600908
77776,552,0,CV009_004,2601460
77777,552,0,CV009_004,2602012
77778,552,0,CV009_004,2602564
77779,548,0,CV009_004,2603112
77780,556,0,CV009_004,2603668
77781,548,0,CV009_004,2604216
77782,548,0,CV009_004,2604764
77783,548,0,CV009_004,2605312
77784,544,0,CV009_004,2605856
77785,552,0,CV009_004,2606408
77786,544,0,CV009_004,2606952
77787,548,0,CV009_004,2607500
77788,548,0,CV009_004,2608048
77789,544,0,CV009_004,2608592
77790,548,0,CV009_004,2609140
77791,544,0,CV009_004,2609684
77792,544,0,CV009_004,2610228
77793,544,0,CV009_004,2610772
77794,548,0,CV009_004,2611320
77795,544,0,CV009_004,2611864
77796,544,0,CV009_004,2612408
77797,548,0,CV009_004,2612956
77798,548,0,CV009_004,2613504
77799,544,0,CV009_004,2614048
77800,548,0,CV009_004,2614596
77801,552,0,CV009_004,2615148
77802,548,0,CV009_004,2615696
77803,548,0,CV009_004,2616244
77804,548,0,CV009_004,2616792
77805,552,0,CV009_004,2617344
77806,544,0,CV009_004,2617888
77807,552,0,CV009_004,2618440
77808,544,0,CV009_004,2618984
77809,544,0,CV009_004,2619528
77810,548,0,CV009_004,2620076
77811,544,0,CV009_004,2620620
77812,544,0,CV009_004,2621164
77813,548,0,CV009_004,2621712
77814,548,0,CV009_004,2622260
77815,548,0,CV009_004,2622808
77816,544,0,CV009_004,2623352
77817,556,0,CV009_004,2623908
77818,548,0,CV009_004,2624456
77819,548,0,CV009_004,2625004
77820,548,0,CV009_004,2625552
77821,544,0,CV009_004,2626096
77822,544,0,CV009_004,2626640
77823,548,0,CV009_004,2627188
77824,536,0,CV009_004,2627724
77825,540,0,CV009_004,2628264
77826,544,0,CV009_004,2628808
77827,540,0,CV009_004,2629348
77828,540,0,CV009_004,2629888
77829,540,0,CV009_004,2630428
77830,540,0,CV009_004,2630968
77831,536,0,CV009_004,2631504
77832,544,0,CV009_004,2632048
77833,588,1,CV009_004,2632636
77834,484,0,CV009_004,2633120
77835,540,0,CV009_004,2633660
77836,540,0,CV009_004,2634200
77837,1192,0,CV009_005,1192
77838,2264,0,CV009_005,3456
77839,1700,0,CV009_005,5156
77840,576,0,CV009_005,5732
77841,1084,0,CV009_005,6816
77842,128,0,CV009_005,6944
77843,444,0,CV009_005,7388
77844,1140,0,CV009_005,8528
77845,568,0,CV009_005,9096
77846,576,0,CV009_005,9672
77847,276,0,CV009_005,9948
77848,352,0,CV009_005,10300
77849,504,0,CV009_005,10804
77850,572,0,CV009_005,11376
77851,1144,0,CV009_005,12520
77852,424,0,CV009_005,12944
77853,140,0,CV009_005,13084
77854,572,0,CV009_005,13656
77855,288,0,CV009_005,13944
77856,284,0,CV009_005,14228
77857,556,0,CV009_005,14784
77858,576,0,CV009_005,15360
77859,580,0,CV009_005,15940
77860,576,0,CV009_005,16516
77861,568,0,CV009_005,17084
77862,572,0,CV009_005,17656
77863,288,0,CV009_005,17944
77864,288,0,CV009_005,18232
77865,572,0,CV009_005,18804
77866,568,0,CV009_005,19372
77867,1144,0,CV009_005,20516
77868,580,0,CV009_005,21096
77869,576,0,CV009_005,21672
77870,568,0,CV009_005,22240
77871,568,0,CV009_005,22808
77872,580,0,CV009_005,23388
77873,636,1,CV009_005,24024
77874,516,0,CV009_005,24540
77875,568,0,CV009_005,25108
77876,580,0,CV009_005,25688
77877,576,0,CV009_005,26264
77878,568,0,CV009_005,26832
77879,576,0,CV009_005,27408
77880,624,1,CV009_005,28032
77881,524,0,CV009_005,28556
77882,572,0,CV009_005,29128
77883,568,0,CV009_005,29696
77884,572,0,CV009_005,30268
77885,584,0,CV009_005,30852
77886,1720,0,CV009_005,32572
77887,576,0,CV009_005,33148
77888,584,0,CV009_005,33732
77889,584,0,CV009_005,34316
77890,584,0,CV009_005,34900
77891,568,0,CV009_005,35468
77892,576,0,CV009_005,36044
77893,572,0,CV009_005,36616
77894,576,0,CV009_005,37192
77895,576,0,CV009_005,37768
77896,560,0,CV009_005,38328
77897,564,0,CV009_005,38892
77898,624,0,CV009_005,39516
77899,1072,0,CV009_005,40588
77900,568,0,CV009_005,41156
77901,568,0,CV009_005,41724
77902,572,0,CV009_005,42296
77903,556,0,CV009_005,42852
77904,624,0,CV009_005,43476
77905,572,0,CV009_005,44048
77906,508,0,CV009_005,44556
77907,568,0,CV009_005,45124
77908,576,0,CV009_005,45700
77909,556,0,CV009_005,46256
77910,572,0,CV009_005,46828
77911,628,1,CV009_005,47456
77912,504,0,CV009_005,47960
77913,568,0,CV009_005,48528
77914,572,0,CV009_005,49100
77915,556,0,CV009_005,49656
77916,564,0,CV009_005,50220
77917,572,0,CV009_005,50792
77918,572,0,CV009_005,51364
77919,552,0,CV009_005,51916
77920,564,0,CV009_005,52480
77921,568,0,CV009_005,53048
77922,564,0,CV009_005,53612
77923,564,0,CV009_005,54176
77924,572,0,CV009_005,54748
77925,564,0,CV009_005,55312
77926,556,0,CV009_005,55868
77927,576,0,CV009_005,56444
77928,624,1,CV009_005,57068
77929,504,0,CV009_005,57572
77930,564,0,CV009_005,58136
77931,576,0,CV009_005,58712
77932,556,0,CV009_005,59268
77933,576,0,CV009_005,59844
77934,620,1,CV009_005,60464
77935,512,0,CV009_005,60976
77936,576,0,CV009_005,61552
77937,576,0,CV009_005,62128
77938,564,0,CV009_005,62692
77939,564,0,CV009_005,63256
77940,568,0,CV009_005,63824
77941,612,0,CV009_005,64436
77942,504,0,CV009_005,64940
77943,568,0,CV009_005,65508
77944,420,0,CV009_005,65928
77945,696,0,CV009_005,66624
77946,572,0,CV009_005,67196
77947,572,0,CV009_005,67768
77948,572,0,CV009_005,68340
77949,564,0,CV009_005,68904
77950,568,0,CV009_005,69472
77951,568,0,CV009_005,70040
77952,580,0,CV009_005,70620
77953,568,0,CV009_005,71188
77954,580,0,CV009_005,71768
77955,568,0,CV009_005,72336
77956,572,0,CV009_005,72908
77957,568,0,CV009_005,73476
77958,616,0,CV009_005,74092
77959,572,0,CV009_005,74664
77960,552,0,CV009_005,75216
77961,564,0,CV009_005,75780
77962,564,0,CV009_005,76344
77963,568,0,CV009_005,76912
77964,500,0,CV009_005,77412
77965,564,0,CV009_005,77976
77966,568,0,CV009_005,78544
77967,564,0,CV009_005,79108
77968,556,0,CV009_005,79664
77969,320,0,CV009_005,79984
77970,248,0,CV009_005,80232
77971,568,0,CV009_005,80800
77972,612,0,CV009_005,81412
77973,516,0,CV009_005,81928
77974,420,0,CV009_005,82348
77975,708,0,CV009_005,83056
77976,576,0,CV009_005,83632
77977,560,0,CV009_005,84192
77978,564,0,CV009_005,84756
77979,1132,0,CV009_005,85888
77980,560,0,CV009_005,86448
77981,620,0,CV009_005,87068
77982,512,0,CV009_005,87580
77983,560,0,CV009_005,88140
77984,556,0,CV009_005,88696
77985,556,0,CV009_005,89252
77986,552,0,CV009_005,89804
77987,564,0,CV009_005,90368
77988,544,0,CV009_005,90912
77989,552,0,CV009_005,91464
77990,612,1,CV009_005,92076
77991,492,0,CV009_005,92568
77992,552,0,CV009_005,93120
77993,552,0,CV009_005,93672
77994,604,0,CV009_005,94276
77995,500,0,CV009_005,94776
77996,604,0,CV009_005,95380
77997,496,0,CV009_005,95876
77998,556,0,CV009_005,96432
77999,560,0,CV009_005,96992
78000,556,0,CV009_005,97548
78001,560,0,CV009_005,98108
78002,568,0,CV009_005,98676
78003,608,0,CV009_005,99284
78004,564,0,CV009_005,99848
78005,512,0,CV009_005,100360
78006,572,0,CV009_005,100932
78007,560,0,CV009_005,101492
78008,612,1,CV009_005,102104
78009,508,0,CV009_005,102612
78010,564,0,CV009_005,103176
78011,564,0,CV009_005,103740
78012,488,0,CV009_005,104228
78013,644,0,CV009_005,104872
78014,564,0,CV009_005,105436
78015,556,0,CV009_005,105992
78016,560,0,CV009_005,106552
78017,564,0,CV009_005,107116
78018,552,0,CV009_005,107668
78019,556,0,CV009_005,108224
78020,424,0,CV009_005,108648
78021,688,0,CV009_005,109336
78022,568,0,CV009_005,109904
78023,568,0,CV009_005,110472
78024,612,1,CV009_005,111084
78025,508,0,CV009_005,111592
78026,568,0,CV009_005,112160
78027,568,0,CV009_005,112728
78028,616,1,CV009_005,113344
78029,516,0,CV009_005,113860
78030,576,0,CV009_005,114436
78031,564,0,CV009_005,115000
78032,572,0,CV009_005,115572
78033,584,0,CV009_005,116156
78034,564,0,CV009_005,116720
78035,576,0,CV009_005,117296
78036,584,0,CV009_005,117880
78037,572,0,CV009_005,118452
78038,412,0,CV009_005,118864
78039,720,0,CV009_005,119584
78040,588,0,CV009_005,120172
78041,564,0,CV009_005,120736
78042,568,0,CV009_005,121304
78043,576,0,CV009_005,121880
78044,572,0,CV009_005,122452
78045,1140,0,CV009_005,123592
78046,576,0,CV009_005,124168
78047,564,0,CV009_005,124732
78048,580,0,CV009_005,125312
78049,584,0,CV009_005,125896
78050,568,0,CV009_005,126464
78051,632,0,CV009_005,127096
78052,488,0,CV009_005,127584
78053,612,0,CV009_005,128196
78054,632,0,CV009_005,128828
78055,508,0,CV009_005,129336
78056,592,0,CV009_005,129928
78057,576,0,CV009_005,130504
78058,576,0,CV009_005,131080
78059,584,0,CV009_005,131664
78060,624,0,CV009_005,132288
78061,520,0,CV009_005,132808
78062,576,0,CV009_005,133384
78063,584,0,CV009_005,133968
78064,628,0,CV009_005,134596
78065,520,0,CV009_005,135116
78066,1064,0,CV009_005,136180
78067,720,0,CV009_005,136900
78068,588,0,CV009_005,137488
78069,528,0,CV009_005,138016
78070,644,0,CV009_005,138660
78071,528,0,CV009_005,139188
78072,628,0,CV009_005,139816
78073,528,0,CV009_005,140344
78074,588,0,CV009_005,140932
78075,580,0,CV009_005,141512
78076,580,0,CV009_005,142092
78077,588,0,CV009_005,142680
78078,584,0,CV009_005,143264
78079,576,0,CV009_005,143840
78080,580,0,CV009_005,144420
78081,420,0,CV009_005,144840
78082,732,0,CV009_005,145572
78083,588,0,CV009_005,146160
78084,632,0,CV009_005,146792
78085,584,0,CV009_005,147376
78086,572,0,CV009_005,147948
78087,528,0,CV009_005,148476
78088,640,0,CV009_005,149116
78089,532,0,CV009_005,149648
78090,632,0,CV009_005,150280
78091,528,0,CV009_005,150808
78092,592,0,CV009_005,151400
78093,576,0,CV009_005,151976
78094,588,0,CV009_005,152564
78095,592,0,CV009_005,153156
78096,644,1,CV009_005,153800
78097,528,0,CV009_005,154328
78098,588,0,CV009_005,154916
78099,600,0,CV009_005,155516
78100,584,0,CV009_005,156100
78101,644,0,CV009_005,156744
78102,360,0,CV009_005,157104
78103,744,0,CV009_005,157848
78104,596,0,CV009_005,158444
78105,1168,0,CV009_005,159612
78106,632,0,CV009_005,160244
78107,360,0,CV009_005,160604
78108,740,0,CV009_005,161344
78109,596,0,CV009_005,161940
78110,576,0,CV009_005,162516
78111,596,0,CV009_005,163112
78112,588,0,CV009_005,163700
78113,592,0,CV009_005,164292
78114,580,0,CV009_005,164872
78115,600,0,CV009_005,165472
78116,656,0,CV009_005,166128
78117,592,0,CV009_005,166720
78118,540,0,CV009_005,167260
78119,596,0,CV009_005,167856
78120,420,0,CV009_005,168276
78121,748,0,CV009_005,169024
78122,608,0,CV009_005,169632
78123,644,0,CV009_005,170276
78124,544,0,CV009_005,170820
78125,592,0,CV009_005,171412
78126,628,0,CV009_005,172040
78127,536,0,CV009_005,172576
78128,644,0,CV009_005,173220
78129,520,0,CV009_005,173740
78130,584,0,CV009_005,174324
78131,588,0,CV009_005,174912
78132,576,0,CV009_005,175488
78133,1148,0,CV009_005,176636
78134,580,0,CV009_005,177216
78135,568,0,CV009_005,177784
78136,584,0,CV009_005,178368
78137,584,0,CV009_005,178952
78138,580,0,CV009_005,179532
78139,580,0,CV009_005,180112
78140,584,0,CV009_005,180696
78141,648,0,CV009_005,181344
78142,528,0,CV009_005,181872
78143,588,0,CV009_005,182460
78144,1232,0,CV009_005,183692
78145,532,0,CV009_005,184224
78146,588,0,CV009_005,184812
78147,588,0,CV009_005,185400
78148,580,0,CV009_005,185980
78149,584,0,CV009_005,186564
78150,588,0,CV009_005,187152
78151,580,0,CV009_005,187732
78152,584,0,CV009_005,188316
78153,584,0,CV009_005,188900
78154,628,0,CV009_005,189528
78155,1172,0,CV009_005,190700
78156,528,0,CV009_005,191228
78157,628,0,CV009_005,191856
78158,532,0,CV009_005,192388
78159,584,0,CV009_005,192972
78160,572,0,CV009_005,193544
78161,636,0,CV009_005,194180
78162,580,0,CV009_005,194760
78163,572,0,CV009_005,195332
78164,532,0,CV009_005,195864
78165,640,0,CV009_005,196504
78166,520,0,CV009_005,197024
78167,640,0,CV009_005,197664
78168,536,0,CV009_005,198200
78169,636,0,CV009_005,198836
78170,580,0,CV009_005,199416
78171,532,0,CV009_005,199948
78172,580,0,CV009_005,200528
78173,624,0,CV009_005,201152
78174,524,0,CV009_005,201676
78175,580,0,CV009_005,202256
78176,632,0,CV009_005,202888
78177,516,0,CV009_005,203404
78178,580,0,CV009_005,203984
78179,588,0,CV009_005,204572
78180,628,0,CV009_005,205200
78181,1156,0,CV009_005,206356
78182,584,0,CV009_005,206940
78183,572,0,CV009_005,207512
78184,532,0,CV009_005,208044
78185,636,0,CV009_005,208680
78186,532,0,CV009_005,209212
78187,628,0,CV009_005,209840
78188,588,0,CV009_005,210428
78189,536,0,CV009_005,210964
78190,1164,0,CV009_005,212128
78191,592,0,CV009_005,212720
78192,580,0,CV009_005,213300
78193,584,0,CV009_005,213884
78194,636,1,CV009_005,214520
78195,536,0,CV009_005,215056
78196,584,0,CV009_005,215640
78197,588,0,CV009_005,216228
78198,592,0,CV009_005,216820
78199,580,0,CV009_005,217400
78200,588,0,CV009_005,217988
78201,640,0,CV009_005,218628
78202,420,0,CV009_005,219048
78203,108,0,CV009_005,219156
78204,592,0,CV009_005,219748
78205,300,0,CV009_005,220048
78206,292,0,CV009_005,220340
78207,580,0,CV009_005,220920
78208,592,0,CV009_005,221512
78209,644,1,CV009_005,222156
78210,532,0,CV009_005,222688
78211,588,0,CV009_005,223276
78212,596,0,CV009_005,223872
78213,580,0,CV009_005,224452
78214,592,0,CV009_005,225044
78215,592,0,CV009_005,225636
78216,412,0,CV009_005,226048
78217,172,0,CV009_005,226220
78218,588,0,CV009_005,226808
78219,240,0,CV009_005,227048
78220,344,0,CV009_005,227392
78221,588,0,CV009_005,227980
78222,640,0,CV009_005,228620
78223,544,0,CV009_005,229164
78224,580,0,CV009_005,229744
78225,592,0,CV009_005,230336
78226,572,0,CV009_005,230908
78227,588,0,CV009_005,231496
78228,1176,0,CV009_005,232672
78229,580,0,CV009_005,233252
78230,588,0,CV009_005,233840
78231,216,0,CV009_005,234056
78232,360,0,CV009_005,234416
78233,576,0,CV009_005,234992
78234,632,0,CV009_005,235624
78235,528,0,CV009_005,236152
78236,580,0,CV009_005,236732
78237,628,0,CV009_005,237360
78238,520,0,CV009_005,237880
78239,632,0,CV009_005,238512
78240,1092,0,CV009_005,239604
78241,588,0,CV009_005,240192
78242,564,0,CV009_005,240756
78243,588,0,CV009_005,241344
78244,632,0,CV009_005,241976
78245,532,0,CV009_005,242508
78246,648,0,CV009_005,243156
78247,580,0,CV009_005,243736
78248,524,0,CV009_005,244260
78249,580,0,CV009_005,244840
78250,584,0,CV009_005,245424
78251,572,0,CV009_005,245996
78252,584,0,CV009_005,246580
78253,588,0,CV009_005,247168
78254,572,0,CV009_005,247740
78255,580,0,CV009_005,248320
78256,584,0,CV009_005,248904
78257,580,0,CV009_005,249484
78258,580,0,CV009_005,250064
78259,584,0,CV009_005,250648
78260,572,0,CV009_005,251220
78261,588,0,CV009_005,251808
78262,588,0,CV009_005,252396
78263,592,0,CV009_005,252988
78264,588,0,CV009_005,253576
78265,588,0,CV009_005,254164
78266,600,0,CV009_005,254764
78267,584,0,CV009_005,255348
78268,592,0,CV009_005,255940
78269,600,0,CV009_005,256540
78270,596,0,CV009_005,257136
78271,584,0,CV009_005,257720
78272,596,0,CV009_005,258316
78273,596,0,CV009_005,258912
78274,636,0,CV009_005,259548
78275,1132,0,CV009_005,260680
78276,584,0,CV009_005,261264
78277,592,0,CV009_005,261856
78278,592,0,CV009_005,262448
78279,584,0,CV009_005,263032
78280,592,0,CV009_005,263624
78281,592,0,CV009_005,264216
78282,584,0,CV009_005,264800
78283,592,0,CV009_005,265392
78284,652,1,CV009_005,266044
78285,536,0,CV009_005,266580
78286,592,0,CV009_005,267172
78287,600,0,CV009_005,267772
78288,592,0,CV009_005,268364
78289,592,0,CV009_005,268956
78290,604,0,CV009_005,269560
78291,592,0,CV009_005,270152
78292,596,0,CV009_005,270748
78293,656,0,CV009_005,271404
78294,544,0,CV009_005,271948
78295,588,0,CV009_005,272536
78296,656,0,CV009_005,273192
78297,544,0,CV009_005,273736
78298,640,0,CV009_005,274376
78299,544,0,CV009_005,274920
78300,600,0,CV009_005,275520
78301,1184,0,CV009_005,276704
78302,600,0,CV009_005,277304
78303,592,0,CV009_005,277896
78304,600,0,CV009_005,278496
78305,1200,0,CV009_005,279696
78306,592,0,CV009_005,280288
78307,600,0,CV009_005,280888
78308,652,1,CV009_005,281540
78309,536,0,CV009_005,282076
78310,596,0,CV009_005,282672
78311,604,0,CV009_005,283276
78312,644,0,CV009_005,283920
78313,600,0,CV009_005,284520
78314,548,0,CV009_005,285068
78315,648,0,CV009_005,285716
78316,588,0,CV009_005,286304
78317,548,0,CV009_005,286852
78318,656,0,CV009_005,287508
78319,544,0,CV009_005,288052
78320,600,0,CV009_005,288652
78321,604,0,CV009_005,289256
78322,596,0,CV009_005,289852
78323,652,1,CV009_005,290504
78324,552,0,CV009_005,291056
78325,600,0,CV009_005,291656
78326,596,0,CV009_005,292252
78327,604,0,CV009_005,292856
78328,656,1,CV009_005,293512
78329,540,0,CV009_005,294052
78330,604,0,CV009_005,294656
78331,608,0,CV009_005,295264
78332,596,0,CV009_005,295860
78333,652,0,CV009_005,296512
78334,556,0,CV009_005,297068
78335,648,0,CV009_005,297716
78336,548,0,CV009_005,298264
78337,608,0,CV009_005,298872
78338,596,0,CV009_005,299468
78339,604,0,CV009_005,300072
78340,600,0,CV009_005,300672
78341,600,0,CV009_005,301272
78342,596,0,CV009_005,301868
78343,604,0,CV009_005,302472
78344,612,0,CV009_005,303084
78345,588,0,CV009_005,303672
78346,604,0,CV009_005,304276
78347,608,0,CV009_005,304884
78348,596,0,CV009_005,305480
78349,608,0,CV009_005,306088
78350,656,1,CV009_005,306744
78351,544,0,CV009_005,307288
78352,600,0,CV009_005,307888
78353,608,0,CV009_005,308496
78354,604,0,CV009_005,309100
78355,592,0,CV009_005,309692
78356,608,0,CV009_005,310300
78357,656,1,CV009_005,310956
78358,540,0,CV009_005,311496
78359,604,0,CV009_005,312100
78360,604,0,CV009_005,312704
78361,596,0,CV009_005,313300
78362,656,1,CV009_005,313956
78363,548,0,CV009_005,314504
78364,592,0,CV009_005,315096
78365,604,0,CV009_005,315700
78366,612,0,CV009_005,316312
78367,596,0,CV009_005,316908
78368,604,0,CV009_005,317512
78369,1216,0,CV009_005,318728
78370,596,0,CV009_005,319324
78371,604,0,CV009_005,319928
78372,608,0,CV009_005,320536
78373,1196,0,CV009_005,321732
78374,608,0,CV009_005,322340
78375,596,0,CV009_005,322936
78376,600,0,CV009_005,323536
78377,656,1,CV009_005,324192
78378,548,0,CV009_005,324740
78379,596,0,CV009_005,325336
78380,600,0,CV009_005,325936
78381,604,0,CV009_005,326540
78382,1204,0,CV009_005,327744
78383,600,0,CV009_005,328344
78384,596,0,CV009_005,328940
78385,600,0,CV009_005,329540
78386,652,1,CV009_005,330192
78387,544,0,CV009_005,330736
78388,592,0,CV009_005,331328
78389,596,0,CV009_005,331924
78390,600,0,CV009_005,332524
78391,588,0,CV009_005,333112
78392,596,0,CV009_005,333708
78393,608,0,CV009_005,334316
78394,640,0,CV009_005,334956
78395,604,0,CV009_005,335560
78396,552,0,CV009_005,336112
78397,1192,0,CV009_005,337304
78398,652,0,CV009_005,337956
78399,556,0,CV009_005,338512
78400,596,0,CV009_005,339108
78401,596,0,CV009_005,339704
78402,604,0,CV009_005,340308
78403,640,1,CV009_005,340948
78404,544,0,CV009_005,341492
78405,600,0,CV009_005,342092
78406,588,0,CV009_005,342680
78407,596,0,CV009_005,343276
78408,600,0,CV009_005,343876
78409,596,0,CV009_005,344472
78410,592,0,CV009_005,345064
78411,600,0,CV009_005,345664
78412,592,0,CV009_005,346256
78413,644,0,CV009_005,346900
78414,544,0,CV009_005,347444
78415,596,0,CV009_005,348040
78416,644,0,CV009_005,348684
78417,544,0,CV009_005,349228
78418,648,0,CV009_005,349876
78419,536,0,CV009_005,350412
78420,600,0,CV009_005,351012
78421,600,0,CV009_005,351612
78422,596,0,CV009_005,352208
78423,596,0,CV009_005,352804
78424,604,0,CV009_005,353408
78425,592,0,CV009_005,354000
78426,596,0,CV009_005,354596
78427,600,0,CV009_005,355196
78428,592,0,CV009_005,355788
78429,596,0,CV009_005,356384
78430,596,0,CV009_005,356980
78431,648,0,CV009_005,357628
78432,588,0,CV009_005,358216
78433,544,0,CV009_005,358760
78434,600,0,CV009_005,359360
78435,588,0,CV009_005,359948
78436,600,0,CV009_005,360548
78437,1192,0,CV009_005,361740
78438,600,0,CV009_005,362340
78439,608,0,CV009_005,362948
78440,592,0,CV009_005,363540
78441,1204,0,CV009_005,364744
78442,596,0,CV009_005,365340
78443,596,0,CV009_005,365936
78444,596,0,CV009_005,366532
78445,596,0,CV009_005,367128
78446,592,0,CV009_005,367720
78447,596,0,CV009_005,368316
78448,596,0,CV009_005,368912
78449,592,0,CV009_005,369504
78450,592,0,CV009_005,370096
78451,600,0,CV009_005,370696
78452,1184,0,CV009_005,371880
78453,604,0,CV009_005,372484
78454,592,0,CV009_005,373076
78455,600,0,CV009_005,373676
78456,1196,0,CV009_005,374872
78457,600,0,CV009_005,375472
78458,600,0,CV009_005,376072
78459,596,0,CV009_005,376668
78460,1192,0,CV009_005,377860
78461,600,0,CV009_005,378460
78462,592,0,CV009_005,379052
78463,596,0,CV009_005,379648
78464,596,0,CV009_005,380244
78465,596,0,CV009_005,380840
78466,596,0,CV009_005,381436
78467,600,0,CV009_005,382036
78468,588,0,CV009_005,382624
78469,604,0,CV009_005,383228
78470,596,0,CV009_005,383824
78471,596,0,CV009_005,384420
78472,600,0,CV009_005,385020
78473,600,0,CV009_005,385620
78474,604,0,CV009_005,386224
78475,592,0,CV009_005,386816
78476,604,0,CV009_005,387420
78477,652,1,CV009_005,388072
78478,548,0,CV009_005,388620
78479,600,0,CV009_005,389220
78480,600,0,CV009_005,389820
78481,648,1,CV009_005,390468
78482,552,0,CV009_005,391020
78483,600,0,CV009_005,391620
78484,592,0,CV009_005,392212
78485,604,0,CV009_005,392816
78486,604,0,CV009_005,393420
78487,596,0,CV009_005,394016
78488,600,0,CV009_005,394616
78489,604,0,CV009_005,395220
78490,604,0,CV009_005,395824
78491,600,0,CV009_005,396424
78492,604,0,CV009_005,397028
78493,604,0,CV009_005,397632
78494,652,1,CV009_005,398284
78495,556,0,CV009_005,398840
78496,608,0,CV009_005,399448
78497,600,0,CV009_005,400048
78498,604,0,CV009_005,400652
78499,612,0,CV009_005,401264
78500,596,0,CV009_005,401860
78501,608,0,CV009_005,402468
78502,668,0,CV009_005,403136
78503,536,0,CV009_005,403672
78504,604,0,CV009_005,404276
78505,660,0,CV009_005,404936
78506,596,0,CV009_005,405532
78507,608,0,CV009_005,406140
78508,548,0,CV009_005,406688
78509,652,0,CV009_005,407340
78510,604,0,CV009_005,407944
78511,604,0,CV009_005,408548
78512,596,0,CV009_005,409144
78513,544,0,CV009_005,409688
78514,604,0,CV009_005,410292
78515,648,0,CV009_005,410940
78516,596,0,CV009_005,411536
78517,608,0,CV009_005,412144
78518,1792,0,CV009_005,413936
78519,600,0,CV009_005,414536
78520,600,0,CV009_005,415136
78521,540,0,CV009_005,415676
78522,608,0,CV009_005,416284
78523,596,0,CV009_005,416880
78524,600,0,CV009_005,417480
78525,608,0,CV009_005,418088
78526,588,0,CV009_005,418676
78527,608,0,CV009_005,419284
78528,656,0,CV009_005,419940
78529,592,0,CV009_005,420532
78530,616,0,CV009_005,421148
78531,596,0,CV009_005,421744
78532,596,0,CV009_005,422340
78533,548,0,CV009_005,422888
78534,604,0,CV009_005,423492
78535,660,0,CV009_005,424152
78536,1192,0,CV009_005,425344
78537,1196,0,CV009_005,426540
78538,544,0,CV009_005,427084
78539,652,0,CV009_005,427736
78540,540,0,CV009_005,428276
78541,656,0,CV009_005,428932
78542,604,0,CV009_005,429536
78543,604,0,CV009_005,430140
78544,600,0,CV009_005,430740
78545,556,0,CV009_005,431296
78546,656,0,CV009_005,431952
78547,600,0,CV009_005,432552
78548,604,0,CV009_005,433156
78549,604,0,CV009_005,433760
78550,548,0,CV009_005,434308
78551,656,0,CV009_005,434964
78552,604,0,CV009_005,435568
78553,588,0,CV009_005,436156
78554,604,0,CV009_005,436760
78555,600,0,CV009_005,437360
78556,596,0,CV009_005,437956
78557,544,0,CV009_005,438500
78558,604,0,CV009_005,439104
78559,596,0,CV009_005,439700
78560,596,0,CV009_005,440296
78561,660,0,CV009_005,440956
78562,600,0,CV009_005,441556
78563,604,0,CV009_005,442160
78564,544,0,CV009_005,442704
78565,652,0,CV009_005,443356
78566,600,0,CV009_005,443956
78567,548,0,CV009_005,444504
78568,604,0,CV009_005,445108
78569,592,0,CV009_005,445700
78570,600,0,CV009_005,446300
78571,656,0,CV009_005,446956
78572,596,0,CV009_005,447552
78573,548,0,CV009_005,448100
78574,604,0,CV009_005,448704
78575,648,0,CV009_005,449352
78576,596,0,CV009_005,449948
78577,552,0,CV009_005,450500
78578,600,0,CV009_005,451100
78579,592,0,CV009_005,451692
78580,600,0,CV009_005,452292
78581,608,0,CV009_005,452900
78582,596,0,CV009_005,453496
78583,600,0,CV009_005,454096
78584,604,0,CV009_005,454700
78585,596,0,CV009_005,455296
78586,600,0,CV009_005,455896
78587,660,1,CV009_005,456556
78588,540,0,CV009_005,457096
78589,592,0,CV009_005,457688
78590,596,0,CV009_005,458284
78591,600,0,CV009_005,458884
78592,588,0,CV009_005,459472
78593,596,0,CV009_005,460068
78594,600,0,CV009_005,460668
78595,596,0,CV009_005,461264
78596,592,0,CV009_005,461856
78597,600,0,CV009_005,462456
78598,1192,0,CV009_005,463648
78599,600,0,CV009_005,464248
78600,652,0,CV009_005,464900
78601,544,0,CV009_005,465444
78602,600,0,CV009_005,466044
78603,604,0,CV009_005,466648
78604,640,1,CV009_005,467288
78605,548,0,CV009_005,467836
78606,604,0,CV009_005,468440
78607,592,0,CV009_005,469032
78608,596,0,CV009_005,469628
78609,652,1,CV009_005,470280
78610,540,0,CV009_005,470820
78611,596,0,CV009_005,471416
78612,604,0,CV009_005,472020
78613,652,0,CV009_005,472672
78614,600,0,CV009_005,473272
78615,552,0,CV009_005,473824
78616,600,0,CV009_005,474424
78617,600,0,CV009_005,475024
78618,656,0,CV009_005,475680
78619,596,0,CV009_005,476276
78620,544,0,CV009_005,476820
78621,604,0,CV009_005,477424
78622,648,0,CV009_005,478072
78623,596,0,CV009_005,478668
78624,1148,0,CV009_005,479816
78625,592,0,CV009_005,480408
78626,600,0,CV009_005,481008
78627,656,0,CV009_005,481664
78628,1148,0,CV009_005,482812
78629,608,0,CV009_005,483420
78630,600,0,CV009_005,484020
78631,652,0,CV009_005,484672
78632,608,0,CV009_005,485280
78633,552,0,CV009_005,485832
78634,600,0,CV009_005,486432
78635,604,0,CV009_005,487036
78636,604,0,CV009_005,487640
78637,652,0,CV009_005,488292
78638,548,0,CV009_005,488840
78639,664,0,CV009_005,489504
78640,596,0,CV009_005,490100
78641,548,0,CV009_005,490648
78642,656,0,CV009_005,491304
78643,544,0,CV009_005,491848
78644,600,0,CV009_005,492448
78645,656,0,CV009_005,493104
78646,540,0,CV009_005,493644
78647,652,0,CV009_005,494296
78648,600,0,CV009_005,494896
78649,540,0,CV009_005,495436
78650,652,0,CV009_005,496088
78651,556,0,CV009_005,496644
78652,644,0,CV009_005,497288
78653,548,0,CV009_005,497836
78654,600,0,CV009_005,498436
78655,648,0,CV009_005,499084
78656,592,0,CV009_005,499676
78657,1196,0,CV009_005,500872
78658,540,0,CV009_005,501412
78659,596,0,CV009_005,502008
78660,652,0,CV009_005,502660
78661,536,0,CV009_005,503196
78662,596,0,CV009_005,503792
78663,600,0,CV009_005,504392
78664,1180,0,CV009_005,505572
78665,600,0,CV009_005,506172
78666,592,0,CV009_005,506764
78667,588,0,CV009_005,507352
78668,592,0,CV009_005,507944
78669,644,1,CV009_005,508588
78670,532,0,CV009_005,509120
78671,592,0,CV009_005,509712
78672,596,0,CV009_005,510308
78673,636,0,CV009_005,510944
78674,544,0,CV009_005,511488
78675,592,0,CV009_005,512080
78676,644,0,CV009_005,512724
78677,584,0,CV009_005,513308
78678,544,0,CV009_005,513852
78679,644,0,CV009_005,514496
78680,588,0,CV009_005,515084
78681,544,0,CV009_005,515628
78682,1184,0,CV009_005,516812
78683,596,0,CV009_005,517408
78684,652,0,CV009_005,518060
78685,540,0,CV009_005,518600
78686,596,0,CV009_005,519196
78687,596,0,CV009_005,519792
78688,592,0,CV009_005,520384
78689,588,0,CV009_005,520972
78690,600,0,CV009_005,521572
78691,644,0,CV009_005,522216
78692,596,0,CV009_005,522812
78693,544,0,CV009_005,523356
78694,600,0,CV009_005,523956
78695,644,0,CV009_005,524600
78696,544,0,CV009_005,525144
78697,600,0,CV009_005,525744
78698,604,0,CV009_005,526348
78699,600,0,CV009_005,526948
78700,652,0,CV009_005,527600
78701,556,0,CV009_005,528156
78702,1252,0,CV009_005,529408
78703,548,0,CV009_005,529956
78704,656,0,CV009_005,530612
78705,596,0,CV009_005,531208
78706,600,0,CV009_005,531808
78707,608,0,CV009_005,532416
78708,596,0,CV009_005,533012
78709,600,0,CV009_005,533612
78710,548,0,CV009_005,534160
78711,1248,0,CV009_005,535408
78712,1208,0,CV009_005,536616
78713,596,0,CV009_005,537212
78714,600,0,CV009_005,537812
78715,608,0,CV009_005,538420
78716,600,0,CV009_005,539020
78717,548,0,CV009_005,539568
78718,652,0,CV009_005,540220
78719,604,0,CV009_005,540824
78720,604,0,CV009_005,541428
78721,592,0,CV009_005,542020
78722,604,0,CV009_005,542624
78723,592,0,CV009_005,543216
78724,600,0,CV009_005,543816
78725,608,0,CV009_005,544424
78726,592,0,CV009_005,545016
78727,596,0,CV009_005,545612
78728,604,0,CV009_005,546216
78729,1196,0,CV009_005,547412
78730,596,0,CV009_005,548008
78731,600,0,CV009_005,548608
78732,600,0,CV009_005,549208
78733,592,0,CV009_005,549800
78734,604,0,CV009_005,550404
78735,596,0,CV009_005,551000
78736,544,0,CV009_005,551544
78737,604,0,CV009_005,552148
78738,648,0,CV009_005,552796
78739,540,0,CV009_005,553336
78740,656,0,CV009_005,553992
78741,600,0,CV009_005,554592
78742,588,0,CV009_005,555180
78743,552,0,CV009_005,555732
78744,604,0,CV009_005,556336
78745,648,0,CV009_005,556984
78746,548,0,CV009_005,557532
78747,604,0,CV009_005,558136
78748,648,0,CV009_005,558784
78749,544,0,CV009_005,559328
78750,656,0,CV009_005,559984
78751,596,0,CV009_005,560580
78752,540,0,CV009_005,561120
78753,600,0,CV009_005,561720
78754,604,0,CV009_005,562324
78755,644,0,CV009_005,562968
78756,552,0,CV009_005,563520
78757,604,0,CV009_005,564124
78758,648,0,CV009_005,564772
78759,544,0,CV009_005,565316
78760,652,0,CV009_005,565968
78761,552,0,CV009_005,566520
78762,596,0,CV009_005,567116
78763,604,0,CV009_005,567720
78764,608,0,CV009_005,568328
78765,660,0,CV009_005,568988
78766,544,0,CV009_005,569532
78767,604,0,CV009_005,570136
78768,660,0,CV009_005,570796
78769,552,0,CV009_005,571348
78770,652,0,CV009_005,572000
78771,604,0,CV009_005,572604
78772,600,0,CV009_005,573204
78773,596,0,CV009_005,573800
78774,548,0,CV009_005,574348
78775,608,0,CV009_005,574956
78776,596,0,CV009_005,575552
78777,596,0,CV009_005,576148
78778,604,0,CV009_005,576752
78779,600,0,CV009_005,577352
78780,596,0,CV009_005,577948
78781,600,0,CV009_005,578548
78782,600,0,CV009_005,579148
78783,592,0,CV009_005,579740
78784,600,0,CV009_005,580340
78785,596,0,CV009_005,580936
78786,592,0,CV009_005,581528
78787,596,0,CV009_005,582124
78788,600,0,CV009_005,582724
78789,588,0,CV009_005,583312
78790,600,0,CV009_005,583912
78791,600,0,CV009_005,584512
78792,596,0,CV009_005,585108
78793,592,0,CV009_005,585700
78794,652,0,CV009_005,586352
78795,596,0,CV009_005,586948
78796,536,0,CV009_005,587484
78797,648,0,CV009_005,588132
78798,600,0,CV009_005,588732
78799,584,0,CV009_005,589316
78800,596,0,CV009_005,589912
78801,544,0,CV009_005,590456
78802,588,0,CV009_005,591044
78803,592,0,CV009_005,591636
78804,600,0,CV009_005,592236
78805,588,0,CV009_005,592824
78806,588,0,CV009_005,593412
78807,596,0,CV009_005,594008
78808,644,0,CV009_005,594652
78809,588,0,CV009_005,595240
78810,596,0,CV009_005,595836
78811,596,0,CV009_005,596432
78812,588,0,CV009_005,597020
78813,596,0,CV009_005,597616
78814,596,0,CV009_005,598212
78815,540,0,CV009_005,598752
78816,648,0,CV009_005,599400
78817,596,0,CV009_005,599996
78818,536,0,CV009_005,600532
78819,596,0,CV009_005,601128
78820,600,0,CV009_005,601728
78821,588,0,CV009_005,602316
78822,600,0,CV009_005,602916
78823,596,0,CV009_005,603512
78824,592,0,CV009_005,604104
78825,596,0,CV009_005,604700
78826,652,1,CV009_005,605352
78827,540,0,CV009_005,605892
78828,592,0,CV009_005,606484
78829,600,0,CV009_005,607084
78830,644,0,CV009_005,607728
78831,1136,0,CV009_005,608864
78832,592,0,CV009_005,609456
78833,588,0,CV009_005,610044
78834,596,0,CV009_005,610640
78835,600,0,CV009_005,611240
78836,636,1,CV009_005,611876
78837,544,0,CV009_005,612420
78838,596,0,CV009_005,613016
78839,592,0,CV009_005,613608
78840,596,0,CV009_005,614204
78841,652,0,CV009_005,614856
78842,540,0,CV009_005,615396
78843,648,0,CV009_005,616044
78844,600,0,CV009_005,616644
78845,600,0,CV009_005,617244
78846,536,0,CV009_005,617780
78847,604,0,CV009_005,618384
78848,644,0,CV009_005,619028
78849,592,0,CV009_005,619620
78850,548,0,CV009_005,620168
78851,604,0,CV009_005,620772
78852,592,0,CV009_005,621364
78853,596,0,CV009_005,621960
78854,604,0,CV009_005,622564
78855,592,0,CV009_005,623156
78856,600,0,CV009_005,623756
78857,604,0,CV009_005,624360
78858,588,0,CV009_005,624948
78859,596,0,CV009_005,625544
78860,604,0,CV009_005,626148
78861,1192,0,CV009_005,627340
78862,596,0,CV009_005,627936
78863,644,0,CV009_005,628580
78864,544,0,CV009_005,629124
78865,604,0,CV009_005,629728
78866,652,0,CV009_005,630380
78867,544,0,CV009_005,630924
78868,604,0,CV009_005,631528
78869,600,0,CV009_005,632128
78870,600,0,CV009_005,632728
78871,652,0,CV009_005,633380
78872,552,0,CV009_005,633932
78873,644,0,CV009_005,634576
78874,596,0,CV009_005,635172
78875,548,0,CV009_005,635720
78876,644,0,CV009_005,636364
78877,544,0,CV009_005,636908
78878,652,0,CV009_005,637560
78879,552,0,CV009_005,638112
78880,592,0,CV009_005,638704
78881,656,0,CV009_005,639360
78882,552,0,CV009_005,639912
78883,652,0,CV009_005,640564
78884,544,0,CV009_005,641108
78885,604,0,CV009_005,641712
78886,652,0,CV009_005,642364
78887,544,0,CV009_005,642908
78888,656,0,CV009_005,643564
78889,552,0,CV009_005,644116
78890,604,0,CV009_005,644720
78891,648,0,CV009_005,645368
78892,556,0,CV009_005,645924
78893,656,0,CV009_005,646580
78894,544,0,CV009_005,647124
78895,608,0,CV009_005,647732
78896,604,0,CV009_005,648336
78897,608,0,CV009_005,648944
78898,608,0,CV009_005,649552
78899,612,0,CV009_005,650164
78900,660,0,CV009_005,650824
78901,548,0,CV009_005,651372
78902,660,0,CV009_005,652032
78903,552,0,CV009_005,652584
78904,600,0,CV009_005,653184
78905,604,0,CV009_005,653788
78906,600,0,CV009_005,654388
78907,600,0,CV009_005,654988
78908,608,0,CV009_005,655596
78909,604,0,CV009_005,656200
78910,596,0,CV009_005,656796
78911,604,0,CV009_005,657400
78912,652,1,CV009_005,658052
78913,544,0,CV009_005,658596
78914,600,0,CV009_005,659196
78915,604,0,CV009_005,659800
78916,596,0,CV009_005,660396
78917,600,0,CV009_005,660996
78918,608,0,CV009_005,661604
78919,596,0,CV009_005,662200
78920,604,0,CV009_005,662804
78921,604,0,CV009_005,663408
78922,596,0,CV009_005,664004
78923,600,0,CV009_005,664604
78924,600,0,CV009_005,665204
78925,604,0,CV009_005,665808
78926,596,0,CV009_005,666404
78927,604,0,CV009_005,667008
78928,608,0,CV009_005,667616
78929,656,1,CV009_005,668272
78930,532,0,CV009_005,668804
78931,604,0,CV009_005,669408
78932,600,0,CV009_005,670008
78933,596,0,CV009_005,670604
78934,660,1,CV009_005,671264
78935,544,0,CV009_005,671808
78936,592,0,CV009_005,672400
78937,604,0,CV009_005,673004
78938,600,0,CV009_005,673604
78939,644,1,CV009_005,674248
78940,548,0,CV009_005,674796
78941,604,0,CV009_005,675400
78942,588,0,CV009_005,675988
78943,604,0,CV009_005,676592
78944,648,1,CV009_005,677240
78945,536,0,CV009_005,677776
78946,596,0,CV009_005,678372
78947,600,0,CV009_005,678972
78948,636,0,CV009_005,679608
78949,544,0,CV009_005,680152
78950,596,0,CV009_005,680748
78951,640,0,CV009_005,681388
78952,536,0,CV009_005,681924
78953,592,0,CV009_005,682516
78954,588,0,CV009_005,683104
78955,640,1,CV009_005,683744
78956,540,0,CV009_005,684284
78957,584,0,CV009_005,684868
78958,584,0,CV009_005,685452
78959,588,0,CV009_005,686040
78960,584,0,CV009_005,686624
78961,584,0,CV009_005,687208
78962,588,0,CV009_005,687796
78963,588,0,CV009_005,688384
78964,580,0,CV009_005,688964
78965,584,0,CV009_005,689548
78966,592,0,CV009_005,690140
78967,576,0,CV009_005,690716
78968,1176,0,CV009_005,691892
78969,580,0,CV009_005,692472
78970,588,0,CV009_005,693060
78971,584,0,CV009_005,693644
78972,588,0,CV009_005,694232
78973,584,0,CV009_005,694816
78974,588,0,CV009_005,695404
78975,584,0,CV009_005,695988
78976,584,0,CV009_005,696572
78977,584,0,CV009_005,697156
78978,584,0,CV009_005,697740
78979,1164,0,CV009_005,698904
78980,592,0,CV009_005,699496
78981,576,0,CV009_005,700072
78982,644,1,CV009_005,700716
78983,540,0,CV009_005,701256
78984,584,0,CV009_005,701840
78985,588,0,CV009_005,702428
78986,648,1,CV009_005,703076
78987,536,0,CV009_005,703612
78988,592,0,CV009_005,704204
78989,592,0,CV009_005,704796
78990,592,0,CV009_005,705388
78991,640,0,CV009_005,706028
78992,544,0,CV009_005,706572
78993,640,0,CV009_005,707212
78994,532,0,CV009_005,707744
78995,648,0,CV009_005,708392
78996,588,0,CV009_005,708980
78997,532,0,CV009_005,709512
78998,588,0,CV009_005,710100
78999,640,0,CV009_005,710740
79000,1168,0,CV009_005,711908
79001,536,0,CV009_005,712444
79002,580,0,CV009_005,713024
79003,584,0,CV009_005,713608
79004,596,0,CV009_005,714204
79005,588,0,CV009_005,714792
79006,632,0,CV009_005,715424
79007,540,0,CV009_005,715964
79008,592,0,CV009_005,716556
79009,632,0,CV009_005,717188
79010,536,0,CV009_005,717724
79011,588,0,CV009_005,718312
79012,588,0,CV009_005,718900
79013,588,0,CV009_005,719488
79014,592,0,CV009_005,720080
79015,580,0,CV009_005,720660
79016,588,0,CV009_005,721248
79017,592,0,CV009_005,721840
79018,580,0,CV009_005,722420
79019,592,0,CV009_005,723012
79020,588,0,CV009_005,723600
79021,584,0,CV009_005,724184
79022,584,0,CV009_005,724768
79023,640,0,CV009_005,725408
79024,528,0,CV009_005,725936
79025,584,0,CV009_005,726520
79026,640,0,CV009_005,727160
79027,532,0,CV009_005,727692
79028,584,0,CV009_005,728276
79029,588,0,CV009_005,728864
79030,592,0,CV009_005,729456
79031,628,1,CV009_005,730084
79032,540,0,CV009_005,730624
79033,592,0,CV009_005,731216
79034,584,0,CV009_005,731800
79035,588,0,CV009_005,732388
79036,592,0,CV009_005,732980
79037,580,0,CV009_005,733560
79038,588,0,CV009_005,734148
79039,592,0,CV009_005,734740
79040,576,0,CV009_005,735316
79041,600,0,CV009_005,735916
79042,592,0,CV009_005,736508
79043,636,1,CV009_005,737144
79044,536,0,CV009_005,737680
79045,596,0,CV009_005,738276
79046,592,0,CV009_005,738868
79047,588,0,CV009_005,739456
79048,596,0,CV009_005,740052
79049,596,0,CV009_005,740648
79050,588,0,CV009_005,741236
79051,592,0,CV009_005,741828
79052,596,0,CV009_005,742424
79053,584,0,CV009_005,743008
79054,648,0,CV009_005,743656
79055,544,0,CV009_005,744200
79056,588,0,CV009_005,744788
79057,644,0,CV009_005,745432
79058,548,0,CV009_005,745980
79059,644,0,CV009_005,746624
79060,544,0,CV009_005,747168
79061,600,0,CV009_005,747768
79062,648,0,CV009_005,748416
79063,588,0,CV009_005,749004
79064,600,0,CV009_005,749604
79065,592,0,CV009_005,750196
79066,540,0,CV009_005,750736
79067,588,0,CV009_005,751324
79068,600,0,CV009_005,751924
79069,584,0,CV009_005,752508
79070,592,0,CV009_005,753100
79071,596,0,CV009_005,753696
79072,588,0,CV009_005,754284
79073,592,0,CV009_005,754876
79074,584,0,CV009_005,755460
79075,644,1,CV009_005,756104
79076,540,0,CV009_005,756644
79077,588,0,CV009_005,757232
79078,588,0,CV009_005,757820
79079,592,0,CV009_005,758412
79080,580,0,CV009_005,758992
79081,592,0,CV009_005,759584
79082,588,0,CV009_005,760172
79083,632,0,CV009_005,760804
79084,1124,0,CV009_005,761928
79085,580,0,CV009_005,762508
79086,584,0,CV009_005,763092
79087,592,0,CV009_005,763684
79088,580,0,CV009_005,764264
79089,584,0,CV009_005,764848
79090,588,0,CV009_005,765436
79091,632,0,CV009_005,766068
79092,584,0,CV009_005,766652
79093,592,0,CV009_005,767244
79094,584,0,CV009_005,767828
79095,584,0,CV009_005,768412
79096,540,0,CV009_005,768952
79097,632,0,CV009_005,769584
79098,536,0,CV009_005,770120
79099,588,0,CV009_005,770708
79100,628,0,CV009_005,771336
79101,588,0,CV009_005,771924
79102,536,0,CV009_005,772460
79103,636,0,CV009_005,773096
79104,584,0,CV009_005,773680
79105,588,0,CV009_005,774268
79106,580,0,CV009_005,774848
79107,580,0,CV009_005,775428
79108,532,0,CV009_005,775960
79109,584,0,CV009_005,776544
79110,576,0,CV009_005,777120
79111,584,0,CV009_005,777704
79112,584,0,CV009_005,778288
79113,624,0,CV009_005,778912
79114,528,0,CV009_005,779440
79115,636,0,CV009_005,780076
79116,572,0,CV009_005,780648
79117,532,0,CV009_005,781180
79118,632,0,CV009_005,781812
79119,524,0,CV009_005,782336
79120,580,0,CV009_005,782916
79121,632,0,CV009_005,783548
79122,528,0,CV009_005,784076
79123,580,0,CV009_005,784656
79124,640,0,CV009_005,785296
79125,576,0,CV009_005,785872
79126,588,0,CV009_005,786460
79127,588,0,CV009_005,787048
79128,580,0,CV009_005,787628
79129,536,0,CV009_005,788164
79130,640,0,CV009_005,788804
79131,524,0,CV009_005,789328
79132,636,0,CV009_005,789964
79133,592,0,CV009_005,790556
79134,528,0,CV009_005,791084
79135,576,0,CV009_005,791660
79136,584,0,CV009_005,792244
79137,576,0,CV009_005,792820
79138,628,0,CV009_005,793448
79139,576,0,CV009_005,794024
79140,576,0,CV009_005,794600
79141,576,0,CV009_005,795176
79142,576,0,CV009_005,795752
79143,584,0,CV009_005,796336
79144,512,0,CV009_005,796848
79145,584,0,CV009_005,797432
79146,624,0,CV009_005,798056
79147,524,0,CV009_005,798580
79148,584,0,CV009_005,799164
79149,576,0,CV009_005,799740
79150,576,0,CV009_005,800316
79151,584,0,CV009_005,800900
79152,632,1,CV009_005,801532
79153,524,0,CV009_005,802056
79154,588,0,CV009_005,802644
79155,584,0,CV009_005,803228
79156,576,0,CV009_005,803804
79157,640,0,CV009_005,804444
79158,584,0,CV009_005,805028
79159,532,0,CV009_005,805560
79160,588,0,CV009_005,806148
79161,588,0,CV009_005,806736
79162,584,0,CV009_005,807320
79163,592,0,CV009_005,807912
79164,584,0,CV009_005,808496
79165,592,0,CV009_005,809088
79166,588,0,CV009_005,809676
79167,592,0,CV009_005,810268
79168,588,0,CV009_005,810856
79169,636,0,CV009_005,811492
79170,540,0,CV009_005,812032
79171,644,0,CV009_005,812676
79172,580,0,CV009_005,813256
79173,588,0,CV009_005,813844
79174,592,0,CV009_005,814436
79175,536,0,CV009_005,814972
79176,584,0,CV009_005,815556
79177,592,0,CV009_005,816148
79178,596,0,CV009_005,816744
79179,584,0,CV009_005,817328
79180,588,0,CV009_005,817916
79181,600,0,CV009_005,818516
79182,584,0,CV009_005,819100
79183,592,0,CV009_005,819692
79184,596,0,CV009_005,820288
79185,584,0,CV009_005,820872
79186,588,0,CV009_005,821460
79187,592,0,CV009_005,822052
79188,592,0,CV009_005,822644
79189,632,0,CV009_005,823276
79190,540,0,CV009_005,823816
79191,640,0,CV009_005,824456
79192,532,0,CV009_005,824988
79193,588,0,CV009_005,825576
79194,592,0,CV009_005,826168
79195,640,0,CV009_005,826808
79196,540,0,CV009_005,827348
79197,640,0,CV009_005,827988
79198,540,0,CV009_005,828528
79199,584,0,CV009_005,829112
79200,592,0,CV009_005,829704
79201,596,0,CV009_005,830300
79202,580,0,CV009_005,830880
79203,592,0,CV009_005,831472
79204,644,0,CV009_005,832116
79205,584,0,CV009_005,832700
79206,540,0,CV009_005,833240
79207,592,0,CV009_005,833832
79208,640,0,CV009_005,834472
79209,536,0,CV009_005,835008
79210,644,0,CV009_005,835652
79211,536,0,CV009_005,836188
79212,584,0,CV009_005,836772
79213,592,0,CV009_005,837364
79214,592,0,CV009_005,837956
79215,584,0,CV009_005,838540
79216,592,0,CV009_005,839132
79217,596,0,CV009_005,839728
79218,588,0,CV009_005,840316
79219,596,0,CV009_005,840912
79220,596,0,CV009_005,841508
79221,588,0,CV009_005,842096
79222,596,0,CV009_005,842692
79223,596,0,CV009_005,843288
79224,636,1,CV009_005,843924
79225,544,0,CV009_005,844468
79226,588,0,CV009_005,845056
79227,588,0,CV009_005,845644
79228,592,0,CV009_005,846236
79229,580,0,CV009_005,846816
79230,1180,0,CV009_005,847996
79231,580,0,CV009_005,848576
79232,592,0,CV009_005,849168
79233,584,0,CV009_005,849752
79234,584,0,CV009_005,850336
79235,580,0,CV009_005,850916
79236,580,0,CV009_005,851496
79237,584,0,CV009_005,852080
79238,576,0,CV009_005,852656
79239,580,0,CV009_005,853236
79240,584,0,CV009_005,853820
79241,632,1,CV009_005,854452
79242,524,0,CV009_005,854976
79243,584,0,CV009_005,855560
79244,584,0,CV009_005,856144
79245,580,0,CV009_005,856724
79246,588,0,CV009_005,857312
79247,588,0,CV009_005,857900
79248,580,0,CV009_005,858480
79249,588,0,CV009_005,859068
79250,592,0,CV009_005,859660
79251,584,0,CV009_005,860244
79252,584,0,CV009_005,860828
79253,644,1,CV009_005,861472
79254,528,0,CV009_005,862000
79255,584,0,CV009_005,862584
79256,592,0,CV009_005,863176
79257,592,0,CV009_005,863768
79258,1168,0,CV009_005,864936
79259,592,0,CV009_005,865528
79260,636,0,CV009_005,866164
79261,536,0,CV009_005,866700
79262,596,0,CV009_005,867296
79263,632,0,CV009_005,867928
79264,536,0,CV009_005,868464
79265,592,0,CV009_005,869056
79266,580,0,CV009_005,869636
79267,592,0,CV009_005,870228
79268,640,0,CV009_005,870868
79269,1132,0,CV009_005,872000
79270,592,0,CV009_005,872592
79271,592,0,CV009_005,873184
79272,596,0,CV009_005,873780
79273,588,0,CV009_005,874368
79274,584,0,CV009_005,874952
79275,592,0,CV009_005,875544
79276,588,0,CV009_005,876132
79277,580,0,CV009_005,876712
79278,580,0,CV009_005,877292
79279,592,0,CV009_005,877884
79280,580,0,CV009_005,878464
79281,584,0,CV009_005,879048
79282,592,0,CV009_005,879640
79283,576,0,CV009_005,880216
79284,640,1,CV009_005,880856
79285,536,0,CV009_005,881392
79286,588,0,CV009_005,881980
79287,584,0,CV009_005,882564
79288,588,0,CV009_005,883152
79289,592,0,CV009_005,883744
79290,640,1,CV009_005,884384
79291,536,0,CV009_005,884920
79292,596,0,CV009_005,885516
79293,588,0,CV009_005,886104
79294,592,0,CV009_005,886696
79295,584,0,CV009_005,887280
79296,596,0,CV009_005,887876
79297,584,0,CV009_005,888460
79298,588,0,CV009_005,889048
79299,640,0,CV009_005,889688
79300,528,0,CV009_005,890216
79301,636,0,CV009_005,890852
79302,532,0,CV009_005,891384
79303,576,0,CV009_005,891960
79304,588,0,CV009_005,892548
79305,624,0,CV009_005,893172
79306,536,0,CV009_005,893708
79307,632,0,CV009_005,894340
79308,524,0,CV009_005,894864
79309,636,0,CV009_005,895500
79310,576,0,CV009_005,896076
79311,580,0,CV009_005,896656
79312,588,0,CV009_005,897244
79313,576,0,CV009_005,897820
79314,532,0,CV009_005,898352
79315,632,0,CV009_005,898984
79316,528,0,CV009_005,899512
79317,640,0,CV009_005,900152
79318,580,0,CV009_005,900732
79319,584,0,CV009_005,901316
79320,580,0,CV009_005,901896
79321,580,0,CV009_005,902476
79322,584,0,CV009_005,903060
79323,584,0,CV009_005,903644
79324,588,0,CV009_005,904232
79325,1108,0,CV009_005,905340
79326,588,0,CV009_005,905928
79327,632,0,CV009_005,906560
79328,588,0,CV009_005,907148
79329,588,0,CV009_005,907736
79330,592,0,CV009_005,908328
79331,584,0,CV009_005,908912
79332,588,0,CV009_005,909500
79333,592,0,CV009_005,910092
79334,532,0,CV009_005,910624
79335,592,0,CV009_005,911216
79336,596,0,CV009_005,911812
79337,588,0,CV009_005,912400
79338,588,0,CV009_005,912988
79339,592,0,CV009_005,913580
79340,596,0,CV009_005,914176
79341,636,0,CV009_005,914812
79342,544,0,CV009_005,915356
79343,648,0,CV009_005,916004
79344,592,0,CV009_005,916596
79345,588,0,CV009_005,917184
79346,596,0,CV009_005,917780
79347,592,0,CV009_005,918372
79348,584,0,CV009_005,918956
79349,544,0,CV009_005,919500
79350,644,0,CV009_005,920144
79351,536,0,CV009_005,920680
79352,588,0,CV009_005,921268
79353,596,0,CV009_005,921864
79354,1172,0,CV009_005,923036
79355,588,0,CV009_005,923624
79356,648,0,CV009_005,924272
79357,588,0,CV009_005,924860
79358,536,0,CV009_005,925396
79359,588,0,CV009_005,925984
79360,592,0,CV009_005,926576
79361,580,0,CV009_005,927156
79362,644,1,CV009_005,927800
79363,536,0,CV009_005,928336
79364,584,0,CV009_005,928920
79365,588,0,CV009_005,929508
79366,588,0,CV009_005,930096
79367,584,0,CV009_005,930680
79368,584,0,CV009_005,931264
79369,592,0,CV009_005,931856
79370,1216,0,CV009_005,933072
79371,540,0,CV009_005,933612
79372,640,0,CV009_005,934252
79373,532,0,CV009_005,934784
79374,588,0,CV009_005,935372
79375,592,0,CV009_005,935964
79376,636,0,CV009_005,936600
79377,580,0,CV009_005,937180
79378,592,0,CV009_005,937772
79379,588,0,CV009_005,938360
79380,580,0,CV009_005,938940
79381,584,0,CV009_005,939524
79382,588,0,CV009_005,940112
79383,532,0,CV009_005,940644
79384,632,0,CV009_005,941276
79385,536,0,CV009_005,941812
79386,592,0,CV009_005,942404
79387,580,0,CV009_005,942984
79388,588,0,CV009_005,943572
79389,588,0,CV009_005,944160
79390,584,0,CV009_005,944744
79391,588,0,CV009_005,945332
79392,596,0,CV009_005,945928
79393,588,0,CV009_005,946516
79394,584,0,CV009_005,947100
79395,644,0,CV009_005,947744
79396,544,0,CV009_005,948288
79397,588,0,CV009_005,948876
79398,644,0,CV009_005,949520
79399,544,0,CV009_005,950064
79400,588,0,CV009_005,950652
79401,596,0,CV009_005,951248
79402,596,0,CV009_005,951844
79403,1184,0,CV009_005,953028
79404,600,0,CV009_005,953628
79405,596,0,CV009_005,954224
79406,592,0,CV009_005,954816
79407,596,0,CV009_005,955412
79408,596,0,CV009_005,956008
79409,592,0,CV009_005,956600
79410,600,0,CV009_005,957200
79411,596,0,CV009_005,957796
79412,596,0,CV009_005,958392
79413,592,0,CV009_005,958984
79414,592,0,CV009_005,959576
79415,636,1,CV009_005,960212
79416,540,0,CV009_005,960752
79417,592,0,CV009_005,961344
79418,588,0,CV009_005,961932
79419,584,0,CV009_005,962516
79420,588,0,CV009_005,963104
79421,596,0,CV009_005,963700
79422,588,0,CV009_005,964288
79423,584,0,CV009_005,964872
79424,644,0,CV009_005,965516
79425,540,0,CV009_005,966056
79426,636,0,CV009_005,966692
79427,536,0,CV009_005,967228
79428,592,0,CV009_005,967820
79429,592,0,CV009_005,968412
79430,632,0,CV009_005,969044
79431,540,0,CV009_005,969584
79432,640,0,CV009_005,970224
79433,528,0,CV009_005,970752
79434,592,0,CV009_005,971344
79435,592,0,CV009_005,971936
79436,584,0,CV009_005,972520
79437,588,0,CV009_005,973108
79438,596,0,CV009_005,973704
79439,592,0,CV009_005,974296
79440,592,0,CV009_005,974888
79441,428,0,CV009_005,975316
79442,736,0,CV009_005,976052
79443,600,0,CV009_005,976652
79444,588,0,CV009_005,977240
79445,588,0,CV009_005,977828
79446,588,0,CV009_005,978416
79447,628,1,CV009_005,979044
79448,528,0,CV009_005,979572
79449,584,0,CV009_005,980156
79450,576,0,CV009_005,980732
79451,580,0,CV009_005,981312
79452,576,0,CV009_005,981888
79453,1160,0,CV009_005,983048
79454,628,0,CV009_005,983676
79455,528,0,CV009_005,984204
79456,576,0,CV009_005,984780
79457,572,0,CV009_005,985352
79458,572,0,CV009_005,985924
79459,624,1,CV009_005,986548
79460,524,0,CV009_005,987072
79461,572,0,CV009_005,987644
79462,568,0,CV009_005,988212
79463,572,0,CV009_005,988784
79464,576,0,CV009_005,989360
79465,568,0,CV009_005,989928
79466,624,1,CV009_005,990552
79467,520,0,CV009_005,991072
79468,576,0,CV009_005,991648
79469,572,0,CV009_005,992220
79470,580,0,CV009_005,992800
79471,580,0,CV009_005,993380
79472,580,0,CV009_005,993960
79473,580,0,CV009_005,994540
79474,640,0,CV009_005,995180
79475,532,0,CV009_005,995712
79476,588,0,CV009_005,996300
79477,644,0,CV009_005,996944
79478,584,0,CV009_005,997528
79479,532,0,CV009_005,998060
79480,600,0,CV009_005,998660
79481,584,0,CV009_005,999244
79482,588,0,CV009_005,999832
79483,592,0,CV009_005,1000424
79484,588,0,CV009_005,1001012
79485,632,1,CV009_005,1001644
79486,536,0,CV009_005,1002180
79487,592,0,CV009_005,1002772
79488,584,0,CV009_005,1003356
79489,588,0,CV009_005,1003944
79490,576,0,CV009_005,1004520
79491,584,0,CV009_005,1005104
79492,584,0,CV009_005,1005688
79493,584,0,CV009_005,1006272
79494,624,1,CV009_005,1006896
79495,528,0,CV009_005,1007424
79496,580,0,CV009_005,1008004
79497,580,0,CV009_005,1008584
79498,576,0,CV009_005,1009160
79499,568,0,CV009_005,1009728
79500,576,0,CV009_005,1010304
79501,572,0,CV009_005,1010876
79502,568,0,CV009_005,1011444
79503,576,0,CV009_005,1012020
79504,572,0,CV009_005,1012592
79505,568,0,CV009_005,1013160
79506,576,0,CV009_005,1013736
79507,584,0,CV009_005,1014320
79508,576,0,CV009_005,1014896
79509,628,0,CV009_005,1015524
79510,588,0,CV009_005,1016112
79511,532,0,CV009_005,1016644
79512,592,0,CV009_005,1017236
79513,596,0,CV009_005,1017832
79514,580,0,CV009_005,1018412
79515,436,0,CV009_005,1018848
79516,740,0,CV009_005,1019588
79517,604,0,CV009_005,1020192
79518,580,0,CV009_005,1020772
79519,588,0,CV009_005,1021360
79520,592,0,CV009_005,1021952
79521,628,0,CV009_005,1022580
79522,584,0,CV009_005,1023164
79523,536,0,CV009_005,1023700
79524,640,0,CV009_005,1024340
79525,576,0,CV009_005,1024916
79526,540,0,CV009_005,1025456
79527,632,0,CV009_005,1026088
79528,540,0,CV009_005,1026628
79529,576,0,CV009_005,1027204
79530,600,0,CV009_005,1027804
79531,472,0,CV009_005,1028276
79532,708,0,CV009_005,1028984
79533,592,0,CV009_005,1029576
79534,640,0,CV009_005,1030216
79535,532,0,CV009_005,1030748
79536,584,0,CV009_005,1031332
79537,588,0,CV009_005,1031920
79538,1156,0,CV009_005,1033076
79539,584,0,CV009_005,1033660
79540,576,0,CV009_005,1034236
79541,584,0,CV009_005,1034820
79542,584,0,CV009_005,1035404
79543,580,0,CV009_005,1035984
79544,584,0,CV009_005,1036568
79545,580,0,CV009_005,1037148
79546,580,0,CV009_005,1037728
79547,576,0,CV009_005,1038304
79548,584,0,CV009_005,1038888
79549,576,0,CV009_005,1039464
79550,580,0,CV009_005,1040044
79551,588,0,CV009_005,1040632
79552,628,1,CV009_005,1041260
79553,536,0,CV009_005,1041796
79554,576,0,CV009_005,1042372
79555,588,0,CV009_005,1042960
79556,584,0,CV009_005,1043544
79557,576,0,CV009_005,1044120
79558,580,0,CV009_005,1044700
79559,576,0,CV009_005,1045276
79560,580,0,CV009_005,1045856
79561,580,0,CV009_005,1046436
79562,584,0,CV009_005,1047020
79563,576,0,CV009_005,1047596
79564,576,0,CV009_005,1048172
79565,584,0,CV009_005,1048756
79566,640,0,CV009_005,1049396
79567,1172,0,CV009_005,1050568
79568,544,0,CV009_005,1051112
79569,588,0,CV009_005,1051700
79570,596,0,CV009_005,1052296
79571,596,0,CV009_005,1052892
79572,652,1,CV009_005,1053544
79573,540,0,CV009_005,1054084
79574,596,0,CV009_005,1054680
79575,596,0,CV009_005,1055276
79576,648,1,CV009_005,1055924
79577,536,0,CV009_005,1056460
79578,592,0,CV009_005,1057052
79579,596,0,CV009_005,1057648
79580,584,0,CV009_005,1058232
79581,592,0,CV009_005,1058824
79582,588,0,CV009_005,1059412
79583,636,1,CV009_005,1060048
79584,536,0,CV009_005,1060584
79585,588,0,CV009_005,1061172
79586,588,0,CV009_005,1061760
79587,584,0,CV009_005,1062344
79588,588,0,CV009_005,1062932
79589,648,1,CV009_005,1063580
79590,540,0,CV009_005,1064120
79591,584,0,CV009_005,1064704
79592,588,0,CV009_005,1065292
79593,592,0,CV009_005,1065884
79594,592,0,CV009_005,1066476
79595,580,0,CV009_005,1067056
79596,592,0,CV009_005,1067648
79597,588,0,CV009_005,1068236
79598,636,1,CV009_005,1068872
79599,536,0,CV009_005,1069408
79600,588,0,CV009_005,1069996
79601,592,0,CV009_005,1070588
79602,584,0,CV009_005,1071172
79603,588,0,CV009_005,1071760
79604,592,0,CV009_005,1072352
79605,640,0,CV009_005,1072992
79606,584,0,CV009_005,1073576
79607,544,0,CV009_005,1074120
79608,636,0,CV009_005,1074756
79609,588,0,CV009_005,1075344
79610,592,0,CV009_005,1075936
79611,540,0,CV009_005,1076476
79612,584,0,CV009_005,1077060
79613,584,0,CV009_005,1077644
79614,584,0,CV009_005,1078228
79615,592,0,CV009_005,1078820
79616,584,0,CV009_005,1079404
79617,592,0,CV009_005,1079996
79618,592,0,CV009_005,1080588
79619,584,0,CV009_005,1081172
79620,640,0,CV009_005,1081812
79621,536,0,CV009_005,1082348
79622,628,0,CV009_005,1082976
79623,1128,0,CV009_005,1084104
79624,580,0,CV009_005,1084684
79625,584,0,CV009_005,1085268
79626,592,0,CV009_005,1085860
79627,584,0,CV009_005,1086444
79628,588,0,CV009_005,1087032
79629,596,0,CV009_005,1087628
79630,588,0,CV009_005,1088216
79631,588,0,CV009_005,1088804
79632,592,0,CV009_005,1089396
79633,600,0,CV009_005,1089996
79634,588,0,CV009_005,1090584
79635,592,0,CV009_005,1091176
79636,604,0,CV009_005,1091780
79637,588,0,CV009_005,1092368
79638,596,0,CV009_005,1092964
79639,652,0,CV009_005,1093616
79640,544,0,CV009_005,1094160
79641,640,0,CV009_005,1094800
79642,544,0,CV009_005,1095344
79643,656,0,CV009_005,1096000
79644,588,0,CV009_005,1096588
79645,548,0,CV009_005,1097136
79646,648,0,CV009_005,1097784
79647,596,0,CV009_005,1098380
79648,592,0,CV009_005,1098972
79649,1144,0,CV009_005,1100116
79650,588,0,CV009_005,1100704
79651,596,0,CV009_005,1101300
79652,652,1,CV009_005,1101952
79653,544,0,CV009_005,1102496
79654,592,0,CV009_005,1103088
79655,600,0,CV009_005,1103688
79656,596,0,CV009_005,1104284
79657,644,0,CV009_005,1104928
79658,544,0,CV009_005,1105472
79659,656,0,CV009_005,1106128
79660,540,0,CV009_005,1106668
79661,596,0,CV009_005,1107264
79662,656,0,CV009_005,1107920
79663,540,0,CV009_005,1108460
79664,596,0,CV009_005,1109056
79665,604,0,CV009_005,1109660
79666,592,0,CV009_005,1110252
79667,592,0,CV009_005,1110844
79668,604,0,CV009_005,1111448
79669,588,0,CV009_005,1112036
79670,592,0,CV009_005,1112628
79671,596,0,CV009_005,1113224
79672,592,0,CV009_005,1113816
79673,592,0,CV009_005,1114408
79674,584,0,CV009_005,1114992
79675,596,0,CV009_005,1115588
79676,596,0,CV009_005,1116184
79677,592,0,CV009_005,1116776
79678,588,0,CV009_005,1117364
79679,592,0,CV009_005,1117956
79680,648,1,CV009_005,1118604
79681,544,0,CV009_005,1119148
79682,592,0,CV009_005,1119740
79683,592,0,CV009_005,1120332
79684,648,1,CV009_005,1120980
79685,532,0,CV009_005,1121512
79686,600,0,CV009_005,1122112
79687,596,0,CV009_005,1122708
79688,596,0,CV009_005,1123304
79689,588,0,CV009_005,1123892
79690,600,0,CV009_005,1124492
79691,596,0,CV009_005,1125088
79692,596,0,CV009_005,1125684
79693,596,0,CV009_005,1126280
79694,600,0,CV009_005,1126880
79695,604,0,CV009_005,1127484
79696,596,0,CV009_005,1128080
79697,596,0,CV009_005,1128676
79698,608,0,CV009_005,1129284
79699,596,0,CV009_005,1129880
79700,596,0,CV009_005,1130476
79701,604,0,CV009_005,1131080
79702,600,0,CV009_005,1131680
79703,596,0,CV009_005,1132276
79704,600,0,CV009_005,1132876
79705,604,0,CV009_005,1133480
79706,592,0,CV009_005,1134072
79707,596,0,CV009_005,1134668
79708,604,0,CV009_005,1135272
79709,604,0,CV009_005,1135876
79710,592,0,CV009_005,1136468
79711,600,0,CV009_005,1137068
79712,596,0,CV009_005,1137664
79713,596,0,CV009_005,1138260
79714,600,0,CV009_005,1138860
79715,592,0,CV009_005,1139452
79716,600,0,CV009_005,1140052
79717,652,0,CV009_005,1140704
79718,1192,0,CV009_005,1141896
79719,552,0,CV009_005,1142448
79720,592,0,CV009_005,1143040
79721,600,0,CV009_005,1143640
79722,596,0,CV009_005,1144236
79723,644,0,CV009_005,1144880
79724,548,0,CV009_005,1145428
79725,652,0,CV009_005,1146080
79726,536,0,CV009_005,1146616
79727,604,0,CV009_005,1147220
79728,648,0,CV009_005,1147868
79729,600,0,CV009_005,1148468
79730,600,0,CV009_005,1149068
79731,548,0,CV009_005,1149616
79732,592,0,CV009_005,1150208
79733,648,0,CV009_005,1150856
79734,536,0,CV009_005,1151392
79735,588,0,CV009_005,1151980
79736,640,0,CV009_005,1152620
79737,540,0,CV009_005,1153160
79738,588,0,CV009_005,1153748
79739,580,0,CV009_005,1154328
79740,584,0,CV009_005,1154912
79741,588,0,CV009_005,1155500
79742,580,0,CV009_005,1156080
79743,588,0,CV009_005,1156668
79744,588,0,CV009_005,1157256
79745,592,0,CV009_005,1157848
79746,588,0,CV009_005,1158436
79747,592,0,CV009_005,1159028
79748,588,0,CV009_005,1159616
79749,588,0,CV009_005,1160204
79750,648,0,CV009_005,1160852
79751,540,0,CV009_005,1161392
79752,584,0,CV009_005,1161976
79753,648,0,CV009_005,1162624
79754,544,0,CV009_005,1163168
79755,640,0,CV009_005,1163808
79756,544,0,CV009_005,1164352
79757,600,0,CV009_005,1164952
79758,588,0,CV009_005,1165540
79759,596,0,CV009_005,1166136
79760,600,0,CV009_005,1166736
79761,600,0,CV009_005,1167336
79762,592,0,CV009_005,1167928
79763,600,0,CV009_005,1168528
79764,600,0,CV009_005,1169128
79765,596,0,CV009_005,1169724
79766,592,0,CV009_005,1170316
79767,604,0,CV009_005,1170920
79768,596,0,CV009_005,1171516
79769,644,0,CV009_005,1172160
79770,556,0,CV009_005,1172716
79771,648,0,CV009_005,1173364
79772,544,0,CV009_005,1173908
79773,600,0,CV009_005,1174508
79774,604,0,CV009_005,1175112
79775,600,0,CV009_005,1175712
79776,600,0,CV009_005,1176312
79777,604,0,CV009_005,1176916
79778,592,0,CV009_005,1177508
79779,604,0,CV009_005,1178112
79780,600,0,CV009_005,1178712
79781,596,0,CV009_005,1179308
79782,596,0,CV009_005,1179904
79783,600,0,CV009_005,1180504
79784,592,0,CV009_005,1181096
79785,596,0,CV009_005,1181692
79786,592,0,CV009_005,1182284
79787,596,0,CV009_005,1182880
79788,592,0,CV009_005,1183472
79789,588,0,CV009_005,1184060
79790,596,0,CV009_005,1184656
79791,648,1,CV009_005,1185304
79792,536,0,CV009_005,1185840
79793,592,0,CV009_005,1186432
79794,596,0,CV009_005,1187028
79795,640,0,CV009_005,1187668
79796,592,0,CV009_005,1188260
79797,540,0,CV009_005,1188800
79798,588,0,CV009_005,1189388
79799,644,0,CV009_005,1190032
79800,588,0,CV009_005,1190620
79801,544,0,CV009_005,1191164
79802,636,0,CV009_005,1191800
79803,540,0,CV009_005,1192340
79804,588,0,CV009_005,1192928
79805,588,0,CV009_005,1193516
79806,588,0,CV009_005,1194104
79807,592,0,CV009_005,1194696
79808,588,0,CV009_005,1195284
79809,584,0,CV009_005,1195868
79810,588,0,CV009_005,1196456
79811,592,0,CV009_005,1197048
79812,584,0,CV009_005,1197632
79813,636,0,CV009_005,1198268
79814,584,0,CV009_005,1198852
79815,536,0,CV009_005,1199388
79816,588,0,CV009_005,1199976
79817,576,0,CV009_005,1200552
79818,588,0,CV009_005,1201140
79819,640,0,CV009_005,1201780
79820,536,0,CV009_005,1202316
79821,632,0,CV009_005,1202948
79822,532,0,CV009_005,1203480
79823,588,0,CV009_005,1204068
79824,588,0,CV009_005,1204656
79825,628,0,CV009_005,1205284
79826,588,0,CV009_005,1205872
79827,536,0,CV009_005,1206408
79828,588,0,CV009_005,1206996
79829,632,0,CV009_005,1207628
79830,532,0,CV009_005,1208160
79831,592,0,CV009_005,1208752
79832,584,0,CV009_005,1209336
79833,580,0,CV009_005,1209916
79834,588,0,CV009_005,1210504
79835,588,0,CV009_005,1211092
79836,632,0,CV009_005,1211724
79837,536,0,CV009_005,1212260
79838,644,0,CV009_005,1212904
79839,584,0,CV009_005,1213488
79840,580,0,CV009_005,1214068
79841,588,0,CV009_005,1214656
79842,588,0,CV009_005,1215244
79843,584,0,CV009_005,1215828
79844,588,0,CV009_005,1216416
79845,592,0,CV009_005,1217008
79846,540,0,CV009_005,1217548
79847,580,0,CV009_005,1218128
79848,588,0,CV009_005,1218716
79849,584,0,CV009_005,1219300
79850,576,0,CV009_005,1219876
79851,580,0,CV009_005,1220456
79852,592,0,CV009_005,1221048
79853,580,0,CV009_005,1221628
79854,576,0,CV009_005,1222204
79855,584,0,CV009_005,1222788
79856,588,0,CV009_005,1223376
79857,580,0,CV009_005,1223956
79858,580,0,CV009_005,1224536
79859,584,0,CV009_005,1225120
79860,588,0,CV009_005,1225708
79861,580,0,CV009_005,1226288
79862,588,0,CV009_005,1226876
79863,588,0,CV009_005,1227464
79864,640,0,CV009_005,1228104
79865,576,0,CV009_005,1228680
79866,536,0,CV009_005,1229216
79867,588,0,CV009_005,1229804
79868,580,0,CV009_005,1230384
79869,584,0,CV009_005,1230968
79870,592,0,CV009_005,1231560
79871,640,1,CV009_005,1232200
79872,528,0,CV009_005,1232728
79873,588,0,CV009_005,1233316
79874,592,0,CV009_005,1233908
79875,588,0,CV009_005,1234496
79876,584,0,CV009_005,1235080
79877,588,0,CV009_005,1235668
79878,584,0,CV009_005,1236252
79879,576,0,CV009_005,1236828
79880,580,0,CV009_005,1237408
79881,584,0,CV009_005,1237992
79882,576,0,CV009_005,1238568
79883,584,0,CV009_005,1239152
79884,584,0,CV009_005,1239736
79885,580,0,CV009_005,1240316
79886,624,0,CV009_005,1240940
79887,584,0,CV009_005,1241524
79888,572,0,CV009_005,1242096
79889,572,0,CV009_005,1242668
79890,576,0,CV009_005,1243244
79891,524,0,CV009_005,1243768
79892,628,0,CV009_005,1244396
79893,516,0,CV009_005,1244912
79894,580,0,CV009_005,1245492
79895,580,0,CV009_005,1246072
79896,576,0,CV009_005,1246648
79897,576,0,CV009_005,1247224
79898,584,0,CV009_005,1247808
79899,584,0,CV009_005,1248392
79900,580,0,CV009_005,1248972
79901,588,0,CV009_005,1249560
79902,584,0,CV009_005,1250144
79903,580,0,CV009_005,1250724
79904,580,0,CV009_005,1251304
79905,580,0,CV009_005,1251884
79906,588,0,CV009_005,1252472
79907,576,0,CV009_005,1253048
79908,632,1,CV009_005,1253680
79909,532,0,CV009_005,1254212
79910,584,0,CV009_005,1254796
79911,580,0,CV009_005,1255376
79912,424,0,CV009_005,1255800
79913,736,0,CV009_005,1256536
79914,588,0,CV009_005,1257124
79915,584,0,CV009_005,1257708
79916,584,0,CV009_005,1258292
79917,580,0,CV009_005,1258872
79918,576,0,CV009_005,1259448
79919,580,0,CV009_005,1260028
79920,640,1,CV009_005,1260668
79921,524,0,CV009_005,1261192
79922,584,0,CV009_005,1261776
79923,588,0,CV009_005,1262364
79924,588,0,CV009_005,1262952
79925,584,0,CV009_005,1263536
79926,584,0,CV009_005,1264120
79927,592,0,CV009_005,1264712
79928,636,0,CV009_005,1265348
79929,588,0,CV009_005,1265936
79930,536,0,CV009_005,1266472
79931,644,0,CV009_005,1267116
79932,584,0,CV009_005,1267700
79933,532,0,CV009_005,1268232
79934,588,0,CV009_005,1268820
79935,584,0,CV009_005,1269404
79936,584,0,CV009_005,1269988
79937,588,0,CV009_005,1270576
79938,588,0,CV009_005,1271164
79939,584,0,CV009_005,1271748
79940,632,1,CV009_005,1272380
79941,536,0,CV009_005,1272916
79942,588,0,CV009_005,1273504
79943,584,0,CV009_005,1274088
79944,588,0,CV009_005,1274676
79945,592,0,CV009_005,1275268
79946,584,0,CV009_005,1275852
79947,592,0,CV009_005,1276444
79948,588,0,CV009_005,1277032
79949,644,1,CV009_005,1277676
79950,536,0,CV009_005,1278212
79951,592,0,CV009_005,1278804
79952,592,0,CV009_005,1279396
79953,584,0,CV009_005,1279980
79954,600,0,CV009_005,1280580
79955,596,0,CV009_005,1281176
79956,596,0,CV009_005,1281772
79957,588,0,CV009_005,1282360
79958,600,0,CV009_005,1282960
79959,648,1,CV009_005,1283608
79960,548,0,CV009_005,1284156
79961,600,0,CV009_005,1284756
79962,604,0,CV009_005,1285360
79963,600,0,CV009_005,1285960
79964,640,0,CV009_005,1286600
79965,552,0,CV009_005,1287152
79966,604,0,CV009_005,1287756
79967,648,0,CV009_005,1288404
79968,544,0,CV009_005,1288948
79969,652,0,CV009_005,1289600
79970,552,0,CV009_005,1290152
79971,648,0,CV009_005,1290800
79972,600,0,CV009_005,1291400
79973,556,0,CV009_005,1291956
79974,652,0,CV009_005,1292608
79975,604,0,CV009_005,1293212
79976,552,0,CV009_005,1293764
79977,608,0,CV009_005,1294372
79978,592,0,CV009_005,1294964
79979,604,0,CV009_005,1295568
79980,608,0,CV009_005,1296176
79981,600,0,CV009_005,1296776
79982,604,0,CV009_005,1297380
79983,604,0,CV009_005,1297984
79984,608,0,CV009_005,1298592
79985,600,0,CV009_005,1299192
79986,608,0,CV009_005,1299800
79987,656,0,CV009_005,1300456
79988,596,0,CV009_005,1301052
79989,548,0,CV009_005,1301600
79990,612,0,CV009_005,1302212
79991,596,0,CV009_005,1302808
79992,604,0,CV009_005,1303412
79993,660,0,CV009_005,1304072
79994,600,0,CV009_005,1304672
79995,604,0,CV009_005,1305276
79996,556,0,CV009_005,1305832
79997,656,0,CV009_005,1306488
79998,552,0,CV009_005,1307040
79999,656,0,CV009_005,1307696
80000,560,0,CV009_005,1308256
80001,608,0,CV009_005,1308864
80002,604,0,CV009_005,1309468
80003,608,0,CV009_005,1310076
80004,604,0,CV009_005,1310680
80005,612,0,CV009_005,1311292
80006,608,0,CV009_005,1311900
80007,664,0,CV009_005,1312564
80008,600,0,CV009_005,1313164
80009,556,0,CV009_005,1313720
80010,656,0,CV009_005,1314376
80011,552,0,CV009_005,1314928
80012,652,0,CV009_005,1315580
80013,592,0,CV009_005,1316172
80014,548,0,CV009_005,1316720
80015,600,0,CV009_005,1317320
80016,588,0,CV009_005,1317908
80017,600,0,CV009_005,1318508
80018,596,0,CV009_005,1319104
80019,596,0,CV009_005,1319700
80020,596,0,CV009_005,1320296
80021,596,0,CV009_005,1320892
80022,604,0,CV009_005,1321496
80023,596,0,CV009_005,1322092
80024,600,0,CV009_005,1322692
80025,596,0,CV009_005,1323288
80026,604,0,CV009_005,1323892
80027,644,0,CV009_005,1324536
80028,544,0,CV009_005,1325080
80029,648,0,CV009_005,1325728
80030,600,0,CV009_005,1326328
80031,536,0,CV009_005,1326864
80032,648,0,CV009_005,1327512
80033,548,0,CV009_005,1328060
80034,640,0,CV009_005,1328700
80035,544,0,CV009_005,1329244
80036,596,0,CV009_005,1329840
80037,652,0,CV009_005,1330492
80038,592,0,CV009_005,1331084
80039,544,0,CV009_005,1331628
80040,604,0,CV009_005,1332232
80041,600,0,CV009_005,1332832
80042,596,0,CV009_005,1333428
80043,652,0,CV009_005,1334080
80044,1152,0,CV009_005,1335232
80045,600,0,CV009_005,1335832
80046,652,0,CV009_005,1336484
80047,604,0,CV009_005,1337088
80048,540,0,CV009_005,1337628
80049,604,0,CV009_005,1338232
80050,604,0,CV009_005,1338836
80051,652,0,CV009_005,1339488
80052,596,0,CV009_005,1340084
80053,544,0,CV009_005,1340628
80054,612,0,CV009_005,1341240
80055,604,0,CV009_005,1341844
80056,648,0,CV009_005,1342492
80057,604,0,CV009_005,1343096
80058,604,0,CV009_005,1343700
80059,596,0,CV009_005,1344296
80060,600,0,CV009_005,1344896
80061,608,0,CV009_005,1345504
80062,604,0,CV009_005,1346108
80063,596,0,CV009_005,1346704
80064,548,0,CV009_005,1347252
80065,608,0,CV009_005,1347860
80066,600,0,CV009_005,1348460
80067,600,0,CV009_005,1349060
80068,660,1,CV009_005,1349720
80069,552,0,CV009_005,1350272
80070,600,0,CV009_005,1350872
80071,600,0,CV009_005,1351472
80072,608,0,CV009_005,1352080
80073,652,0,CV009_005,1352732
80074,552,0,CV009_005,1353284
80075,660,0,CV009_005,1353944
80076,552,0,CV009_005,1354496
80077,600,0,CV009_005,1355096
80078,608,0,CV009_005,1355704
80079,608,0,CV009_005,1356312
80080,652,1,CV009_005,1356964
80081,552,0,CV009_005,1357516
80082,608,0,CV009_005,1358124
80083,604,0,CV009_005,1358728
80084,644,1,CV009_005,1359372
80085,556,0,CV009_005,1359928
80086,608,0,CV009_005,1360536
80087,600,0,CV009_005,1361136
80088,596,0,CV009_005,1361732
80089,600,0,CV009_005,1362332
80090,604,0,CV009_005,1362936
80091,592,0,CV009_005,1363528
80092,600,0,CV009_005,1364128
80093,608,0,CV009_005,1364736
80094,596,0,CV009_005,1365332
80095,600,0,CV009_005,1365932
80096,608,0,CV009_005,1366540
80097,596,0,CV009_005,1367136
80098,600,0,CV009_005,1367736
80099,604,0,CV009_005,1368340
80100,600,0,CV009_005,1368940
80101,600,0,CV009_005,1369540
80102,604,0,CV009_005,1370144
80103,592,0,CV009_005,1370736
80104,600,0,CV009_005,1371336
80105,596,0,CV009_005,1371932
80106,592,0,CV009_005,1372524
80107,596,0,CV009_005,1373120
80108,596,0,CV009_005,1373716
80109,588,0,CV009_005,1374304
80110,600,0,CV009_005,1374904
80111,592,0,CV009_005,1375496
80112,588,0,CV009_005,1376084
80113,648,0,CV009_005,1376732
80114,552,0,CV009_005,1377284
80115,648,0,CV009_005,1377932
80116,548,0,CV009_005,1378480
80117,660,0,CV009_005,1379140
80118,604,0,CV009_005,1379744
80119,544,0,CV009_005,1380288
80120,604,0,CV009_005,1380892
80121,608,0,CV009_005,1381500
80122,596,0,CV009_005,1382096
80123,656,1,CV009_005,1382752
80124,560,0,CV009_005,1383312
80125,596,0,CV009_005,1383908
80126,596,0,CV009_005,1384504
80127,608,0,CV009_005,1385112
80128,652,1,CV009_005,1385764
80129,544,0,CV009_005,1386308
80130,600,0,CV009_005,1386908
80131,600,0,CV009_005,1387508
80132,592,0,CV009_005,1388100
80133,648,1,CV009_005,1388748
80134,552,0,CV009_005,1389300
80135,596,0,CV009_005,1389896
80136,592,0,CV009_005,1390488
80137,604,0,CV009_005,1391092
80138,652,1,CV009_005,1391744
80139,548,0,CV009_005,1392292
80140,600,0,CV009_005,1392892
80141,608,0,CV009_005,1393500
80142,600,0,CV009_005,1394100
80143,652,1,CV009_005,1394752
80144,552,0,CV009_005,1395304
80145,608,0,CV009_005,1395912
80146,600,0,CV009_005,1396512
80147,608,0,CV009_005,1397120
80148,608,0,CV009_005,1397728
80149,652,0,CV009_005,1398380
80150,596,0,CV009_005,1398976
80151,604,0,CV009_005,1399580
80152,608,0,CV009_005,1400188
80153,544,0,CV009_005,1400732
80154,656,0,CV009_005,1401388
80155,556,0,CV009_005,1401944
80156,600,0,CV009_005,1402544
80157,596,0,CV009_005,1403140
80158,604,0,CV009_005,1403744
80159,604,0,CV009_005,1404348
80160,592,0,CV009_005,1404940
80161,600,0,CV009_005,1405540
80162,600,0,CV009_005,1406140
80163,600,0,CV009_005,1406740
80164,596,0,CV009_005,1407336
80165,600,0,CV009_005,1407936
80166,608,0,CV009_005,1408544
80167,596,0,CV009_005,1409140
80168,604,0,CV009_005,1409744
80169,604,0,CV009_005,1410348
80170,604,0,CV009_005,1410952
80171,596,0,CV009_005,1411548
80172,604,0,CV009_005,1412152
80173,608,0,CV009_005,1412760
80174,592,0,CV009_005,1413352
80175,604,0,CV009_005,1413956
80176,604,0,CV009_005,1414560
80177,596,0,CV009_005,1415156
80178,600,0,CV009_005,1415756
80179,608,0,CV009_005,1416364
80180,652,0,CV009_005,1417016
80181,600,0,CV009_005,1417616
80182,552,0,CV009_005,1418168
80183,656,0,CV009_005,1418824
80184,544,0,CV009_005,1419368
80185,604,0,CV009_005,1419972
80186,604,0,CV009_005,1420576
80187,600,0,CV009_005,1421176
80188,656,1,CV009_005,1421832
80189,556,0,CV009_005,1422388
80190,600,0,CV009_005,1422988
80191,604,0,CV009_005,1423592
80192,608,0,CV009_005,1424200
80193,604,0,CV009_005,1424804
80194,600,0,CV009_005,1425404
80195,604,0,CV009_005,1426008
80196,608,0,CV009_005,1426616
80197,596,0,CV009_005,1427212
80198,604,0,CV009_005,1427816
80199,656,0,CV009_005,1428472
80200,600,0,CV009_005,1429072
80201,600,0,CV009_005,1429672
80202,560,0,CV009_005,1430232
80203,652,0,CV009_005,1430884
80204,604,0,CV009_005,1431488
80205,608,0,CV009_005,1432096
80206,556,0,CV009_005,1432652
80207,648,0,CV009_005,1433300
80208,552,0,CV009_005,1433852
80209,608,0,CV009_005,1434460
80210,600,0,CV009_005,1435060
80211,608,0,CV009_005,1435668
80212,608,0,CV009_005,1436276
80213,608,0,CV009_005,1436884
80214,648,0,CV009_005,1437532
80215,556,0,CV009_005,1438088
80216,668,0,CV009_005,1438756
80217,544,0,CV009_005,1439300
80218,604,0,CV009_005,1439904
80219,608,0,CV009_005,1440512
80220,608,0,CV009_005,1441120
80221,648,1,CV009_005,1441768
80222,548,0,CV009_005,1442316
80223,608,0,CV009_005,1442924
80224,596,0,CV009_005,1443520
80225,600,0,CV009_005,1444120
80226,660,1,CV009_005,1444780
80227,548,0,CV009_005,1445328
80228,600,0,CV009_005,1445928
80229,608,0,CV009_005,1446536
80230,604,0,CV009_005,1447140
80231,648,0,CV009_005,1447788
80232,560,0,CV009_005,1448348
80233,612,0,CV009_005,1448960
80234,652,0,CV009_005,1449612
80235,1164,0,CV009_005,1450776
80236,608,0,CV009_005,1451384
80237,600,0,CV009_005,1451984
80238,608,0,CV009_005,1452592
80239,664,1,CV009_005,1453256
80240,552,0,CV009_005,1453808
80241,604,0,CV009_005,1454412
80242,608,0,CV009_005,1455020
80243,608,0,CV009_005,1455628
80244,652,1,CV009_005,1456280
80245,556,0,CV009_005,1456836
80246,612,0,CV009_005,1457448
80247,604,0,CV009_005,1458052
80248,608,0,CV009_005,1458660
80249,608,0,CV009_005,1459268
80250,604,0,CV009_005,1459872
80251,600,0,CV009_005,1460472
80252,608,0,CV009_005,1461080
80253,1208,0,CV009_005,1462288
80254,604,0,CV009_005,1462892
80255,616,0,CV009_005,1463508
80256,604,0,CV009_005,1464112
80257,660,0,CV009_005,1464772
80258,564,0,CV009_005,1465336
80259,660,0,CV009_005,1465996
80260,552,0,CV009_005,1466548
80261,608,0,CV009_005,1467156
80262,608,0,CV009_005,1467764
80263,604,0,CV009_005,1468368
80264,652,0,CV009_005,1469020
80265,556,0,CV009_005,1469576
80266,656,0,CV009_005,1470232
80267,544,0,CV009_005,1470776
80268,604,0,CV009_005,1471380
80269,604,0,CV009_005,1471984
80270,600,0,CV009_005,1472584
80271,648,1,CV009_005,1473232
80272,552,0,CV009_005,1473784
80273,608,0,CV009_005,1474392
80274,596,0,CV009_005,1474988
80275,604,0,CV009_005,1475592
80276,660,0,CV009_005,1476252
80277,548,0,CV009_005,1476800
80278,652,0,CV009_005,1477452
80279,556,0,CV009_005,1478008
80280,1248,0,CV009_005,1479256
80281,548,0,CV009_005,1479804
80282,652,0,CV009_005,1480456
80283,540,0,CV009_005,1480996
80284,600,0,CV009_005,1481596
80285,652,0,CV009_005,1482248
80286,540,0,CV009_005,1482788
80287,600,0,CV009_005,1483388
80288,596,0,CV009_005,1483984
80289,644,0,CV009_005,1484628
80290,592,0,CV009_005,1485220
80291,552,0,CV009_005,1485772
80292,604,0,CV009_005,1486376
80293,648,0,CV009_005,1487024
80294,544,0,CV009_005,1487568
80295,652,0,CV009_005,1488220
80296,604,0,CV009_005,1488824
80297,548,0,CV009_005,1489372
80298,652,0,CV009_005,1490024
80299,552,0,CV009_005,1490576
80300,652,0,CV009_005,1491228
80301,544,0,CV009_005,1491772
80302,600,0,CV009_005,1492372
80303,652,0,CV009_005,1493024
80304,540,0,CV009_005,1493564
80305,600,0,CV009_005,1494164
80306,604,0,CV009_005,1494768
80307,596,0,CV009_005,1495364
80308,644,0,CV009_005,1496008
80309,552,0,CV009_005,1496560
80310,652,0,CV009_005,1497212
80311,592,0,CV009_005,1497804
80312,548,0,CV009_005,1498352
80313,656,0,CV009_005,1499008
80314,592,0,CV009_005,1499600
80315,604,0,CV009_005,1500204
80316,604,0,CV009_005,1500808
80317,548,0,CV009_005,1501356
80318,644,0,CV009_005,1502000
80319,548,0,CV009_005,1502548
80320,648,0,CV009_005,1503196
80321,588,0,CV009_005,1503784
80322,544,0,CV009_005,1504328
80323,596,0,CV009_005,1504924
80324,640,0,CV009_005,1505564
80325,592,0,CV009_005,1506156
80326,544,0,CV009_005,1506700
80327,592,0,CV009_005,1507292
80328,584,0,CV009_005,1507876
80329,592,0,CV009_005,1508468
80330,596,0,CV009_005,1509064
80331,584,0,CV009_005,1509648
80332,592,0,CV009_005,1510240
80333,596,0,CV009_005,1510836
80334,644,0,CV009_005,1511480
80335,592,0,CV009_005,1512072
80336,596,0,CV009_005,1512668
80337,604,0,CV009_005,1513272
80338,592,0,CV009_005,1513864
80339,604,0,CV009_005,1514468
80340,600,0,CV009_005,1515068
80341,600,0,CV009_005,1515668
80342,600,0,CV009_005,1516268
80343,552,0,CV009_005,1516820
80344,600,0,CV009_005,1517420
80345,592,0,CV009_005,1518012
80346,656,1,CV009_005,1518668
80347,552,0,CV009_005,1519220
80348,596,0,CV009_005,1519816
80349,600,0,CV009_005,1520416
80350,604,0,CV009_005,1521020
80351,604,0,CV009_005,1521624
80352,600,0,CV009_005,1522224
80353,604,0,CV009_005,1522828
80354,608,0,CV009_005,1523436
80355,600,0,CV009_005,1524036
80356,604,0,CV009_005,1524640
80357,612,0,CV009_005,1525252
80358,604,0,CV009_005,1525856
80359,600,0,CV009_005,1526456
80360,660,0,CV009_005,1527116
80361,552,0,CV009_005,1527668
80362,596,0,CV009_005,1528264
80363,652,0,CV009_005,1528916
80364,608,0,CV009_005,1529524
80365,592,0,CV009_005,1530116
80366,596,0,CV009_005,1530712
80367,600,0,CV009_005,1531312
80368,600,0,CV009_005,1531912
80369,588,0,CV009_005,1532500
80370,604,0,CV009_005,1533104
80371,604,0,CV009_005,1533708
80372,596,0,CV009_005,1534304
80373,600,0,CV009_005,1534904
80374,608,0,CV009_005,1535512
80375,596,0,CV009_005,1536108
80376,600,0,CV009_005,1536708
80377,604,0,CV009_005,1537312
80378,604,0,CV009_005,1537916
80379,544,0,CV009_005,1538460
80380,660,0,CV009_005,1539120
80381,560,0,CV009_005,1539680
80382,604,0,CV009_005,1540284
80383,656,0,CV009_005,1540940
80384,564,0,CV009_005,1541504
80385,664,0,CV009_005,1542168
80386,552,0,CV009_005,1542720
80387,656,0,CV009_005,1543376
80388,560,0,CV009_005,1543936
80389,664,0,CV009_005,1544600
80390,600,0,CV009_005,1545200
80391,608,0,CV009_005,1545808
80392,612,0,CV009_005,1546420
80393,600,0,CV009_005,1547020
80394,600,0,CV009_005,1547620
80395,552,0,CV009_005,1548172
80396,660,0,CV009_005,1548832
80397,552,0,CV009_005,1549384
80398,644,0,CV009_005,1550028
80399,560,0,CV009_005,1550588
80400,604,0,CV009_005,1551192
80401,652,0,CV009_005,1551844
80402,556,0,CV009_005,1552400
80403,660,0,CV009_005,1553060
80404,560,0,CV009_005,1553620
80405,612,0,CV009_005,1554232
80406,604,0,CV009_005,1554836
80407,604,0,CV009_005,1555440
80408,608,0,CV009_005,1556048
80409,600,0,CV009_005,1556648
80410,652,0,CV009_005,1557300
80411,548,0,CV009_005,1557848
80412,648,0,CV009_005,1558496
80413,596,0,CV009_005,1559092
80414,548,0,CV009_005,1559640
80415,656,0,CV009_005,1560296
80416,540,0,CV009_005,1560836
80417,596,0,CV009_005,1561432
80418,660,0,CV009_005,1562092
80419,596,0,CV009_005,1562688
80420,592,0,CV009_005,1563280
80421,556,0,CV009_005,1563836
80422,656,0,CV009_005,1564492
80423,552,0,CV009_005,1565044
80424,656,0,CV009_005,1565700
80425,612,0,CV009_005,1566312
80426,552,0,CV009_005,1566864
80427,604,0,CV009_005,1567468
80428,608,0,CV009_005,1568076
80429,616,0,CV009_005,1568692
80430,596,0,CV009_005,1569288
80431,608,0,CV009_005,1569896
80432,660,0,CV009_005,1570556
80433,548,0,CV009_005,1571104
80434,1264,0,CV009_005,1572368
80435,600,0,CV009_005,1572968
80436,604,0,CV009_005,1573572
80437,608,0,CV009_005,1574180
80438,556,0,CV009_005,1574736
80439,596,0,CV009_005,1575332
80440,608,0,CV009_005,1575940
80441,604,0,CV009_005,1576544
80442,648,1,CV009_005,1577192
80443,552,0,CV009_005,1577744
80444,604,0,CV009_005,1578348
80445,596,0,CV009_005,1578944
80446,592,0,CV009_005,1579536
80447,600,0,CV009_005,1580136
80448,600,0,CV009_005,1580736
80449,592,0,CV009_005,1581328
80450,600,0,CV009_005,1581928
80451,600,0,CV009_005,1582528
80452,600,0,CV009_005,1583128
80453,1192,0,CV009_005,1584320
80454,604,0,CV009_005,1584924
80455,592,0,CV009_005,1585516
80456,600,0,CV009_005,1586116
80457,596,0,CV009_005,1586712
80458,600,0,CV009_005,1587312
80459,592,0,CV009_005,1587904
80460,596,0,CV009_005,1588500
80461,600,0,CV009_005,1589100
80462,592,0,CV009_005,1589692
80463,592,0,CV009_005,1590284
80464,596,0,CV009_005,1590880
80465,652,0,CV009_005,1591532
80466,540,0,CV009_005,1592072
80467,648,0,CV009_005,1592720
80468,600,0,CV009_005,1593320
80469,544,0,CV009_005,1593864
80470,644,0,CV009_005,1594508
80471,548,0,CV009_005,1595056
80472,648,0,CV009_005,1595704
80473,548,0,CV009_005,1596252
80474,592,0,CV009_005,1596844
80475,640,0,CV009_005,1597484
80476,596,0,CV009_005,1598080
80477,584,0,CV009_005,1598664
80478,536,0,CV009_005,1599200
80479,640,0,CV009_005,1599840
80480,540,0,CV009_005,1600380
80481,584,0,CV009_005,1600964
80482,588,0,CV009_005,1601552
80483,644,0,CV009_005,1602196
80484,544,0,CV009_005,1602740
80485,588,0,CV009_005,1603328
80486,648,0,CV009_005,1603976
80487,552,0,CV009_005,1604528
80488,596,0,CV009_005,1605124
80489,600,0,CV009_005,1605724
80490,604,0,CV009_005,1606328
80491,648,0,CV009_005,1606976
80492,544,0,CV009_005,1607520
80493,600,0,CV009_005,1608120
80494,648,0,CV009_005,1608768
80495,604,0,CV009_005,1609372
80496,592,0,CV009_005,1609964
80497,548,0,CV009_005,1610512
80498,656,0,CV009_005,1611168
80499,592,0,CV009_005,1611760
80500,552,0,CV009_005,1612312
80501,656,0,CV009_005,1612968
80502,592,0,CV009_005,1613560
80503,604,0,CV009_005,1614164
80504,600,0,CV009_005,1614764
80505,604,0,CV009_005,1615368
80506,600,0,CV009_005,1615968
80507,604,0,CV009_005,1616572
80508,608,0,CV009_005,1617180
80509,596,0,CV009_005,1617776
80510,608,0,CV009_005,1618384
80511,564,0,CV009_005,1618948
80512,660,0,CV009_005,1619608
80513,604,0,CV009_005,1620212
80514,552,0,CV009_005,1620764
80515,608,0,CV009_005,1621372
80516,600,0,CV009_005,1621972
80517,600,0,CV009_005,1622572
80518,608,0,CV009_005,1623180
80519,1192,0,CV009_005,1624372
80520,604,0,CV009_005,1624976
80521,600,0,CV009_005,1625576
80522,588,0,CV009_005,1626164
80523,600,0,CV009_005,1626764
80524,592,0,CV009_005,1627356
80525,592,0,CV009_005,1627948
80526,600,0,CV009_005,1628548
80527,588,0,CV009_005,1629136
80528,592,0,CV009_005,1629728
80529,604,0,CV009_005,1630332
80530,644,0,CV009_005,1630976
80531,592,0,CV009_005,1631568
80532,596,0,CV009_005,1632164
80533,548,0,CV009_005,1632712
80534,588,0,CV009_005,1633300
80535,600,0,CV009_005,1633900
80536,600,0,CV009_005,1634500
80537,600,0,CV009_005,1635100
80538,592,0,CV009_005,1635692
80539,604,0,CV009_005,1636296
80540,608,0,CV009_005,1636904
80541,604,0,CV009_005,1637508
80542,604,0,CV009_005,1638112
80543,612,0,CV009_005,1638724
80544,608,0,CV009_005,1639332
80545,600,0,CV009_005,1639932
80546,608,0,CV009_005,1640540
80547,608,0,CV009_005,1641148
80548,600,0,CV009_005,1641748
80549,652,1,CV009_005,1642400
80550,556,0,CV009_005,1642956
80551,604,0,CV009_005,1643560
80552,592,0,CV009_005,1644152
80553,608,0,CV009_005,1644760
80554,608,0,CV009_005,1645368
80555,604,0,CV009_005,1645972
80556,596,0,CV009_005,1646568
80557,608,0,CV009_005,1647176
80558,604,0,CV009_005,1647780
80559,604,0,CV009_005,1648384
80560,608,0,CV009_005,1648992
80561,608,0,CV009_005,1649600
80562,660,0,CV009_005,1650260
80563,604,0,CV009_005,1650864
80564,556,0,CV009_005,1651420
80565,664,0,CV009_005,1652084
80566,556,0,CV009_005,1652640
80567,600,0,CV009_005,1653240
80568,660,0,CV009_005,1653900
80569,560,0,CV009_005,1654460
80570,604,0,CV009_005,1655064
80571,600,0,CV009_005,1655664
80572,608,0,CV009_005,1656272
80573,608,0,CV009_005,1656880
80574,596,0,CV009_005,1657476
80575,608,0,CV009_005,1658084
80576,612,0,CV009_005,1658696
80577,596,0,CV009_005,1659292
80578,608,0,CV009_005,1659900
80579,612,0,CV009_005,1660512
80580,600,0,CV009_005,1661112
80581,600,0,CV009_005,1661712
80582,656,1,CV009_005,1662368
80583,556,0,CV009_005,1662924
80584,600,0,CV009_005,1663524
80585,608,0,CV009_005,1664132
80586,608,0,CV009_005,1664740
80587,608,0,CV009_005,1665348
80588,600,0,CV009_005,1665948
80589,604,0,CV009_005,1666552
80590,608,0,CV009_005,1667160
80591,608,0,CV009_005,1667768
80592,648,0,CV009_005,1668416
80593,608,0,CV009_005,1669024
80594,608,0,CV009_005,1669632
80595,604,0,CV009_005,1670236
80596,540,0,CV009_005,1670776
80597,600,0,CV009_005,1671376
80598,608,0,CV009_005,1671984
80599,600,0,CV009_005,1672584
80600,648,1,CV009_005,1673232
80601,552,0,CV009_005,1673784
80602,608,0,CV009_005,1674392
80603,604,0,CV009_005,1674996
80604,604,0,CV009_005,1675600
80605,660,0,CV009_005,1676260
80606,616,0,CV009_005,1676876
80607,600,0,CV009_005,1677476
80608,608,0,CV009_005,1678084
80609,612,0,CV009_005,1678696
80610,556,0,CV009_005,1679252
80611,656,0,CV009_005,1679908
80612,564,0,CV009_005,1680472
80613,608,0,CV009_005,1681080
80614,604,0,CV009_005,1681684
80615,660,1,CV009_005,1682344
80616,560,0,CV009_005,1682904
80617,604,0,CV009_005,1683508
80618,608,0,CV009_005,1684116
80619,616,0,CV009_005,1684732
80620,604,0,CV009_005,1685336
80621,604,0,CV009_005,1685940
80622,608,0,CV009_005,1686548
80623,612,0,CV009_005,1687160
80624,648,1,CV009_005,1687808
80625,564,0,CV009_005,1688372
80626,608,0,CV009_005,1688980
80627,608,0,CV009_005,1689588
80628,608,0,CV009_005,1690196
80629,612,0,CV009_005,1690808
80630,612,0,CV009_005,1691420
80631,608,0,CV009_005,1692028
80632,604,0,CV009_005,1692632
80633,664,0,CV009_005,1693296
80634,612,0,CV009_005,1693908
80635,612,0,CV009_005,1694520
80636,604,0,CV009_005,1695124
80637,616,0,CV009_005,1695740
80638,560,0,CV009_005,1696300
80639,616,0,CV009_005,1696916
80640,664,0,CV009_005,1697580
80641,556,0,CV009_005,1698136
80642,664,0,CV009_005,1698800
80643,552,0,CV009_005,1699352
80644,608,0,CV009_005,1699960
80645,608,0,CV009_005,1700568
80646,604,0,CV009_005,1701172
80647,604,0,CV009_005,1701776
80648,608,0,CV009_005,1702384
80649,596,0,CV009_005,1702980
80650,604,0,CV009_005,1703584
80651,608,0,CV009_005,1704192
80652,608,0,CV009_005,1704800
80653,596,0,CV009_005,1705396
80654,608,0,CV009_005,1706004
80655,608,0,CV009_005,1706612
80656,660,1,CV009_005,1707272
80657,544,0,CV009_005,1707816
80658,608,0,CV009_005,1708424
80659,608,0,CV009_005,1709032
80660,652,0,CV009_005,1709684
80661,604,0,CV009_005,1710288
80662,1156,0,CV009_005,1711444
80663,660,0,CV009_005,1712104
80664,560,0,CV009_005,1712664
80665,608,0,CV009_005,1713272
80666,612,0,CV009_005,1713884
80667,620,0,CV009_005,1714504
80668,604,0,CV009_005,1715108
80669,660,1,CV009_005,1715768
80670,560,0,CV009_005,1716328
80671,608,0,CV009_005,1716936
80672,600,0,CV009_005,1717536
80673,604,0,CV009_005,1718140
80674,608,0,CV009_005,1718748
80675,596,0,CV009_005,1719344
80676,604,0,CV009_005,1719948
80677,660,1,CV009_005,1720608
80678,552,0,CV009_005,1721160
80679,596,0,CV009_005,1721756
80680,604,0,CV009_005,1722360
80681,656,0,CV009_005,1723016
80682,596,0,CV009_005,1723612
80683,552,0,CV009_005,1724164
80684,656,0,CV009_005,1724820
80685,596,0,CV009_005,1725416
80686,604,0,CV009_005,1726020
80687,608,0,CV009_005,1726628
80688,1196,0,CV009_005,1727824
80689,604,0,CV009_005,1728428
80690,604,0,CV009_005,1729032
80691,596,0,CV009_005,1729628
80692,1148,0,CV009_005,1730776
80693,596,0,CV009_005,1731372
80694,596,0,CV009_005,1731968
80695,596,0,CV009_005,1732564
80696,596,0,CV009_005,1733160
80697,592,0,CV009_005,1733752
80698,596,0,CV009_005,1734348
80699,596,0,CV009_005,1734944
80700,644,1,CV009_005,1735588
80701,544,0,CV009_005,1736132
80702,592,0,CV009_005,1736724
80703,596,0,CV009_005,1737320
80704,584,0,CV009_005,1737904
80705,596,0,CV009_005,1738500
80706,644,0,CV009_005,1739144
80707,596,0,CV009_005,1739740
80708,544,0,CV009_005,1740284
80709,648,0,CV009_005,1740932
80710,544,0,CV009_005,1741476
80711,648,0,CV009_005,1742124
80712,588,0,CV009_005,1742712
80713,544,0,CV009_005,1743256
80714,648,0,CV009_005,1743904
80715,536,0,CV009_005,1744440
80716,596,0,CV009_005,1745036
80717,652,0,CV009_005,1745688
80718,544,0,CV009_005,1746232
80719,592,0,CV009_005,1746824
80720,604,0,CV009_005,1747428
80721,604,0,CV009_005,1748032
80722,588,0,CV009_005,1748620
80723,600,0,CV009_005,1749220
80724,604,0,CV009_005,1749824
80725,644,1,CV009_005,1750468
80726,548,0,CV009_005,1751016
80727,596,0,CV009_005,1751612
80728,600,0,CV009_005,1752212
80729,588,0,CV009_005,1752800
80730,596,0,CV009_005,1753396
80731,600,0,CV009_005,1753996
80732,588,0,CV009_005,1754584
80733,596,0,CV009_005,1755180
80734,600,0,CV009_005,1755780
80735,648,0,CV009_005,1756428
80736,596,0,CV009_005,1757024
80737,600,0,CV009_005,1757624
80738,600,0,CV009_005,1758224
80739,600,0,CV009_005,1758824
80740,592,0,CV009_005,1759416
80741,604,0,CV009_005,1760020
80742,544,0,CV009_005,1760564
80743,648,0,CV009_005,1761212
80744,552,0,CV009_005,1761764
80745,596,0,CV009_005,1762360
80746,596,0,CV009_005,1762956
80747,652,0,CV009_005,1763608
80748,596,0,CV009_005,1764204
80749,544,0,CV009_005,1764748
80750,604,0,CV009_005,1765352
80751,596,0,CV009_005,1765948
80752,596,0,CV009_005,1766544
80753,596,0,CV009_005,1767140
80754,600,0,CV009_005,1767740
80755,592,0,CV009_005,1768332
80756,600,0,CV009_005,1768932
80757,600,0,CV009_005,1769532
80758,652,0,CV009_005,1770184
80759,596,0,CV009_005,1770780
80760,544,0,CV009_005,1771324
80761,600,0,CV009_005,1771924
80762,588,0,CV009_005,1772512
80763,648,0,CV009_005,1773160
80764,548,0,CV009_005,1773708
80765,644,0,CV009_005,1774352
80766,596,0,CV009_005,1774948
80767,552,0,CV009_005,1775500
80768,652,0,CV009_005,1776152
80769,544,0,CV009_005,1776696
80770,604,0,CV009_005,1777300
80771,660,0,CV009_005,1777960
80772,600,0,CV009_005,1778560
80773,608,0,CV009_005,1779168
80774,560,0,CV009_005,1779728
80775,616,0,CV009_005,1780344
80776,604,0,CV009_005,1780948
80777,608,0,CV009_005,1781556
80778,608,0,CV009_005,1782164
80779,660,0,CV009_005,1782824
80780,548,0,CV009_005,1783372
80781,604,0,CV009_005,1783976
80782,656,0,CV009_005,1784632
80783,548,0,CV009_005,1785180
80784,600,0,CV009_005,1785780
80785,604,0,CV009_005,1786384
80786,600,0,CV009_005,1786984
80787,648,0,CV009_005,1787632
80788,552,0,CV009_005,1788184
80789,608,0,CV009_005,1788792
80790,652,0,CV009_005,1789444
80791,548,0,CV009_005,1789992
80792,660,0,CV009_005,1790652
80793,608,0,CV009_005,1791260
80794,596,0,CV009_005,1791856
80795,608,0,CV009_005,1792464
80796,560,0,CV009_005,1793024
80797,652,0,CV009_005,1793676
80798,1164,0,CV009_005,1794840
80799,652,0,CV009_005,1795492
80800,540,0,CV009_005,1796032
80801,608,0,CV009_005,1796640
80802,604,0,CV009_005,1797244
80803,604,0,CV009_005,1797848
80804,600,0,CV009_005,1798448
80805,660,1,CV009_005,1799108
80806,556,0,CV009_005,1799664
80807,600,0,CV009_005,1800264
80808,604,0,CV009_005,1800868
80809,616,0,CV009_005,1801484
80810,600,0,CV009_005,1802084
80811,608,0,CV009_005,1802692
80812,608,0,CV009_005,1803300
80813,652,0,CV009_005,1803952
80814,556,0,CV009_005,1804508
80815,656,0,CV009_005,1805164
80816,552,0,CV009_005,1805716
80817,600,0,CV009_005,1806316
80818,652,0,CV009_005,1806968
80819,604,0,CV009_005,1807572
80820,596,0,CV009_005,1808168
80821,548,0,CV009_005,1808716
80822,604,0,CV009_005,1809320
80823,652,0,CV009_005,1809972
80824,596,0,CV009_005,1810568
80825,600,0,CV009_005,1811168
80826,556,0,CV009_005,1811724
80827,652,0,CV009_005,1812376
80828,596,0,CV009_005,1812972
80829,604,0,CV009_005,1813576
80830,604,0,CV009_005,1814180
80831,544,0,CV009_005,1814724
80832,604,0,CV009_005,1815328
80833,660,0,CV009_005,1815988
80834,596,0,CV009_005,1816584
80835,608,0,CV009_005,1817192
80836,608,0,CV009_005,1817800
80837,604,0,CV009_005,1818404
80838,548,0,CV009_005,1818952
80839,604,0,CV009_005,1819556
80840,608,0,CV009_005,1820164
80841,596,0,CV009_005,1820760
80842,604,0,CV009_005,1821364
80843,608,0,CV009_005,1821972
80844,600,0,CV009_005,1822572
80845,600,0,CV009_005,1823172
80846,600,0,CV009_005,1823772
80847,608,0,CV009_005,1824380
80848,596,0,CV009_005,1824976
80849,600,0,CV009_005,1825576
80850,604,0,CV009_005,1826180
80851,600,0,CV009_005,1826780
80852,596,0,CV009_005,1827376
80853,604,0,CV009_005,1827980
80854,608,0,CV009_005,1828588
80855,608,0,CV009_005,1829196
80856,600,0,CV009_005,1829796
80857,608,0,CV009_005,1830404
80858,616,0,CV009_005,1831020
80859,600,0,CV009_005,1831620
80860,604,0,CV009_005,1832224
80861,612,0,CV009_005,1832836
80862,608,0,CV009_005,1833444
80863,600,0,CV009_005,1834044
80864,604,0,CV009_005,1834648
80865,604,0,CV009_005,1835252
80866,604,0,CV009_005,1835856
80867,596,0,CV009_005,1836452
80868,604,0,CV009_005,1837056
80869,600,0,CV009_005,1837656
80870,592,0,CV009_005,1838248
80871,600,0,CV009_005,1838848
80872,600,0,CV009_005,1839448
80873,604,0,CV009_005,1840052
80874,596,0,CV009_005,1840648
80875,604,0,CV009_005,1841252
80876,604,0,CV009_005,1841856
80877,588,0,CV009_005,1842444
80878,612,0,CV009_005,1843056
80879,604,0,CV009_005,1843660
80880,592,0,CV009_005,1844252
80881,608,0,CV009_005,1844860
80882,656,0,CV009_005,1845516
80883,556,0,CV009_005,1846072
80884,596,0,CV009_005,1846668
80885,656,0,CV009_005,1847324
80886,556,0,CV009_005,1847880
80887,604,0,CV009_005,1848484
80888,604,0,CV009_005,1849088
80889,612,0,CV009_005,1849700
80890,664,0,CV009_005,1850364
80891,1160,0,CV009_005,1851524
80892,616,0,CV009_005,1852140
80893,604,0,CV009_005,1852744
80894,612,0,CV009_005,1853356
80895,616,0,CV009_005,1853972
80896,608,0,CV009_005,1854580
80897,608,0,CV009_005,1855188
80898,612,0,CV009_005,1855800
80899,608,0,CV009_005,1856408
80900,604,0,CV009_005,1857012
80901,616,0,CV009_005,1857628
80902,660,1,CV009_005,1858288
80903,564,0,CV009_005,1858852
80904,612,0,CV009_005,1859464
80905,608,0,CV009_005,1860072
80906,660,1,CV009_005,1860732
80907,564,0,CV009_005,1861296
80908,596,0,CV009_005,1861892
80909,620,0,CV009_005,1862512
80910,608,0,CV009_005,1863120
80911,608,0,CV009_005,1863728
80912,604,0,CV009_005,1864332
80913,660,0,CV009_005,1864992
80914,548,0,CV009_005,1865540
80915,604,0,CV009_005,1866144
80916,660,0,CV009_005,1866804
80917,556,0,CV009_005,1867360
80918,652,0,CV009_005,1868012
80919,552,0,CV009_005,1868564
80920,604,0,CV009_005,1869168
80921,600,0,CV009_005,1869768
80922,596,0,CV009_005,1870364
80923,604,0,CV009_005,1870968
80924,600,0,CV009_005,1871568
80925,596,0,CV009_005,1872164
80926,604,0,CV009_005,1872768
80927,604,0,CV009_005,1873372
80928,596,0,CV009_005,1873968
80929,600,0,CV009_005,1874568
80930,604,0,CV009_005,1875172
80931,600,0,CV009_005,1875772
80932,604,0,CV009_005,1876376
80933,604,0,CV009_005,1876980
80934,596,0,CV009_005,1877576
80935,604,0,CV009_005,1878180
80936,608,0,CV009_005,1878788
80937,652,1,CV009_005,1879440
80938,548,0,CV009_005,1879988
80939,608,0,CV009_005,1880596
80940,596,0,CV009_005,1881192
80941,604,0,CV009_005,1881796
80942,656,1,CV009_005,1882452
80943,552,0,CV009_005,1883004
80944,596,0,CV009_005,1883600
80945,608,0,CV009_005,1884208
80946,604,0,CV009_005,1884812
80947,652,1,CV009_005,1885464
80948,556,0,CV009_005,1886020
80949,608,0,CV009_005,1886628
80950,604,0,CV009_005,1887232
80951,612,0,CV009_005,1887844
80952,608,0,CV009_005,1888452
80953,600,0,CV009_005,1889052
80954,616,0,CV009_005,1889668
80955,608,0,CV009_005,1890276
80956,1216,0,CV009_005,1891492
80957,608,0,CV009_005,1892100
80958,604,0,CV009_005,1892704
80959,612,0,CV009_005,1893316
80960,656,1,CV009_005,1893972
80961,548,0,CV009_005,1894520
80962,608,0,CV009_005,1895128
80963,608,0,CV009_005,1895736
80964,604,0,CV009_005,1896340
80965,656,0,CV009_005,1896996
80966,556,0,CV009_005,1897552
80967,656,0,CV009_005,1898208
80968,548,0,CV009_005,1898756
80969,664,0,CV009_005,1899420
80970,556,0,CV009_005,1899976
80971,600,0,CV009_005,1900576
80972,604,0,CV009_005,1901180
80973,608,0,CV009_005,1901788
80974,612,0,CV009_005,1902400
80975,600,0,CV009_005,1903000
80976,608,0,CV009_005,1903608
80977,620,0,CV009_005,1904228
80978,672,0,CV009_005,1904900
80979,544,0,CV009_005,1905444
80980,616,0,CV009_005,1906060
80981,668,0,CV009_005,1906728
80982,556,0,CV009_005,1907284
80983,616,0,CV009_005,1907900
80984,612,0,CV009_005,1908512
80985,608,0,CV009_005,1909120
80986,604,0,CV009_005,1909724
80987,656,0,CV009_005,1910380
80988,608,0,CV009_005,1910988
80989,548,0,CV009_005,1911536
80990,604,0,CV009_005,1912140
80991,608,0,CV009_005,1912748
80992,620,0,CV009_005,1913368
80993,620,0,CV009_005,1913988
80994,676,0,CV009_005,1914664
80995,632,0,CV009_005,1915296
80996,596,0,CV009_005,1915892
80997,664,0,CV009_005,1916556
80998,632,0,CV009_005,1917188
80999,1204,0,CV009_005,1918392
81000,612,0,CV009_005,1919004
81001,428,0,CV009_005,1919432
81002,792,0,CV009_005,1920224
81003,624,0,CV009_005,1920848
81004,604,0,CV009_005,1921452
81005,612,0,CV009_005,1922064
81006,600,0,CV009_005,1922664
81007,1204,0,CV009_005,1923868
81008,652,0,CV009_005,1924520
81009,596,0,CV009_005,1925116
81010,600,0,CV009_005,1925716
81011,552,0,CV009_005,1926268
81012,644,0,CV009_005,1926912
81013,604,0,CV009_005,1927516
81014,552,0,CV009_005,1928068
81015,648,0,CV009_005,1928716
81016,544,0,CV009_005,1929260
81017,596,0,CV009_005,1929856
81018,648,0,CV009_005,1930504
81019,592,0,CV009_005,1931096
81020,1792,0,CV009_005,1932888
81021,592,0,CV009_005,1933480
81022,544,0,CV009_005,1934024
81023,592,0,CV009_005,1934616
81024,596,0,CV009_005,1935212
81025,648,0,CV009_005,1935860
81026,548,0,CV009_005,1936408
81027,600,0,CV009_005,1937008
81028,648,0,CV009_005,1937656
81029,540,0,CV009_005,1938196
81030,648,0,CV009_005,1938844
81031,536,0,CV009_005,1939380
81032,648,0,CV009_005,1940028
81033,540,0,CV009_005,1940568
81034,588,0,CV009_005,1941156
81035,588,0,CV009_005,1941744
81036,592,0,CV009_005,1942336
81037,592,0,CV009_005,1942928
81038,588,0,CV009_005,1943516
81039,592,0,CV009_005,1944108
81040,596,0,CV009_005,1944704
81041,592,0,CV009_005,1945296
81042,596,0,CV009_005,1945892
81043,600,0,CV009_005,1946492
81044,596,0,CV009_005,1947088
81045,600,0,CV009_005,1947688
81046,656,1,CV009_005,1948344
81047,540,0,CV009_005,1948884
81048,604,0,CV009_005,1949488
81049,600,0,CV009_005,1950088
81050,648,0,CV009_005,1950736
81051,604,0,CV009_005,1951340
81052,556,0,CV009_005,1951896
81053,600,0,CV009_005,1952496
81054,600,0,CV009_005,1953096
81055,600,0,CV009_005,1953696
81056,604,0,CV009_005,1954300
81057,596,0,CV009_005,1954896
81058,600,0,CV009_005,1955496
81059,608,0,CV009_005,1956104
81060,604,0,CV009_005,1956708
81061,592,0,CV009_005,1957300
81062,604,0,CV009_005,1957904
81063,608,0,CV009_005,1958512
81064,604,0,CV009_005,1959116
81065,596,0,CV009_005,1959712
81066,600,0,CV009_005,1960312
81067,608,0,CV009_005,1960920
81068,600,0,CV009_005,1961520
81069,592,0,CV009_005,1962112
81070,600,0,CV009_005,1962712
81071,604,0,CV009_005,1963316
81072,604,0,CV009_005,1963920
81073,600,0,CV009_005,1964520
81074,592,0,CV009_005,1965112
81075,596,0,CV009_005,1965708
81076,600,0,CV009_005,1966308
81077,596,0,CV009_005,1966904
81078,588,0,CV009_005,1967492
81079,596,0,CV009_005,1968088
81080,596,0,CV009_005,1968684
81081,592,0,CV009_005,1969276
81082,600,0,CV009_005,1969876
81083,348,0,CV009_005,1970224
81084,248,0,CV009_005,1970472
81085,596,0,CV009_005,1971068
81086,600,0,CV009_005,1971668
81087,600,0,CV009_005,1972268
81088,596,0,CV009_005,1972864
81089,600,0,CV009_005,1973464
81090,592,0,CV009_005,1974056
81091,592,0,CV009_005,1974648
81092,664,0,CV009_005,1975312
81093,1284,0,CV009_006,1284
81094,620,0,CV009_006,1904
81095,616,0,CV009_006,2520
81096,608,0,CV009_006,3128
81097,556,0,CV009_006,3684
81098,1228,0,CV009_006,4912
81099,600,0,CV009_006,5512
81100,608,0,CV009_006,6120
81101,664,0,CV009_006,6784
81102,600,0,CV009_006,7384
81103,552,0,CV009_006,7936
81104,616,0,CV009_006,8552
81105,608,0,CV009_006,9160
81106,604,0,CV009_006,9764
81107,608,0,CV009_006,10372
81108,616,0,CV009_006,10988
81109,620,0,CV009_006,11608
81110,608,0,CV009_006,12216
81111,668,0,CV009_006,12884
81112,400,0,CV009_006,13284
81113,164,0,CV009_006,13448
81114,664,0,CV009_006,14112
81115,604,0,CV009_006,14716
81116,560,0,CV009_006,15276
81117,660,0,CV009_006,15936
81118,548,0,CV009_006,16484
81119,604,0,CV009_006,17088
81120,196,0,CV009_006,17284
81121,408,0,CV009_006,17692
81122,1248,0,CV009_006,18940
81123,340,0,CV009_006,19280
81124,208,0,CV009_006,19488
81125,608,0,CV009_006,20096
81126,604,0,CV009_006,20700
81127,1216,0,CV009_006,21916
81128,612,0,CV009_006,22528
81129,608,0,CV009_006,23136
81130,612,0,CV009_006,23748
81131,532,0,CV009_006,24280
81132,84,0,CV009_006,24364
81133,616,0,CV009_006,24980
81134,296,0,CV009_006,25276
81135,308,0,CV009_006,25584
81136,608,0,CV009_006,26192
81137,668,0,CV009_006,26860
81138,556,0,CV009_006,27416
81139,660,0,CV009_006,28076
81140,616,0,CV009_006,28692
81141,560,0,CV009_006,29252
81142,604,0,CV009_006,29856
81143,608,0,CV009_006,30464
81144,616,0,CV009_006,31080
81145,608,0,CV009_006,31688
81146,604,0,CV009_006,32292
81147,612,0,CV009_006,32904
81148,616,0,CV009_006,33520
81149,664,0,CV009_006,34184
81150,560,0,CV009_006,34744
81151,672,0,CV009_006,35416
81152,616,0,CV009_006,36032
81153,604,0,CV009_006,36636
81154,564,0,CV009_006,37200
81155,672,0,CV009_006,37872
81156,612,0,CV009_006,38484
81157,608,0,CV009_006,39092
81158,616,0,CV009_006,39708
81159,1220,0,CV009_006,40928
81160,612,0,CV009_006,41540
81161,564,0,CV009_006,42104
81162,1276,0,CV009_006,43380
81163,560,0,CV009_006,43940
81164,620,0,CV009_006,44560
81165,668,0,CV009_006,45228
81166,608,0,CV009_006,45836
81167,560,0,CV009_006,46396
81168,672,0,CV009_006,47068
81169,612,0,CV009_006,47680
81170,556,0,CV009_006,48236
81171,624,0,CV009_006,48860
81172,664,0,CV009_006,49524
81173,608,0,CV009_006,50132
81174,604,0,CV009_006,50736
81175,564,0,CV009_006,51300
81176,664,0,CV009_006,51964
81177,604,0,CV009_006,52568
81178,616,0,CV009_006,53184
81179,612,0,CV009_006,53796
81180,600,0,CV009_006,54396
81181,564,0,CV009_006,54960
81182,620,0,CV009_006,55580
81183,616,0,CV009_006,56196
81184,608,0,CV009_006,56804
81185,620,0,CV009_006,57424
81186,620,0,CV009_006,58044
81187,612,0,CV009_006,58656
81188,616,0,CV009_006,59272
81189,676,0,CV009_006,59948
81190,616,0,CV009_006,60564
81191,608,0,CV009_006,61172
81192,616,0,CV009_006,61788
81193,616,0,CV009_006,62404
81194,608,0,CV009_006,63012
81195,564,0,CV009_006,63576
81196,616,0,CV009_006,64192
81197,604,0,CV009_006,64796
81198,608,0,CV009_006,65404
81199,612,0,CV009_006,66016
81200,668,0,CV009_006,66684
81201,596,0,CV009_006,67280
81202,556,0,CV009_006,67836
81203,620,0,CV009_006,68456
81204,608,0,CV009_006,69064
81205,616,0,CV009_006,69680
81206,620,0,CV009_006,70300
81207,608,0,CV009_006,70908
81208,612,0,CV009_006,71520
81209,616,0,CV009_006,72136
81210,668,0,CV009_006,72804
81211,604,0,CV009_006,73408
81212,556,0,CV009_006,73964
81213,668,0,CV009_006,74632
81214,552,0,CV009_006,75184
81215,608,0,CV009_006,75792
81216,612,0,CV009_006,76404
81217,608,0,CV009_006,77012
81218,600,0,CV009_006,77612
81219,660,0,CV009_006,78272
81220,560,0,CV009_006,78832
81221,608,0,CV009_006,79440
81222,652,0,CV009_006,80092
81223,1224,0,CV009_006,81316
81224,1212,0,CV009_006,82528
81225,620,0,CV009_006,83148
81226,616,0,CV009_006,83764
81227,556,0,CV009_006,84320
81228,668,0,CV009_006,84988
81229,620,0,CV009_006,85608
81230,616,0,CV009_006,86224
81231,552,0,CV009_006,86776
81232,664,0,CV009_006,87440
81233,616,0,CV009_006,88056
81234,608,0,CV009_006,88664
81235,612,0,CV009_006,89276
81236,564,0,CV009_006,89840
81237,616,0,CV009_006,90456
81238,612,0,CV009_006,91068
81239,668,0,CV009_006,91736
81240,572,0,CV009_006,92308
81241,664,0,CV009_006,92972
81242,552,0,CV009_006,93524
81243,612,0,CV009_006,94136
81244,624,0,CV009_006,94760
81245,668,0,CV009_006,95428
81246,556,0,CV009_006,95984
81247,620,0,CV009_006,96604
81248,616,0,CV009_006,97220
81249,604,0,CV009_006,97824
81250,604,0,CV009_006,98428
81251,664,0,CV009_006,99092
81252,612,0,CV009_006,99704
81253,616,0,CV009_006,100320
81254,604,0,CV009_006,100924
81255,560,0,CV009_006,101484
81256,616,0,CV009_006,102100
81257,612,0,CV009_006,102712
81258,612,0,CV009_006,103324
81259,608,0,CV009_006,103932
81260,620,0,CV009_006,104552
81261,668,0,CV009_006,105220
81262,604,0,CV009_006,105824
81263,616,0,CV009_006,106440
81264,568,0,CV009_006,107008
81265,612,0,CV009_006,107620
81266,608,0,CV009_006,108228
81267,612,0,CV009_006,108840
81268,624,0,CV009_006,109464
81269,668,0,CV009_006,110132
81270,560,0,CV009_006,110692
81271,616,0,CV009_006,111308
81272,676,0,CV009_006,111984
81273,568,0,CV009_006,112552
81274,668,0,CV009_006,113220
81275,564,0,CV009_006,113784
81276,680,0,CV009_006,114464
81277,624,0,CV009_006,115088
81278,612,0,CV009_006,115700
81279,628,0,CV009_006,116328
81280,620,0,CV009_006,116948
81281,616,0,CV009_006,117564
81282,620,0,CV009_006,118184
81283,628,0,CV009_006,118812
81284,620,0,CV009_006,119432
81285,616,0,CV009_006,120048
81286,628,0,CV009_006,120676
81287,580,0,CV009_006,121256
81288,628,0,CV009_006,121884
81289,628,0,CV009_006,122512
81290,676,0,CV009_006,123188
81291,576,0,CV009_006,123764
81292,676,0,CV009_006,124440
81293,568,0,CV009_006,125008
81294,676,0,CV009_006,125684
81295,568,0,CV009_006,126252
81296,616,0,CV009_006,126868
81297,612,0,CV009_006,127480
81298,676,0,CV009_006,128156
81299,624,0,CV009_006,128780
81300,560,0,CV009_006,129340
81301,672,0,CV009_006,130012
81302,564,0,CV009_006,130576
81303,624,0,CV009_006,131200
81304,616,0,CV009_006,131816
81305,620,0,CV009_006,132436
81306,624,0,CV009_006,133060
81307,620,0,CV009_006,133680
81308,612,0,CV009_006,134292
81309,616,0,CV009_006,134908
81310,620,0,CV009_006,135528
81311,664,0,CV009_006,136192
81312,616,0,CV009_006,136808
81313,624,0,CV009_006,137432
81314,620,0,CV009_006,138052
81315,608,0,CV009_006,138660
81316,620,0,CV009_006,139280
81317,620,0,CV009_006,139900
81318,568,0,CV009_006,140468
81319,664,0,CV009_006,141132
81320,564,0,CV009_006,141696
81321,1292,0,CV009_006,142988
81322,556,0,CV009_006,143544
81323,668,0,CV009_006,144212
81324,620,0,CV009_006,144832
81325,624,0,CV009_006,145456
81326,1180,0,CV009_006,146636
81327,672,0,CV009_006,147308
81328,620,0,CV009_006,147928
81329,564,0,CV009_006,148492
81330,624,0,CV009_006,149116
81331,672,0,CV009_006,149788
81332,560,0,CV009_006,150348
81333,676,0,CV009_006,151024
81334,616,0,CV009_006,151640
81335,560,0,CV009_006,152200
81336,668,0,CV009_006,152868
81337,568,0,CV009_006,153436
81338,672,0,CV009_006,154108
81339,560,0,CV009_006,154668
81340,620,0,CV009_006,155288
81341,672,0,CV009_006,155960
81342,564,0,CV009_006,156524
81343,664,0,CV009_006,157188
81344,620,0,CV009_006,157808
81345,620,0,CV009_006,158428
81346,1172,0,CV009_006,159600
81347,620,0,CV009_006,160220
81348,616,0,CV009_006,160836
81349,612,0,CV009_006,161448
81350,668,0,CV009_006,162116
81351,620,0,CV009_006,162736
81352,616,0,CV009_006,163352
81353,604,0,CV009_006,163956
81354,552,0,CV009_006,164508
81355,668,0,CV009_006,165176
81356,616,0,CV009_006,165792
81357,556,0,CV009_006,166348
81358,656,0,CV009_006,167004
81359,568,0,CV009_006,167572
81360,600,0,CV009_006,168172
81361,668,0,CV009_006,168840
81362,612,0,CV009_006,169452
81363,612,0,CV009_006,170064
81364,604,0,CV009_006,170668
81365,600,0,CV009_006,171268
81366,608,0,CV009_006,171876
81367,592,0,CV009_006,172468
81368,596,0,CV009_006,173064
81369,548,0,CV009_006,173612
81370,600,0,CV009_006,174212
81371,652,0,CV009_006,174864
81372,600,0,CV009_006,175464
81373,608,0,CV009_006,176072
81374,608,0,CV009_006,176680
81375,596,0,CV009_006,177276
81376,608,0,CV009_006,177884
81377,612,0,CV009_006,178496
81378,608,0,CV009_006,179104
81379,600,0,CV009_006,179704
81380,608,0,CV009_006,180312
81381,560,0,CV009_006,180872
81382,604,0,CV009_006,181476
81383,656,0,CV009_006,182132
81384,604,0,CV009_006,182736
81385,620,0,CV009_006,183356
81386,608,0,CV009_006,183964
81387,600,0,CV009_006,184564
81388,612,0,CV009_006,185176
81389,612,0,CV009_006,185788
81390,1160,0,CV009_006,186948
81391,612,0,CV009_006,187560
81392,664,0,CV009_006,188224
81393,612,0,CV009_006,188836
81394,1224,0,CV009_006,190060
81395,564,0,CV009_006,190624
81396,660,0,CV009_006,191284
81397,604,0,CV009_006,191888
81398,560,0,CV009_006,192448
81399,612,0,CV009_006,193060
81400,608,0,CV009_006,193668
81401,664,0,CV009_006,194332
81402,564,0,CV009_006,194896
81403,616,0,CV009_006,195512
81404,660,0,CV009_006,196172
81405,616,0,CV009_006,196788
81406,1224,0,CV009_006,198012
81407,604,0,CV009_006,198616
81408,616,0,CV009_006,199232
81409,612,0,CV009_006,199844
81410,1216,0,CV009_006,201060
81411,560,0,CV009_006,201620
81412,664,0,CV009_006,202284
81413,604,0,CV009_006,202888
81414,608,0,CV009_006,203496
81415,612,0,CV009_006,204108
81416,612,0,CV009_006,204720
81417,552,0,CV009_006,205272
81418,612,0,CV009_006,205884
81419,616,0,CV009_006,206500
81420,664,0,CV009_006,207164
81421,608,0,CV009_006,207772
81422,612,0,CV009_006,208384
81423,620,0,CV009_006,209004
81424,616,0,CV009_006,209620
81425,608,0,CV009_006,210228
81426,616,0,CV009_006,210844
81427,1212,0,CV009_006,212056
81428,612,0,CV009_006,212668
81429,612,0,CV009_006,213280
81430,608,0,CV009_006,213888
81431,608,0,CV009_006,214496
81432,556,0,CV009_006,215052
81433,664,0,CV009_006,215716
81434,604,0,CV009_006,216320
81435,608,0,CV009_006,216928
81436,564,0,CV009_006,217492
81437,664,0,CV009_006,218156
81438,612,0,CV009_006,218768
81439,612,0,CV009_006,219380
81440,620,0,CV009_006,220000
81441,616,0,CV009_006,220616
81442,612,0,CV009_006,221228
81443,616,0,CV009_006,221844
81444,628,0,CV009_006,222472
81445,612,0,CV009_006,223084
81446,612,0,CV009_006,223696
81447,564,0,CV009_006,224260
81448,624,0,CV009_006,224884
81449,608,0,CV009_006,225492
81450,664,0,CV009_006,226156
81451,616,0,CV009_006,226772
81452,612,0,CV009_006,227384
81453,604,0,CV009_006,227988
81454,556,0,CV009_006,228544
81455,612,0,CV009_006,229156
81456,608,0,CV009_006,229764
81457,600,0,CV009_006,230364
81458,608,0,CV009_006,230972
81459,612,0,CV009_006,231584
81460,608,0,CV009_006,232192
81461,192,0,CV009_006,232384
81462,416,0,CV009_006,232800
81463,1236,0,CV009_006,234036
81464,608,0,CV009_006,234644
81465,616,0,CV009_006,235260
81466,616,0,CV009_006,235876
81467,624,0,CV009_006,236500
81468,608,0,CV009_006,237108
81469,616,0,CV009_006,237724
81470,668,0,CV009_006,238392
81471,552,0,CV009_006,238944
81472,608,0,CV009_006,239552
81473,668,0,CV009_006,240220
81474,608,0,CV009_006,240828
81475,556,0,CV009_006,241384
81476,664,0,CV009_006,242048
81477,616,0,CV009_006,242664
81478,616,0,CV009_006,243280
81479,608,0,CV009_006,243888
81480,616,0,CV009_006,244504
81481,620,0,CV009_006,245124
81482,620,0,CV009_006,245744
81483,564,0,CV009_006,246308
81484,620,0,CV009_006,246928
81485,620,0,CV009_006,247548
81486,668,0,CV009_006,248216
81487,616,0,CV009_006,248832
81488,564,0,CV009_006,249396
81489,668,0,CV009_006,250064
81490,604,0,CV009_006,250668
81491,616,0,CV009_006,251284
81492,564,0,CV009_006,251848
81493,668,0,CV009_006,252516
81494,556,0,CV009_006,253072
81495,672,0,CV009_006,253744
81496,612,0,CV009_006,254356
81497,612,0,CV009_006,254968
81498,556,0,CV009_006,255524
81499,624,0,CV009_006,256148
81500,612,0,CV009_006,256760
81501,656,0,CV009_006,257416
81502,568,0,CV009_006,257984
81503,624,0,CV009_006,258608
81504,664,0,CV009_006,259272
81505,560,0,CV009_006,259832
81506,680,0,CV009_006,260512
81507,616,0,CV009_006,261128
81508,608,0,CV009_006,261736
81509,568,0,CV009_006,262304
81510,672,0,CV009_006,262976
81511,564,0,CV009_006,263540
81512,672,0,CV009_006,264212
81513,576,0,CV009_006,264788
81514,620,0,CV009_006,265408
81515,616,0,CV009_006,266024
81516,624,0,CV009_006,266648
81517,624,0,CV009_006,267272
81518,620,0,CV009_006,267892
81519,620,0,CV009_006,268512
81520,628,0,CV009_006,269140
81521,620,0,CV009_006,269760
81522,616,0,CV009_006,270376
81523,624,0,CV009_006,271000
81524,616,0,CV009_006,271616
81525,612,0,CV009_006,272228
81526,616,0,CV009_006,272844
81527,672,0,CV009_006,273516
81528,616,0,CV009_006,274132
81529,560,0,CV009_006,274692
81530,676,0,CV009_006,275368
81531,568,0,CV009_006,275936
81532,616,0,CV009_006,276552
81533,664,0,CV009_006,277216
81534,572,0,CV009_006,277788
81535,620,0,CV009_006,278408
81536,612,0,CV009_006,279020
81537,668,0,CV009_006,279688
81538,624,0,CV009_006,280312
81539,616,0,CV009_006,280928
81540,608,0,CV009_006,281536
81541,612,0,CV009_006,282148
81542,624,0,CV009_006,282772
81543,612,0,CV009_006,283384
81544,608,0,CV009_006,283992
81545,564,0,CV009_006,284556
81546,672,0,CV009_006,285228
81547,612,0,CV009_006,285840
81548,560,0,CV009_006,286400
81549,664,0,CV009_006,287064
81550,560,0,CV009_006,287624
81551,608,0,CV009_006,288232
81552,612,0,CV009_006,288844
81553,668,0,CV009_006,289512
81554,612,0,CV009_006,290124
81555,604,0,CV009_006,290728
81556,608,0,CV009_006,291336
81557,612,0,CV009_006,291948
81558,552,0,CV009_006,292500
81559,652,0,CV009_006,293152
81560,552,0,CV009_006,293704
81561,652,0,CV009_006,294356
81562,588,0,CV009_006,294944
81563,600,0,CV009_006,295544
81564,604,0,CV009_006,296148
81565,600,0,CV009_006,296748
81566,596,0,CV009_006,297344
81567,612,0,CV009_006,297956
81568,604,0,CV009_006,298560
81569,608,0,CV009_006,299168
81570,612,0,CV009_006,299780
81571,612,0,CV009_006,300392
81572,608,0,CV009_006,301000
81573,560,0,CV009_006,301560
81574,672,0,CV009_006,302232
81575,612,0,CV009_006,302844
81576,596,0,CV009_006,303440
81577,564,0,CV009_006,304004
81578,664,0,CV009_006,304668
81579,1200,0,CV009_006,305868
81580,556,0,CV009_006,306424
81581,656,0,CV009_006,307080
81582,596,0,CV009_006,307676
81583,548,0,CV009_006,308224
81584,660,0,CV009_006,308884
81585,548,0,CV009_006,309432
81586,656,0,CV009_006,310088
81587,608,0,CV009_006,310696
81588,612,0,CV009_006,311308
81589,616,0,CV009_006,311924
81590,608,0,CV009_006,312532
81591,568,0,CV009_006,313100
81592,620,0,CV009_006,313720
81593,616,0,CV009_006,314336
81594,616,0,CV009_006,314952
81595,620,0,CV009_006,315572
81596,620,0,CV009_006,316192
81597,608,0,CV009_006,316800
81598,620,0,CV009_006,317420
81599,668,0,CV009_006,318088
81600,556,0,CV009_006,318644
81601,668,0,CV009_006,319312
81602,568,0,CV009_006,319880
81603,672,0,CV009_006,320552
81604,612,0,CV009_006,321164
81605,612,0,CV009_006,321776
81606,624,0,CV009_006,322400
81607,616,0,CV009_006,323016
81608,560,0,CV009_006,323576
81609,620,0,CV009_006,324196
81610,664,0,CV009_006,324860
81611,560,0,CV009_006,325420
81612,608,0,CV009_006,326028
81613,664,0,CV009_006,326692
81614,604,0,CV009_006,327296
81615,556,0,CV009_006,327852
81616,1272,0,CV009_006,329124
81617,556,0,CV009_006,329680
81618,668,0,CV009_006,330348
81619,612,0,CV009_006,330960
81620,608,0,CV009_006,331568
81621,560,0,CV009_006,332128
81622,660,0,CV009_006,332788
81623,552,0,CV009_006,333340
81624,664,0,CV009_006,334004
81625,552,0,CV009_006,334556
81626,1256,0,CV009_006,335812
81627,620,0,CV009_006,336432
81628,600,0,CV009_006,337032
81629,548,0,CV009_006,337580
81630,668,0,CV009_006,338248
81631,608,0,CV009_006,338856
81632,596,0,CV009_006,339452
81633,572,0,CV009_006,340024
81634,660,0,CV009_006,340684
81635,608,0,CV009_006,341292
81636,564,0,CV009_006,341856
81637,1272,0,CV009_006,343128
81638,612,0,CV009_006,343740
81639,564,0,CV009_006,344304
81640,612,0,CV009_006,344916
81641,660,0,CV009_006,345576
81642,560,0,CV009_006,346136
81643,668,0,CV009_006,346804
81644,556,0,CV009_006,347360
81645,612,0,CV009_006,347972
81646,616,0,CV009_006,348588
81647,660,0,CV009_006,349248
81648,608,0,CV009_006,349856
81649,612,0,CV009_006,350468
81650,612,0,CV009_006,351080
81651,560,0,CV009_006,351640
81652,612,0,CV009_006,352252
81653,668,0,CV009_006,352920
81654,608,0,CV009_006,353528
81655,612,0,CV009_006,354140
81656,616,0,CV009_006,354756
81657,556,0,CV009_006,355312
81658,660,0,CV009_006,355972
81659,616,0,CV009_006,356588
81660,612,0,CV009_006,357200
81661,604,0,CV009_006,357804
81662,612,0,CV009_006,358416
81663,616,0,CV009_006,359032
81664,556,0,CV009_006,359588
81665,660,0,CV009_006,360248
81666,568,0,CV009_006,360816
81667,1272,0,CV009_006,362088
81668,616,0,CV009_006,362704
81669,620,0,CV009_006,363324
81670,616,0,CV009_006,363940
81671,612,0,CV009_006,364552
81672,568,0,CV009_006,365120
81673,620,0,CV009_006,365740
81674,612,0,CV009_006,366352
81675,612,0,CV009_006,366964
81676,620,0,CV009_006,367584
81677,672,0,CV009_006,368256
81678,552,0,CV009_006,368808
81679,664,0,CV009_006,369472
81680,564,0,CV009_006,370036
81681,668,0,CV009_006,370704
81682,552,0,CV009_006,371256
81683,616,0,CV009_006,371872
81684,1228,0,CV009_006,373100
81685,612,0,CV009_006,373712
81686,672,0,CV009_006,374384
81687,616,0,CV009_006,375000
81688,556,0,CV009_006,375556
81689,616,0,CV009_006,376172
81690,620,0,CV009_006,376792
81691,672,0,CV009_006,377464
81692,612,0,CV009_006,378076
81693,612,0,CV009_006,378688
81694,620,0,CV009_006,379308
81695,612,0,CV009_006,379920
81696,548,0,CV009_006,380468
81697,620,0,CV009_006,381088
81698,656,0,CV009_006,381744
81699,604,0,CV009_006,382348
81700,604,0,CV009_006,382952
81701,620,0,CV009_006,383572
81702,608,0,CV009_006,384180
81703,556,0,CV009_006,384736
81704,664,0,CV009_006,385400
81705,620,0,CV009_006,386020
81706,560,0,CV009_006,386580
81707,660,0,CV009_006,387240
81708,612,0,CV009_006,387852
81709,616,0,CV009_006,388468
81710,608,0,CV009_006,389076
81711,608,0,CV009_006,389684
81712,612,0,CV009_006,390296
81713,608,0,CV009_006,390904
81714,556,0,CV009_006,391460
81715,604,0,CV009_006,392064
81716,672,0,CV009_006,392736
81717,612,0,CV009_006,393348
81718,608,0,CV009_006,393956
81719,612,0,CV009_006,394568
81720,620,0,CV009_006,395188
81721,616,0,CV009_006,395804
81722,612,0,CV009_006,396416
81723,616,0,CV009_006,397032
81724,620,0,CV009_006,397652
81725,608,0,CV009_006,398260
81726,612,0,CV009_006,398872
81727,612,0,CV009_006,399484
81728,560,0,CV009_006,400044
81729,656,0,CV009_006,400700
81730,608,0,CV009_006,401308
81731,612,0,CV009_006,401920
81732,552,0,CV009_006,402472
81733,664,0,CV009_006,403136
81734,560,0,CV009_006,403696
81735,668,0,CV009_006,404364
81736,608,0,CV009_006,404972
81737,616,0,CV009_006,405588
81738,576,0,CV009_006,406164
81739,672,0,CV009_006,406836
81740,612,0,CV009_006,407448
81741,572,0,CV009_006,408020
81742,620,0,CV009_006,408640
81743,612,0,CV009_006,409252
81744,616,0,CV009_006,409868
81745,616,0,CV009_006,410484
81746,660,1,CV009_006,411144
81747,552,0,CV009_006,411696
81748,612,0,CV009_006,412308
81749,612,0,CV009_006,412920
81750,1204,0,CV009_006,414124
81751,616,0,CV009_006,414740
81752,608,0,CV009_006,415348
81753,612,0,CV009_006,415960
81754,620,0,CV009_006,416580
81755,616,0,CV009_006,417196
81756,608,0,CV009_006,417804
81757,616,0,CV009_006,418420
81758,672,0,CV009_006,419092
81759,616,0,CV009_006,419708
81760,612,0,CV009_006,420320
81761,616,0,CV009_006,420936
81762,556,0,CV009_006,421492
81763,660,0,CV009_006,422152
81764,612,0,CV009_006,422764
81765,616,0,CV009_006,423380
81766,604,0,CV009_006,423984
81767,608,0,CV009_006,424592
81768,564,0,CV009_006,425156
81769,668,0,CV009_006,425824
81770,604,0,CV009_006,426428
81771,564,0,CV009_006,426992
81772,616,0,CV009_006,427608
81773,668,0,CV009_006,428276
81774,612,0,CV009_006,428888
81775,616,0,CV009_006,429504
81776,572,0,CV009_006,430076
81777,612,0,CV009_006,430688
81778,664,0,CV009_006,431352
81779,620,0,CV009_006,431972
81780,612,0,CV009_006,432584
81781,556,0,CV009_006,433140
81782,612,0,CV009_006,433752
81783,608,0,CV009_006,434360
81784,604,0,CV009_006,434964
81785,608,0,CV009_006,435572
81786,608,0,CV009_006,436180
81787,600,0,CV009_006,436780
81788,660,0,CV009_006,437440
81789,612,0,CV009_006,438052
81790,548,0,CV009_006,438600
81791,604,0,CV009_006,439204
81792,612,0,CV009_006,439816
81793,664,0,CV009_006,440480
81794,596,0,CV009_006,441076
81795,560,0,CV009_006,441636
81796,664,0,CV009_006,442300
81797,608,0,CV009_006,442908
81798,560,0,CV009_006,443468
81799,664,0,CV009_006,444132
81800,612,0,CV009_006,444744
81801,604,0,CV009_006,445348
81802,612,0,CV009_006,445960
81803,612,0,CV009_006,446572
81804,608,0,CV009_006,447180
81805,612,0,CV009_006,447792
81806,616,0,CV009_006,448408
81807,556,0,CV009_006,448964
81808,656,0,CV009_006,449620
81809,612,0,CV009_006,450232
81810,616,0,CV009_006,450848
81811,608,0,CV009_006,451456
81812,612,0,CV009_006,452068
81813,556,0,CV009_006,452624
81814,672,0,CV009_006,453296
81815,564,0,CV009_006,453860
81816,1236,0,CV009_006,455096
81817,672,0,CV009_006,455768
81818,624,0,CV009_006,456392
81819,612,0,CV009_006,457004
81820,608,0,CV009_006,457612
81821,616,0,CV009_006,458228
81822,608,0,CV009_006,458836
81823,600,0,CV009_006,459436
81824,608,0,CV009_006,460044
81825,556,0,CV009_006,460600
81826,652,0,CV009_006,461252
81827,604,0,CV009_006,461856
81828,612,0,CV009_006,462468
81829,608,0,CV009_006,463076
81830,552,0,CV009_006,463628
81831,664,0,CV009_006,464292
81832,624,0,CV009_006,464916
81833,604,0,CV009_006,465520
81834,572,0,CV009_006,466092
81835,676,0,CV009_006,466768
81836,620,0,CV009_006,467388
81837,608,0,CV009_006,467996
81838,620,0,CV009_006,468616
81839,616,0,CV009_006,469232
81840,604,0,CV009_006,469836
81841,608,0,CV009_006,470444
81842,564,0,CV009_006,471008
81843,608,0,CV009_006,471616
81844,652,0,CV009_006,472268
81845,608,0,CV009_006,472876
81846,604,0,CV009_006,473480
81847,548,0,CV009_006,474028
81848,604,0,CV009_006,474632
81849,616,0,CV009_006,475248
81850,604,0,CV009_006,475852
81851,656,0,CV009_006,476508
81852,556,0,CV009_006,477064
81853,660,0,CV009_006,477724
81854,596,0,CV009_006,478320
81855,604,0,CV009_006,478924
81856,604,0,CV009_006,479528
81857,608,0,CV009_006,480136
81858,600,0,CV009_006,480736
81859,612,0,CV009_006,481348
81860,552,0,CV009_006,481900
81861,600,0,CV009_006,482500
81862,604,0,CV009_006,483104
81863,612,0,CV009_006,483716
81864,600,0,CV009_006,484316
81865,656,0,CV009_006,484972
81866,548,0,CV009_006,485520
81867,680,0,CV009_006,486200
81868,548,0,CV009_006,486748
81869,660,0,CV009_006,487408
81870,560,0,CV009_006,487968
81871,660,0,CV009_006,488628
81872,548,0,CV009_006,489176
81873,604,0,CV009_006,489780
81874,608,0,CV009_006,490388
81875,608,0,CV009_006,490996
81876,608,0,CV009_006,491604
81877,608,0,CV009_006,492212
81878,616,0,CV009_006,492828
81879,664,0,CV009_006,493492
81880,544,0,CV009_006,494036
81881,668,0,CV009_006,494704
81882,616,0,CV009_006,495320
81883,620,0,CV009_006,495940
81884,1220,0,CV009_006,497160
81885,560,0,CV009_006,497720
81886,668,0,CV009_006,498388
81887,556,0,CV009_006,498944
81888,664,0,CV009_006,499608
81889,616,0,CV009_006,500224
81890,628,0,CV009_006,500852
81891,604,0,CV009_006,501456
81892,480,0,CV009_006,501936
81893,712,0,CV009_006,502648
81894,624,0,CV009_006,503272
81895,664,0,CV009_006,503936
81896,1228,0,CV009_006,505164
81897,564,0,CV009_006,505728
81898,612,0,CV009_006,506340
81899,616,0,CV009_006,506956
81900,684,1,CV009_006,507640
81901,580,0,CV009_006,508220
81902,620,0,CV009_006,508840
81903,616,0,CV009_006,509456
81904,620,0,CV009_006,510076
81905,680,0,CV009_006,510756
81906,572,0,CV009_006,511328
81907,680,0,CV009_006,512008
81908,624,0,CV009_006,512632
81909,628,0,CV009_006,513260
81910,568,0,CV009_006,513828
81911,668,0,CV009_006,514496
81912,572,0,CV009_006,515068
81913,620,0,CV009_006,515688
81914,660,0,CV009_006,516348
81915,568,0,CV009_006,516916
81916,620,0,CV009_006,517536
81917,672,0,CV009_006,518208
81918,612,0,CV009_006,518820
81919,616,0,CV009_006,519436
81920,616,0,CV009_006,520052
81921,612,0,CV009_006,520664
81922,552,0,CV009_006,521216
81923,608,0,CV009_006,521824
81924,676,0,CV009_006,522500
81925,612,0,CV009_006,523112
81926,560,0,CV009_006,523672
81927,616,0,CV009_006,524288
81928,672,0,CV009_006,524960
81929,568,0,CV009_006,525528
81930,660,0,CV009_006,526188
81931,620,0,CV009_006,526808
81932,624,0,CV009_006,527432
81933,612,0,CV009_006,528044
81934,616,0,CV009_006,528660
81935,620,0,CV009_006,529280
81936,616,0,CV009_006,529896
81937,608,0,CV009_006,530504
81938,616,0,CV009_006,531120
81939,560,0,CV009_006,531680
81940,608,0,CV009_006,532288
81941,668,0,CV009_006,532956
81942,552,0,CV009_006,533508
81943,660,0,CV009_006,534168
81944,560,0,CV009_006,534728
81945,652,0,CV009_006,535380
81946,556,0,CV009_006,535936
81947,600,0,CV009_006,536536
81948,600,0,CV009_006,537136
81949,612,0,CV009_006,537748
81950,656,0,CV009_006,538404
81951,612,0,CV009_006,539016
81952,616,0,CV009_006,539632
81953,608,0,CV009_006,540240
81954,612,0,CV009_006,540852
81955,564,0,CV009_006,541416
81956,604,0,CV009_006,542020
81957,604,0,CV009_006,542624
81958,656,0,CV009_006,543280
81959,600,0,CV009_006,543880
81960,548,0,CV009_006,544428
81961,656,0,CV009_006,545084
81962,596,0,CV009_006,545680
81963,548,0,CV009_006,546228
81964,660,0,CV009_006,546888
81965,604,0,CV009_006,547492
81966,552,0,CV009_006,548044
81967,616,0,CV009_006,548660
81968,608,0,CV009_006,549268
81969,664,0,CV009_006,549932
81970,616,0,CV009_006,550548
81971,612,0,CV009_006,551160
81972,608,0,CV009_006,551768
81973,620,0,CV009_006,552388
81974,1164,0,CV009_006,553552
81975,660,0,CV009_006,554212
81976,612,0,CV009_006,554824
81977,600,0,CV009_006,555424
81978,608,0,CV009_006,556032
81979,612,0,CV009_006,556644
81980,608,0,CV009_006,557252
81981,604,0,CV009_006,557856
81982,616,0,CV009_006,558472
81983,616,0,CV009_006,559088
81984,556,0,CV009_006,559644
81985,672,0,CV009_006,560316
81986,616,0,CV009_006,560932
81987,620,0,CV009_006,561552
81988,564,0,CV009_006,562116
81989,624,0,CV009_006,562740
81990,672,0,CV009_006,563412
81991,612,0,CV009_006,564024
81992,620,0,CV009_006,564644
81993,620,0,CV009_006,565264
81994,560,0,CV009_006,565824
81995,612,0,CV009_006,566436
81996,620,0,CV009_006,567056
81997,608,0,CV009_006,567664
81998,660,0,CV009_006,568324
81999,560,0,CV009_006,568884
82000,668,0,CV009_006,569552
82001,600,0,CV009_006,570152
82002,560,0,CV009_006,570712
82003,668,0,CV009_006,571380
82004,612,0,CV009_006,571992
82005,560,0,CV009_006,572552
82006,664,0,CV009_006,573216
82007,608,0,CV009_006,573824
82008,612,0,CV009_006,574436
82009,612,0,CV009_006,575048
82010,616,0,CV009_006,575664
82011,552,0,CV009_006,576216
82012,660,0,CV009_006,576876
82013,616,0,CV009_006,577492
82014,608,0,CV009_006,578100
82015,556,0,CV009_006,578656
82016,664,0,CV009_006,579320
82017,612,0,CV009_006,579932
82018,616,0,CV009_006,580548
82019,608,0,CV009_006,581156
82020,556,0,CV009_006,581712
82021,672,0,CV009_006,582384
82022,612,0,CV009_006,582996
82023,564,0,CV009_006,583560
82024,620,0,CV009_006,584180
82025,612,0,CV009_006,584792
82026,672,0,CV009_006,585464
82027,620,0,CV009_006,586084
82028,616,0,CV009_006,586700
82029,620,0,CV009_006,587320
82030,568,0,CV009_006,587888
82031,680,0,CV009_006,588568
82032,564,0,CV009_006,589132
82033,676,0,CV009_006,589808
82034,632,0,CV009_006,590440
82035,624,0,CV009_006,591064
82036,624,0,CV009_006,591688
82037,620,0,CV009_006,592308
82038,628,0,CV009_006,592936
82039,620,0,CV009_006,593556
82040,616,0,CV009_006,594172
82041,620,0,CV009_006,594792
82042,608,0,CV009_006,595400
82043,612,0,CV009_006,596012
82044,564,0,CV009_006,596576
82045,668,0,CV009_006,597244
82046,564,0,CV009_006,597808
82047,664,0,CV009_006,598472
82048,608,0,CV009_006,599080
82049,616,0,CV009_006,599696
82050,608,0,CV009_006,600304
82051,608,0,CV009_006,600912
82052,612,0,CV009_006,601524
82053,556,0,CV009_006,602080
82054,660,0,CV009_006,602740
82055,564,0,CV009_006,603304
82056,608,0,CV009_006,603912
82057,608,0,CV009_006,604520
82058,616,0,CV009_006,605136
82059,660,0,CV009_006,605796
82060,608,0,CV009_006,606404
82061,620,0,CV009_006,607024
82062,560,0,CV009_006,607584
82063,660,0,CV009_006,608244
82064,616,0,CV009_006,608860
82065,616,0,CV009_006,609476
82066,608,0,CV009_006,610084
82067,612,0,CV009_006,610696
82068,612,0,CV009_006,611308
82069,608,0,CV009_006,611916
82070,556,0,CV009_006,612472
82071,612,0,CV009_006,613084
82072,604,0,CV009_006,613688
82073,608,0,CV009_006,614296
82074,608,0,CV009_006,614904
82075,612,0,CV009_006,615516
82076,612,0,CV009_006,616128
82077,608,0,CV009_006,616736
82078,616,0,CV009_006,617352
82079,660,0,CV009_006,618012
82080,560,0,CV009_006,618572
82081,664,0,CV009_006,619236
82082,608,0,CV009_006,619844
82083,604,0,CV009_006,620448
82084,608,0,CV009_006,621056
82085,1168,0,CV009_006,622224
82086,608,0,CV009_006,622832
82087,612,0,CV009_006,623444
82088,612,0,CV009_006,624056
82089,660,0,CV009_006,624716
82090,560,0,CV009_006,625276
82091,664,0,CV009_006,625940
82092,608,0,CV009_006,626548
82093,556,0,CV009_006,627104
82094,612,0,CV009_006,627716
82095,608,0,CV009_006,628324
82096,604,0,CV009_006,628928
82097,608,0,CV009_006,629536
82098,664,0,CV009_006,630200
82099,608,0,CV009_006,630808
82100,608,0,CV009_006,631416
82101,608,0,CV009_006,632024
82102,564,0,CV009_006,632588
82103,652,0,CV009_006,633240
82104,604,0,CV009_006,633844
82105,604,0,CV009_006,634448
82106,608,0,CV009_006,635056
82107,544,0,CV009_006,635600
82108,608,0,CV009_006,636208
82109,608,0,CV009_006,636816
82110,656,0,CV009_006,637472
82111,548,0,CV009_006,638020
82112,1208,0,CV009_006,639228
82113,596,0,CV009_006,639824
82114,608,0,CV009_006,640432
82115,604,0,CV009_006,641036
82116,656,1,CV009_006,641692
82117,548,0,CV009_006,642240
82118,608,0,CV009_006,642848
82119,600,0,CV009_006,643448
82120,604,0,CV009_006,644052
82121,660,0,CV009_006,644712
82122,556,0,CV009_006,645268
82123,652,0,CV009_006,645920
82124,552,0,CV009_006,646472
82125,608,0,CV009_006,647080
82126,604,0,CV009_006,647684
82127,604,0,CV009_006,648288
82128,608,0,CV009_006,648896
82129,656,0,CV009_006,649552
82130,596,0,CV009_006,650148
82131,552,0,CV009_006,650700
82132,608,0,CV009_006,651308
82133,652,0,CV009_006,651960
82134,604,0,CV009_006,652564
82135,604,0,CV009_006,653168
82136,556,0,CV009_006,653724
82137,656,0,CV009_006,654380
82138,560,0,CV009_006,654940
82139,616,0,CV009_006,655556
82140,660,0,CV009_006,656216
82141,552,0,CV009_006,656768
82142,660,0,CV009_006,657428
82143,608,0,CV009_006,658036
82144,1156,0,CV009_006,659192
82145,660,0,CV009_006,659852
82146,604,0,CV009_006,660456
82147,552,0,CV009_006,661008
82148,604,0,CV009_006,661612
82149,660,0,CV009_006,662272
82150,600,0,CV009_006,662872
82151,552,0,CV009_006,663424
82152,660,0,CV009_006,664084
82153,604,0,CV009_006,664688
82154,600,0,CV009_006,665288
82155,556,0,CV009_006,665844
82156,660,0,CV009_006,666504
82157,544,0,CV009_006,667048
82158,660,0,CV009_006,667708
82159,556,0,CV009_006,668264
82160,604,0,CV009_006,668868
82161,604,0,CV009_006,669472
82162,656,0,CV009_006,670128
82163,604,0,CV009_006,670732
82164,600,0,CV009_006,671332
82165,612,0,CV009_006,671944
82166,604,0,CV009_006,672548
82167,608,0,CV009_006,673156
82168,560,0,CV009_006,673716
82169,668,0,CV009_006,674384
82170,604,0,CV009_006,674988
82171,620,0,CV009_006,675608
82172,552,0,CV009_006,676160
82173,604,0,CV009_006,676764
82174,648,0,CV009_006,677412
82175,604,0,CV009_006,678016
82176,596,0,CV009_006,678612
82177,588,0,CV009_006,679200
82178,596,0,CV009_006,679796
82179,600,0,CV009_006,680396
82180,600,0,CV009_006,680996
82181,604,0,CV009_006,681600
82182,556,0,CV009_006,682156
82183,660,0,CV009_006,682816
82184,604,0,CV009_006,683420
82185,608,0,CV009_006,684028
82186,568,0,CV009_006,684596
82187,664,0,CV009_006,685260
82188,556,0,CV009_006,685816
82189,616,0,CV009_006,686432
82190,668,0,CV009_006,687100
82191,1164,0,CV009_006,688264
82192,612,0,CV009_006,688876
82193,600,0,CV009_006,689476
82194,604,0,CV009_006,690080
82195,660,0,CV009_006,690740
82196,600,0,CV009_006,691340
82197,604,0,CV009_006,691944
82198,552,0,CV009_006,692496
82199,660,0,CV009_006,693156
82200,548,0,CV009_006,693704
82201,608,0,CV009_006,694312
82202,656,0,CV009_006,694968
82203,608,0,CV009_006,695576
82204,552,0,CV009_006,696128
82205,608,0,CV009_006,696736
82206,608,0,CV009_006,697344
82207,652,0,CV009_006,697996
82208,620,0,CV009_006,698616
82209,552,0,CV009_006,699168
82210,664,0,CV009_006,699832
82211,612,0,CV009_006,700444
82212,616,0,CV009_006,701060
82213,556,0,CV009_006,701616
82214,664,0,CV009_006,702280
82215,612,0,CV009_006,702892
82216,600,0,CV009_006,703492
82217,560,0,CV009_006,704052
82218,1216,0,CV009_006,705268
82219,608,0,CV009_006,705876
82220,664,0,CV009_006,706540
82221,560,0,CV009_006,707100
82222,656,0,CV009_006,707756
82223,560,0,CV009_006,708316
82224,616,0,CV009_006,708932
82225,608,0,CV009_006,709540
82226,604,0,CV009_006,710144
82227,616,0,CV009_006,710760
82228,660,0,CV009_006,711420
82229,608,0,CV009_006,712028
82230,556,0,CV009_006,712584
82231,612,0,CV009_006,713196
82232,604,0,CV009_006,713800
82233,608,0,CV009_006,714408
82234,612,0,CV009_006,715020
82235,608,0,CV009_006,715628
82236,596,0,CV009_006,716224
82237,604,0,CV009_006,716828
82238,608,0,CV009_006,717436
82239,600,0,CV009_006,718036
82240,604,0,CV009_006,718640
82241,608,0,CV009_006,719248
82242,604,0,CV009_006,719852
82243,600,0,CV009_006,720452
82244,608,0,CV009_006,721060
82245,668,1,CV009_006,721728
82246,556,0,CV009_006,722284
82247,604,0,CV009_006,722888
82248,612,0,CV009_006,723500
82249,664,0,CV009_006,724164
82250,608,0,CV009_006,724772
82251,604,0,CV009_006,725376
82252,560,0,CV009_006,725936
82253,608,0,CV009_006,726544
82254,604,0,CV009_006,727148
82255,612,0,CV009_006,727760
82256,656,0,CV009_006,728416
82257,600,0,CV009_006,729016
82258,616,0,CV009_006,729632
82259,548,0,CV009_006,730180
82260,652,0,CV009_006,730832
82261,596,0,CV009_006,731428
82262,612,0,CV009_006,732040
82263,600,0,CV009_006,732640
82264,548,0,CV009_006,733188
82265,652,0,CV009_006,733840
82266,608,0,CV009_006,734448
82267,608,0,CV009_006,735056
82268,596,0,CV009_006,735652
82269,556,0,CV009_006,736208
82270,660,0,CV009_006,736868
82271,604,0,CV009_006,737472
82272,608,0,CV009_006,738080
82273,564,0,CV009_006,738644
82274,664,0,CV009_006,739308
82275,552,0,CV009_006,739860
82276,612,0,CV009_006,740472
82277,660,0,CV009_006,741132
82278,1156,0,CV009_006,742288
82279,608,0,CV009_006,742896
82280,604,0,CV009_006,743500
82281,648,0,CV009_006,744148
82282,608,0,CV009_006,744756
82283,612,0,CV009_006,745368
82284,604,0,CV009_006,745972
82285,604,0,CV009_006,746576
82286,616,0,CV009_006,747192
82287,560,0,CV009_006,747752
82288,604,0,CV009_006,748356
82289,608,0,CV009_006,748964
82290,616,0,CV009_006,749580
82291,656,1,CV009_006,750236
82292,552,0,CV009_006,750788
82293,596,0,CV009_006,751384
82294,624,0,CV009_006,752008
82295,600,0,CV009_006,752608
82296,608,0,CV009_006,753216
82297,660,0,CV009_006,753876
82298,600,0,CV009_006,754476
82299,604,0,CV009_006,755080
82300,1212,0,CV009_006,756292
82301,1204,0,CV009_006,757496
82302,608,0,CV009_006,758104
82303,548,0,CV009_006,758652
82304,656,0,CV009_006,759308
82305,556,0,CV009_006,759864
82306,660,0,CV009_006,760524
82307,604,0,CV009_006,761128
82308,608,0,CV009_006,761736
82309,612,0,CV009_006,762348
82310,604,0,CV009_006,762952
82311,608,0,CV009_006,763560
82312,560,0,CV009_006,764120
82313,660,0,CV009_006,764780
82314,604,0,CV009_006,765384
82315,556,0,CV009_006,765940
82316,664,0,CV009_006,766604
82317,608,0,CV009_006,767212
82318,552,0,CV009_006,767764
82319,668,0,CV009_006,768432
82320,544,0,CV009_006,768976
82321,608,0,CV009_006,769584
82322,608,0,CV009_006,770192
82323,616,0,CV009_006,770808
82324,656,0,CV009_006,771464
82325,552,0,CV009_006,772016
82326,656,0,CV009_006,772672
82327,612,0,CV009_006,773284
82328,548,0,CV009_006,773832
82329,656,0,CV009_006,774488
82330,612,0,CV009_006,775100
82331,560,0,CV009_006,775660
82332,660,0,CV009_006,776320
82333,608,0,CV009_006,776928
82334,612,0,CV009_006,777540
82335,608,0,CV009_006,778148
82336,604,0,CV009_006,778752
82337,564,0,CV009_006,779316
82338,660,0,CV009_006,779976
82339,604,0,CV009_006,780580
82340,608,0,CV009_006,781188
82341,564,0,CV009_006,781752
82342,660,0,CV009_006,782412
82343,552,0,CV009_006,782964
82344,608,0,CV009_006,783572
82345,664,0,CV009_006,784236
82346,552,0,CV009_006,784788
82347,656,0,CV009_006,785444
82348,612,0,CV009_006,786056
82349,612,0,CV009_006,786668
82350,596,0,CV009_006,787264
82351,616,0,CV009_006,787880
82352,616,0,CV009_006,788496
82353,612,0,CV009_006,789108
82354,560,0,CV009_006,789668
82355,664,0,CV009_006,790332
82356,624,0,CV009_006,790956
82357,616,0,CV009_006,791572
82358,612,0,CV009_006,792184
82359,620,0,CV009_006,792804
82360,624,0,CV009_006,793428
82361,612,0,CV009_006,794040
82362,628,0,CV009_006,794668
82363,620,0,CV009_006,795288
82364,620,0,CV009_006,795908
82365,620,0,CV009_006,796528
82366,624,0,CV009_006,797152
82367,632,0,CV009_006,797784
82368,628,0,CV009_006,798412
82369,572,0,CV009_006,798984
82370,680,0,CV009_006,799664
82371,628,0,CV009_006,800292
82372,628,0,CV009_006,800920
82373,620,0,CV009_006,801540
82374,628,0,CV009_006,802168
82375,628,0,CV009_006,802796
82376,628,0,CV009_006,803424
82377,616,0,CV009_006,804040
82378,632,0,CV009_006,804672
82379,568,0,CV009_006,805240
82380,672,0,CV009_006,805912
82381,616,0,CV009_006,806528
82382,624,0,CV009_006,807152
82383,628,0,CV009_006,807780
82384,624,0,CV009_006,808404
82385,624,0,CV009_006,809028
82386,628,0,CV009_006,809656
82387,628,0,CV009_006,810284
82388,572,0,CV009_006,810856
82389,684,0,CV009_006,811540
82390,628,0,CV009_006,812168
82391,624,0,CV009_006,812792
82392,620,0,CV009_006,813412
82393,580,0,CV009_006,813992
82394,632,0,CV009_006,814624
82395,624,0,CV009_006,815248
82396,668,0,CV009_006,815916
82397,624,0,CV009_006,816540
82398,632,0,CV009_006,817172
82399,620,0,CV009_006,817792
82400,620,0,CV009_006,818412
82401,620,0,CV009_006,819032
82402,584,0,CV009_006,819616
82403,628,0,CV009_006,820244
82404,620,0,CV009_006,820864
82405,624,0,CV009_006,821488
82406,624,0,CV009_006,822112
82407,684,0,CV009_006,822796
82408,560,0,CV009_006,823356
82409,672,0,CV009_006,824028
82410,564,0,CV009_006,824592
82411,604,0,CV009_006,825196
82412,612,0,CV009_006,825808
82413,668,0,CV009_006,826476
82414,548,0,CV009_006,827024
82415,664,0,CV009_006,827688
82416,552,0,CV009_006,828240
82417,608,0,CV009_006,828848
82418,608,0,CV009_006,829456
82419,612,0,CV009_006,830068
82420,616,0,CV009_006,830684
82421,660,1,CV009_006,831344
82422,556,0,CV009_006,831900
82423,616,0,CV009_006,832516
82424,608,0,CV009_006,833124
82425,1220,0,CV009_006,834344
82426,612,0,CV009_006,834956
82427,600,0,CV009_006,835556
82428,608,0,CV009_006,836164
82429,612,0,CV009_006,836776
82430,608,0,CV009_006,837384
82431,652,0,CV009_006,838036
82432,608,0,CV009_006,838644
82433,564,0,CV009_006,839208
82434,600,0,CV009_006,839808
82435,656,0,CV009_006,840464
82436,616,0,CV009_006,841080
82437,616,0,CV009_006,841696
82438,592,0,CV009_006,842288
82439,556,0,CV009_006,842844
82440,664,0,CV009_006,843508
82441,608,0,CV009_006,844116
82442,596,0,CV009_006,844712
82443,616,0,CV009_006,845328
82444,612,0,CV009_006,845940
82445,608,0,CV009_006,846548
82446,556,0,CV009_006,847104
82447,596,0,CV009_006,847700
82448,620,0,CV009_006,848320
82449,600,0,CV009_006,848920
82450,608,0,CV009_006,849528
82451,604,0,CV009_006,850132
82452,664,1,CV009_006,850796
82453,552,0,CV009_006,851348
82454,608,0,CV009_006,851956
82455,612,0,CV009_006,852568
82456,600,0,CV009_006,853168
82457,608,0,CV009_006,853776
82458,612,0,CV009_006,854388
82459,608,0,CV009_006,854996
82460,604,0,CV009_006,855600
82461,660,0,CV009_006,856260
82462,560,0,CV009_006,856820
82463,608,0,CV009_006,857428
82464,652,0,CV009_006,858080
82465,612,0,CV009_006,858692
82466,604,0,CV009_006,859296
82467,544,0,CV009_006,859840
82468,656,0,CV009_006,860496
82469,604,0,CV009_006,861100
82470,608,0,CV009_006,861708
82471,544,0,CV009_006,862252
82472,604,0,CV009_006,862856
82473,664,0,CV009_006,863520
82474,612,0,CV009_006,864132
82475,1220,0,CV009_006,865352
82476,612,0,CV009_006,865964
82477,612,0,CV009_006,866576
82478,608,0,CV009_006,867184
82479,608,0,CV009_006,867792
82480,604,0,CV009_006,868396
82481,608,0,CV009_006,869004
82482,600,0,CV009_006,869604
82483,548,0,CV009_006,870152
82484,656,0,CV009_006,870808
82485,596,0,CV009_006,871404
82486,540,0,CV009_006,871944
82487,600,0,CV009_006,872544
82488,600,0,CV009_006,873144
82489,652,0,CV009_006,873796
82490,596,0,CV009_006,874392
82491,552,0,CV009_006,874944
82492,604,0,CV009_006,875548
82493,596,0,CV009_006,876144
82494,660,0,CV009_006,876804
82495,604,0,CV009_006,877408
82496,608,0,CV009_006,878016
82497,600,0,CV009_006,878616
82498,604,0,CV009_006,879220
82499,608,0,CV009_006,879828
82500,608,0,CV009_006,880436
82501,596,0,CV009_006,881032
82502,552,0,CV009_006,881584
82503,652,0,CV009_006,882236
82504,600,0,CV009_006,882836
82505,592,0,CV009_006,883428
82506,596,0,CV009_006,884024
82507,600,0,CV009_006,884624
82508,592,0,CV009_006,885216
82509,592,0,CV009_006,885808
82510,600,0,CV009_006,886408
82511,604,0,CV009_006,887012
82512,608,0,CV009_006,887620
82513,596,0,CV009_006,888216
82514,604,0,CV009_006,888820
82515,612,0,CV009_006,889432
82516,600,0,CV009_006,890032
82517,600,0,CV009_006,890632
82518,556,0,CV009_006,891188
82519,656,0,CV009_006,891844
82520,600,0,CV009_006,892444
82521,604,0,CV009_006,893048
82522,556,0,CV009_006,893604
82523,600,0,CV009_006,894204
82524,604,0,CV009_006,894808
82525,608,0,CV009_006,895416
82526,656,0,CV009_006,896072
82527,604,0,CV009_006,896676
82528,608,0,CV009_006,897284
82529,556,0,CV009_006,897840
82530,612,0,CV009_006,898452
82531,604,0,CV009_006,899056
82532,616,0,CV009_006,899672
82533,620,0,CV009_006,900292
82534,612,0,CV009_006,900904
82535,612,0,CV009_006,901516
82536,676,0,CV009_006,902192
82537,616,0,CV009_006,902808
82538,612,0,CV009_006,903420
82539,616,0,CV009_006,904036
82540,624,0,CV009_006,904660
82541,612,0,CV009_006,905272
82542,564,0,CV009_006,905836
82543,628,0,CV009_006,906464
82544,620,0,CV009_006,907084
82545,616,0,CV009_006,907700
82546,628,0,CV009_006,908328
82547,632,0,CV009_006,908960
82548,620,0,CV009_006,909580
82549,672,0,CV009_006,910252
82550,624,0,CV009_006,910876
82551,624,0,CV009_006,911500
82552,568,0,CV009_006,912068
82553,608,0,CV009_006,912676
82554,620,0,CV009_006,913296
82555,672,0,CV009_006,913968
82556,608,0,CV009_006,914576
82557,616,0,CV009_006,915192
82558,624,0,CV009_006,915816
82559,620,0,CV009_006,916436
82560,620,0,CV009_006,917056
82561,616,0,CV009_006,917672
82562,624,0,CV009_006,918296
82563,572,0,CV009_006,918868
82564,668,0,CV009_006,919536
82565,620,0,CV009_006,920156
82566,576,0,CV009_006,920732
82567,672,0,CV009_006,921404
82568,616,0,CV009_006,922020
82569,624,0,CV009_006,922644
82570,624,0,CV009_006,923268
82571,560,0,CV009_006,923828
82572,672,0,CV009_006,924500
82573,624,0,CV009_006,925124
82574,616,0,CV009_006,925740
82575,560,0,CV009_006,926300
82576,624,0,CV009_006,926924
82577,616,0,CV009_006,927540
82578,1296,0,CV009_006,928836
82579,620,0,CV009_006,929456
82580,1232,0,CV009_006,930688
82581,624,0,CV009_006,931312
82582,560,0,CV009_006,931872
82583,664,0,CV009_006,932536
82584,568,0,CV009_006,933104
82585,1280,0,CV009_006,934384
82586,620,0,CV009_006,935004
82587,612,0,CV009_006,935616
82588,616,0,CV009_006,936232
82589,616,0,CV009_006,936848
82590,568,0,CV009_006,937416
82591,676,0,CV009_006,938092
82592,568,0,CV009_006,938660
82593,616,0,CV009_006,939276
82594,672,0,CV009_006,939948
82595,572,0,CV009_006,940520
82596,624,0,CV009_006,941144
82597,608,0,CV009_006,941752
82598,672,0,CV009_006,942424
82599,572,0,CV009_006,942996
82600,668,0,CV009_006,943664
82601,560,0,CV009_006,944224
82602,620,0,CV009_006,944844
82603,620,0,CV009_006,945464
82604,616,0,CV009_006,946080
82605,668,0,CV009_006,946748
82606,620,0,CV009_006,947368
82607,620,0,CV009_006,947988
82608,612,0,CV009_006,948600
82609,568,0,CV009_006,949168
82610,676,0,CV009_006,949844
82611,612,0,CV009_006,950456
82612,552,0,CV009_006,951008
82613,616,0,CV009_006,951624
82614,668,0,CV009_006,952292
82615,568,0,CV009_006,952860
82616,628,0,CV009_006,953488
82617,664,0,CV009_006,954152
82618,568,0,CV009_006,954720
82619,604,0,CV009_006,955324
82620,612,0,CV009_006,955936
82621,660,0,CV009_006,956596
82622,560,0,CV009_006,957156
82623,604,0,CV009_006,957760
82624,656,0,CV009_006,958416
82625,604,0,CV009_006,959020
82626,600,0,CV009_006,959620
82627,544,0,CV009_006,960164
82628,596,0,CV009_006,960760
82629,648,0,CV009_006,961408
82630,536,0,CV009_006,961944
82631,644,0,CV009_006,962588
82632,544,0,CV009_006,963132
82633,592,0,CV009_006,963724
82634,592,0,CV009_006,964316
82635,588,0,CV009_006,964904
82636,644,1,CV009_006,965548
82637,536,0,CV009_006,966084
82638,588,0,CV009_006,966672
82639,588,0,CV009_006,967260
82640,588,0,CV009_006,967848
82641,592,0,CV009_006,968440
82642,584,0,CV009_006,969024
82643,640,0,CV009_006,969664
82644,596,0,CV009_006,970260
82645,588,0,CV009_006,970848
82646,588,0,CV009_006,971436
82647,532,0,CV009_006,971968
82648,592,0,CV009_006,972560
82649,588,0,CV009_006,973148
82650,584,0,CV009_006,973732
82651,584,0,CV009_006,974316
82652,592,0,CV009_006,974908
82653,640,0,CV009_006,975548
82654,536,0,CV009_006,976084
82655,592,0,CV009_006,976676
82656,644,0,CV009_006,977320
82657,536,0,CV009_006,977856
82658,592,0,CV009_006,978448
82659,600,0,CV009_006,979048
82660,644,0,CV009_006,979692
82661,540,0,CV009_006,980232
82662,648,0,CV009_006,980880
82663,540,0,CV009_006,981420
82664,592,0,CV009_006,982012
82665,592,0,CV009_006,982604
82666,596,0,CV009_006,983200
82667,1188,0,CV009_006,984388
82668,648,0,CV009_006,985036
82669,544,0,CV009_006,985580
82670,592,0,CV009_006,986172
82671,596,0,CV009_006,986768
82672,588,0,CV009_006,987356
82673,652,0,CV009_006,988008
82674,544,0,CV009_006,988552
82675,644,0,CV009_006,989196
82676,540,0,CV009_006,989736
82677,648,0,CV009_006,990384
82678,540,0,CV009_006,990924
82679,592,0,CV009_006,991516
82680,648,0,CV009_006,992164
82681,544,0,CV009_006,992708
82682,648,0,CV009_006,993356
82683,540,0,CV009_006,993896
82684,652,0,CV009_006,994548
82685,604,0,CV009_006,995152
82686,596,0,CV009_006,995748
82687,600,0,CV009_006,996348
82688,548,0,CV009_006,996896
82689,652,0,CV009_006,997548
82690,548,0,CV009_006,998096
82691,592,0,CV009_006,998688
82692,596,0,CV009_006,999284
82693,596,0,CV009_006,999880
82694,592,0,CV009_006,1000472
82695,584,0,CV009_006,1001056
82696,592,0,CV009_006,1001648
82697,592,0,CV009_006,1002240
82698,640,1,CV009_006,1002880
82699,528,0,CV009_006,1003408
82700,584,0,CV009_006,1003992
82701,584,0,CV009_006,1004576
82702,584,0,CV009_006,1005160
82703,624,1,CV009_006,1005784
82704,528,0,CV009_006,1006312
82705,580,0,CV009_006,1006892
82706,580,0,CV009_006,1007472
82707,632,0,CV009_006,1008104
82708,580,0,CV009_006,1008684
82709,580,0,CV009_006,1009264
82710,528,0,CV009_006,1009792
82711,584,0,CV009_006,1010376
82712,632,0,CV009_006,1011008
82713,588,0,CV009_006,1011596
82714,532,0,CV009_006,1012128
82715,576,0,CV009_006,1012704
82716,588,0,CV009_006,1013292
82717,588,0,CV009_006,1013880
82718,584,0,CV009_006,1014464
82719,584,0,CV009_006,1015048
82720,584,0,CV009_006,1015632
82721,644,0,CV009_006,1016276
82722,592,0,CV009_006,1016868
82723,584,0,CV009_006,1017452
82724,536,0,CV009_006,1017988
82725,648,0,CV009_006,1018636
82726,584,0,CV009_006,1019220
82727,584,0,CV009_006,1019804
82728,552,0,CV009_006,1020356
82729,640,0,CV009_006,1020996
82730,588,0,CV009_006,1021584
82731,592,0,CV009_006,1022176
82732,548,0,CV009_006,1022724
82733,592,0,CV009_006,1023316
82734,596,0,CV009_006,1023912
82735,648,0,CV009_006,1024560
82736,544,0,CV009_006,1025104
82737,648,0,CV009_006,1025752
82738,596,0,CV009_006,1026348
82739,592,0,CV009_006,1026940
82740,548,0,CV009_006,1027488
82741,648,0,CV009_006,1028136
82742,536,0,CV009_006,1028672
82743,652,0,CV009_006,1029324
82744,592,0,CV009_006,1029916
82745,536,0,CV009_006,1030452
82746,596,0,CV009_006,1031048
82747,596,0,CV009_006,1031644
82748,596,0,CV009_006,1032240
82749,1188,0,CV009_006,1033428
82750,596,0,CV009_006,1034024
82751,592,0,CV009_006,1034616
82752,648,0,CV009_006,1035264
82753,540,0,CV009_006,1035804
82754,648,0,CV009_006,1036452
82755,536,0,CV009_006,1036988
82756,592,0,CV009_006,1037580
82757,600,0,CV009_006,1038180
82758,596,0,CV009_006,1038776
82759,644,1,CV009_006,1039420
82760,544,0,CV009_006,1039964
82761,604,0,CV009_006,1040568
82762,600,0,CV009_006,1041168
82763,596,0,CV009_006,1041764
82764,600,0,CV009_006,1042364
82765,596,0,CV009_006,1042960
82766,592,0,CV009_006,1043552
82767,648,0,CV009_006,1044200
82768,548,0,CV009_006,1044748
82769,648,0,CV009_006,1045396
82770,596,0,CV009_006,1045992
82771,596,0,CV009_006,1046588
82772,604,0,CV009_006,1047192
82773,608,0,CV009_006,1047800
82774,592,0,CV009_006,1048392
82775,600,0,CV009_006,1048992
82776,608,0,CV009_006,1049600
82777,204,0,CV009_006,1049804
82778,396,0,CV009_006,1050200
82779,600,0,CV009_006,1050800
82780,604,0,CV009_006,1051404
82781,2332,0,CV009_006,1053736
82782,644,0,CV009_006,1054380
82783,540,0,CV009_006,1054920
82784,596,0,CV009_006,1055516
82785,652,0,CV009_006,1056168
82786,600,0,CV009_006,1056768
82787,604,0,CV009_006,1057372
82788,552,0,CV009_006,1057924
82789,660,0,CV009_006,1058584
82790,556,0,CV009_006,1059140
82791,652,0,CV009_006,1059792
82792,608,0,CV009_006,1060400
82793,612,0,CV009_006,1061012
82794,616,0,CV009_006,1061628
82795,616,0,CV009_006,1062244
82796,552,0,CV009_006,1062796
82797,664,0,CV009_006,1063460
82798,616,0,CV009_006,1064076
82799,604,0,CV009_006,1064680
82800,600,0,CV009_006,1065280
82801,612,0,CV009_006,1065892
82802,608,0,CV009_006,1066500
82803,552,0,CV009_006,1067052
82804,656,0,CV009_006,1067708
82805,564,0,CV009_006,1068272
82806,664,0,CV009_006,1068936
82807,608,0,CV009_006,1069544
82808,560,0,CV009_006,1070104
82809,620,0,CV009_006,1070724
82810,664,0,CV009_006,1071388
82811,564,0,CV009_006,1071952
82812,676,0,CV009_006,1072628
82813,612,0,CV009_006,1073240
82814,572,0,CV009_006,1073812
82815,616,0,CV009_006,1074428
82816,612,0,CV009_006,1075040
82817,620,0,CV009_006,1075660
82818,672,0,CV009_006,1076332
82819,612,0,CV009_006,1076944
82820,612,0,CV009_006,1077556
82821,612,0,CV009_006,1078168
82822,620,0,CV009_006,1078788
82823,556,0,CV009_006,1079344
82824,612,0,CV009_006,1079956
82825,620,0,CV009_006,1080576
82826,616,0,CV009_006,1081192
82827,612,0,CV009_006,1081804
82828,668,0,CV009_006,1082472
82829,620,0,CV009_006,1083092
82830,608,0,CV009_006,1083700
82831,616,0,CV009_006,1084316
82832,620,0,CV009_006,1084936
82833,608,0,CV009_006,1085544
82834,556,0,CV009_006,1086100
82835,616,0,CV009_006,1086716
82836,664,0,CV009_006,1087380
82837,556,0,CV009_006,1087936
82838,664,0,CV009_006,1088600
82839,624,0,CV009_006,1089224
82840,608,0,CV009_006,1089832
82841,568,0,CV009_006,1090400
82842,672,0,CV009_006,1091072
82843,620,0,CV009_006,1091692
82844,620,0,CV009_006,1092312
82845,620,0,CV009_006,1092932
82846,620,0,CV009_006,1093552
82847,616,0,CV009_006,1094168
82848,556,0,CV009_006,1094724
82849,672,0,CV009_006,1095396
82850,564,0,CV009_006,1095960
82851,608,0,CV009_006,1096568
82852,604,0,CV009_006,1097172
82853,612,0,CV009_006,1097784
82854,608,0,CV009_006,1098392
82855,600,0,CV009_006,1098992
82856,660,0,CV009_006,1099652
82857,556,0,CV009_006,1100208
82858,612,0,CV009_006,1100820
82859,652,0,CV009_006,1101472
82860,608,0,CV009_006,1102080
82861,616,0,CV009_006,1102696
82862,604,0,CV009_006,1103300
82863,608,0,CV009_006,1103908
82864,620,0,CV009_006,1104528
82865,612,0,CV009_006,1105140
82866,560,0,CV009_006,1105700
82867,612,0,CV009_006,1106312
82868,620,0,CV009_006,1106932
82869,664,0,CV009_006,1107596
82870,612,0,CV009_006,1108208
82871,564,0,CV009_006,1108772
82872,668,0,CV009_006,1109440
82873,608,0,CV009_006,1110048
82874,608,0,CV009_006,1110656
82875,616,0,CV009_006,1111272
82876,560,0,CV009_006,1111832
82877,656,0,CV009_006,1112488
82878,616,0,CV009_006,1113104
82879,604,0,CV009_006,1113708
82880,556,0,CV009_006,1114264
82881,664,0,CV009_006,1114928
82882,608,0,CV009_006,1115536
82883,604,0,CV009_006,1116140
82884,608,0,CV009_006,1116748
82885,612,0,CV009_006,1117360
82886,604,0,CV009_006,1117964
82887,556,0,CV009_006,1118520
82888,660,0,CV009_006,1119180
82889,620,0,CV009_006,1119800
82890,608,0,CV009_006,1120408
82891,560,0,CV009_006,1120968
82892,620,0,CV009_006,1121588
82893,672,0,CV009_006,1122260
82894,564,0,CV009_006,1122824
82895,668,0,CV009_006,1123492
82896,564,0,CV009_006,1124056
82897,616,0,CV009_006,1124672
82898,616,0,CV009_006,1125288
82899,664,1,CV009_006,1125952
82900,568,0,CV009_006,1126520
82901,608,0,CV009_006,1127128
82902,608,0,CV009_006,1127736
82903,616,0,CV009_006,1128352
82904,616,0,CV009_006,1128968
82905,612,0,CV009_006,1129580
82906,668,1,CV009_006,1130248
82907,568,0,CV009_006,1130816
82908,620,0,CV009_006,1131436
82909,612,0,CV009_006,1132048
82910,672,0,CV009_006,1132720
82911,564,0,CV009_006,1133284
82912,664,0,CV009_006,1133948
82913,560,0,CV009_006,1134508
82914,612,0,CV009_006,1135120
82915,612,0,CV009_006,1135732
82916,604,0,CV009_006,1136336
82917,608,0,CV009_006,1136944
82918,616,0,CV009_006,1137560
82919,668,1,CV009_006,1138228
82920,552,0,CV009_006,1138780
82921,616,0,CV009_006,1139396
82922,620,0,CV009_006,1140016
82923,620,0,CV009_006,1140636
82924,612,0,CV009_006,1141248
82925,612,0,CV009_006,1141860
82926,676,0,CV009_006,1142536
82927,612,0,CV009_006,1143148
82928,560,0,CV009_006,1143708
82929,664,0,CV009_006,1144372
82930,564,0,CV009_006,1144936
82931,676,0,CV009_006,1145612
82932,608,0,CV009_006,1146220
82933,560,0,CV009_006,1146780
82934,616,0,CV009_006,1147396
82935,616,0,CV009_006,1148012
82936,608,0,CV009_006,1148620
82937,612,0,CV009_006,1149232
82938,620,0,CV009_006,1149852
82939,660,0,CV009_006,1150512
82940,556,0,CV009_006,1151068
82941,664,0,CV009_006,1151732
82942,568,0,CV009_006,1152300
82943,660,0,CV009_006,1152960
82944,556,0,CV009_006,1153516
82945,664,0,CV009_006,1154180
82946,612,0,CV009_006,1154792
82947,552,0,CV009_006,1155344
82948,608,0,CV009_006,1155952
82949,612,0,CV009_006,1156564
82950,660,1,CV009_006,1157224
82951,552,0,CV009_006,1157776
82952,608,0,CV009_006,1158384
82953,612,0,CV009_006,1158996
82954,600,0,CV009_006,1159596
82955,616,0,CV009_006,1160212
82956,664,0,CV009_006,1160876
82957,624,0,CV009_006,1161500
82958,556,0,CV009_006,1162056
82959,616,0,CV009_006,1162672
82960,616,0,CV009_006,1163288
82961,668,0,CV009_006,1163956
82962,608,0,CV009_006,1164564
82963,616,0,CV009_006,1165180
82964,560,0,CV009_006,1165740
82965,668,0,CV009_006,1166408
82966,556,0,CV009_006,1166964
82967,612,0,CV009_006,1167576
82968,608,0,CV009_006,1168184
82969,608,0,CV009_006,1168792
82970,600,0,CV009_006,1169392
82971,604,0,CV009_006,1169996
82972,664,0,CV009_006,1170660
82973,552,0,CV009_006,1171212
82974,656,0,CV009_006,1171868
82975,612,0,CV009_006,1172480
82976,612,0,CV009_006,1173092
82977,612,0,CV009_006,1173704
82978,1236,0,CV009_006,1174940
82979,620,0,CV009_006,1175560
82980,604,0,CV009_006,1176164
82981,616,0,CV009_006,1176780
82982,620,0,CV009_006,1177400
82983,564,0,CV009_006,1177964
82984,608,0,CV009_006,1178572
82985,616,0,CV009_006,1179188
82986,672,0,CV009_006,1179860
82987,600,0,CV009_006,1180460
82988,560,0,CV009_006,1181020
82989,656,0,CV009_006,1181676
82990,600,0,CV009_006,1182276
82991,604,0,CV009_006,1182880
82992,560,0,CV009_006,1183440
82993,600,0,CV009_006,1184040
82994,656,0,CV009_006,1184696
82995,612,0,CV009_006,1185308
82996,560,0,CV009_006,1185868
82997,652,0,CV009_006,1186520
82998,616,0,CV009_006,1187136
82999,608,0,CV009_006,1187744
83000,608,0,CV009_006,1188352
83001,612,0,CV009_006,1188964
83002,564,0,CV009_006,1189528
83003,608,0,CV009_006,1190136
83004,604,0,CV009_006,1190740
83005,608,0,CV009_006,1191348
83006,656,0,CV009_006,1192004
83007,544,0,CV009_006,1192548
83008,608,0,CV009_006,1193156
83009,660,0,CV009_006,1193816
83010,608,0,CV009_006,1194424
83011,552,0,CV009_006,1194976
83012,664,0,CV009_006,1195640
83013,616,0,CV009_006,1196256
83014,616,0,CV009_006,1196872
83015,604,0,CV009_006,1197476
83016,616,0,CV009_006,1198092
83017,616,0,CV009_006,1198708
83018,616,0,CV009_006,1199324
83019,560,0,CV009_006,1199884
83020,1284,0,CV009_006,1201168
83021,620,0,CV009_006,1201788
83022,612,0,CV009_006,1202400
83023,616,0,CV009_006,1203016
83024,616,0,CV009_006,1203632
83025,616,0,CV009_006,1204248
83026,616,0,CV009_006,1204864
83027,612,0,CV009_006,1205476
83028,620,0,CV009_006,1206096
83029,612,0,CV009_006,1206708
83030,564,0,CV009_006,1207272
83031,616,0,CV009_006,1207888
83032,616,0,CV009_006,1208504
83033,664,0,CV009_006,1209168
83034,620,0,CV009_006,1209788
83035,616,0,CV009_006,1210404
83036,568,0,CV009_006,1210972
83037,604,0,CV009_006,1211576
83038,612,0,CV009_006,1212188
83039,660,1,CV009_006,1212848
83040,556,0,CV009_006,1213404
83041,596,0,CV009_006,1214000
83042,612,0,CV009_006,1214612
83043,608,0,CV009_006,1215220
83044,604,0,CV009_006,1215824
83045,608,0,CV009_006,1216432
83046,612,0,CV009_006,1217044
83047,672,0,CV009_006,1217716
83048,612,0,CV009_006,1218328
83049,568,0,CV009_006,1218896
83050,676,0,CV009_006,1219572
83051,624,0,CV009_006,1220196
83052,616,0,CV009_006,1220812
83053,624,0,CV009_006,1221436
83054,624,0,CV009_006,1222060
83055,620,0,CV009_006,1222680
83056,616,0,CV009_006,1223296
83057,612,0,CV009_006,1223908
83058,572,0,CV009_006,1224480
83059,616,0,CV009_006,1225096
83060,616,0,CV009_006,1225712
83061,672,0,CV009_006,1226384
83062,612,0,CV009_006,1226996
83063,556,0,CV009_006,1227552
83064,612,0,CV009_006,1228164
83065,616,0,CV009_006,1228780
83066,612,0,CV009_006,1229392
83067,660,1,CV009_006,1230052
83068,564,0,CV009_006,1230616
83069,616,0,CV009_006,1231232
83070,624,0,CV009_006,1231856
83071,668,0,CV009_006,1232524
83072,560,0,CV009_006,1233084
83073,672,0,CV009_006,1233756
83074,620,0,CV009_006,1234376
83075,616,0,CV009_006,1234992
83076,608,0,CV009_006,1235600
83077,608,0,CV009_006,1236208
83078,616,0,CV009_006,1236824
83079,616,0,CV009_006,1237440
83080,612,0,CV009_006,1238052
83081,612,0,CV009_006,1238664
83082,616,0,CV009_006,1239280
83083,624,0,CV009_006,1239904
83084,620,0,CV009_006,1240524
83085,616,0,CV009_006,1241140
83086,616,0,CV009_006,1241756
83087,624,0,CV009_006,1242380
83088,620,0,CV009_006,1243000
83089,608,0,CV009_006,1243608
83090,620,0,CV009_006,1244228
83091,616,0,CV009_006,1244844
83092,608,0,CV009_006,1245452
83093,560,0,CV009_006,1246012
83094,616,0,CV009_006,1246628
83095,672,0,CV009_006,1247300
83096,560,0,CV009_006,1247860
83097,668,0,CV009_006,1248528
83098,564,0,CV009_006,1249092
83099,668,0,CV009_006,1249760
83100,612,0,CV009_006,1250372
83101,544,0,CV009_006,1250916
83102,684,0,CV009_006,1251600
83103,620,0,CV009_006,1252220
83104,612,0,CV009_006,1252832
83105,1176,0,CV009_006,1254008
83106,664,0,CV009_006,1254672
83107,600,0,CV009_006,1255272
83108,556,0,CV009_006,1255828
83109,664,0,CV009_006,1256492
83110,552,0,CV009_006,1257044
83111,608,0,CV009_006,1257652
83112,664,0,CV009_006,1258316
83113,604,0,CV009_006,1258920
83114,608,0,CV009_006,1259528
83115,556,0,CV009_006,1260084
83116,668,0,CV009_006,1260752
83117,560,0,CV009_006,1261312
83118,600,0,CV009_006,1261912
83119,616,0,CV009_006,1262528
83120,664,0,CV009_006,1263192
83121,616,0,CV009_006,1263808
83122,604,0,CV009_006,1264412
83123,612,0,CV009_006,1265024
83124,560,0,CV009_006,1265584
83125,660,0,CV009_006,1266244
83126,552,0,CV009_006,1266796
83127,608,0,CV009_006,1267404
83128,612,0,CV009_006,1268016
83129,604,0,CV009_006,1268620
83130,596,0,CV009_006,1269216
83131,608,0,CV009_006,1269824
83132,608,0,CV009_006,1270432
83133,608,0,CV009_006,1271040
83134,652,0,CV009_006,1271692
83135,612,0,CV009_006,1272304
83136,568,0,CV009_006,1272872
83137,612,0,CV009_006,1273484
83138,664,0,CV009_006,1274148
83139,616,0,CV009_006,1274764
83140,620,0,CV009_006,1275384
83141,616,0,CV009_006,1276000
83142,612,0,CV009_006,1276612
83143,608,0,CV009_006,1277220
83144,616,0,CV009_006,1277836
83145,616,0,CV009_006,1278452
83146,556,0,CV009_006,1279008
83147,608,0,CV009_006,1279616
83148,612,0,CV009_006,1280228
83149,612,0,CV009_006,1280840
83150,612,0,CV009_006,1281452
83151,604,0,CV009_006,1282056
83152,620,0,CV009_006,1282676
83153,664,0,CV009_006,1283340
83154,1172,0,CV009_006,1284512
83155,616,0,CV009_006,1285128
83156,668,0,CV009_006,1285796
83157,560,0,CV009_006,1286356
83158,668,0,CV009_006,1287024
83159,568,0,CV009_006,1287592
83160,620,0,CV009_006,1288212
83161,660,0,CV009_006,1288872
83162,564,0,CV009_006,1289436
83163,616,0,CV009_006,1290052
83164,664,0,CV009_006,1290716
83165,608,0,CV009_006,1291324
83166,608,0,CV009_006,1291932
83167,564,0,CV009_006,1292496
83168,608,0,CV009_006,1293104
83169,660,0,CV009_006,1293764
83170,568,0,CV009_006,1294332
83171,604,0,CV009_006,1294936
83172,672,0,CV009_006,1295608
83173,612,0,CV009_006,1296220
83174,616,0,CV009_006,1296836
83175,612,0,CV009_006,1297448
83176,608,0,CV009_006,1298056
83177,612,0,CV009_006,1298668
83178,616,0,CV009_006,1299284
83179,608,0,CV009_006,1299892
83180,608,0,CV009_006,1300500
83181,560,0,CV009_006,1301060
83182,668,0,CV009_006,1301728
83183,604,0,CV009_006,1302332
83184,612,0,CV009_006,1302944
83185,572,0,CV009_006,1303516
83186,616,0,CV009_006,1304132
83187,656,0,CV009_006,1304788
83188,612,0,CV009_006,1305400
83189,620,0,CV009_006,1306020
83190,612,0,CV009_006,1306632
83191,552,0,CV009_006,1307184
83192,616,0,CV009_006,1307800
83193,668,0,CV009_006,1308468
83194,556,0,CV009_006,1309024
83195,612,0,CV009_006,1309636
83196,672,0,CV009_006,1310308
83197,624,0,CV009_006,1310932
83198,552,0,CV009_006,1311484
83199,672,0,CV009_006,1312156
83200,620,0,CV009_006,1312776
83201,616,0,CV009_006,1313392
83202,552,0,CV009_006,1313944
83203,664,0,CV009_006,1314608
83204,616,0,CV009_006,1315224
83205,612,0,CV009_006,1315836
83206,604,0,CV009_006,1316440
83207,612,0,CV009_006,1317052
83208,616,0,CV009_006,1317668
83209,616,0,CV009_006,1318284
83210,608,0,CV009_006,1318892
83211,620,0,CV009_006,1319512
83212,564,0,CV009_006,1320076
83213,664,0,CV009_006,1320740
83214,556,0,CV009_006,1321296
83215,628,0,CV009_006,1321924
83216,660,0,CV009_006,1322584
83217,604,0,CV009_006,1323188
83218,560,0,CV009_006,1323748
83219,612,0,CV009_006,1324360
83220,664,0,CV009_006,1325024
83221,552,0,CV009_006,1325576
83222,612,0,CV009_006,1326188
83223,668,0,CV009_006,1326856
83224,612,0,CV009_006,1327468
83225,556,0,CV009_006,1328024
83226,612,0,CV009_006,1328636
83227,620,0,CV009_006,1329256
83228,664,0,CV009_006,1329920
83229,556,0,CV009_006,1330476
83230,616,0,CV009_006,1331092
83231,672,0,CV009_006,1331764
83232,604,0,CV009_006,1332368
83233,564,0,CV009_006,1332932
83234,672,0,CV009_006,1333604
83235,616,0,CV009_006,1334220
83236,616,0,CV009_006,1334836
83237,608,0,CV009_006,1335444
83238,612,0,CV009_006,1336056
83239,600,0,CV009_006,1336656
83240,604,0,CV009_006,1337260
83241,608,0,CV009_006,1337868
83242,600,0,CV009_006,1338468
83243,604,0,CV009_006,1339072
83244,604,0,CV009_006,1339676
83245,1204,0,CV009_006,1340880
83246,600,0,CV009_006,1341480
83247,556,0,CV009_006,1342036
83248,600,0,CV009_006,1342636
83249,604,0,CV009_006,1343240
83250,608,0,CV009_006,1343848
83251,604,0,CV009_006,1344452
83252,604,0,CV009_006,1345056
83253,600,0,CV009_006,1345656
83254,664,0,CV009_006,1346320
83255,596,0,CV009_006,1346916
83256,604,0,CV009_006,1347520
83257,560,0,CV009_006,1348080
83258,656,0,CV009_006,1348736
83259,604,0,CV009_006,1349340
83260,612,0,CV009_006,1349952
83261,604,0,CV009_006,1350556
83262,608,0,CV009_006,1351164
83263,1212,0,CV009_006,1352376
83264,1220,0,CV009_006,1353596
83265,616,0,CV009_006,1354212
83266,616,0,CV009_006,1354828
83267,624,0,CV009_006,1355452
83268,612,0,CV009_006,1356064
83269,612,0,CV009_006,1356676
83270,556,0,CV009_006,1357232
83271,624,0,CV009_006,1357856
83272,608,0,CV009_006,1358464
83273,612,0,CV009_006,1359076
83274,612,0,CV009_006,1359688
83275,612,0,CV009_006,1360300
83276,604,0,CV009_006,1360904
83277,608,0,CV009_006,1361512
83278,660,0,CV009_006,1362172
83279,604,0,CV009_006,1362776
83280,608,0,CV009_006,1363384
83281,1224,0,CV009_006,1364608
83282,608,0,CV009_006,1365216
83283,612,0,CV009_006,1365828
83284,556,0,CV009_006,1366384
83285,672,0,CV009_006,1367056
83286,552,0,CV009_006,1367608
83287,664,0,CV009_006,1368272
83288,612,0,CV009_006,1368884
83289,608,0,CV009_006,1369492
83290,552,0,CV009_006,1370044
83291,608,0,CV009_006,1370652
83292,664,0,CV009_006,1371316
83293,612,0,CV009_006,1371928
83294,548,0,CV009_006,1372476
83295,604,0,CV009_006,1373080
83296,608,0,CV009_006,1373688
83297,604,0,CV009_006,1374292
83298,604,0,CV009_006,1374896
83299,608,0,CV009_006,1375504
83300,612,0,CV009_006,1376116
83301,656,0,CV009_006,1376772
83302,556,0,CV009_006,1377328
83303,664,0,CV009_006,1377992
83304,564,0,CV009_006,1378556
83305,608,0,CV009_006,1379164
83306,616,0,CV009_006,1379780
83307,620,0,CV009_006,1380400
83308,1224,0,CV009_006,1381624
83309,620,0,CV009_006,1382244
83310,612,0,CV009_006,1382856
83311,604,0,CV009_006,1383460
83312,664,0,CV009_006,1384124
83313,616,0,CV009_006,1384740
83314,612,0,CV009_006,1385352
83315,616,0,CV009_006,1385968
83316,608,0,CV009_006,1386576
83317,620,0,CV009_006,1387196
83318,612,0,CV009_006,1387808
83319,616,0,CV009_006,1388424
83320,560,0,CV009_006,1388984
83321,676,0,CV009_006,1389660
83322,612,0,CV009_006,1390272
83323,616,0,CV009_006,1390888
83324,620,0,CV009_006,1391508
83325,568,0,CV009_006,1392076
83326,668,0,CV009_006,1392744
83327,612,0,CV009_006,1393356
83328,620,0,CV009_006,1393976
83329,612,0,CV009_006,1394588
83330,560,0,CV009_006,1395148
83331,664,0,CV009_006,1395812
83332,1176,0,CV009_006,1396988
83333,664,0,CV009_006,1397652
83334,612,0,CV009_006,1398264
83335,616,0,CV009_006,1398880
83336,608,0,CV009_006,1399488
83337,604,0,CV009_006,1400092
83338,556,0,CV009_006,1400648
83339,612,0,CV009_006,1401260
83340,660,0,CV009_006,1401920
83341,552,0,CV009_006,1402472
83342,612,0,CV009_006,1403084
83343,668,0,CV009_006,1403752
83344,620,0,CV009_006,1404372
83345,616,0,CV009_006,1404988
83346,564,0,CV009_006,1405552
83347,668,0,CV009_006,1406220
83348,624,0,CV009_006,1406844
83349,620,0,CV009_006,1407464
83350,616,0,CV009_006,1408080
83351,624,0,CV009_006,1408704
83352,624,0,CV009_006,1409328
83353,616,0,CV009_006,1409944
83354,556,0,CV009_006,1410500
83355,616,0,CV009_006,1411116
83356,616,0,CV009_006,1411732
83357,612,0,CV009_006,1412344
83358,612,0,CV009_006,1412956
83359,616,0,CV009_006,1413572
83360,664,0,CV009_006,1414236
83361,564,0,CV009_006,1414800
83362,608,0,CV009_006,1415408
83363,668,0,CV009_006,1416076
83364,612,0,CV009_006,1416688
83365,556,0,CV009_006,1417244
83366,668,0,CV009_006,1417912
83367,616,0,CV009_006,1418528
83368,568,0,CV009_006,1419096
83369,612,0,CV009_006,1419708
83370,616,0,CV009_006,1420324
83371,668,0,CV009_006,1420992
83372,564,0,CV009_006,1421556
83373,656,0,CV009_006,1422212
83374,612,0,CV009_006,1422824
83375,616,0,CV009_006,1423440
83376,560,0,CV009_006,1424000
83377,660,0,CV009_006,1424660
83378,608,0,CV009_006,1425268
83379,612,0,CV009_006,1425880
83380,604,0,CV009_006,1426484
83381,604,0,CV009_006,1427088
83382,608,0,CV009_006,1427696
83383,612,0,CV009_006,1428308
83384,604,0,CV009_006,1428912
83385,608,0,CV009_006,1429520
83386,564,0,CV009_006,1430084
83387,668,0,CV009_006,1430752
83388,612,0,CV009_006,1431364
83389,568,0,CV009_006,1431932
83390,624,0,CV009_006,1432556
83391,624,0,CV009_006,1433180
83392,672,0,CV009_006,1433852
83393,632,0,CV009_006,1434484
83394,584,0,CV009_006,1435068
83395,620,0,CV009_006,1435688
83396,684,0,CV009_006,1436372
83397,632,0,CV009_006,1437004
83398,632,0,CV009_006,1437636
83399,620,0,CV009_006,1438256
83400,632,0,CV009_006,1438888
83401,632,0,CV009_006,1439520
83402,628,0,CV009_006,1440148
83403,620,0,CV009_006,1440768
83404,624,0,CV009_006,1441392
83405,620,0,CV009_006,1442012
83406,616,0,CV009_006,1442628
83407,568,0,CV009_006,1443196
83408,676,0,CV009_006,1443872
83409,616,0,CV009_006,1444488
83410,620,0,CV009_006,1445108
83411,628,0,CV009_006,1445736
83412,624,0,CV009_006,1446360
83413,624,0,CV009_006,1446984
83414,580,0,CV009_006,1447564
83415,620,0,CV009_006,1448184
83416,624,0,CV009_006,1448808
83417,676,0,CV009_006,1449484
83418,616,0,CV009_006,1450100
83419,564,0,CV009_006,1450664
83420,676,0,CV009_006,1451340
83421,612,0,CV009_006,1451952
83422,568,0,CV009_006,1452520
83423,624,0,CV009_006,1453144
83424,616,0,CV009_006,1453760
83425,616,0,CV009_006,1454376
83426,628,0,CV009_006,1455004
83427,668,0,CV009_006,1455672
83428,564,0,CV009_006,1456236
83429,672,0,CV009_006,1456908
83430,628,0,CV009_006,1457536
83431,576,0,CV009_006,1458112
83432,620,0,CV009_006,1458732
83433,680,0,CV009_006,1459412
83434,1248,0,CV009_006,1460660
83435,624,0,CV009_006,1461284
83436,624,0,CV009_006,1461908
83437,620,0,CV009_006,1462528
83438,568,0,CV009_006,1463096
83439,620,0,CV009_006,1463716
83440,672,0,CV009_006,1464388
83441,556,0,CV009_006,1464944
83442,672,0,CV009_006,1465616
83443,624,0,CV009_006,1466240
83444,616,0,CV009_006,1466856
83445,616,0,CV009_006,1467472
83446,1244,0,CV009_006,1468716
83447,612,0,CV009_006,1469328
83448,568,0,CV009_006,1469896
83449,616,0,CV009_006,1470512
83450,612,0,CV009_006,1471124
83451,612,0,CV009_006,1471736
83452,676,0,CV009_006,1472412
83453,612,0,CV009_006,1473024
83454,560,0,CV009_006,1473584
83455,616,0,CV009_006,1474200
83456,672,0,CV009_006,1474872
83457,616,0,CV009_006,1475488
83458,616,0,CV009_006,1476104
83459,616,0,CV009_006,1476720
83460,608,0,CV009_006,1477328
83461,624,0,CV009_006,1477952
83462,616,0,CV009_006,1478568
83463,560,0,CV009_006,1479128
83464,620,0,CV009_006,1479748
83465,680,0,CV009_006,1480428
83466,560,0,CV009_006,1480988
83467,616,0,CV009_006,1481604
83468,620,0,CV009_006,1482224
83469,672,0,CV009_006,1482896
83470,556,0,CV009_006,1483452
83471,664,0,CV009_006,1484116
83472,620,0,CV009_006,1484736
83473,608,0,CV009_006,1485344
83474,564,0,CV009_006,1485908
83475,664,0,CV009_006,1486572
83476,556,0,CV009_006,1487128
83477,612,0,CV009_006,1487740
83478,616,0,CV009_006,1488356
83479,612,0,CV009_006,1488968
83480,608,0,CV009_006,1489576
83481,668,0,CV009_006,1490244
83482,620,0,CV009_006,1490864
83483,612,0,CV009_006,1491476
83484,560,0,CV009_006,1492036
83485,676,0,CV009_006,1492712
83486,624,0,CV009_006,1493336
83487,564,0,CV009_006,1493900
83488,664,0,CV009_006,1494564
83489,564,0,CV009_006,1495128
83490,608,0,CV009_006,1495736
83491,672,0,CV009_006,1496408
83492,616,0,CV009_006,1497024
83493,608,0,CV009_006,1497632
83494,612,0,CV009_006,1498244
83495,612,0,CV009_006,1498856
83496,600,0,CV009_006,1499456
83497,564,0,CV009_006,1500020
83498,660,0,CV009_006,1500680
83499,608,0,CV009_006,1501288
83500,600,0,CV009_006,1501888
83501,556,0,CV009_006,1502444
83502,600,0,CV009_006,1503044
83503,612,0,CV009_006,1503656
83504,604,0,CV009_006,1504260
83505,608,0,CV009_006,1504868
83506,660,0,CV009_006,1505528
83507,616,0,CV009_006,1506144
83508,556,0,CV009_006,1506700
83509,664,0,CV009_006,1507364
83510,560,0,CV009_006,1507924
83511,672,0,CV009_006,1508596
83512,556,0,CV009_006,1509152
83513,668,0,CV009_006,1509820
83514,620,0,CV009_006,1510440
83515,568,0,CV009_006,1511008
83516,612,0,CV009_006,1511620
83517,616,0,CV009_006,1512236
83518,612,0,CV009_006,1512848
83519,672,0,CV009_006,1513520
83520,612,0,CV009_006,1514132
83521,560,0,CV009_006,1514692
83522,664,0,CV009_006,1515356
83523,564,0,CV009_006,1515920
83524,612,0,CV009_006,1516532
83525,608,0,CV009_006,1517140
83526,620,0,CV009_006,1517760
83527,664,0,CV009_006,1518424
83528,560,0,CV009_006,1518984
83529,668,0,CV009_006,1519652
83530,616,0,CV009_006,1520268
83531,624,0,CV009_006,1520892
83532,616,0,CV009_006,1521508
83533,628,0,CV009_006,1522136
83534,628,0,CV009_006,1522764
83535,632,0,CV009_006,1523396
83536,616,0,CV009_006,1524012
83537,576,0,CV009_006,1524588
83538,680,0,CV009_006,1525268
83539,616,0,CV009_006,1525884
83540,616,0,CV009_006,1526500
83541,556,0,CV009_006,1527056
83542,684,0,CV009_006,1527740
83543,560,0,CV009_006,1528300
83544,668,0,CV009_006,1528968
83545,564,0,CV009_006,1529532
83546,612,0,CV009_006,1530144
83547,608,0,CV009_006,1530752
83548,616,0,CV009_006,1531368
83549,620,0,CV009_006,1531988
83550,612,0,CV009_006,1532600
83551,616,0,CV009_006,1533216
83552,672,0,CV009_006,1533888
83553,616,0,CV009_006,1534504
83554,556,0,CV009_006,1535060
83555,684,0,CV009_006,1535744
83556,624,0,CV009_006,1536368
83557,612,0,CV009_006,1536980
83558,616,0,CV009_006,1537596
83559,572,0,CV009_006,1538168
83560,668,0,CV009_006,1538836
83561,608,0,CV009_006,1539444
83562,612,0,CV009_006,1540056
83563,564,0,CV009_006,1540620
83564,608,0,CV009_006,1541228
83565,1280,0,CV009_006,1542508
83566,624,0,CV009_006,1543132
83567,628,0,CV009_006,1543760
83568,616,0,CV009_006,1544376
83569,620,0,CV009_006,1544996
83570,568,0,CV009_006,1545564
83571,628,0,CV009_006,1546192
83572,632,0,CV009_006,1546824
83573,680,0,CV009_006,1547504
83574,564,0,CV009_006,1548068
83575,680,0,CV009_006,1548748
83576,624,0,CV009_006,1549372
83577,568,0,CV009_006,1549940
83578,624,0,CV009_006,1550564
83579,612,0,CV009_006,1551176
83580,668,0,CV009_006,1551844
83581,612,0,CV009_006,1552456
83582,612,0,CV009_006,1553068
83583,620,0,CV009_006,1553688
83584,612,0,CV009_006,1554300
83585,604,0,CV009_006,1554904
83586,560,0,CV009_006,1555464
83587,604,0,CV009_006,1556068
83588,672,0,CV009_006,1556740
83589,608,0,CV009_006,1557348
83590,560,0,CV009_006,1557908
83591,668,0,CV009_006,1558576
83592,568,0,CV009_006,1559144
83593,660,0,CV009_006,1559804
83594,616,0,CV009_006,1560420
83595,572,0,CV009_006,1560992
83596,624,0,CV009_006,1561616
83597,612,0,CV009_006,1562228
83598,672,0,CV009_006,1562900
83599,572,0,CV009_006,1563472
83600,676,0,CV009_006,1564148
83601,612,0,CV009_006,1564760
83602,568,0,CV009_006,1565328
83603,620,0,CV009_006,1565948
83604,624,0,CV009_006,1566572
83605,616,0,CV009_006,1567188
83606,620,0,CV009_006,1567808
83607,616,0,CV009_006,1568424
83608,628,0,CV009_006,1569052
83609,608,0,CV009_006,1569660
83610,620,0,CV009_006,1570280
83611,620,0,CV009_006,1570900
83612,620,0,CV009_006,1571520
83613,660,0,CV009_006,1572180
83614,620,0,CV009_006,1572800
83615,612,0,CV009_006,1573412
83616,564,0,CV009_006,1573976
83617,660,0,CV009_006,1574636
83618,560,0,CV009_006,1575196
83619,608,0,CV009_006,1575804
83620,672,0,CV009_006,1576476
83621,608,0,CV009_006,1577084
83622,608,0,CV009_006,1577692
83623,612,0,CV009_006,1578304
83624,568,0,CV009_006,1578872
83625,616,0,CV009_006,1579488
83626,664,0,CV009_006,1580152
83627,560,0,CV009_006,1580712
83628,668,0,CV009_006,1581380
83629,560,0,CV009_006,1581940
83630,660,0,CV009_006,1582600
83631,560,0,CV009_006,1583160
83632,620,0,CV009_006,1583780
83633,612,0,CV009_006,1584392
83634,672,0,CV009_006,1585064
83635,616,0,CV009_006,1585680
83636,568,0,CV009_006,1586248
83637,616,0,CV009_006,1586864
83638,620,0,CV009_006,1587484
83639,1292,0,CV009_006,1588776
83640,612,0,CV009_006,1589388
83641,568,0,CV009_006,1589956
83642,620,0,CV009_006,1590576
83643,612,0,CV009_006,1591188
83644,664,1,CV009_006,1591852
83645,564,0,CV009_006,1592416
83646,612,0,CV009_006,1593028
83647,604,0,CV009_006,1593632
83648,616,0,CV009_006,1594248
83649,616,0,CV009_006,1594864
83650,608,0,CV009_006,1595472
83651,616,0,CV009_006,1596088
83652,624,0,CV009_006,1596712
83653,628,0,CV009_006,1597340
83654,620,0,CV009_006,1597960
83655,624,0,CV009_006,1598584
83656,632,0,CV009_006,1599216
83657,620,0,CV009_006,1599836
83658,628,0,CV009_006,1600464
83659,624,0,CV009_006,1601088
83660,620,0,CV009_006,1601708
83661,620,0,CV009_006,1602328
83662,624,0,CV009_006,1602952
83663,664,0,CV009_006,1603616
83664,568,0,CV009_006,1604184
83665,672,0,CV009_006,1604856
83666,604,0,CV009_006,1605460
83667,620,0,CV009_006,1606080
83668,612,0,CV009_006,1606692
83669,612,0,CV009_006,1607304
83670,612,0,CV009_006,1607916
83671,624,0,CV009_006,1608540
83672,560,0,CV009_006,1609100
83673,624,0,CV009_006,1609724
83674,676,0,CV009_006,1610400
83675,628,0,CV009_006,1611028
83676,564,0,CV009_006,1611592
83677,620,0,CV009_006,1612212
83678,624,0,CV009_006,1612836
83679,676,0,CV009_006,1613512
83680,568,0,CV009_006,1614080
83681,668,0,CV009_006,1614748
83682,572,0,CV009_006,1615320
83683,676,0,CV009_006,1615996
83684,620,0,CV009_006,1616616
83685,572,0,CV009_006,1617188
83686,624,0,CV009_006,1617812
83687,672,0,CV009_006,1618484
83688,620,0,CV009_006,1619104
83689,624,0,CV009_006,1619728
83690,624,0,CV009_006,1620352
83691,628,0,CV009_006,1620980
83692,628,0,CV009_006,1621608
83693,616,0,CV009_006,1622224
83694,628,0,CV009_006,1622852
83695,628,0,CV009_006,1623480
83696,568,0,CV009_006,1624048
83697,624,0,CV009_006,1624672
83698,628,0,CV009_006,1625300
83699,676,0,CV009_006,1625976
83700,628,0,CV009_006,1626604
83701,628,0,CV009_006,1627232
83702,632,0,CV009_006,1627864
83703,620,0,CV009_006,1628484
83704,624,0,CV009_006,1629108
83705,584,0,CV009_006,1629692
83706,624,0,CV009_006,1630316
83707,680,0,CV009_006,1630996
83708,628,0,CV009_006,1631624
83709,572,0,CV009_006,1632196
83710,672,0,CV009_006,1632868
83711,576,0,CV009_006,1633444
83712,1248,0,CV009_006,1634692
83713,632,0,CV009_006,1635324
83714,680,0,CV009_006,1636004
83715,624,0,CV009_006,1636628
83716,568,0,CV009_006,1637196
83717,632,0,CV009_006,1637828
83718,672,0,CV009_006,1638500
83719,564,0,CV009_006,1639064
83720,616,0,CV009_006,1639680
83721,680,0,CV009_006,1640360
83722,612,0,CV009_006,1640972
83723,564,0,CV009_006,1641536
83724,668,0,CV009_006,1642204
83725,612,0,CV009_006,1642816
83726,612,0,CV009_006,1643428
83727,568,0,CV009_006,1643996
83728,668,0,CV009_006,1644664
83729,560,0,CV009_006,1645224
83730,616,0,CV009_006,1645840
83731,664,0,CV009_006,1646504
83732,560,0,CV009_006,1647064
83733,668,0,CV009_006,1647732
83734,616,0,CV009_006,1648348
83735,620,0,CV009_006,1648968
83736,612,0,CV009_006,1649580
83737,616,0,CV009_006,1650196
83738,620,0,CV009_006,1650816
83739,616,0,CV009_006,1651432
83740,564,0,CV009_006,1651996
83741,620,0,CV009_006,1652616
83742,616,0,CV009_006,1653232
83743,680,0,CV009_006,1653912
83744,616,0,CV009_006,1654528
83745,568,0,CV009_006,1655096
83746,672,0,CV009_006,1655768
83747,564,0,CV009_006,1656332
83748,612,0,CV009_006,1656944
83749,668,0,CV009_006,1657612
83750,612,0,CV009_006,1658224
83751,552,0,CV009_006,1658776
83752,616,0,CV009_006,1659392
83753,668,0,CV009_006,1660060
83754,572,0,CV009_006,1660632
83755,616,0,CV009_006,1661248
83756,620,0,CV009_006,1661868
83757,628,0,CV009_006,1662496
83758,624,0,CV009_006,1663120
83759,620,0,CV009_006,1663740
83760,624,0,CV009_006,1664364
83761,628,0,CV009_006,1664992
83762,620,0,CV009_006,1665612
83763,612,0,CV009_006,1666224
83764,612,0,CV009_006,1666836
83765,616,0,CV009_006,1667452
83766,608,0,CV009_006,1668060
83767,608,0,CV009_006,1668668
83768,616,0,CV009_006,1669284
83769,612,0,CV009_006,1669896
83770,220,0,CV009_006,1670116
83771,388,0,CV009_006,1670504
83772,612,0,CV009_006,1671116
83773,612,0,CV009_006,1671728
83774,604,0,CV009_006,1672332
83775,664,0,CV009_006,1672996
83776,620,0,CV009_006,1673616
83777,612,0,CV009_006,1674228
83778,612,0,CV009_006,1674840
83779,616,0,CV009_006,1675456
83780,624,0,CV009_006,1676080
83781,616,0,CV009_006,1676696
83782,560,0,CV009_006,1677256
83783,668,0,CV009_006,1677924
83784,620,0,CV009_006,1678544
83785,568,0,CV009_006,1679112
83786,616,0,CV009_006,1679728
83787,616,0,CV009_006,1680344
83788,668,0,CV009_006,1681012
83789,612,0,CV009_006,1681624
83790,612,0,CV009_006,1682236
83791,568,0,CV009_006,1682804
83792,620,0,CV009_006,1683424
83793,612,0,CV009_006,1684036
83794,620,0,CV009_006,1684656
83795,620,0,CV009_006,1685276
83796,668,0,CV009_006,1685944
83797,568,0,CV009_006,1686512
83798,624,0,CV009_006,1687136
83799,672,0,CV009_006,1687808
83800,612,0,CV009_006,1688420
83801,620,0,CV009_006,1689040
83802,624,0,CV009_006,1689664
83803,568,0,CV009_006,1690232
83804,612,0,CV009_006,1690844
83805,612,0,CV009_006,1691456
83806,620,0,CV009_006,1692076
83807,616,0,CV009_006,1692692
83808,612,0,CV009_006,1693304
83809,624,0,CV009_006,1693928
83810,616,0,CV009_006,1694544
83811,668,1,CV009_006,1695212
83812,568,0,CV009_006,1695780
83813,624,0,CV009_006,1696404
83814,624,0,CV009_006,1697028
83815,616,0,CV009_006,1697644
83816,620,0,CV009_006,1698264
83817,624,0,CV009_006,1698888
83818,620,0,CV009_006,1699508
83819,616,0,CV009_006,1700124
83820,616,0,CV009_006,1700740
83821,668,0,CV009_006,1701408
83822,612,0,CV009_006,1702020
83823,612,0,CV009_006,1702632
83824,624,0,CV009_006,1703256
83825,616,0,CV009_006,1703872
83826,604,0,CV009_006,1704476
83827,568,0,CV009_006,1705044
83828,672,0,CV009_006,1705716
83829,564,0,CV009_006,1706280
83830,672,0,CV009_006,1706952
83831,624,0,CV009_006,1707576
83832,568,0,CV009_006,1708144
83833,664,0,CV009_006,1708808
83834,572,0,CV009_006,1709380
83835,676,0,CV009_006,1710056
83836,620,0,CV009_006,1710676
83837,564,0,CV009_006,1711240
83838,668,0,CV009_006,1711908
83839,624,0,CV009_006,1712532
83840,612,0,CV009_006,1713144
83841,612,0,CV009_006,1713756
83842,564,0,CV009_006,1714320
83843,676,0,CV009_006,1714996
83844,612,0,CV009_006,1715608
83845,616,0,CV009_006,1716224
83846,572,0,CV009_006,1716796
83847,616,0,CV009_006,1717412
83848,620,0,CV009_006,1718032
83849,680,0,CV009_006,1718712
83850,564,0,CV009_006,1719276
83851,672,0,CV009_006,1719948
83852,572,0,CV009_006,1720520
83853,628,0,CV009_006,1721148
83854,668,0,CV009_006,1721816
83855,628,0,CV009_006,1722444
83856,576,0,CV009_006,1723020
83857,668,0,CV009_006,1723688
83858,572,0,CV009_006,1724260
83859,676,0,CV009_006,1724936
83860,568,0,CV009_006,1725504
83861,620,0,CV009_006,1726124
83862,672,0,CV009_006,1726796
83863,616,0,CV009_006,1727412
83864,572,0,CV009_006,1727984
83865,620,0,CV009_006,1728604
83866,664,0,CV009_006,1729268
83867,568,0,CV009_006,1729836
83868,616,0,CV009_006,1730452
83869,660,0,CV009_006,1731112
83870,564,0,CV009_006,1731676
83871,664,0,CV009_006,1732340
83872,608,0,CV009_006,1732948
83873,564,0,CV009_006,1733512
83874,1280,0,CV009_006,1734792
83875,616,0,CV009_006,1735408
83876,612,0,CV009_006,1736020
83877,564,0,CV009_006,1736584
83878,660,0,CV009_006,1737244
83879,564,0,CV009_006,1737808
83880,612,0,CV009_006,1738420
83881,660,0,CV009_006,1739080
83882,564,0,CV009_006,1739644
83883,620,0,CV009_006,1740264
83884,608,0,CV009_006,1740872
83885,620,0,CV009_006,1741492
83886,620,0,CV009_006,1742112
83887,616,0,CV009_006,1742728
83888,672,0,CV009_006,1743400
83889,576,0,CV009_006,1743976
83890,672,0,CV009_006,1744648
83891,612,0,CV009_006,1745260
83892,568,0,CV009_006,1745828
83893,668,0,CV009_006,1746496
83894,608,0,CV009_006,1747104
83895,556,0,CV009_006,1747660
83896,612,0,CV009_006,1748272
83897,604,0,CV009_006,1748876
83898,596,0,CV009_006,1749472
83899,604,0,CV009_006,1750076
83900,608,0,CV009_006,1750684
83901,608,0,CV009_006,1751292
83902,612,0,CV009_006,1751904
83903,660,0,CV009_006,1752564
83904,564,0,CV009_006,1753128
83905,676,0,CV009_006,1753804
83906,616,0,CV009_006,1754420
83907,616,0,CV009_006,1755036
83908,624,0,CV009_006,1755660
83909,624,0,CV009_006,1756284
83910,620,0,CV009_006,1756904
83911,616,0,CV009_006,1757520
83912,568,0,CV009_006,1758088
83913,620,0,CV009_006,1758708
83914,620,0,CV009_006,1759328
83915,612,0,CV009_006,1759940
83916,664,0,CV009_006,1760604
83917,568,0,CV009_006,1761172
83918,668,0,CV009_006,1761840
83919,608,0,CV009_006,1762448
83920,612,0,CV009_006,1763060
83921,616,0,CV009_006,1763676
83922,620,0,CV009_006,1764296
83923,612,0,CV009_006,1764908
83924,616,0,CV009_006,1765524
83925,564,0,CV009_006,1766088
83926,620,0,CV009_006,1766708
83927,624,0,CV009_006,1767332
83928,676,0,CV009_006,1768008
83929,568,0,CV009_006,1768576
83930,676,0,CV009_006,1769252
83931,576,0,CV009_006,1769828
83932,676,0,CV009_006,1770504
83933,564,0,CV009_006,1771068
83934,624,0,CV009_006,1771692
83935,624,0,CV009_006,1772316
83936,680,0,CV009_006,1772996
83937,572,0,CV009_006,1773568
83938,556,0,CV009_007,556
83939,608,0,CV009_007,1164
83940,612,0,CV009_007,1776
83941,1200,0,CV009_007,2976
83942,616,0,CV009_007,3592
83943,604,0,CV009_007,4196
83944,608,0,CV009_007,4804
83945,660,1,CV009_007,5464
83946,544,0,CV009_007,6008
83947,596,0,CV009_007,6604
83948,596,0,CV009_007,7200
83949,596,0,CV009_007,7796
83950,656,0,CV009_007,8452
83951,548,0,CV009_007,9000
83952,340,0,CV009_007,9340
83953,260,0,CV009_007,9600
83954,600,0,CV009_007,10200
83955,600,0,CV009_007,10800
83956,668,1,CV009_007,11468
83957,552,0,CV009_007,12020
83958,612,0,CV009_007,12632
83959,608,0,CV009_007,13240
83960,608,0,CV009_007,13848
83961,624,0,CV009_007,14472
83962,620,0,CV009_007,15092
83963,616,0,CV009_007,15708
83964,624,0,CV009_007,16332
83965,616,0,CV009_007,16948
83966,620,0,CV009_007,17568
83967,1904,0,CV009_007,19472
83968,556,0,CV009_007,20028
83969,620,0,CV009_007,20648
83970,612,0,CV009_007,21260
83971,668,1,CV009_007,21928
83972,556,0,CV009_007,22484
83973,612,0,CV009_007,23096
83974,612,0,CV009_007,23708
83975,1236,0,CV009_007,24944
83976,1232,0,CV009_007,26176
83977,620,0,CV009_007,26796
83978,672,0,CV009_007,27468
83979,560,0,CV009_007,28028
83980,620,0,CV009_007,28648
83981,620,0,CV009_007,29268
83982,616,0,CV009_007,29884
83983,620,0,CV009_007,30504
83984,628,0,CV009_007,31132
83985,616,0,CV009_007,31748
83986,1244,0,CV009_007,32992
83987,628,0,CV009_007,33620
83988,620,0,CV009_007,34240
83989,620,0,CV009_007,34860
83990,620,0,CV009_007,35480
83991,624,0,CV009_007,36104
83992,628,0,CV009_007,36732
83993,624,0,CV009_007,37356
83994,620,0,CV009_007,37976
83995,620,0,CV009_007,38596
83996,624,0,CV009_007,39220
83997,624,0,CV009_007,39844
83998,620,0,CV009_007,40464
83999,620,0,CV009_007,41084
84000,624,0,CV009_007,41708
84001,632,0,CV009_007,42340
84002,620,0,CV009_007,42960
84003,620,0,CV009_007,43580
84004,624,0,CV009_007,44204
84005,628,0,CV009_007,44832
84006,628,0,CV009_007,45460
84007,624,0,CV009_007,46084
84008,632,0,CV009_007,46716
84009,636,0,CV009_007,47352
84010,632,0,CV009_007,47984
84011,632,0,CV009_007,48616
84012,628,0,CV009_007,49244
84013,628,0,CV009_007,49872
84014,636,0,CV009_007,50508
84015,636,0,CV009_007,51144
84016,1324,0,CV009_007,52468
84017,560,0,CV009_007,53028
84018,624,0,CV009_007,53652
84019,624,0,CV009_007,54276
84020,628,0,CV009_007,54904
84021,620,0,CV009_007,55524
84022,616,0,CV009_007,56140
84023,616,0,CV009_007,56756
84024,1244,0,CV009_007,58000
84025,620,0,CV009_007,58620
84026,620,0,CV009_007,59240
84027,616,0,CV009_007,59856
84028,632,0,CV009_007,60488
84029,632,0,CV009_007,61120
84030,624,0,CV009_007,61744
84031,1260,0,CV009_007,63004
84032,624,0,CV009_007,63628
84033,624,0,CV009_007,64252
84034,628,0,CV009_007,64880
84035,620,0,CV009_007,65500
84036,624,0,CV009_007,66124
84037,616,0,CV009_007,66740
84038,624,0,CV009_007,67364
84039,624,0,CV009_007,67988
84040,620,0,CV009_007,68608
84041,620,0,CV009_007,69228
84042,624,0,CV009_007,69852
84043,624,0,CV009_007,70476
84044,612,0,CV009_007,71088
84045,624,0,CV009_007,71712
84046,620,0,CV009_007,72332
84047,620,0,CV009_007,72952
84048,612,0,CV009_007,73564
84049,624,0,CV009_007,74188
84050,624,0,CV009_007,74812
84051,676,1,CV009_007,75488
84052,564,0,CV009_007,76052
84053,620,0,CV009_007,76672
84054,624,0,CV009_007,77296
84055,624,0,CV009_007,77920
84056,624,0,CV009_007,78544
84057,620,0,CV009_007,79164
84058,624,0,CV009_007,79788
84059,684,1,CV009_007,80472
84060,568,0,CV009_007,81040
84061,624,0,CV009_007,81664
84062,624,0,CV009_007,82288
84063,624,0,CV009_007,82912
84064,628,0,CV009_007,83540
84065,624,0,CV009_007,84164
84066,620,0,CV009_007,84784
84067,1252,0,CV009_007,86036
84068,628,0,CV009_007,86664
84069,624,0,CV009_007,87288
84070,616,0,CV009_007,87904
84071,624,0,CV009_007,88528
84072,624,0,CV009_007,89152
84073,624,0,CV009_007,89776
84074,1240,0,CV009_007,91016
84075,624,0,CV009_007,91640
84076,624,0,CV009_007,92264
84077,620,0,CV009_007,92884
84078,616,0,CV009_007,93500
84079,616,0,CV009_007,94116
84080,624,0,CV009_007,94740
84081,612,0,CV009_007,95352
84082,616,0,CV009_007,95968
84083,616,0,CV009_007,96584
84084,616,0,CV009_007,97200
84085,624,0,CV009_007,97824
84086,676,1,CV009_007,98500
84087,560,0,CV009_007,99060
84088,616,0,CV009_007,99676
84089,628,0,CV009_007,100304
84090,628,0,CV009_007,100932
84091,624,0,CV009_007,101556
84092,616,0,CV009_007,102172
84093,628,0,CV009_007,102800
84094,684,0,CV009_007,103484
84095,572,0,CV009_007,104056
84096,684,0,CV009_007,104740
84097,568,0,CV009_007,105308
84098,628,0,CV009_007,105936
84099,628,0,CV009_007,106564
84100,688,0,CV009_007,107252
84101,568,0,CV009_007,107820
84102,680,0,CV009_007,108500
84103,568,0,CV009_007,109068
84104,684,0,CV009_007,109752
84105,568,0,CV009_007,110320
84106,620,0,CV009_007,110940
84107,624,0,CV009_007,111564
84108,684,0,CV009_007,112248
84109,564,0,CV009_007,112812
84110,676,0,CV009_007,113488
84111,564,0,CV009_007,114052
84112,676,0,CV009_007,114728
84113,568,0,CV009_007,115296
84114,620,0,CV009_007,115916
84115,624,0,CV009_007,116540
84116,680,0,CV009_007,117220
84117,576,0,CV009_007,117796
84118,1256,0,CV009_007,119052
84119,680,0,CV009_007,119732
84120,576,0,CV009_007,120308
84121,628,0,CV009_007,120936
84122,628,0,CV009_007,121564
84123,624,0,CV009_007,122188
84124,628,0,CV009_007,122816
84125,688,1,CV009_007,123504
84126,572,0,CV009_007,124076
84127,624,0,CV009_007,124700
84128,628,0,CV009_007,125328
84129,628,0,CV009_007,125956
84130,636,0,CV009_007,126592
84131,628,0,CV009_007,127220
84132,624,0,CV009_007,127844
84133,684,1,CV009_007,128528
84134,576,0,CV009_007,129104
84135,624,0,CV009_007,129728
84136,624,0,CV009_007,130352
84137,624,0,CV009_007,130976
84138,628,0,CV009_007,131604
84139,628,0,CV009_007,132232
84140,628,0,CV009_007,132860
84141,680,1,CV009_007,133540
84142,568,0,CV009_007,134108
84143,636,0,CV009_007,134744
84144,628,0,CV009_007,135372
84145,1308,0,CV009_007,136680
84146,1196,0,CV009_007,137876
84147,628,0,CV009_007,138504
84148,676,0,CV009_007,139180
84149,564,0,CV009_007,139744
84150,624,0,CV009_007,140368
84151,612,0,CV009_007,140980
84152,612,0,CV009_007,141592
84153,632,0,CV009_007,142224
84154,612,0,CV009_007,142836
84155,664,1,CV009_007,143500
84156,556,0,CV009_007,144056
84157,608,0,CV009_007,144664
84158,604,0,CV009_007,145268
84159,600,0,CV009_007,145868
84160,668,1,CV009_007,146536
84161,552,0,CV009_007,147088
84162,620,0,CV009_007,147708
84163,616,0,CV009_007,148324
84164,612,0,CV009_007,148936
84165,616,0,CV009_007,149552
84166,624,0,CV009_007,150176
84167,624,0,CV009_007,150800
84168,1860,0,CV009_007,152660
84169,628,0,CV009_007,153288
84170,620,0,CV009_007,153908
84171,620,0,CV009_007,154528
84172,620,0,CV009_007,155148
84173,624,0,CV009_007,155772
84174,628,0,CV009_007,156400
84175,616,0,CV009_007,157016
84176,676,1,CV009_007,157692
84177,564,0,CV009_007,158256
84178,628,0,CV009_007,158884
84179,628,0,CV009_007,159512
84180,628,0,CV009_007,160140
84181,620,0,CV009_007,160760
84182,628,0,CV009_007,161388
84183,628,0,CV009_007,162016
84184,632,0,CV009_007,162648
84185,624,0,CV009_007,163272
84186,628,0,CV009_007,163900
84187,636,0,CV009_007,164536
84188,624,0,CV009_007,165160
84189,628,0,CV009_007,165788
84190,624,0,CV009_007,166412
84191,624,0,CV009_007,167036
84192,628,0,CV009_007,167664
84193,628,0,CV009_007,168292
84194,628,0,CV009_007,168920
84195,1264,0,CV009_007,170184
84196,636,0,CV009_007,170820
84197,1264,0,CV009_007,172084
84198,632,0,CV009_007,172716
84199,632,0,CV009_007,173348
84200,632,0,CV009_007,173980
84201,640,0,CV009_007,174620
84202,636,0,CV009_007,175256
84203,636,0,CV009_007,175892
84204,632,0,CV009_007,176524
84205,636,0,CV009_007,177160
84206,636,0,CV009_007,177796
84207,1324,0,CV009_007,179120
84208,580,0,CV009_007,179700
84209,636,0,CV009_007,180336
84210,636,0,CV009_007,180972
84211,636,0,CV009_007,181608
84212,640,0,CV009_007,182248
84213,636,0,CV009_007,182884
84214,636,0,CV009_007,183520
84215,644,0,CV009_007,184164
84216,640,0,CV009_007,184804
84217,1280,0,CV009_007,186084
84218,640,0,CV009_007,186724
84219,640,0,CV009_007,187364
84220,640,0,CV009_007,188004
84221,636,0,CV009_007,188640
84222,640,0,CV009_007,189280
84223,636,0,CV009_007,189916
84224,636,0,CV009_007,190552
84225,632,0,CV009_007,191184
84226,636,0,CV009_007,191820
84227,1272,0,CV009_007,193092
84228,636,0,CV009_007,193728
84229,640,0,CV009_007,194368
84230,2612,0,CV009_007,196980
84231,580,0,CV009_007,197560
84232,636,0,CV009_007,198196
84233,636,0,CV009_007,198832
84234,700,1,CV009_007,199532
84235,580,0,CV009_007,200112
84236,632,0,CV009_007,200744
84237,632,0,CV009_007,201376
84238,696,0,CV009_007,202072
84239,636,0,CV009_007,202708
84240,576,0,CV009_007,203284
84241,636,0,CV009_007,203920
84242,644,0,CV009_007,204564
84243,636,0,CV009_007,205200
84244,632,0,CV009_007,205832
84245,1276,0,CV009_007,207108
84246,636,0,CV009_007,207744
84247,636,0,CV009_007,208380
84248,636,0,CV009_007,209016
84249,640,0,CV009_007,209656
84250,632,0,CV009_007,210288
84251,636,0,CV009_007,210924
84252,636,0,CV009_007,211560
84253,636,0,CV009_007,212196
84254,248,0,CV009_007,212444
84255,384,0,CV009_007,212828
84256,1280,0,CV009_007,214108
84257,640,0,CV009_007,214748
84258,632,0,CV009_007,215380
84259,640,0,CV009_007,216020
84260,424,0,CV009_007,216444
84261,220,0,CV009_007,216664
84262,632,0,CV009_007,217296
84263,636,0,CV009_007,217932
84264,632,0,CV009_007,218564
84265,640,0,CV009_007,219204
84266,644,0,CV009_007,219848
84267,692,1,CV009_007,220540
84268,588,0,CV009_007,221128
84269,636,0,CV009_007,221764
84270,636,0,CV009_007,222400
84271,636,0,CV009_007,223036
84272,640,0,CV009_007,223676
84273,632,0,CV009_007,224308
84274,632,0,CV009_007,224940
84275,640,0,CV009_007,225580
84276,632,0,CV009_007,226212
84277,632,0,CV009_007,226844
84278,692,1,CV009_007,227536
84279,576,0,CV009_007,228112
84280,632,0,CV009_007,228744
84281,632,0,CV009_007,229376
84282,636,0,CV009_007,230012
84283,636,0,CV009_007,230648
84284,632,0,CV009_007,231280
84285,636,0,CV009_007,231916
84286,632,0,CV009_007,232548
84287,640,0,CV009_007,233188
84288,624,0,CV009_007,233812
84289,636,0,CV009_007,234448
84290,632,0,CV009_007,235080
84291,636,0,CV009_007,235716
84292,632,0,CV009_007,236348
84293,632,0,CV009_007,236980
84294,632,0,CV009_007,237612
84295,624,0,CV009_007,238236
84296,636,0,CV009_007,238872
84297,684,1,CV009_007,239556
84298,572,0,CV009_007,240128
84299,628,0,CV009_007,240756
84300,636,0,CV009_007,241392
84301,624,0,CV009_007,242016
84302,628,0,CV009_007,242644
84303,628,0,CV009_007,243272
84304,632,0,CV009_007,243904
84305,640,0,CV009_007,244544
84306,632,0,CV009_007,245176
84307,640,0,CV009_007,245816
84308,640,0,CV009_007,246456
84309,632,0,CV009_007,247088
84310,632,0,CV009_007,247720
84311,632,0,CV009_007,248352
84312,636,0,CV009_007,248988
84313,636,0,CV009_007,249624
84314,628,0,CV009_007,250252
84315,628,0,CV009_007,250880
84316,692,1,CV009_007,251572
84317,572,0,CV009_007,252144
84318,624,0,CV009_007,252768
84319,620,0,CV009_007,253388
84320,632,0,CV009_007,254020
84321,628,0,CV009_007,254648
84322,624,0,CV009_007,255272
84323,628,0,CV009_007,255900
84324,684,1,CV009_007,256584
84325,572,0,CV009_007,257156
84326,624,0,CV009_007,257780
84327,624,0,CV009_007,258404
84328,628,0,CV009_007,259032
84329,2504,0,CV009_007,261536
84330,628,0,CV009_007,262164
84331,632,0,CV009_007,262796
84332,632,0,CV009_007,263428
84333,632,0,CV009_007,264060
84334,1884,0,CV009_007,265944
84335,632,0,CV009_007,266576
84336,628,0,CV009_007,267204
84337,632,0,CV009_007,267836
84338,628,0,CV009_007,268464
84339,620,0,CV009_007,269084
84340,628,0,CV009_007,269712
84341,632,0,CV009_007,270344
84342,632,0,CV009_007,270976
84343,624,0,CV009_007,271600
84344,628,0,CV009_007,272228
84345,688,0,CV009_007,272916
84346,1204,0,CV009_007,274120
84347,628,0,CV009_007,274748
84348,684,0,CV009_007,275432
84349,572,0,CV009_007,276004
84350,632,0,CV009_007,276636
84351,632,0,CV009_007,277268
84352,624,0,CV009_007,277892
84353,684,1,CV009_007,278576
84354,572,0,CV009_007,279148
84355,628,0,CV009_007,279776
84356,628,0,CV009_007,280404
84357,628,0,CV009_007,281032
84358,636,0,CV009_007,281668
84359,632,0,CV009_007,282300
84360,632,0,CV009_007,282932
84361,636,0,CV009_007,283568
84362,628,0,CV009_007,284196
84363,624,0,CV009_007,284820
84364,628,0,CV009_007,285448
84365,632,0,CV009_007,286080
84366,632,0,CV009_007,286712
84367,684,1,CV009_007,287396
84368,576,0,CV009_007,287972
84369,632,0,CV009_007,288604
84370,632,0,CV009_007,289236
84371,628,0,CV009_007,289864
84372,1260,0,CV009_007,291124
84373,628,0,CV009_007,291752
84374,624,0,CV009_007,292376
84375,628,0,CV009_007,293004
84376,624,0,CV009_007,293628
84377,624,0,CV009_007,294252
84378,616,0,CV009_007,294868
84379,1252,0,CV009_007,296120
84380,620,0,CV009_007,296740
84381,628,0,CV009_007,297368
84382,632,0,CV009_007,298000
84383,628,0,CV009_007,298628
84384,628,0,CV009_007,299256
84385,632,0,CV009_007,299888
84386,692,1,CV009_007,300580
84387,568,0,CV009_007,301148
84388,628,0,CV009_007,301776
84389,628,0,CV009_007,302404
84390,632,0,CV009_007,303036
84391,624,0,CV009_007,303660
84392,628,0,CV009_007,304288
84393,632,0,CV009_007,304920
84394,680,0,CV009_007,305600
84395,572,0,CV009_007,306172
84396,688,0,CV009_007,306860
84397,572,0,CV009_007,307432
84398,628,0,CV009_007,308060
84399,628,0,CV009_007,308688
84400,628,0,CV009_007,309316
84401,628,0,CV009_007,309944
84402,676,0,CV009_007,310620
84403,576,0,CV009_007,311196
84404,680,0,CV009_007,311876
84405,620,0,CV009_007,312496
84406,1184,0,CV009_007,313680
84407,680,0,CV009_007,314360
84408,1240,0,CV009_007,315600
84409,568,0,CV009_007,316168
84410,680,0,CV009_007,316848
84411,568,0,CV009_007,317416
84412,632,0,CV009_007,318048
84413,632,0,CV009_007,318680
84414,624,0,CV009_007,319304
84415,632,0,CV009_007,319936
84416,632,0,CV009_007,320568
84417,628,0,CV009_007,321196
84418,628,0,CV009_007,321824
84419,628,0,CV009_007,322452
84420,628,0,CV009_007,323080
84421,1308,0,CV009_007,324388
84422,576,0,CV009_007,324964
84423,628,0,CV009_007,325592
84424,620,0,CV009_007,326212
84425,628,0,CV009_007,326840
84426,632,0,CV009_007,327472
84427,632,0,CV009_007,328104
84428,624,0,CV009_007,328728
84429,632,0,CV009_007,329360
84430,628,0,CV009_007,329988
84431,628,0,CV009_007,330616
84432,1252,0,CV009_007,331868
84433,628,0,CV009_007,332496
84434,616,0,CV009_007,333112
84435,620,0,CV009_007,333732
84436,632,0,CV009_007,334364
84437,628,0,CV009_007,334992
84438,624,0,CV009_007,335616
84439,684,1,CV009_007,336300
84440,572,0,CV009_007,336872
84441,628,0,CV009_007,337500
84442,620,0,CV009_007,338120
84443,684,1,CV009_007,338804
84444,568,0,CV009_007,339372
84445,620,0,CV009_007,339992
84446,620,0,CV009_007,340612
84447,684,1,CV009_007,341296
84448,564,0,CV009_007,341860
84449,620,0,CV009_007,342480
84450,620,0,CV009_007,343100
84451,680,1,CV009_007,343780
84452,564,0,CV009_007,344344
84453,620,0,CV009_007,344964
84454,620,0,CV009_007,345584
84455,620,0,CV009_007,346204
84456,628,0,CV009_007,346832
84457,624,0,CV009_007,347456
84458,628,0,CV009_007,348084
84459,628,0,CV009_007,348712
84460,628,0,CV009_007,349340
84461,624,0,CV009_007,349964
84462,628,0,CV009_007,350592
84463,1240,0,CV009_007,351832
84464,628,0,CV009_007,352460
84465,620,0,CV009_007,353080
84466,616,0,CV009_007,353696
84467,620,0,CV009_007,354316
84468,1840,0,CV009_007,356156
84469,616,0,CV009_007,356772
84470,612,0,CV009_007,357384
84471,616,0,CV009_007,358000
84472,620,0,CV009_007,358620
84473,616,0,CV009_007,359236
84474,616,0,CV009_007,359852
84475,620,0,CV009_007,360472
84476,624,0,CV009_007,361096
84477,680,0,CV009_007,361776
84478,1820,0,CV009_007,363596
84479,676,0,CV009_007,364272
84480,568,0,CV009_007,364840
84481,624,0,CV009_007,365464
84482,632,0,CV009_007,366096
84483,624,0,CV009_007,366720
84484,624,0,CV009_007,367344
84485,628,0,CV009_007,367972
84486,632,0,CV009_007,368604
84487,680,0,CV009_007,369284
84488,1196,0,CV009_007,370480
84489,680,0,CV009_007,371160
84490,580,0,CV009_007,371740
84491,684,0,CV009_007,372424
84492,580,0,CV009_007,373004
84493,636,0,CV009_007,373640
84494,628,0,CV009_007,374268
84495,636,0,CV009_007,374904
84496,1328,0,CV009_007,376232
84497,580,0,CV009_007,376812
84498,636,0,CV009_007,377448
84499,640,0,CV009_007,378088
84500,636,0,CV009_007,378724
84501,636,0,CV009_007,379360
84502,632,0,CV009_007,379992
84503,640,0,CV009_007,380632
84504,628,0,CV009_007,381260
84505,632,0,CV009_007,381892
84506,636,0,CV009_007,382528
84507,692,1,CV009_007,383220
84508,576,0,CV009_007,383796
84509,632,0,CV009_007,384428
84510,636,0,CV009_007,385064
84511,692,1,CV009_007,385756
84512,572,0,CV009_007,386328
84513,636,0,CV009_007,386964
84514,640,0,CV009_007,387604
84515,632,0,CV009_007,388236
84516,632,0,CV009_007,388868
84517,636,0,CV009_007,389504
84518,1268,0,CV009_007,390772
84519,632,0,CV009_007,391404
84520,636,0,CV009_007,392040
84521,640,0,CV009_007,392680
84522,636,0,CV009_007,393316
84523,636,0,CV009_007,393952
84524,652,0,CV009_007,394604
84525,644,0,CV009_007,395248
84526,640,0,CV009_007,395888
84527,644,0,CV009_007,396532
84528,656,0,CV009_007,397188
84529,648,0,CV009_007,397836
84530,636,0,CV009_007,398472
84531,640,0,CV009_007,399112
84532,1292,0,CV009_007,400404
84533,696,0,CV009_007,401100
84534,580,0,CV009_007,401680
84535,692,0,CV009_007,402372
84536,584,0,CV009_007,402956
84537,696,0,CV009_007,403652
84538,580,0,CV009_007,404232
84539,644,0,CV009_007,404876
84540,640,0,CV009_007,405516
84541,636,0,CV009_007,406152
84542,640,0,CV009_007,406792
84543,640,0,CV009_007,407432
84544,648,0,CV009_007,408080
84545,644,0,CV009_007,408724
84546,636,0,CV009_007,409360
84547,648,0,CV009_007,410008
84548,640,0,CV009_007,410648
84549,640,0,CV009_007,411288
84550,640,0,CV009_007,411928
84551,1280,0,CV009_007,413208
84552,640,0,CV009_007,413848
84553,644,0,CV009_007,414492
84554,648,0,CV009_007,415140
84555,696,0,CV009_007,415836
84556,640,0,CV009_007,416476
84557,588,0,CV009_007,417064
84558,640,0,CV009_007,417704
84559,696,0,CV009_007,418400
84560,584,0,CV009_007,418984
84561,640,0,CV009_007,419624
84562,640,0,CV009_007,420264
84563,636,0,CV009_007,420900
84564,644,0,CV009_007,421544
84565,632,0,CV009_007,422176
84566,632,0,CV009_007,422808
84567,636,0,CV009_007,423444
84568,692,1,CV009_007,424136
84569,580,0,CV009_007,424716
84570,632,0,CV009_007,425348
84571,636,0,CV009_007,425984
84572,640,0,CV009_007,426624
84573,632,0,CV009_007,427256
84574,632,0,CV009_007,427888
84575,640,0,CV009_007,428528
84576,628,0,CV009_007,429156
84577,628,0,CV009_007,429784
84578,632,0,CV009_007,430416
84579,1264,0,CV009_007,431680
84580,628,0,CV009_007,432308
84581,632,0,CV009_007,432940
84582,1260,0,CV009_007,434200
84583,628,0,CV009_007,434828
84584,628,0,CV009_007,435456
84585,628,0,CV009_007,436084
84586,628,0,CV009_007,436712
84587,620,0,CV009_007,437332
84588,632,0,CV009_007,437964
84589,684,1,CV009_007,438648
84590,568,0,CV009_007,439216
84591,628,0,CV009_007,439844
84592,632,0,CV009_007,440476
84593,632,0,CV009_007,441108
84594,628,0,CV009_007,441736
84595,628,0,CV009_007,442364
84596,632,0,CV009_007,442996
84597,684,1,CV009_007,443680
84598,572,0,CV009_007,444252
84599,628,0,CV009_007,444880
84600,632,0,CV009_007,445512
84601,632,0,CV009_007,446144
84602,628,0,CV009_007,446772
84603,628,0,CV009_007,447400
84604,624,0,CV009_007,448024
84605,632,0,CV009_007,448656
84606,624,0,CV009_007,449280
84607,624,0,CV009_007,449904
84608,628,0,CV009_007,450532
84609,620,0,CV009_007,451152
84610,624,0,CV009_007,451776
84611,624,0,CV009_007,452400
84612,624,0,CV009_007,453024
84613,624,0,CV009_007,453648
84614,620,0,CV009_007,454268
84615,628,0,CV009_007,454896
84616,676,1,CV009_007,455572
84617,576,0,CV009_007,456148
84618,624,0,CV009_007,456772
84619,628,0,CV009_007,457400
84620,676,1,CV009_007,458076
84621,572,0,CV009_007,458648
84622,628,0,CV009_007,459276
84623,628,0,CV009_007,459904
84624,676,1,CV009_007,460580
84625,584,0,CV009_007,461164
84626,624,0,CV009_007,461788
84627,624,0,CV009_007,462412
84628,628,0,CV009_007,463040
84629,632,0,CV009_007,463672
84630,624,0,CV009_007,464296
84631,628,0,CV009_007,464924
84632,632,0,CV009_007,465556
84633,628,0,CV009_007,466184
84634,632,0,CV009_007,466816
84635,624,0,CV009_007,467440
84636,628,0,CV009_007,468068
84637,632,0,CV009_007,468700
84638,628,0,CV009_007,469328
84639,628,0,CV009_007,469956
84640,1260,0,CV009_007,471216
84641,628,0,CV009_007,471844
84642,624,0,CV009_007,472468
84643,640,0,CV009_007,473108
84644,628,0,CV009_007,473736
84645,628,0,CV009_007,474364
84646,628,0,CV009_007,474992
84647,692,0,CV009_007,475684
84648,576,0,CV009_007,476260
84649,624,0,CV009_007,476884
84650,692,0,CV009_007,477576
84651,572,0,CV009_007,478148
84652,628,0,CV009_007,478776
84653,632,0,CV009_007,479408
84654,640,0,CV009_007,480048
84655,636,0,CV009_007,480684
84656,628,0,CV009_007,481312
84657,632,0,CV009_007,481944
84658,636,0,CV009_007,482580
84659,636,0,CV009_007,483216
84660,632,0,CV009_007,483848
84661,636,0,CV009_007,484484
84662,636,0,CV009_007,485120
84663,632,0,CV009_007,485752
84664,636,0,CV009_007,486388
84665,632,0,CV009_007,487020
84666,640,0,CV009_007,487660
84667,632,0,CV009_007,488292
84668,632,0,CV009_007,488924
84669,636,0,CV009_007,489560
84670,632,0,CV009_007,490192
84671,632,0,CV009_007,490824
84672,692,1,CV009_007,491516
84673,580,0,CV009_007,492096
84674,632,0,CV009_007,492728
84675,632,0,CV009_007,493360
84676,636,0,CV009_007,493996
84677,692,1,CV009_007,494688
84678,576,0,CV009_007,495264
84679,636,0,CV009_007,495900
84680,632,0,CV009_007,496532
84681,632,0,CV009_007,497164
84682,628,0,CV009_007,497792
84683,628,0,CV009_007,498420
84684,636,0,CV009_007,499056
84685,632,0,CV009_007,499688
84686,636,0,CV009_007,500324
84687,632,0,CV009_007,500956
84688,1280,0,CV009_007,502236
84689,636,0,CV009_007,502872
84690,636,0,CV009_007,503508
84691,636,0,CV009_007,504144
84692,636,0,CV009_007,504780
84693,628,0,CV009_007,505408
84694,640,0,CV009_007,506048
84695,632,0,CV009_007,506680
84696,628,0,CV009_007,507308
84697,628,0,CV009_007,507936
84698,636,0,CV009_007,508572
84699,628,0,CV009_007,509200
84700,632,0,CV009_007,509832
84701,636,0,CV009_007,510468
84702,632,0,CV009_007,511100
84703,636,0,CV009_007,511736
84704,636,0,CV009_007,512372
84705,632,0,CV009_007,513004
84706,692,0,CV009_007,513696
84707,576,0,CV009_007,514272
84708,692,0,CV009_007,514964
84709,580,0,CV009_007,515544
84710,636,0,CV009_007,516180
84711,640,0,CV009_007,516820
84712,640,0,CV009_007,517460
84713,644,0,CV009_007,518104
84714,644,0,CV009_007,518748
84715,632,0,CV009_007,519380
84716,640,0,CV009_007,520020
84717,692,0,CV009_007,520712
84718,584,0,CV009_007,521296
84719,692,0,CV009_007,521988
84720,572,0,CV009_007,522560
84721,632,0,CV009_007,523192
84722,1256,0,CV009_007,524448
84723,628,0,CV009_007,525076
84724,628,0,CV009_007,525704
84725,628,0,CV009_007,526332
84726,624,0,CV009_007,526956
84727,636,0,CV009_007,527592
84728,628,0,CV009_007,528220
84729,632,0,CV009_007,528852
84730,632,0,CV009_007,529484
84731,640,0,CV009_007,530124
84732,632,0,CV009_007,530756
84733,688,0,CV009_007,531444
84734,580,0,CV009_007,532024
84735,696,0,CV009_007,532720
84736,576,0,CV009_007,533296
84737,628,0,CV009_007,533924
84738,632,0,CV009_007,534556
84739,628,0,CV009_007,535184
84740,1252,0,CV009_007,536436
84741,624,0,CV009_007,537060
84742,628,0,CV009_007,537688
84743,620,0,CV009_007,538308
84744,632,0,CV009_007,538940
84745,628,0,CV009_007,539568
84746,624,0,CV009_007,540192
84747,628,0,CV009_007,540820
84748,628,0,CV009_007,541448
84749,628,0,CV009_007,542076
84750,628,0,CV009_007,542704
84751,628,0,CV009_007,543332
84752,632,0,CV009_007,543964
84753,628,0,CV009_007,544592
84754,620,0,CV009_007,545212
84755,624,0,CV009_007,545836
84756,624,0,CV009_007,546460
84757,620,0,CV009_007,547080
84758,628,0,CV009_007,547708
84759,620,0,CV009_007,548328
84760,628,0,CV009_007,548956
84761,624,0,CV009_007,549580
84762,628,0,CV009_007,550208
84763,680,1,CV009_007,550888
84764,568,0,CV009_007,551456
84765,624,0,CV009_007,552080
84766,628,0,CV009_007,552708
84767,672,1,CV009_007,553380
84768,568,0,CV009_007,553948
84769,628,0,CV009_007,554576
84770,624,0,CV009_007,555200
84771,676,1,CV009_007,555876
84772,572,0,CV009_007,556448
84773,628,0,CV009_007,557076
84774,632,0,CV009_007,557708
84775,684,1,CV009_007,558392
84776,572,0,CV009_007,558964
84777,636,0,CV009_007,559600
84778,628,0,CV009_007,560228
84779,632,0,CV009_007,560860
84780,632,0,CV009_007,561492
84781,636,0,CV009_007,562128
84782,628,0,CV009_007,562756
84783,628,0,CV009_007,563384
84784,636,0,CV009_007,564020
84785,1252,0,CV009_007,565272
84786,628,0,CV009_007,565900
84787,624,0,CV009_007,566524
84788,624,0,CV009_007,567148
84789,624,0,CV009_007,567772
84790,628,0,CV009_007,568400
84791,616,0,CV009_007,569016
84792,1248,0,CV009_007,570264
84793,620,0,CV009_007,570884
84794,616,0,CV009_007,571500
84795,612,0,CV009_007,572112
84796,620,0,CV009_007,572732
84797,616,0,CV009_007,573348
84798,620,0,CV009_007,573968
84799,620,0,CV009_007,574588
84800,620,0,CV009_007,575208
84801,620,0,CV009_007,575828
84802,624,0,CV009_007,576452
84803,620,0,CV009_007,577072
84804,680,0,CV009_007,577752
84805,568,0,CV009_007,578320
84806,624,0,CV009_007,578944
84807,684,0,CV009_007,579628
84808,620,0,CV009_007,580248
84809,564,0,CV009_007,580812
84810,624,0,CV009_007,581436
84811,616,0,CV009_007,582052
84812,684,1,CV009_007,582736
84813,572,0,CV009_007,583308
84814,620,0,CV009_007,583928
84815,624,0,CV009_007,584552
84816,624,0,CV009_007,585176
84817,628,0,CV009_007,585804
84818,628,0,CV009_007,586432
84819,684,0,CV009_007,587116
84820,624,0,CV009_007,587740
84821,576,0,CV009_007,588316
84822,628,0,CV009_007,588944
84823,628,0,CV009_007,589572
84824,636,0,CV009_007,590208
84825,632,0,CV009_007,590840
84826,1896,0,CV009_007,592736
84827,1320,0,CV009_007,594056
84828,576,0,CV009_007,594632
84829,684,0,CV009_007,595316
84830,628,0,CV009_007,595944
84831,632,0,CV009_007,596576
84832,572,0,CV009_007,597148
84833,632,0,CV009_007,597780
84834,628,0,CV009_007,598408
84835,1324,0,CV009_007,599732
84836,584,0,CV009_007,600316
84837,636,0,CV009_007,600952
84838,636,0,CV009_007,601588
84839,640,0,CV009_007,602228
84840,644,0,CV009_007,602872
84841,636,0,CV009_007,603508
84842,640,0,CV009_007,604148
84843,640,0,CV009_007,604788
84844,632,0,CV009_007,605420
84845,632,0,CV009_007,606052
84846,696,1,CV009_007,606748
84847,576,0,CV009_007,607324
84848,628,0,CV009_007,607952
84849,632,0,CV009_007,608584
84850,636,0,CV009_007,609220
84851,636,0,CV009_007,609856
84852,692,0,CV009_007,610548
84853,580,0,CV009_007,611128
84854,640,0,CV009_007,611768
84855,1972,0,CV009_007,613740
84856,584,0,CV009_007,614324
84857,632,0,CV009_007,614956
84858,636,0,CV009_007,615592
84859,640,0,CV009_007,616232
84860,636,0,CV009_007,616868
84861,628,0,CV009_007,617496
84862,632,0,CV009_007,618128
84863,632,0,CV009_007,618760
84864,632,0,CV009_007,619392
84865,632,0,CV009_007,620024
84866,1268,0,CV009_007,621292
84867,636,0,CV009_007,621928
84868,632,0,CV009_007,622560
84869,696,1,CV009_007,623256
84870,588,0,CV009_007,623844
84871,640,0,CV009_007,624484
84872,640,0,CV009_007,625124
84873,636,0,CV009_007,625760
84874,640,0,CV009_007,626400
84875,640,0,CV009_007,627040
84876,1268,0,CV009_007,628308
84877,636,0,CV009_007,628944
84878,636,0,CV009_007,629580
84879,636,0,CV009_007,630216
84880,632,0,CV009_007,630848
84881,640,0,CV009_007,631488
84882,632,0,CV009_007,632120
84883,636,0,CV009_007,632756
84884,636,0,CV009_007,633392
84885,640,0,CV009_007,634032
84886,1272,0,CV009_007,635304
84887,636,0,CV009_007,635940
84888,640,0,CV009_007,636580
84889,628,0,CV009_007,637208
84890,632,0,CV009_007,637840
84891,632,0,CV009_007,638472
84892,632,0,CV009_007,639104
84893,624,0,CV009_007,639728
84894,628,0,CV009_007,640356
84895,628,0,CV009_007,640984
84896,624,0,CV009_007,641608
84897,624,0,CV009_007,642232
84898,628,0,CV009_007,642860
84899,628,0,CV009_007,643488
84900,632,0,CV009_007,644120
84901,624,0,CV009_007,644744
84902,632,0,CV009_007,645376
84903,632,0,CV009_007,646008
84904,624,0,CV009_007,646632
84905,636,0,CV009_007,647268
84906,636,0,CV009_007,647904
84907,636,0,CV009_007,648540
84908,628,0,CV009_007,649168
84909,632,0,CV009_007,649800
84910,632,0,CV009_007,650432
84911,632,0,CV009_007,651064
84912,688,1,CV009_007,651752
84913,572,0,CV009_007,652324
84914,632,0,CV009_007,652956
84915,636,0,CV009_007,653592
84916,628,0,CV009_007,654220
84917,632,0,CV009_007,654852
84918,640,0,CV009_007,655492
84919,628,0,CV009_007,656120
84920,636,0,CV009_007,656756
84921,632,0,CV009_007,657388
84922,636,0,CV009_007,658024
84923,640,0,CV009_007,658664
84924,628,0,CV009_007,659292
84925,636,0,CV009_007,659928
84926,636,0,CV009_007,660564
84927,632,0,CV009_007,661196
84928,632,0,CV009_007,661828
84929,636,0,CV009_007,662464
84930,632,0,CV009_007,663096
84931,688,0,CV009_007,663784
84932,576,0,CV009_007,664360
84933,640,0,CV009_007,665000
84934,684,0,CV009_007,665684
84935,576,0,CV009_007,666260
84936,636,0,CV009_007,666896
84937,632,0,CV009_007,667528
84938,632,0,CV009_007,668160
84939,628,0,CV009_007,668788
84940,636,0,CV009_007,669424
84941,628,0,CV009_007,670052
84942,628,0,CV009_007,670680
84943,632,0,CV009_007,671312
84944,636,0,CV009_007,671948
84945,632,0,CV009_007,672580
84946,636,0,CV009_007,673216
84947,632,0,CV009_007,673848
84948,648,0,CV009_007,674496
84949,640,0,CV009_007,675136
84950,636,0,CV009_007,675772
84951,640,0,CV009_007,676412
84952,636,0,CV009_007,677048
84953,632,0,CV009_007,677680
84954,636,0,CV009_007,678316
84955,628,0,CV009_007,678944
84956,620,0,CV009_007,679564
84957,628,0,CV009_007,680192
84958,624,0,CV009_007,680816
84959,620,0,CV009_007,681436
84960,624,0,CV009_007,682060
84961,1260,0,CV009_007,683320
84962,624,0,CV009_007,683944
84963,632,0,CV009_007,684576
84964,636,0,CV009_007,685212
84965,632,0,CV009_007,685844
84966,628,0,CV009_007,686472
84967,636,0,CV009_007,687108
84968,684,1,CV009_007,687792
84969,568,0,CV009_007,688360
84970,632,0,CV009_007,688992
84971,636,0,CV009_007,689628
84972,632,0,CV009_007,690260
84973,632,0,CV009_007,690892
84974,644,0,CV009_007,691536
84975,636,0,CV009_007,692172
84976,640,0,CV009_007,692812
84977,648,0,CV009_007,693460
84978,644,0,CV009_007,694104
84979,696,1,CV009_007,694800
84980,584,0,CV009_007,695384
84981,644,0,CV009_007,696028
84982,644,0,CV009_007,696672
84983,628,0,CV009_007,697300
84984,636,0,CV009_007,697936
84985,636,0,CV009_007,698572
84986,624,0,CV009_007,699196
84987,636,0,CV009_007,699832
84988,636,0,CV009_007,700468
84989,632,0,CV009_007,701100
84990,692,1,CV009_007,701792
84991,584,0,CV009_007,702376
84992,636,0,CV009_007,703012
84993,636,0,CV009_007,703648
84994,636,0,CV009_007,704284
84995,644,0,CV009_007,704928
84996,640,0,CV009_007,705568
84997,632,0,CV009_007,706200
84998,636,0,CV009_007,706836
84999,636,0,CV009_007,707472
85000,636,0,CV009_007,708108
85001,688,1,CV009_007,708796
85002,580,0,CV009_007,709376
85003,632,0,CV009_007,710008
85004,636,0,CV009_007,710644
85005,636,0,CV009_007,711280
85006,640,0,CV009_007,711920
85007,692,1,CV009_007,712612
85008,580,0,CV009_007,713192
85009,636,0,CV009_007,713828
85010,640,0,CV009_007,714468
85011,640,0,CV009_007,715108
85012,696,1,CV009_007,715804
85013,584,0,CV009_007,716388
85014,648,0,CV009_007,717036
85015,644,0,CV009_007,717680
85016,640,0,CV009_007,718320
85017,644,0,CV009_007,718964
85018,636,0,CV009_007,719600
85019,648,0,CV009_007,720248
85020,644,0,CV009_007,720892
85021,700,1,CV009_007,721592
85022,588,0,CV009_007,722180
85023,648,0,CV009_007,722828
85024,644,0,CV009_007,723472
85025,644,0,CV009_007,724116
85026,696,1,CV009_007,724812
85027,592,0,CV009_007,725404
85028,648,0,CV009_007,726052
85029,648,0,CV009_007,726700
85030,644,0,CV009_007,727344
85031,708,0,CV009_007,728052
85032,588,0,CV009_007,728640
85033,640,0,CV009_007,729280
85034,1296,0,CV009_007,730576
85035,700,0,CV009_007,731276
85036,584,0,CV009_007,731860
85037,700,0,CV009_007,732560
85038,592,0,CV009_007,733152
85039,644,0,CV009_007,733796
85040,640,0,CV009_007,734436
85041,640,0,CV009_007,735076
85042,1284,0,CV009_007,736360
85043,636,0,CV009_007,736996
85044,640,0,CV009_007,737636
85045,644,0,CV009_007,738280
85046,644,0,CV009_007,738924
85047,640,0,CV009_007,739564
85048,640,0,CV009_007,740204
85049,644,0,CV009_007,740848
85050,700,0,CV009_007,741548
85051,584,0,CV009_007,742132
85052,696,0,CV009_007,742828
85053,588,0,CV009_007,743416
85054,644,0,CV009_007,744060
85055,644,0,CV009_007,744704
85056,636,0,CV009_007,745340
85057,644,0,CV009_007,745984
85058,644,0,CV009_007,746628
85059,640,0,CV009_007,747268
85060,644,0,CV009_007,747912
85061,644,0,CV009_007,748556
85062,652,0,CV009_007,749208
85063,648,0,CV009_007,749856
85064,648,0,CV009_007,750504
85065,644,0,CV009_007,751148
85066,656,0,CV009_007,751804
85067,704,0,CV009_007,752508
85068,588,0,CV009_007,753096
85069,1296,0,CV009_007,754392
85070,644,0,CV009_007,755036
85071,640,0,CV009_007,755676
85072,640,0,CV009_007,756316
85073,648,0,CV009_007,756964
85074,640,0,CV009_007,757604
85075,636,0,CV009_007,758240
85076,640,0,CV009_007,758880
85077,644,0,CV009_007,759524
85078,640,0,CV009_007,760164
85079,640,0,CV009_007,760804
85080,700,0,CV009_007,761504
85081,592,0,CV009_007,762096
85082,1280,0,CV009_007,763376
85083,644,0,CV009_007,764020
85084,644,0,CV009_007,764664
85085,636,0,CV009_007,765300
85086,636,0,CV009_007,765936
85087,640,0,CV009_007,766576
85088,632,0,CV009_007,767208
85089,632,0,CV009_007,767840
85090,640,0,CV009_007,768480
85091,636,0,CV009_007,769116
85092,1340,0,CV009_007,770456
85093,588,0,CV009_007,771044
85094,628,0,CV009_007,771672
85095,644,0,CV009_007,772316
85096,640,0,CV009_007,772956
85097,688,1,CV009_007,773644
85098,580,0,CV009_007,774224
85099,636,0,CV009_007,774860
85100,628,0,CV009_007,775488
85101,628,0,CV009_007,776116
85102,1264,0,CV009_007,777380
85103,628,0,CV009_007,778008
85104,636,0,CV009_007,778644
85105,636,0,CV009_007,779280
85106,632,0,CV009_007,779912
85107,632,0,CV009_007,780544
85108,632,0,CV009_007,781176
85109,632,0,CV009_007,781808
85110,636,0,CV009_007,782444
85111,632,0,CV009_007,783076
85112,632,0,CV009_007,783708
85113,636,0,CV009_007,784344
85114,636,0,CV009_007,784980
85115,632,0,CV009_007,785612
85116,628,0,CV009_007,786240
85117,1264,0,CV009_007,787504
85118,636,0,CV009_007,788140
85119,688,0,CV009_007,788828
85120,584,0,CV009_007,789412
85121,632,0,CV009_007,790044
85122,636,0,CV009_007,790680
85123,632,0,CV009_007,791312
85124,636,0,CV009_007,791948
85125,636,0,CV009_007,792584
85126,688,1,CV009_007,793272
85127,576,0,CV009_007,793848
85128,636,0,CV009_007,794484
85129,640,0,CV009_007,795124
85130,1268,0,CV009_007,796392
85131,640,0,CV009_007,797032
85132,636,0,CV009_007,797668
85133,636,0,CV009_007,798304
85134,636,0,CV009_007,798940
85135,644,0,CV009_007,799584
85136,636,0,CV009_007,800220
85137,696,0,CV009_007,800916
85138,584,0,CV009_007,801500
85139,644,0,CV009_007,802144
85140,688,0,CV009_007,802832
85141,584,0,CV009_007,803416
85142,640,0,CV009_007,804056
85143,644,0,CV009_007,804700
85144,628,0,CV009_007,805328
85145,696,1,CV009_007,806024
85146,584,0,CV009_007,806608
85147,640,0,CV009_007,807248
85148,636,0,CV009_007,807884
85149,636,0,CV009_007,808520
85150,644,0,CV009_007,809164
85151,640,0,CV009_007,809804
85152,636,0,CV009_007,810440
85153,644,0,CV009_007,811084
85154,640,0,CV009_007,811724
85155,636,0,CV009_007,812360
85156,640,0,CV009_007,813000
85157,636,0,CV009_007,813636
85158,636,0,CV009_007,814272
85159,640,0,CV009_007,814912
85160,640,0,CV009_007,815552
85161,640,0,CV009_007,816192
85162,696,0,CV009_007,816888
85163,644,0,CV009_007,817532
85164,584,0,CV009_007,818116
85165,636,0,CV009_007,818752
85166,644,0,CV009_007,819396
85167,644,0,CV009_007,820040
85168,704,0,CV009_007,820744
85169,640,0,CV009_007,821384
85170,592,0,CV009_007,821976
85171,652,0,CV009_007,822628
85172,704,0,CV009_007,823332
85173,592,0,CV009_007,823924
85174,636,0,CV009_007,824560
85175,644,0,CV009_007,825204
85176,640,0,CV009_007,825844
85177,632,0,CV009_007,826476
85178,332,0,CV009_007,826808
85179,308,0,CV009_007,827116
85180,636,0,CV009_007,827752
85181,636,0,CV009_007,828388
85182,640,0,CV009_007,829028
85183,636,0,CV009_007,829664
85184,344,0,CV009_007,830008
85185,348,0,CV009_007,830356
85186,640,0,CV009_007,830996
85187,644,0,CV009_007,831640
85188,580,0,CV009_007,832220
85189,264,0,CV009_007,832484
85190,388,0,CV009_007,832872
85191,640,0,CV009_007,833512
85192,648,0,CV009_007,834160
85193,704,0,CV009_007,834864
85194,132,0,CV009_007,834996
85195,452,0,CV009_007,835448
85196,308,0,CV009_007,835756
85197,348,0,CV009_007,836104
85198,648,0,CV009_007,836752
85199,368,0,CV009_007,837120
85200,272,0,CV009_007,837392
85201,648,0,CV009_007,838040
85202,648,0,CV009_007,838688
85203,192,0,CV009_007,838880
85204,448,0,CV009_007,839328
85205,648,0,CV009_007,839976
85206,648,0,CV009_007,840624
85207,1288,0,CV009_007,841912
85208,644,0,CV009_007,842556
85209,140,0,CV009_007,842696
85210,156,0,CV009_007,842852
85211,352,0,CV009_007,843204
85212,640,0,CV009_007,843844
85213,644,0,CV009_007,844488
85214,648,0,CV009_007,845136
85215,636,0,CV009_007,845772
85216,652,0,CV009_007,846424
85217,644,0,CV009_007,847068
85218,644,0,CV009_007,847712
85219,648,0,CV009_007,848360
85220,640,0,CV009_007,849000
85221,652,0,CV009_007,849652
85222,644,0,CV009_007,850296
85223,640,0,CV009_007,850936
85224,644,0,CV009_007,851580
85225,644,0,CV009_007,852224
85226,640,0,CV009_007,852864
85227,640,0,CV009_007,853504
85228,700,0,CV009_007,854204
85229,576,0,CV009_007,854780
85230,268,0,CV009_007,855048
85231,376,0,CV009_007,855424
85232,628,0,CV009_007,856052
85233,632,0,CV009_007,856684
85234,636,0,CV009_007,857320
85235,636,0,CV009_007,857956
85236,636,0,CV009_007,858592
85237,632,0,CV009_007,859224
85238,644,0,CV009_007,859868
85239,232,0,CV009_007,860100
85240,232,0,CV009_007,860332
85241,236,0,CV009_007,860568
85242,580,0,CV009_007,861148
85243,632,0,CV009_007,861780
85244,640,0,CV009_007,862420
85245,640,0,CV009_007,863060
85246,640,0,CV009_007,863700
85247,644,0,CV009_007,864344
85248,648,0,CV009_007,864992
85249,640,0,CV009_007,865632
85250,644,0,CV009_007,866276
85251,644,0,CV009_007,866920
85252,648,0,CV009_007,867568
85253,640,0,CV009_007,868208
85254,648,0,CV009_007,868856
85255,644,0,CV009_007,869500
85256,644,0,CV009_007,870144
85257,640,0,CV009_007,870784
85258,644,0,CV009_007,871428
85259,644,0,CV009_007,872072
85260,640,0,CV009_007,872712
85261,644,0,CV009_007,873356
85262,640,0,CV009_007,873996
85263,640,0,CV009_007,874636
85264,640,0,CV009_007,875276
85265,636,0,CV009_007,875912
85266,640,0,CV009_007,876552
85267,636,0,CV009_007,877188
85268,700,1,CV009_007,877888
85269,584,0,CV009_007,878472
85270,644,0,CV009_007,879116
85271,648,0,CV009_007,879764
85272,632,0,CV009_007,880396
85273,640,0,CV009_007,881036
85274,640,0,CV009_007,881676
85275,644,0,CV009_007,882320
85276,636,0,CV009_007,882956
85277,640,0,CV009_007,883596
85278,640,0,CV009_007,884236
85279,632,0,CV009_007,884868
85280,636,0,CV009_007,885504
85281,644,0,CV009_007,886148
85282,636,0,CV009_007,886784
85283,632,0,CV009_007,887416
85284,640,0,CV009_007,888056
85285,640,0,CV009_007,888696
85286,632,0,CV009_007,889328
85287,632,0,CV009_007,889960
85288,640,0,CV009_007,890600
85289,636,0,CV009_007,891236
85290,688,1,CV009_007,891924
85291,580,0,CV009_007,892504
85292,640,0,CV009_007,893144
85293,640,0,CV009_007,893784
85294,628,0,CV009_007,894412
85295,640,0,CV009_007,895052
85296,692,1,CV009_007,895744
85297,584,0,CV009_007,896328
85298,632,0,CV009_007,896960
85299,640,0,CV009_007,897600
85300,644,0,CV009_007,898244
85301,632,0,CV009_007,898876
85302,640,0,CV009_007,899516
85303,696,1,CV009_007,900212
85304,584,0,CV009_007,900796
85305,640,0,CV009_007,901436
85306,644,0,CV009_007,902080
85307,640,0,CV009_007,902720
85308,640,0,CV009_007,903360
85309,644,0,CV009_007,904004
85310,636,0,CV009_007,904640
85311,652,0,CV009_007,905292
85312,640,0,CV009_007,905932
85313,644,0,CV009_007,906576
85314,700,0,CV009_007,907276
85315,640,0,CV009_007,907916
85316,592,0,CV009_007,908508
85317,708,0,CV009_007,909216
85318,588,0,CV009_007,909804
85319,708,0,CV009_007,910512
85320,652,0,CV009_007,911164
85321,592,0,CV009_007,911756
85322,648,0,CV009_007,912404
85323,640,0,CV009_007,913044
85324,652,0,CV009_007,913696
85325,644,0,CV009_007,914340
85326,644,0,CV009_007,914984
85327,644,0,CV009_007,915628
85328,172,0,CV009_007,915800
85329,472,0,CV009_007,916272
85330,644,0,CV009_007,916916
85331,648,0,CV009_007,917564
85332,660,0,CV009_007,918224
85333,652,0,CV009_007,918876
85334,652,0,CV009_007,919528
85335,660,0,CV009_007,920188
85336,712,1,CV009_007,920900
85337,596,0,CV009_007,921496
85338,656,0,CV009_007,922152
85339,652,0,CV009_007,922804
85340,644,0,CV009_007,923448
85341,648,0,CV009_007,924096
85342,648,0,CV009_007,924744
85343,648,0,CV009_007,925392
85344,648,0,CV009_007,926040
85345,648,0,CV009_007,926688
85346,644,0,CV009_007,927332
85347,640,0,CV009_007,927972
85348,652,0,CV009_007,928624
85349,656,0,CV009_007,929280
85350,644,0,CV009_007,929924
85351,648,0,CV009_007,930572
85352,644,0,CV009_007,931216
85353,708,1,CV009_007,931924
85354,596,0,CV009_007,932520
85355,640,0,CV009_007,933160
85356,652,0,CV009_007,933812
85357,644,0,CV009_007,934456
85358,712,1,CV009_007,935168
85359,588,0,CV009_007,935756
85360,644,0,CV009_007,936400
85361,640,0,CV009_007,937040
85362,636,0,CV009_007,937676
85363,640,0,CV009_007,938316
85364,644,0,CV009_007,938960
85365,692,0,CV009_007,939652
85366,584,0,CV009_007,940236
85367,700,0,CV009_007,940936
85368,580,0,CV009_007,941516
85369,640,0,CV009_007,942156
85370,648,0,CV009_007,942804
85371,640,0,CV009_007,943444
85372,696,0,CV009_007,944140
85373,588,0,CV009_007,944728
85374,688,0,CV009_007,945416
85375,588,0,CV009_007,946004
85376,656,0,CV009_007,946660
85377,636,0,CV009_007,947296
85378,644,0,CV009_007,947940
85379,628,0,CV009_007,948568
85380,476,0,CV009_007,949044
85381,176,0,CV009_007,949220
85382,636,0,CV009_007,949856
85383,640,0,CV009_007,950496
85384,640,0,CV009_007,951136
85385,636,0,CV009_007,951772
85386,644,0,CV009_007,952416
85387,644,0,CV009_007,953060
85388,644,0,CV009_007,953704
85389,636,0,CV009_007,954340
85390,644,0,CV009_007,954984
85391,644,0,CV009_007,955628
85392,640,0,CV009_007,956268
85393,640,0,CV009_007,956908
85394,640,0,CV009_007,957548
85395,640,0,CV009_007,958188
85396,1292,0,CV009_007,959480
85397,644,0,CV009_007,960124
85398,640,0,CV009_007,960764
85399,648,0,CV009_007,961412
85400,700,1,CV009_007,962112
85401,592,0,CV009_007,962704
85402,648,0,CV009_007,963352
85403,652,0,CV009_007,964004
85404,648,0,CV009_007,964652
85405,652,0,CV009_007,965304
85406,656,0,CV009_007,965960
85407,652,0,CV009_007,966612
85408,652,0,CV009_007,967264
85409,652,0,CV009_007,967916
85410,704,0,CV009_007,968620
85411,604,0,CV009_007,969224
85412,664,0,CV009_007,969888
85413,704,0,CV009_007,970592
85414,644,0,CV009_007,971236
85415,584,0,CV009_007,971820
85416,640,0,CV009_007,972460
85417,640,0,CV009_007,973100
85418,632,0,CV009_007,973732
85419,644,0,CV009_007,974376
85420,628,0,CV009_007,975004
85421,640,0,CV009_007,975644
85422,644,0,CV009_007,976288
85423,640,0,CV009_007,976928
85424,644,0,CV009_007,977572
85425,644,0,CV009_007,978216
85426,1356,0,CV009_007,979572
85427,592,0,CV009_007,980164
85428,640,0,CV009_007,980804
85429,648,0,CV009_007,981452
85430,648,0,CV009_007,982100
85431,640,0,CV009_007,982740
85432,644,0,CV009_007,983384
85433,648,0,CV009_007,984032
85434,640,0,CV009_007,984672
85435,648,0,CV009_007,985320
85436,648,0,CV009_007,985968
85437,640,0,CV009_007,986608
85438,648,0,CV009_007,987256
85439,708,1,CV009_007,987964
85440,576,0,CV009_007,988540
85441,640,0,CV009_007,989180
85442,648,0,CV009_007,989828
85443,648,0,CV009_007,990476
85444,652,0,CV009_007,991128
85445,648,0,CV009_007,991776
85446,696,0,CV009_007,992472
85447,600,0,CV009_007,993072
85448,704,0,CV009_007,993776
85449,1220,0,CV009_007,994996
85450,648,0,CV009_007,995644
85451,636,0,CV009_007,996280
85452,644,0,CV009_007,996924
85453,652,0,CV009_007,997576
85454,640,0,CV009_007,998216
85455,260,0,CV009_007,998476
85456,312,0,CV009_007,998788
85457,776,0,CV009_007,999564
85458,580,0,CV009_007,1000144
85459,652,0,CV009_007,1000796
85460,644,0,CV009_007,1001440
85461,636,0,CV009_007,1002076
85462,644,0,CV009_007,1002720
85463,640,0,CV009_007,1003360
85464,640,0,CV009_007,1004000
85465,644,0,CV009_007,1004644
85466,656,0,CV009_007,1005300
85467,644,0,CV009_007,1005944
85468,656,0,CV009_007,1006600
85469,648,0,CV009_007,1007248
85470,716,0,CV009_007,1007964
85471,592,0,CV009_007,1008556
85472,652,0,CV009_007,1009208
85473,1472,0,CV009_007,1010680
85474,564,0,CV009_007,1011244
85475,564,0,CV009_007,1011808
85476,700,0,CV009_007,1012508
85477,580,0,CV009_007,1013088
85478,648,0,CV009_007,1013736
85479,640,0,CV009_007,1014376
85480,640,0,CV009_007,1015016
85481,700,1,CV009_007,1015716
85482,576,0,CV009_007,1016292
85483,640,0,CV009_007,1016932
85484,644,0,CV009_007,1017576
85485,640,0,CV009_007,1018216
85486,1292,0,CV009_007,1019508
85487,640,0,CV009_007,1020148
85488,648,0,CV009_007,1020796
85489,708,1,CV009_007,1021504
85490,592,0,CV009_007,1022096
85491,644,0,CV009_007,1022740
85492,652,0,CV009_007,1023392
85493,640,0,CV009_007,1024032
85494,644,0,CV009_007,1024676
85495,640,0,CV009_007,1025316
85496,636,0,CV009_007,1025952
85497,632,0,CV009_007,1026584
85498,640,0,CV009_007,1027224
85499,636,0,CV009_007,1027860
85500,632,0,CV009_007,1028492
85501,644,0,CV009_007,1029136
85502,644,0,CV009_007,1029780
85503,696,0,CV009_007,1030476
85504,640,0,CV009_007,1031116
85505,592,0,CV009_007,1031708
85506,1292,0,CV009_007,1033000
85507,652,0,CV009_007,1033652
85508,644,0,CV009_007,1034296
85509,648,0,CV009_007,1034944
85510,652,0,CV009_007,1035596
85511,648,0,CV009_007,1036244
85512,1284,0,CV009_007,1037528
85513,648,0,CV009_007,1038176
85514,640,0,CV009_007,1038816
85515,640,0,CV009_007,1039456
85516,644,0,CV009_007,1040100
85517,640,0,CV009_007,1040740
85518,700,1,CV009_007,1041440
85519,588,0,CV009_007,1042028
85520,644,0,CV009_007,1042672
85521,640,0,CV009_007,1043312
85522,644,0,CV009_007,1043956
85523,648,0,CV009_007,1044604
85524,636,0,CV009_007,1045240
85525,1296,0,CV009_007,1046536
85526,696,0,CV009_007,1047232
85527,584,0,CV009_007,1047816
85528,708,0,CV009_007,1048524
85529,584,0,CV009_007,1049108
85530,644,0,CV009_007,1049752
85531,696,0,CV009_007,1050448
85532,592,0,CV009_007,1051040
85533,644,0,CV009_007,1051684
85534,648,0,CV009_007,1052332
85535,648,0,CV009_007,1052980
85536,648,0,CV009_007,1053628
85537,644,0,CV009_007,1054272
85538,176,0,CV009_007,1054448
85539,532,0,CV009_007,1054980
85540,640,0,CV009_007,1055620
85541,584,0,CV009_007,1056204
85542,644,0,CV009_007,1056848
85543,644,0,CV009_007,1057492
85544,636,0,CV009_007,1058128
85545,636,0,CV009_007,1058764
85546,636,0,CV009_007,1059400
85547,636,0,CV009_007,1060036
85548,640,0,CV009_007,1060676
85549,632,0,CV009_007,1061308
85550,692,1,CV009_007,1062000
85551,584,0,CV009_007,1062584
85552,636,0,CV009_007,1063220
85553,640,0,CV009_007,1063860
85554,640,0,CV009_007,1064500
85555,640,0,CV009_007,1065140
85556,640,0,CV009_007,1065780
85557,640,0,CV009_007,1066420
85558,636,0,CV009_007,1067056
85559,640,0,CV009_007,1067696
85560,636,0,CV009_007,1068332
85561,648,0,CV009_007,1068980
85562,636,0,CV009_007,1069616
85563,640,0,CV009_007,1070256
85564,1276,0,CV009_007,1071532
85565,640,0,CV009_007,1072172
85566,640,0,CV009_007,1072812
85567,640,0,CV009_007,1073452
85568,640,0,CV009_007,1074092
85569,644,0,CV009_007,1074736
85570,644,0,CV009_007,1075380
85571,632,0,CV009_007,1076012
85572,644,0,CV009_007,1076656
85573,640,0,CV009_007,1077296
85574,696,1,CV009_007,1077992
85575,580,0,CV009_007,1078572
85576,644,0,CV009_007,1079216
85577,640,0,CV009_007,1079856
85578,636,0,CV009_007,1080492
85579,644,0,CV009_007,1081136
85580,644,0,CV009_007,1081780
85581,632,0,CV009_007,1082412
85582,644,0,CV009_007,1083056
85583,636,0,CV009_007,1083692
85584,636,0,CV009_007,1084328
85585,636,0,CV009_007,1084964
85586,636,0,CV009_007,1085600
85587,632,0,CV009_007,1086232
85588,636,0,CV009_007,1086868
85589,636,0,CV009_007,1087504
85590,636,0,CV009_007,1088140
85591,632,0,CV009_007,1088772
85592,640,0,CV009_007,1089412
85593,636,0,CV009_007,1090048
85594,632,0,CV009_007,1090680
85595,696,1,CV009_007,1091376
85596,588,0,CV009_007,1091964
85597,640,0,CV009_007,1092604
85598,636,0,CV009_007,1093240
85599,644,0,CV009_007,1093884
85600,640,0,CV009_007,1094524
85601,636,0,CV009_007,1095160
85602,696,0,CV009_007,1095856
85603,576,0,CV009_007,1096432
85604,636,0,CV009_007,1097068
85605,688,0,CV009_007,1097756
85606,580,0,CV009_007,1098336
85607,692,0,CV009_007,1099028
85608,632,0,CV009_007,1099660
85609,416,0,CV009_007,1100076
85610,164,0,CV009_007,1100240
85611,648,0,CV009_007,1100888
85612,640,0,CV009_007,1101528
85613,636,0,CV009_007,1102164
85614,652,0,CV009_007,1102816
85615,692,1,CV009_007,1103508
85616,584,0,CV009_007,1104092
85617,644,0,CV009_007,1104736
85618,636,0,CV009_007,1105372
85619,632,0,CV009_007,1106004
85620,632,0,CV009_007,1106636
85621,688,1,CV009_007,1107324
85622,576,0,CV009_007,1107900
85623,628,0,CV009_007,1108528
85624,628,0,CV009_007,1109156
85625,684,1,CV009_007,1109840
85626,572,0,CV009_007,1110412
85627,632,0,CV009_007,1111044
85628,628,0,CV009_007,1111672
85629,628,0,CV009_007,1112300
85630,688,1,CV009_007,1112988
85631,576,0,CV009_007,1113564
85632,628,0,CV009_007,1114192
85633,628,0,CV009_007,1114820
85634,624,0,CV009_007,1115444
85635,624,0,CV009_007,1116068
85636,628,0,CV009_007,1116696
85637,624,0,CV009_007,1117320
85638,684,1,CV009_007,1118004
85639,572,0,CV009_007,1118576
85640,632,0,CV009_007,1119208
85641,624,0,CV009_007,1119832
85642,632,0,CV009_007,1120464
85643,632,0,CV009_007,1121096
85644,696,1,CV009_007,1121792
85645,572,0,CV009_007,1122364
85646,636,0,CV009_007,1123000
85647,632,0,CV009_007,1123632
85648,628,0,CV009_007,1124260
85649,632,0,CV009_007,1124892
85650,632,0,CV009_007,1125524
85651,628,0,CV009_007,1126152
85652,632,0,CV009_007,1126784
85653,688,1,CV009_007,1127472
85654,580,0,CV009_007,1128052
85655,636,0,CV009_007,1128688
85656,636,0,CV009_007,1129324
85657,700,1,CV009_007,1130024
85658,584,0,CV009_007,1130608
85659,640,0,CV009_007,1131248
85660,644,0,CV009_007,1131892
85661,640,0,CV009_007,1132532
85662,648,0,CV009_007,1133180
85663,636,0,CV009_007,1133816
85664,640,0,CV009_007,1134456
85665,636,0,CV009_007,1135092
85666,636,0,CV009_007,1135728
85667,636,0,CV009_007,1136364
85668,628,0,CV009_007,1136992
85669,636,0,CV009_007,1137628
85670,620,0,CV009_007,1138248
85671,656,0,CV009_007,1138904
85672,628,0,CV009_007,1139532
85673,640,0,CV009_007,1140172
85674,640,0,CV009_007,1140812
85675,640,0,CV009_007,1141452
85676,644,0,CV009_007,1142096
85677,648,0,CV009_007,1142744
85678,640,0,CV009_007,1143384
85679,652,0,CV009_007,1144036
85680,636,0,CV009_007,1144672
85681,660,0,CV009_007,1145332
85682,696,1,CV009_007,1146028
85683,588,0,CV009_007,1146616
85684,640,0,CV009_007,1147256
85685,644,0,CV009_007,1147900
85686,632,0,CV009_007,1148532
85687,632,0,CV009_007,1149164
85688,640,0,CV009_007,1149804
85689,632,0,CV009_007,1150436
85690,632,0,CV009_007,1151068
85691,640,0,CV009_007,1151708
85692,632,0,CV009_007,1152340
85693,688,1,CV009_007,1153028
85694,584,0,CV009_007,1153612
85695,640,0,CV009_007,1154252
85696,640,0,CV009_007,1154892
85697,640,0,CV009_007,1155532
85698,640,0,CV009_007,1156172
85699,644,0,CV009_007,1156816
85700,640,0,CV009_007,1157456
85701,636,0,CV009_007,1158092
85702,644,0,CV009_007,1158736
85703,632,0,CV009_007,1159368
85704,632,0,CV009_007,1160000
85705,632,0,CV009_007,1160632
85706,624,0,CV009_007,1161256
85707,632,0,CV009_007,1161888
85708,632,0,CV009_007,1162520
85709,628,0,CV009_007,1163148
85710,628,0,CV009_007,1163776
85711,628,0,CV009_007,1164404
85712,628,0,CV009_007,1165032
85713,684,1,CV009_007,1165716
85714,568,0,CV009_007,1166284
85715,636,0,CV009_007,1166920
85716,628,0,CV009_007,1167548
85717,684,1,CV009_007,1168232
85718,580,0,CV009_007,1168812
85719,632,0,CV009_007,1169444
85720,632,0,CV009_007,1170076
85721,636,0,CV009_007,1170712
85722,632,0,CV009_007,1171344
85723,696,1,CV009_007,1172040
85724,584,0,CV009_007,1172624
85725,640,0,CV009_007,1173264
85726,644,0,CV009_007,1173908
85727,700,1,CV009_007,1174608
85728,584,0,CV009_007,1175192
85729,640,0,CV009_007,1175832
85730,644,0,CV009_007,1176476
85731,632,0,CV009_007,1177108
85732,648,0,CV009_007,1177756
85733,644,0,CV009_007,1178400
85734,640,0,CV009_007,1179040
85735,644,0,CV009_007,1179684
85736,696,0,CV009_007,1180380
85737,1224,0,CV009_007,1181604
85738,652,0,CV009_007,1182256
85739,648,0,CV009_007,1182904
85740,648,0,CV009_007,1183552
85741,644,0,CV009_007,1184196
85742,648,0,CV009_007,1184844
85743,652,0,CV009_007,1185496
85744,648,0,CV009_007,1186144
85745,648,0,CV009_007,1186792
85746,652,0,CV009_007,1187444
85747,644,0,CV009_007,1188088
85748,648,0,CV009_007,1188736
85749,648,0,CV009_007,1189384
85750,648,0,CV009_007,1190032
85751,640,0,CV009_007,1190672
85752,648,0,CV009_007,1191320
85753,708,0,CV009_007,1192028
85754,636,0,CV009_007,1192664
85755,596,0,CV009_007,1193260
85756,648,0,CV009_007,1193908
85757,644,0,CV009_007,1194552
85758,648,0,CV009_007,1195200
85759,652,0,CV009_007,1195852
85760,648,0,CV009_007,1196500
85761,644,0,CV009_007,1197144
85762,644,0,CV009_007,1197788
85763,652,0,CV009_007,1198440
85764,1304,0,CV009_007,1199744
85765,648,0,CV009_007,1200392
85766,648,0,CV009_007,1201040
85767,656,0,CV009_007,1201696
85768,652,0,CV009_007,1202348
85769,708,1,CV009_007,1203056
85770,596,0,CV009_007,1203652
85771,656,0,CV009_007,1204308
85772,648,0,CV009_007,1204956
85773,660,0,CV009_007,1205616
85774,652,0,CV009_007,1206268
85775,652,0,CV009_007,1206920
85776,656,0,CV009_007,1207576
85777,656,0,CV009_007,1208232
85778,656,0,CV009_007,1208888
85779,1304,0,CV009_007,1210192
85780,440,0,CV009_007,1210632
85781,856,0,CV009_007,1211488
85782,640,0,CV009_007,1212128
85783,648,0,CV009_007,1212776
85784,700,0,CV009_007,1213476
85785,192,0,CV009_007,1213668
85786,392,0,CV009_007,1214060
85787,640,0,CV009_007,1214700
85788,472,0,CV009_007,1215172
85789,172,0,CV009_007,1215344
85790,328,0,CV009_007,1215672
85791,360,0,CV009_007,1216032
85792,576,0,CV009_007,1216608
85793,640,0,CV009_007,1217248
85794,640,0,CV009_007,1217888
85795,640,0,CV009_007,1218528
85796,632,0,CV009_007,1219160
85797,640,0,CV009_007,1219800
85798,640,0,CV009_007,1220440
85799,640,0,CV009_007,1221080
85800,640,0,CV009_007,1221720
85801,644,0,CV009_007,1222364
85802,696,1,CV009_007,1223060
85803,588,0,CV009_007,1223648
85804,644,0,CV009_007,1224292
85805,644,0,CV009_007,1224936
85806,640,0,CV009_007,1225576
85807,632,0,CV009_007,1226208
85808,640,0,CV009_007,1226848
85809,640,0,CV009_007,1227488
85810,636,0,CV009_007,1228124
85811,636,0,CV009_007,1228760
85812,636,0,CV009_007,1229396
85813,180,0,CV009_007,1229576
85814,520,0,CV009_007,1230096
85815,580,0,CV009_007,1230676
85816,76,0,CV009_007,1230752
85817,556,0,CV009_007,1231308
85818,284,0,CV009_007,1231592
85819,360,0,CV009_007,1231952
85820,876,0,CV009_007,1232828
85821,400,0,CV009_007,1233228
85822,640,0,CV009_007,1233868
85823,644,0,CV009_007,1234512
85824,452,0,CV009_007,1234964
85825,896,0,CV009_007,1235860
85826,100,0,CV009_007,1235960
85827,488,0,CV009_007,1236448
85828,644,0,CV009_007,1237092
85829,644,0,CV009_007,1237736
85830,652,0,CV009_007,1238388
85831,700,0,CV009_007,1239088
85832,652,0,CV009_007,1239740
85833,588,0,CV009_007,1240328
85834,644,0,CV009_007,1240972
85835,648,0,CV009_007,1241620
85836,352,0,CV009_007,1241972
85837,292,0,CV009_007,1242264
85838,648,0,CV009_007,1242912
85839,644,0,CV009_007,1243556
85840,648,0,CV009_007,1244204
85841,644,0,CV009_007,1244848
85842,644,0,CV009_007,1245492
85843,644,0,CV009_007,1246136
85844,644,0,CV009_007,1246780
85845,640,0,CV009_007,1247420
85846,640,0,CV009_007,1248060
85847,644,0,CV009_007,1248704
85848,640,0,CV009_007,1249344
85849,1280,0,CV009_007,1250624
85850,644,0,CV009_007,1251268
85851,68,0,CV009_007,1251336
85852,572,0,CV009_007,1251908
85853,856,0,CV009_007,1252764
85854,432,0,CV009_007,1253196
85855,644,0,CV009_007,1253840
85856,700,0,CV009_007,1254540
85857,592,0,CV009_007,1255132
85858,644,0,CV009_007,1255776
85859,644,0,CV009_007,1256420
85860,644,0,CV009_007,1257064
85861,644,0,CV009_007,1257708
85862,644,0,CV009_007,1258352
85863,1288,0,CV009_007,1259640
85864,644,0,CV009_007,1260284
85865,644,0,CV009_007,1260928
85866,652,0,CV009_007,1261580
85867,648,0,CV009_007,1262228
85868,652,0,CV009_007,1262880
85869,656,0,CV009_007,1263536
85870,652,0,CV009_007,1264188
85871,652,0,CV009_007,1264840
85872,656,0,CV009_007,1265496
85873,652,0,CV009_007,1266148
85874,644,0,CV009_007,1266792
85875,644,0,CV009_007,1267436
85876,648,0,CV009_007,1268084
85877,644,0,CV009_007,1268728
85878,636,0,CV009_007,1269364
85879,700,1,CV009_007,1270064
85880,580,0,CV009_007,1270644
85881,640,0,CV009_007,1271284
85882,640,0,CV009_007,1271924
85883,636,0,CV009_007,1272560
85884,636,0,CV009_007,1273196
85885,644,0,CV009_007,1273840
85886,644,0,CV009_007,1274484
85887,644,0,CV009_007,1275128
85888,640,0,CV009_007,1275768
85889,648,0,CV009_007,1276416
85890,652,0,CV009_007,1277068
85891,644,0,CV009_007,1277712
85892,640,0,CV009_007,1278352
85893,636,0,CV009_007,1278988
85894,640,0,CV009_007,1279628
85895,640,0,CV009_007,1280268
85896,636,0,CV009_007,1280904
85897,636,0,CV009_007,1281540
85898,632,0,CV009_007,1282172
85899,632,0,CV009_007,1282804
85900,684,1,CV009_007,1283488
85901,576,0,CV009_007,1284064
85902,628,0,CV009_007,1284692
85903,632,0,CV009_007,1285324
85904,628,0,CV009_007,1285952
85905,632,0,CV009_007,1286584
85906,632,0,CV009_007,1287216
85907,636,0,CV009_007,1287852
85908,628,0,CV009_007,1288480
85909,628,0,CV009_007,1289108
85910,636,0,CV009_007,1289744
85911,628,0,CV009_007,1290372
85912,624,0,CV009_007,1290996
85913,632,0,CV009_007,1291628
85914,628,0,CV009_007,1292256
85915,624,0,CV009_007,1292880
85916,628,0,CV009_007,1293508
85917,628,0,CV009_007,1294136
85918,636,0,CV009_007,1294772
85919,628,0,CV009_007,1295400
85920,688,1,CV009_007,1296088
85921,572,0,CV009_007,1296660
85922,636,0,CV009_007,1297296
85923,636,0,CV009_007,1297932
85924,632,0,CV009_007,1298564
85925,636,0,CV009_007,1299200
85926,632,0,CV009_007,1299832
85927,632,0,CV009_007,1300464
85928,628,0,CV009_007,1301092
85929,624,0,CV009_007,1301716
85930,628,0,CV009_007,1302344
85931,624,0,CV009_007,1302968
85932,624,0,CV009_007,1303592
85933,624,0,CV009_007,1304216
85934,628,0,CV009_007,1304844
85935,624,0,CV009_007,1305468
85936,628,0,CV009_007,1306096
85937,628,0,CV009_007,1306724
85938,632,0,CV009_007,1307356
85939,636,0,CV009_007,1307992
85940,624,0,CV009_007,1308616
85941,632,0,CV009_007,1309248
85942,636,0,CV009_007,1309884
85943,628,0,CV009_007,1310512
85944,624,0,CV009_007,1311136
85945,628,0,CV009_007,1311764
85946,680,1,CV009_007,1312444
85947,564,0,CV009_007,1313008
85948,624,0,CV009_007,1313632
85949,624,0,CV009_007,1314256
85950,684,1,CV009_007,1314940
85951,568,0,CV009_007,1315508
85952,628,0,CV009_007,1316136
85953,628,0,CV009_007,1316764
85954,632,0,CV009_007,1317396
85955,1256,0,CV009_007,1318652
85956,632,0,CV009_007,1319284
85957,632,0,CV009_007,1319916
85958,632,0,CV009_007,1320548
85959,628,0,CV009_007,1321176
85960,644,0,CV009_007,1321820
85961,632,0,CV009_007,1322452
85962,628,0,CV009_007,1323080
85963,632,0,CV009_007,1323712
85964,636,0,CV009_007,1324348
85965,628,0,CV009_007,1324976
85966,628,0,CV009_007,1325604
85967,632,0,CV009_007,1326236
85968,636,0,CV009_007,1326872
85969,628,0,CV009_007,1327500
85970,632,0,CV009_007,1328132
85971,628,0,CV009_007,1328760
85972,640,0,CV009_007,1329400
85973,616,0,CV009_007,1330016
85974,652,0,CV009_007,1330668
85975,636,0,CV009_007,1331304
85976,640,0,CV009_007,1331944
85977,640,0,CV009_007,1332584
85978,636,0,CV009_007,1333220
85979,688,1,CV009_007,1333908
85980,580,0,CV009_007,1334488
85981,628,0,CV009_007,1335116
85982,636,0,CV009_007,1335752
85983,628,0,CV009_007,1336380
85984,632,0,CV009_007,1337012
85985,628,0,CV009_007,1337640
85986,632,0,CV009_007,1338272
85987,632,0,CV009_007,1338904
85988,636,0,CV009_007,1339540
85989,640,0,CV009_007,1340180
85990,636,0,CV009_007,1340816
85991,636,0,CV009_007,1341452
85992,636,0,CV009_007,1342088
85993,636,0,CV009_007,1342724
85994,636,0,CV009_007,1343360
85995,636,0,CV009_007,1343996
85996,632,0,CV009_007,1344628
85997,644,0,CV009_007,1345272
85998,632,0,CV009_007,1345904
85999,632,0,CV009_007,1346536
86000,628,0,CV009_007,1347164
86001,636,0,CV009_007,1347800
86002,636,0,CV009_007,1348436
86003,680,1,CV009_007,1349116
86004,572,0,CV009_007,1349688
86005,632,0,CV009_007,1350320
86006,628,0,CV009_007,1350948
86007,632,0,CV009_007,1351580
86008,628,0,CV009_007,1352208
86009,640,0,CV009_007,1352848
86010,636,0,CV009_007,1353484
86011,636,0,CV009_007,1354120
86012,632,0,CV009_007,1354752
86013,640,0,CV009_007,1355392
86014,632,0,CV009_007,1356024
86015,632,0,CV009_007,1356656
86016,684,1,CV009_007,1357340
86017,576,0,CV009_007,1357916
86018,636,0,CV009_007,1358552
86019,624,0,CV009_007,1359176
86020,632,0,CV009_007,1359808
86021,632,0,CV009_007,1360440
86022,692,1,CV009_007,1361132
86023,568,0,CV009_007,1361700
86024,632,0,CV009_007,1362332
86025,640,0,CV009_007,1362972
86026,640,0,CV009_007,1363612
86027,636,0,CV009_007,1364248
86028,644,0,CV009_007,1364892
86029,648,0,CV009_007,1365540
86030,648,0,CV009_007,1366188
86031,644,0,CV009_007,1366832
86032,644,0,CV009_007,1367476
86033,644,0,CV009_007,1368120
86034,648,0,CV009_007,1368768
86035,640,0,CV009_007,1369408
86036,1292,0,CV009_007,1370700
86037,640,0,CV009_007,1371340
86038,636,0,CV009_007,1371976
86039,652,0,CV009_007,1372628
86040,700,1,CV009_007,1373328
86041,592,0,CV009_007,1373920
86042,648,0,CV009_007,1374568
86043,648,0,CV009_007,1375216
86044,648,0,CV009_007,1375864
86045,652,0,CV009_007,1376516
86046,652,0,CV009_007,1377168
86047,648,0,CV009_007,1377816
86048,652,0,CV009_007,1378468
86049,656,0,CV009_007,1379124
86050,704,0,CV009_007,1379828
86051,600,0,CV009_007,1380428
86052,712,0,CV009_007,1381140
86053,584,0,CV009_007,1381724
86054,660,0,CV009_007,1382384
86055,652,0,CV009_007,1383036
86056,660,0,CV009_007,1383696
86057,652,0,CV009_007,1384348
86058,656,0,CV009_007,1385004
86059,652,0,CV009_007,1385656
86060,652,0,CV009_007,1386308
86061,652,0,CV009_007,1386960
86062,660,0,CV009_007,1387620
86063,656,0,CV009_007,1388276
86064,648,0,CV009_007,1388924
86065,656,0,CV009_007,1389580
86066,656,0,CV009_007,1390236
86067,652,0,CV009_007,1390888
86068,660,0,CV009_007,1391548
86069,648,0,CV009_007,1392196
86070,652,0,CV009_007,1392848
86071,644,0,CV009_007,1393492
86072,652,0,CV009_007,1394144
86073,652,0,CV009_007,1394796
86074,652,0,CV009_007,1395448
86075,696,1,CV009_007,1396144
86076,596,0,CV009_007,1396740
86077,656,0,CV009_007,1397396
86078,648,0,CV009_007,1398044
86079,648,0,CV009_007,1398692
86080,656,0,CV009_007,1399348
86081,664,0,CV009_007,1400012
86082,656,0,CV009_007,1400668
86083,656,0,CV009_007,1401324
86084,664,0,CV009_007,1401988
86085,660,0,CV009_007,1402648
86086,656,0,CV009_007,1403304
86087,664,0,CV009_007,1403968
86088,656,0,CV009_007,1404624
86089,652,0,CV009_007,1405276
86090,656,0,CV009_007,1405932
86091,652,0,CV009_007,1406584
86092,652,0,CV009_007,1407236
86093,664,0,CV009_007,1407900
86094,656,0,CV009_007,1408556
86095,708,0,CV009_007,1409264
86096,604,0,CV009_007,1409868
86097,712,0,CV009_007,1410580
86098,652,0,CV009_007,1411232
86099,600,0,CV009_007,1411832
86100,652,0,CV009_007,1412484
86101,656,0,CV009_007,1413140
86102,644,0,CV009_007,1413784
86103,652,0,CV009_007,1414436
86104,712,0,CV009_007,1415148
86105,592,0,CV009_007,1415740
86106,576,0,CV009_007,1416316
86107,732,0,CV009_007,1417048
86108,644,0,CV009_007,1417692
86109,656,0,CV009_007,1418348
86110,708,1,CV009_007,1419056
86111,588,0,CV009_007,1419644
86112,652,0,CV009_007,1420296
86113,644,0,CV009_007,1420940
86114,648,0,CV009_007,1421588
86115,648,0,CV009_007,1422236
86116,648,0,CV009_007,1422884
86117,644,0,CV009_007,1423528
86118,652,0,CV009_007,1424180
86119,644,0,CV009_007,1424824
86120,640,0,CV009_007,1425464
86121,700,1,CV009_007,1426164
86122,588,0,CV009_007,1426752
86123,644,0,CV009_007,1427396
86124,640,0,CV009_007,1428036
86125,700,0,CV009_007,1428736
86126,580,0,CV009_007,1429316
86127,380,0,CV009_007,1429696
86128,312,0,CV009_007,1430008
86129,1220,0,CV009_007,1431228
86130,1964,0,CV009_007,1433192
86131,580,0,CV009_007,1433772
86132,1900,0,CV009_007,1435672
86133,636,0,CV009_007,1436308
86134,628,0,CV009_007,1436936
86135,632,0,CV009_007,1437568
86136,640,0,CV009_007,1438208
86137,640,0,CV009_007,1438848
86138,632,0,CV009_007,1439480
86139,692,1,CV009_007,1440172
86140,580,0,CV009_007,1440752
86141,644,0,CV009_007,1441396
86142,636,0,CV009_007,1442032
86143,636,0,CV009_007,1442668
86144,636,0,CV009_007,1443304
86145,644,0,CV009_007,1443948
86146,640,0,CV009_007,1444588
86147,640,0,CV009_007,1445228
86148,640,0,CV009_007,1445868
86149,644,0,CV009_007,1446512
86150,644,0,CV009_007,1447156
86151,636,0,CV009_007,1447792
86152,640,0,CV009_007,1448432
86153,644,0,CV009_007,1449076
86154,644,0,CV009_007,1449720
86155,640,0,CV009_007,1450360
86156,644,0,CV009_007,1451004
86157,648,0,CV009_007,1451652
86158,644,0,CV009_007,1452296
86159,644,0,CV009_007,1452940
86160,644,0,CV009_007,1453584
86161,652,0,CV009_007,1454236
86162,644,0,CV009_007,1454880
86163,648,0,CV009_007,1455528
86164,644,0,CV009_007,1456172
86165,692,0,CV009_007,1456864
86166,588,0,CV009_007,1457452
86167,1284,0,CV009_007,1458736
86168,428,0,CV009_007,1459164
86169,212,0,CV009_007,1459376
86170,588,0,CV009_007,1459964
86171,688,0,CV009_007,1460652
86172,520,0,CV009_007,1461172
86173,756,0,CV009_007,1461928
86174,632,0,CV009_007,1462560
86175,636,0,CV009_007,1463196
86176,636,0,CV009_007,1463832
86177,632,0,CV009_007,1464464
86178,820,0,CV009_007,1465284
86179,432,0,CV009_007,1465716
86180,624,0,CV009_007,1466340
86181,624,0,CV009_007,1466964
86182,624,0,CV009_007,1467588
86183,628,0,CV009_007,1468216
86184,328,0,CV009_007,1468544
86185,296,0,CV009_007,1468840
86186,352,0,CV009_007,1469192
86187,272,0,CV009_007,1469464
86188,348,0,CV009_007,1469812
86189,284,0,CV009_007,1470096
86190,628,0,CV009_007,1470724
86191,624,0,CV009_007,1471348
86192,632,0,CV009_007,1471980
86193,624,0,CV009_007,1472604
86194,628,0,CV009_007,1473232
86195,628,0,CV009_007,1473860
86196,440,0,CV009_007,1474300
86197,188,0,CV009_007,1474488
86198,692,0,CV009_007,1475180
86199,1204,0,CV009_007,1476384
86200,344,0,CV009_007,1476728
86201,296,0,CV009_007,1477024
86202,624,0,CV009_007,1477648
86203,632,0,CV009_007,1478280
86204,372,0,CV009_007,1478652
86205,264,0,CV009_007,1478916
86206,628,0,CV009_007,1479544
86207,636,0,CV009_007,1480180
86208,632,0,CV009_007,1480812
86209,640,0,CV009_007,1481452
86210,688,0,CV009_007,1482140
86211,588,0,CV009_007,1482728
86212,644,0,CV009_007,1483372
86213,256,0,CV009_007,1483628
86214,396,0,CV009_007,1484024
86215,656,0,CV009_007,1484680
86216,644,0,CV009_007,1485324
86217,712,0,CV009_007,1486036
86218,240,0,CV009_007,1486276
86219,352,0,CV009_007,1486628
86220,652,0,CV009_007,1487280
86221,708,0,CV009_007,1487988
86222,652,0,CV009_007,1488640
86223,668,0,CV009_007,1489308
86224,572,0,CV009_007,1489880
86225,648,0,CV009_007,1490528
86226,648,0,CV009_007,1491176
86227,696,0,CV009_007,1491872
86228,588,0,CV009_007,1492460
86229,1292,0,CV009_007,1493752
86230,644,0,CV009_007,1494396
86231,696,0,CV009_007,1495092
86232,588,0,CV009_007,1495680
86233,648,0,CV009_007,1496328
86234,652,0,CV009_007,1496980
86235,644,0,CV009_007,1497624
86236,648,0,CV009_007,1498272
86237,656,0,CV009_007,1498928
86238,652,0,CV009_007,1499580
86239,652,0,CV009_007,1500232
86240,652,0,CV009_007,1500884
86241,656,0,CV009_007,1501540
86242,652,0,CV009_007,1502192
86243,648,0,CV009_007,1502840
86244,648,0,CV009_007,1503488
86245,712,1,CV009_007,1504200
86246,596,0,CV009_007,1504796
86247,648,0,CV009_007,1505444
86248,656,0,CV009_007,1506100
86249,652,0,CV009_007,1506752
86250,648,0,CV009_007,1507400
86251,652,0,CV009_007,1508052
86252,656,0,CV009_007,1508708
86253,648,0,CV009_007,1509356
86254,652,0,CV009_007,1510008
86255,652,0,CV009_007,1510660
86256,652,0,CV009_007,1511312
86257,652,0,CV009_007,1511964
86258,648,0,CV009_007,1512612
86259,656,0,CV009_007,1513268
86260,652,0,CV009_007,1513920
86261,644,0,CV009_007,1514564
86262,652,0,CV009_007,1515216
86263,656,0,CV009_007,1515872
86264,652,0,CV009_007,1516524
86265,652,0,CV009_007,1517176
86266,656,0,CV009_007,1517832
86267,708,0,CV009_007,1518540
86268,652,0,CV009_007,1519192
86269,600,0,CV009_007,1519792
86270,656,0,CV009_007,1520448
86271,656,0,CV009_007,1521104
86272,648,0,CV009_007,1521752
86273,656,0,CV009_007,1522408
86274,652,0,CV009_007,1523060
86275,652,0,CV009_007,1523712
86276,652,0,CV009_007,1524364
86277,656,0,CV009_007,1525020
86278,656,0,CV009_007,1525676
86279,648,0,CV009_007,1526324
86280,652,0,CV009_007,1526976
86281,656,0,CV009_007,1527632
86282,652,0,CV009_007,1528284
86283,652,0,CV009_007,1528936
86284,652,0,CV009_007,1529588
86285,652,0,CV009_007,1530240
86286,648,0,CV009_007,1530888
86287,652,0,CV009_007,1531540
86288,652,0,CV009_007,1532192
86289,648,0,CV009_007,1532840
86290,644,0,CV009_007,1533484
86291,1304,0,CV009_007,1534788
86292,648,0,CV009_007,1535436
86293,652,0,CV009_007,1536088
86294,656,0,CV009_007,1536744
86295,652,0,CV009_007,1537396
86296,656,0,CV009_007,1538052
86297,664,0,CV009_007,1538716
86298,656,0,CV009_007,1539372
86299,656,0,CV009_007,1540028
86300,652,0,CV009_007,1540680
86301,704,1,CV009_007,1541384
86302,588,0,CV009_007,1541972
86303,648,0,CV009_007,1542620
86304,652,0,CV009_007,1543272
86305,644,0,CV009_007,1543916
86306,644,0,CV009_007,1544560
86307,644,0,CV009_007,1545204
86308,648,0,CV009_007,1545852
86309,636,0,CV009_007,1546488
86310,636,0,CV009_007,1547124
86311,640,0,CV009_007,1547764
86312,640,0,CV009_007,1548404
86313,644,0,CV009_007,1549048
86314,632,0,CV009_007,1549680
86315,636,0,CV009_007,1550316
86316,644,0,CV009_007,1550960
86317,632,0,CV009_007,1551592
86318,636,0,CV009_007,1552228
86319,636,0,CV009_007,1552864
86320,640,0,CV009_007,1553504
86321,1288,0,CV009_007,1554792
86322,644,0,CV009_007,1555436
86323,652,0,CV009_007,1556088
86324,652,0,CV009_007,1556740
86325,644,0,CV009_007,1557384
86326,652,0,CV009_007,1558036
86327,652,0,CV009_007,1558688
86328,648,0,CV009_007,1559336
86329,640,0,CV009_007,1559976
86330,648,0,CV009_007,1560624
86331,644,0,CV009_007,1561268
86332,700,1,CV009_007,1561968
86333,592,0,CV009_007,1562560
86334,644,0,CV009_007,1563204
86335,648,0,CV009_007,1563852
86336,640,0,CV009_007,1564492
86337,640,0,CV009_007,1565132
86338,648,0,CV009_007,1565780
86339,648,0,CV009_007,1566428
86340,640,0,CV009_007,1567068
86341,640,0,CV009_007,1567708
86342,648,0,CV009_007,1568356
86343,652,0,CV009_007,1569008
86344,640,0,CV009_007,1569648
86345,648,0,CV009_007,1570296
86346,652,0,CV009_007,1570948
86347,648,0,CV009_007,1571596
86348,644,0,CV009_007,1572240
86349,708,0,CV009_007,1572948
86350,596,0,CV009_007,1573544
86351,704,0,CV009_007,1574248
86352,588,0,CV009_007,1574836
86353,644,0,CV009_007,1575480
86354,652,0,CV009_007,1576132
86355,648,0,CV009_007,1576780
86356,652,0,CV009_007,1577432
86357,644,0,CV009_007,1578076
86358,648,0,CV009_007,1578724
86359,656,0,CV009_007,1579380
86360,648,0,CV009_007,1580028
86361,648,0,CV009_007,1580676
86362,652,0,CV009_007,1581328
86363,652,0,CV009_007,1581980
86364,660,0,CV009_007,1582640
86365,648,0,CV009_007,1583288
86366,656,0,CV009_007,1583944
86367,656,0,CV009_007,1584600
86368,652,0,CV009_007,1585252
86369,652,0,CV009_007,1585904
86370,644,0,CV009_007,1586548
86371,704,0,CV009_007,1587252
86372,656,0,CV009_007,1587908
86373,592,0,CV009_007,1588500
86374,644,0,CV009_007,1589144
86375,656,0,CV009_007,1589800
86376,652,0,CV009_007,1590452
86377,652,0,CV009_007,1591104
86378,652,0,CV009_007,1591756
86379,652,0,CV009_007,1592408
86380,660,0,CV009_007,1593068
86381,660,0,CV009_007,1593728
86382,652,0,CV009_007,1594380
86383,660,0,CV009_007,1595040
86384,652,0,CV009_007,1595692
86385,664,0,CV009_007,1596356
86386,652,0,CV009_007,1597008
86387,652,0,CV009_007,1597660
86388,648,0,CV009_007,1598308
86389,660,0,CV009_007,1598968
86390,648,0,CV009_007,1599616
86391,648,0,CV009_007,1600264
86392,648,0,CV009_007,1600912
86393,648,0,CV009_007,1601560
86394,704,1,CV009_007,1602264
86395,588,0,CV009_007,1602852
86396,644,0,CV009_007,1603496
86397,648,0,CV009_007,1604144
86398,644,0,CV009_007,1604788
86399,644,0,CV009_007,1605432
86400,652,0,CV009_007,1606084
86401,652,0,CV009_007,1606736
86402,648,0,CV009_007,1607384
86403,648,0,CV009_007,1608032
86404,648,0,CV009_007,1608680
86405,656,0,CV009_007,1609336
86406,636,0,CV009_007,1609972
86407,648,0,CV009_007,1610620
86408,648,0,CV009_007,1611268
86409,644,0,CV009_007,1611912
86410,636,0,CV009_007,1612548
86411,1268,0,CV009_007,1613816
86412,632,0,CV009_007,1614448
86413,628,0,CV009_007,1615076
86414,632,0,CV009_007,1615708
86415,644,0,CV009_007,1616352
86416,640,0,CV009_007,1616992
86417,636,0,CV009_007,1617628
86418,644,0,CV009_007,1618272
86419,648,0,CV009_007,1618920
86420,644,0,CV009_007,1619564
86421,692,1,CV009_007,1620256
86422,584,0,CV009_007,1620840
86423,636,0,CV009_007,1621476
86424,636,0,CV009_007,1622112
86425,640,0,CV009_007,1622752
86426,640,0,CV009_007,1623392
86427,640,0,CV009_007,1624032
86428,644,0,CV009_007,1624676
86429,652,0,CV009_007,1625328
86430,644,0,CV009_007,1625972
86431,648,0,CV009_007,1626620
86432,652,0,CV009_007,1627272
86433,652,0,CV009_007,1627924
86434,648,0,CV009_007,1628572
86435,704,0,CV009_007,1629276
86436,596,0,CV009_007,1629872
86437,656,0,CV009_007,1630528
86438,1308,0,CV009_007,1631836
86439,660,0,CV009_007,1632496
86440,660,0,CV009_007,1633156
86441,644,0,CV009_007,1633800
86442,656,0,CV009_007,1634456
86443,656,0,CV009_007,1635112
86444,704,0,CV009_007,1635816
86445,648,0,CV009_007,1636464
86446,656,0,CV009_007,1637120
86447,600,0,CV009_007,1637720
86448,648,0,CV009_007,1638368
86449,648,0,CV009_007,1639016
86450,656,0,CV009_007,1639672
86451,656,0,CV009_007,1640328
86452,648,0,CV009_007,1640976
86453,656,0,CV009_007,1641632
86454,660,0,CV009_007,1642292
86455,660,0,CV009_007,1642952
86456,652,0,CV009_007,1643604
86457,664,0,CV009_007,1644268
86458,660,0,CV009_007,1644928
86459,660,0,CV009_007,1645588
86460,712,0,CV009_007,1646300
86461,604,0,CV009_007,1646904
86462,660,0,CV009_007,1647564
86463,716,0,CV009_007,1648280
86464,604,0,CV009_007,1648884
86465,656,0,CV009_007,1649540
86466,656,0,CV009_007,1650196
86467,664,0,CV009_007,1650860
86468,660,0,CV009_007,1651520
86469,656,0,CV009_007,1652176
86470,656,0,CV009_007,1652832
86471,720,0,CV009_007,1653552
86472,1256,0,CV009_007,1654808
86473,660,0,CV009_007,1655468
86474,656,0,CV009_007,1656124
86475,652,0,CV009_007,1656776
86476,652,0,CV009_007,1657428
86477,656,0,CV009_007,1658084
86478,656,0,CV009_007,1658740
86479,652,0,CV009_007,1659392
86480,652,0,CV009_007,1660044
86481,656,0,CV009_007,1660700
86482,652,0,CV009_007,1661352
86483,652,0,CV009_007,1662004
86484,652,0,CV009_007,1662656
86485,652,0,CV009_007,1663308
86486,648,0,CV009_007,1663956
86487,652,0,CV009_007,1664608
86488,648,0,CV009_007,1665256
86489,700,1,CV009_007,1665956
86490,596,0,CV009_007,1666552
86491,636,0,CV009_007,1667188
86492,656,0,CV009_007,1667844
86493,640,0,CV009_007,1668484
86494,648,0,CV009_007,1669132
86495,652,0,CV009_007,1669784
86496,636,0,CV009_007,1670420
86497,648,0,CV009_007,1671068
86498,648,0,CV009_007,1671716
86499,648,0,CV009_007,1672364
86500,644,0,CV009_007,1673008
86501,648,0,CV009_007,1673656
86502,652,0,CV009_007,1674308
86503,648,0,CV009_007,1674956
86504,644,0,CV009_007,1675600
86505,656,0,CV009_007,1676256
86506,648,0,CV009_007,1676904
86507,648,0,CV009_007,1677552
86508,648,0,CV009_007,1678200
86509,656,0,CV009_007,1678856
86510,652,0,CV009_007,1679508
86511,648,0,CV009_007,1680156
86512,652,0,CV009_007,1680808
86513,652,0,CV009_007,1681460
86514,652,0,CV009_007,1682112
86515,644,0,CV009_007,1682756
86516,648,0,CV009_007,1683404
86517,644,0,CV009_007,1684048
86518,652,0,CV009_007,1684700
86519,644,0,CV009_007,1685344
86520,644,0,CV009_007,1685988
86521,648,0,CV009_007,1686636
86522,648,0,CV009_007,1687284
86523,648,0,CV009_007,1687932
86524,644,0,CV009_007,1688576
86525,712,1,CV009_007,1689288
86526,588,0,CV009_007,1689876
86527,648,0,CV009_007,1690524
86528,652,0,CV009_007,1691176
86529,652,0,CV009_007,1691828
86530,644,0,CV009_007,1692472
86531,652,0,CV009_007,1693124
86532,648,0,CV009_007,1693772
86533,656,0,CV009_007,1694428
86534,648,0,CV009_007,1695076
86535,648,0,CV009_007,1695724
86536,656,0,CV009_007,1696380
86537,652,0,CV009_007,1697032
86538,652,0,CV009_007,1697684
86539,648,0,CV009_007,1698332
86540,652,0,CV009_007,1698984
86541,656,0,CV009_007,1699640
86542,656,0,CV009_007,1700296
86543,652,0,CV009_007,1700948
86544,656,0,CV009_007,1701604
86545,660,0,CV009_007,1702264
86546,656,0,CV009_007,1702920
86547,652,0,CV009_007,1703572
86548,716,1,CV009_007,1704288
86549,596,0,CV009_007,1704884
86550,656,0,CV009_007,1705540
86551,656,0,CV009_007,1706196
86552,652,0,CV009_007,1706848
86553,660,0,CV009_007,1707508
86554,652,0,CV009_007,1708160
86555,656,0,CV009_007,1708816
86556,656,0,CV009_007,1709472
86557,724,1,CV009_007,1710196
86558,576,0,CV009_007,1710772
86559,652,0,CV009_007,1711424
86560,656,0,CV009_007,1712080
86561,652,0,CV009_007,1712732
86562,648,0,CV009_007,1713380
86563,656,0,CV009_007,1714036
86564,660,0,CV009_007,1714696
86565,660,0,CV009_007,1715356
86566,656,0,CV009_007,1716012
86567,656,0,CV009_007,1716668
86568,660,0,CV009_007,1717328
86569,660,0,CV009_007,1717988
86570,656,0,CV009_007,1718644
86571,656,0,CV009_007,1719300
86572,656,0,CV009_007,1719956
86573,708,0,CV009_007,1720664
86574,652,0,CV009_007,1721316
86575,596,0,CV009_007,1721912
86576,652,0,CV009_007,1722564
86577,1316,0,CV009_007,1723880
86578,660,0,CV009_007,1724540
86579,656,0,CV009_007,1725196
86580,644,0,CV009_007,1725840
86581,648,0,CV009_007,1726488
86582,656,0,CV009_007,1727144
86583,656,0,CV009_007,1727800
86584,656,0,CV009_007,1728456
86585,648,0,CV009_007,1729104
86586,648,0,CV009_007,1729752
86587,652,0,CV009_007,1730404
86588,652,0,CV009_007,1731056
86589,660,0,CV009_007,1731716
86590,656,0,CV009_007,1732372
86591,664,0,CV009_007,1733036
86592,656,0,CV009_007,1733692
86593,652,0,CV009_007,1734344
86594,656,0,CV009_007,1735000
86595,656,0,CV009_007,1735656
86596,656,0,CV009_007,1736312
86597,652,0,CV009_007,1736964
86598,656,0,CV009_007,1737620
86599,716,0,CV009_007,1738336
86600,600,0,CV009_007,1738936
86601,652,0,CV009_007,1739588
86602,720,0,CV009_007,1740308
86603,600,0,CV009_007,1740908
86604,712,0,CV009_007,1741620
86605,604,0,CV009_007,1742224
86606,664,0,CV009_007,1742888
86607,716,0,CV009_007,1743604
86608,608,0,CV009_007,1744212
86609,660,0,CV009_007,1744872
86610,720,0,CV009_007,1745592
86611,604,0,CV009_007,1746196
86612,656,0,CV009_007,1746852
86613,656,0,CV009_007,1747508
86614,660,0,CV009_007,1748168
86615,656,0,CV009_007,1748824
86616,656,0,CV009_007,1749480
86617,656,0,CV009_007,1750136
86618,660,0,CV009_007,1750796
86619,664,0,CV009_007,1751460
86620,656,0,CV009_007,1752116
86621,664,0,CV009_007,1752780
86622,664,0,CV009_007,1753444
86623,660,0,CV009_007,1754104
86624,660,0,CV009_007,1754764
86625,664,0,CV009_007,1755428
86626,664,0,CV009_007,1756092
86627,656,0,CV009_007,1756748
86628,656,0,CV009_007,1757404
86629,664,0,CV009_007,1758068
86630,652,0,CV009_007,1758720
86631,652,0,CV009_007,1759372
86632,708,1,CV009_007,1760080
86633,600,0,CV009_007,1760680
86634,648,0,CV009_007,1761328
86635,656,0,CV009_007,1761984
86636,644,0,CV009_007,1762628
86637,708,1,CV009_007,1763336
86638,600,0,CV009_007,1763936
86639,652,0,CV009_007,1764588
86640,644,0,CV009_007,1765232
86641,656,0,CV009_007,1765888
86642,652,0,CV009_007,1766540
86643,648,0,CV009_007,1767188
86644,652,0,CV009_007,1767840
86645,716,1,CV009_007,1768556
86646,600,0,CV009_007,1769156
86647,656,0,CV009_007,1769812
86648,660,0,CV009_007,1770472
86649,660,0,CV009_007,1771132
86650,656,0,CV009_007,1771788
86651,1320,0,CV009_007,1773108
86652,656,0,CV009_007,1773764
86653,660,0,CV009_007,1774424
86654,660,0,CV009_007,1775084
86655,656,0,CV009_007,1775740
86656,656,0,CV009_007,1776396
86657,656,0,CV009_007,1777052
86658,656,0,CV009_007,1777708
86659,656,0,CV009_007,1778364
86660,652,0,CV009_007,1779016
86661,660,0,CV009_007,1779676
86662,656,0,CV009_007,1780332
86663,708,0,CV009_007,1781040
86664,600,0,CV009_007,1781640
86665,716,0,CV009_007,1782356
86666,600,0,CV009_007,1782956
86667,664,0,CV009_007,1783620
86668,716,0,CV009_007,1784336
86669,608,0,CV009_007,1784944
86670,664,0,CV009_007,1785608
86671,720,0,CV009_007,1786328
86672,608,0,CV009_007,1786936
86673,664,0,CV009_007,1787600
86674,724,0,CV009_007,1788324
86675,608,0,CV009_007,1788932
86676,668,0,CV009_007,1789600
86677,1328,0,CV009_007,1790928
86678,656,0,CV009_007,1791584
86679,664,0,CV009_007,1792248
86680,660,0,CV009_007,1792908
86681,660,0,CV009_007,1793568
86682,660,0,CV009_007,1794228
86683,656,0,CV009_007,1794884
86684,656,0,CV009_007,1795540
86685,656,0,CV009_007,1796196
86686,652,0,CV009_007,1796848
86687,660,0,CV009_007,1797508
86688,656,0,CV009_007,1798164
86689,652,0,CV009_007,1798816
86690,656,0,CV009_007,1799472
86691,652,0,CV009_007,1800124
86692,648,0,CV009_007,1800772
86693,644,0,CV009_007,1801416
86694,652,0,CV009_007,1802068
86695,648,0,CV009_007,1802716
86696,648,0,CV009_007,1803364
86697,648,0,CV009_007,1804012
86698,648,0,CV009_007,1804660
86699,708,0,CV009_007,1805368
86700,592,0,CV009_007,1805960
86701,652,0,CV009_007,1806612
86702,1308,0,CV009_007,1807920
86703,652,0,CV009_007,1808572
86704,648,0,CV009_007,1809220
86705,656,0,CV009_007,1809876
86706,656,0,CV009_007,1810532
86707,652,0,CV009_007,1811184
86708,652,0,CV009_007,1811836
86709,652,0,CV009_007,1812488
86710,660,0,CV009_007,1813148
86711,708,0,CV009_007,1813856
86712,652,0,CV009_007,1814508
86713,596,0,CV009_007,1815104
86714,656,0,CV009_007,1815760
86715,708,0,CV009_007,1816468
86716,600,0,CV009_007,1817068
86717,656,0,CV009_007,1817724
86718,652,0,CV009_007,1818376
86719,652,0,CV009_007,1819028
86720,656,0,CV009_007,1819684
86721,656,0,CV009_007,1820340
86722,656,0,CV009_007,1820996
86723,652,0,CV009_007,1821648
86724,716,0,CV009_007,1822364
86725,600,0,CV009_007,1822964
86726,660,0,CV009_007,1823624
86727,1316,0,CV009_007,1824940
86728,660,0,CV009_007,1825600
86729,656,0,CV009_007,1826256
86730,652,0,CV009_007,1826908
86731,664,0,CV009_007,1827572
86732,656,0,CV009_007,1828228
86733,716,1,CV009_007,1828944
86734,596,0,CV009_007,1829540
86735,660,0,CV009_007,1830200
86736,664,0,CV009_007,1830864
86737,664,0,CV009_007,1831528
86738,656,0,CV009_007,1832184
86739,656,0,CV009_007,1832840
86740,656,0,CV009_007,1833496
86741,660,0,CV009_007,1834156
86742,660,0,CV009_007,1834816
86743,652,0,CV009_007,1835468
86744,656,0,CV009_007,1836124
86745,656,0,CV009_007,1836780
86746,656,0,CV009_007,1837436
86747,648,0,CV009_007,1838084
86748,660,0,CV009_007,1838744
86749,656,0,CV009_007,1839400
86750,656,0,CV009_007,1840056
86751,656,0,CV009_007,1840712
86752,664,0,CV009_007,1841376
86753,660,0,CV009_007,1842036
86754,656,0,CV009_007,1842692
86755,660,0,CV009_007,1843352
86756,656,0,CV009_007,1844008
86757,660,0,CV009_007,1844668
86758,656,0,CV009_007,1845324
86759,664,0,CV009_007,1845988
86760,660,0,CV009_007,1846648
86761,720,0,CV009_007,1847368
86762,608,0,CV009_007,1847976
86763,656,0,CV009_007,1848632
86764,1304,0,CV009_007,1849936
86765,652,0,CV009_007,1850588
86766,656,0,CV009_007,1851244
86767,656,0,CV009_007,1851900
86768,648,0,CV009_007,1852548
86769,652,0,CV009_007,1853200
86770,656,0,CV009_007,1853856
86771,656,0,CV009_007,1854512
86772,652,0,CV009_007,1855164
86773,656,0,CV009_007,1855820
86774,660,0,CV009_007,1856480
86775,668,0,CV009_007,1857148
86776,656,0,CV009_007,1857804
86777,656,0,CV009_007,1858460
86778,664,0,CV009_007,1859124
86779,664,0,CV009_007,1859788
86780,648,0,CV009_007,1860436
86781,656,0,CV009_007,1861092
86782,656,0,CV009_007,1861748
86783,656,0,CV009_007,1862404
86784,652,0,CV009_007,1863056
86785,652,0,CV009_007,1863708
86786,652,0,CV009_007,1864360
86787,652,0,CV009_007,1865012
86788,648,0,CV009_007,1865660
86789,1316,0,CV009_007,1866976
86790,652,0,CV009_007,1867628
86791,652,0,CV009_007,1868280
86792,660,0,CV009_007,1868940
86793,656,0,CV009_007,1869596
86794,648,0,CV009_007,1870244
86795,656,0,CV009_007,1870900
86796,656,0,CV009_007,1871556
86797,652,0,CV009_007,1872208
86798,656,0,CV009_007,1872864
86799,660,0,CV009_007,1873524
86800,656,0,CV009_007,1874180
86801,656,0,CV009_007,1874836
86802,660,0,CV009_007,1875496
86803,660,0,CV009_007,1876156
86804,656,0,CV009_007,1876812
86805,660,0,CV009_007,1877472
86806,668,0,CV009_007,1878140
86807,720,0,CV009_007,1878860
86808,608,0,CV009_007,1879468
86809,660,0,CV009_007,1880128
86810,720,0,CV009_007,1880848
86811,600,0,CV009_007,1881448
86812,652,0,CV009_007,1882100
86813,656,0,CV009_007,1882756
86814,652,0,CV009_007,1883408
86815,652,0,CV009_007,1884060
86816,644,0,CV009_007,1884704
86817,704,1,CV009_007,1885408
86818,592,0,CV009_007,1886000
86819,652,0,CV009_007,1886652
86820,648,0,CV009_007,1887300
86821,492,0,CV009_007,1887792
86822,164,0,CV009_007,1887956
86823,648,0,CV009_007,1888604
86824,648,0,CV009_007,1889252
86825,652,0,CV009_007,1889904
86826,648,0,CV009_007,1890552
86827,648,0,CV009_007,1891200
86828,644,0,CV009_007,1891844
86829,644,0,CV009_007,1892488
86830,648,0,CV009_007,1893136
86831,656,0,CV009_007,1893792
86832,648,0,CV009_007,1894440
86833,648,0,CV009_007,1895088
86834,648,0,CV009_007,1895736
86835,660,0,CV009_007,1896396
86836,656,0,CV009_007,1897052
86837,652,0,CV009_007,1897704
86838,708,0,CV009_007,1898412
86839,600,0,CV009_007,1899012
86840,656,0,CV009_007,1899668
86841,1308,0,CV009_007,1900976
86842,656,0,CV009_007,1901632
86843,660,0,CV009_007,1902292
86844,648,0,CV009_007,1902940
86845,652,0,CV009_007,1903592
86846,712,1,CV009_007,1904304
86847,604,0,CV009_007,1904908
86848,656,0,CV009_007,1905564
86849,656,0,CV009_007,1906220
86850,660,0,CV009_007,1906880
86851,712,1,CV009_007,1907592
86852,604,0,CV009_007,1908196
86853,660,0,CV009_007,1908856
86854,664,0,CV009_007,1909520
86855,656,0,CV009_007,1910176
86856,660,0,CV009_007,1910836
86857,660,0,CV009_007,1911496
86858,652,0,CV009_007,1912148
86859,648,0,CV009_007,1912796
86860,652,0,CV009_007,1913448
86861,648,0,CV009_007,1914096
86862,704,1,CV009_007,1914800
86863,588,0,CV009_007,1915388
86864,644,0,CV009_007,1916032
86865,644,0,CV009_007,1916676
86866,640,0,CV009_007,1917316
86867,640,0,CV009_007,1917956
86868,648,0,CV009_007,1918604
86869,652,0,CV009_007,1919256
86870,652,0,CV009_007,1919908
86871,656,0,CV009_007,1920564
86872,656,0,CV009_007,1921220
86873,664,0,CV009_007,1921884
86874,656,0,CV009_007,1922540
86875,656,0,CV009_007,1923196
86876,660,0,CV009_007,1923856
86877,660,0,CV009_007,1924516
86878,656,0,CV009_007,1925172
86879,652,0,CV009_007,1925824
86880,648,0,CV009_007,1926472
86881,652,0,CV009_007,1927124
86882,652,0,CV009_007,1927776
86883,644,0,CV009_007,1928420
86884,644,0,CV009_007,1929064
86885,648,0,CV009_007,1929712
86886,692,1,CV009_007,1930404
86887,592,0,CV009_007,1930996
86888,640,0,CV009_007,1931636
86889,644,0,CV009_007,1932280
86890,640,0,CV009_007,1932920
86891,648,0,CV009_007,1933568
86892,648,0,CV009_007,1934216
86893,644,0,CV009_007,1934860
86894,648,0,CV009_007,1935508
86895,652,0,CV009_007,1936160
86896,652,0,CV009_007,1936812
86897,652,0,CV009_007,1937464
86898,648,0,CV009_007,1938112
86899,652,0,CV009_007,1938764
86900,648,0,CV009_007,1939412
86901,648,0,CV009_007,1940060
86902,648,0,CV009_007,1940708
86903,1292,0,CV009_007,1942000
86904,640,0,CV009_007,1942640
86905,652,0,CV009_007,1943292
86906,644,0,CV009_007,1943936
86907,644,0,CV009_007,1944580
86908,648,0,CV009_007,1945228
86909,644,0,CV009_007,1945872
86910,644,0,CV009_007,1946516
86911,704,1,CV009_007,1947220
86912,588,0,CV009_007,1947808
86913,648,0,CV009_007,1948456
86914,648,0,CV009_007,1949104
86915,648,0,CV009_007,1949752
86916,652,0,CV009_007,1950404
86917,652,0,CV009_007,1951056
86918,656,0,CV009_007,1951712
86919,704,0,CV009_007,1952416
86920,592,0,CV009_007,1953008
86921,708,0,CV009_007,1953716
86922,596,0,CV009_007,1954312
86923,644,0,CV009_007,1954956
86924,652,0,CV009_007,1955608
86925,644,0,CV009_007,1956252
86926,644,0,CV009_007,1956896
86927,644,0,CV009_007,1957540
86928,644,0,CV009_007,1958184
86929,640,0,CV009_007,1958824
86930,640,0,CV009_007,1959464
86931,644,0,CV009_007,1960108
86932,648,0,CV009_007,1960756
86933,704,0,CV009_007,1961460
86934,588,0,CV009_007,1962048
86935,652,0,CV009_007,1962700
86936,1296,0,CV009_007,1963996
86937,656,0,CV009_007,1964652
86938,652,0,CV009_007,1965304
86939,656,0,CV009_007,1965960
86940,648,0,CV009_007,1966608
86941,660,0,CV009_007,1967268
86942,648,0,CV009_007,1967916
86943,656,0,CV009_007,1968572
86944,648,0,CV009_007,1969220
86945,664,0,CV009_007,1969884
86946,652,0,CV009_007,1970536
86947,652,0,CV009_007,1971188
86948,656,0,CV009_007,1971844
86949,656,0,CV009_007,1972500
86950,656,0,CV009_007,1973156
86951,652,0,CV009_007,1973808
86952,660,0,CV009_007,1974468
86953,664,0,CV009_007,1975132
86954,660,0,CV009_007,1975792
86955,652,0,CV009_007,1976444
86956,720,1,CV009_007,1977164
86957,608,0,CV009_007,1977772
86958,656,0,CV009_007,1978428
86959,660,0,CV009_007,1979088
86960,664,0,CV009_007,1979752
86961,664,0,CV009_007,1980416
86962,652,0,CV009_007,1981068
86963,664,0,CV009_007,1981732
86964,716,0,CV009_007,1982448
86965,604,0,CV009_007,1983052
86966,660,0,CV009_007,1983712
86967,1324,0,CV009_007,1985036
86968,664,0,CV009_007,1985700
86969,1324,0,CV009_007,1987024
86970,656,0,CV009_007,1987680
86971,660,0,CV009_007,1988340
86972,652,0,CV009_007,1988992
86973,656,0,CV009_007,1989648
86974,656,0,CV009_007,1990304
86975,656,0,CV009_007,1990960
86976,660,0,CV009_007,1991620
86977,652,0,CV009_007,1992272
86978,660,0,CV009_007,1992932
86979,720,0,CV009_007,1993652
86980,596,0,CV009_007,1994248
86981,660,0,CV009_007,1994908
86982,716,0,CV009_007,1995624
86983,604,0,CV009_007,1996228
86984,660,0,CV009_007,1996888
86985,656,0,CV009_007,1997544
86986,664,0,CV009_007,1998208
86987,664,0,CV009_007,1998872
86988,656,0,CV009_007,1999528
86989,656,0,CV009_007,2000184
86990,656,0,CV009_007,2000840
86991,656,0,CV009_007,2001496
86992,648,0,CV009_007,2002144
86993,652,0,CV009_007,2002796
86994,660,0,CV009_007,2003456
86995,656,0,CV009_007,2004112
86996,652,0,CV009_007,2004764
86997,660,0,CV009_007,2005424
86998,708,0,CV009_007,2006132
86999,592,0,CV009_007,2006724
87000,716,0,CV009_007,2007440
87001,656,0,CV009_007,2008096
87002,600,0,CV009_007,2008696
87003,656,0,CV009_007,2009352
87004,652,0,CV009_007,2010004
87005,656,0,CV009_007,2010660
87006,660,0,CV009_007,2011320
87007,652,0,CV009_007,2011972
87008,656,0,CV009_007,2012628
87009,656,0,CV009_007,2013284
87010,660,0,CV009_007,2013944
87011,652,0,CV009_007,2014596
87012,660,0,CV009_007,2015256
87013,652,0,CV009_007,2015908
87014,660,0,CV009_007,2016568
87015,652,0,CV009_007,2017220
87016,652,0,CV009_007,2017872
87017,660,0,CV009_007,2018532
87018,660,0,CV009_007,2019192
87019,656,0,CV009_007,2019848
87020,652,0,CV009_007,2020500
87021,656,0,CV009_007,2021156
87022,660,0,CV009_007,2021816
87023,660,0,CV009_007,2022476
87024,652,0,CV009_007,2023128
87025,656,0,CV009_007,2023784
87026,656,0,CV009_007,2024440
87027,648,0,CV009_007,2025088
87028,652,0,CV009_007,2025740
87029,712,1,CV009_007,2026452
87030,600,0,CV009_007,2027052
87031,652,0,CV009_007,2027704
87032,656,0,CV009_007,2028360
87033,656,0,CV009_007,2029016
87034,660,0,CV009_007,2029676
87035,656,0,CV009_007,2030332
87036,652,0,CV009_007,2030984
87037,668,0,CV009_007,2031652
87038,660,0,CV009_007,2032312
87039,656,0,CV009_007,2032968
87040,664,0,CV009_007,2033632
87041,660,0,CV009_007,2034292
87042,660,0,CV009_007,2034952
87043,660,0,CV009_007,2035612
87044,652,0,CV009_007,2036264
87045,652,0,CV009_007,2036916
87046,660,0,CV009_007,2037576
87047,660,0,CV009_007,2038236
87048,660,0,CV009_007,2038896
87049,656,0,CV009_007,2039552
87050,660,0,CV009_007,2040212
87051,664,0,CV009_007,2040876
87052,660,0,CV009_007,2041536
87053,660,0,CV009_007,2042196
87054,660,0,CV009_007,2042856
87055,664,0,CV009_007,2043520
87056,660,0,CV009_007,2044180
87057,660,0,CV009_007,2044840
87058,664,0,CV009_007,2045504
87059,660,0,CV009_007,2046164
87060,656,0,CV009_007,2046820
87061,664,0,CV009_007,2047484
87062,672,0,CV009_007,2048156
87063,672,0,CV009_007,2048828
87064,668,0,CV009_007,2049496
87065,668,0,CV009_007,2050164
87066,668,0,CV009_007,2050832
87067,660,0,CV009_007,2051492
87068,664,0,CV009_007,2052156
87069,664,0,CV009_007,2052820
87070,664,0,CV009_007,2053484
87071,652,0,CV009_007,2054136
87072,660,0,CV009_007,2054796
87073,716,0,CV009_007,2055512
87074,604,0,CV009_007,2056116
87075,656,0,CV009_007,2056772
87076,720,0,CV009_007,2057492
87077,608,0,CV009_007,2058100
87078,664,0,CV009_007,2058764
87079,728,0,CV009_007,2059492
87080,608,0,CV009_007,2060100
87081,664,0,CV009_007,2060764
87082,724,0,CV009_007,2061488
87083,608,0,CV009_007,2062096
87084,668,0,CV009_007,2062764
87085,732,0,CV009_007,2063496
87086,616,0,CV009_007,2064112
87087,676,0,CV009_007,2064788
87088,672,0,CV009_007,2065460
87089,664,0,CV009_007,2066124
87090,668,0,CV009_007,2066792
87091,668,0,CV009_007,2067460
87092,668,0,CV009_007,2068128
87093,672,0,CV009_007,2068800
87094,672,0,CV009_007,2069472
87095,660,0,CV009_007,2070132
87096,672,0,CV009_007,2070804
87097,668,0,CV009_007,2071472
87098,660,0,CV009_007,2072132
87099,664,0,CV009_007,2072796
87100,712,0,CV009_007,2073508
87101,608,0,CV009_007,2074116
87102,668,0,CV009_007,2074784
87103,724,0,CV009_007,2075508
87104,612,0,CV009_007,2076120
87105,676,0,CV009_007,2076796
87106,676,0,CV009_007,2077472
87107,668,0,CV009_007,2078140
87108,676,0,CV009_007,2078816
87109,676,0,CV009_007,2079492
87110,672,0,CV009_007,2080164
87111,672,0,CV009_007,2080836
87112,676,0,CV009_007,2081512
87113,676,0,CV009_007,2082188
87114,676,0,CV009_007,2082864
87115,672,0,CV009_007,2083536
87116,680,0,CV009_007,2084216
87117,736,0,CV009_007,2084952
87118,616,0,CV009_007,2085568
87119,672,0,CV009_007,2086240
87120,724,0,CV009_007,2086964
87121,608,0,CV009_007,2087572
87122,672,0,CV009_007,2088244
87123,664,0,CV009_007,2088908
87124,672,0,CV009_007,2089580
87125,672,0,CV009_007,2090252
87126,668,0,CV009_007,2090920
87127,664,0,CV009_007,2091584
87128,668,0,CV009_007,2092252
87129,660,0,CV009_007,2092912
87130,664,0,CV009_007,2093576
87131,664,0,CV009_007,2094240
87132,664,0,CV009_007,2094904
87133,660,0,CV009_007,2095564
87134,664,0,CV009_007,2096228
87135,712,1,CV009_007,2096940
87136,596,0,CV009_007,2097536
87137,656,0,CV009_007,2098192
87138,652,0,CV009_007,2098844
87139,656,0,CV009_007,2099500
87140,648,0,CV009_007,2100148
87141,652,0,CV009_007,2100800
87142,712,0,CV009_007,2101512
87143,600,0,CV009_007,2102112
87144,652,0,CV009_007,2102764
87145,1316,0,CV009_007,2104080
87146,656,0,CV009_007,2104736
87147,656,0,CV009_007,2105392
87148,648,0,CV009_007,2106040
87149,648,0,CV009_007,2106688
87150,644,0,CV009_007,2107332
87151,652,0,CV009_007,2107984
87152,640,0,CV009_007,2108624
87153,640,0,CV009_007,2109264
87154,632,0,CV009_007,2109896
87155,636,0,CV009_007,2110532
87156,624,0,CV009_007,2111156
87157,624,0,CV009_007,2111780
87158,628,0,CV009_007,2112408
87159,632,0,CV009_007,2113040
87160,632,0,CV009_007,2113672
87161,636,0,CV009_007,2114308
87162,640,0,CV009_007,2114948
87163,644,0,CV009_007,2115592
87164,648,0,CV009_007,2116240
87165,644,0,CV009_007,2116884
87166,640,0,CV009_007,2117524
87167,648,0,CV009_007,2118172
87168,644,0,CV009_007,2118816
87169,704,1,CV009_007,2119520
87170,576,0,CV009_007,2120096
87171,640,0,CV009_007,2120736
87172,632,0,CV009_007,2121368
87173,636,0,CV009_007,2122004
87174,636,0,CV009_007,2122640
87175,640,0,CV009_007,2123280
87176,632,0,CV009_007,2123912
87177,636,0,CV009_007,2124548
87178,640,0,CV009_007,2125188
87179,696,0,CV009_007,2125884
87180,636,0,CV009_007,2126520
87181,584,0,CV009_007,2127104
87182,640,0,CV009_007,2127744
87183,640,0,CV009_007,2128384
87184,640,0,CV009_007,2129024
87185,644,0,CV009_007,2129668
87186,696,1,CV009_007,2130364
87187,588,0,CV009_007,2130952
87188,648,0,CV009_007,2131600
87189,644,0,CV009_007,2132244
87190,644,0,CV009_007,2132888
87191,644,0,CV009_007,2133532
87192,652,0,CV009_007,2134184
87193,648,0,CV009_007,2134832
87194,696,1,CV009_007,2135528
87195,592,0,CV009_007,2136120
87196,648,0,CV009_007,2136768
87197,652,0,CV009_007,2137420
87198,648,0,CV009_007,2138068
87199,652,0,CV009_007,2138720
87200,656,0,CV009_007,2139376
87201,648,0,CV009_007,2140024
87202,648,0,CV009_007,2140672
87203,656,0,CV009_007,2141328
87204,656,0,CV009_007,2141984
87205,656,0,CV009_007,2142640
87206,660,0,CV009_007,2143300
87207,652,0,CV009_007,2143952
87208,660,0,CV009_007,2144612
87209,656,0,CV009_007,2145268
87210,656,0,CV009_007,2145924
87211,656,0,CV009_007,2146580
87212,652,0,CV009_007,2147232
87213,644,0,CV009_007,2147876
87214,648,0,CV009_007,2148524
87215,648,0,CV009_007,2149172
87216,652,0,CV009_007,2149824
87217,700,1,CV009_007,2150524
87218,592,0,CV009_007,2151116
87219,648,0,CV009_007,2151764
87220,652,0,CV009_007,2152416
87221,640,0,CV009_007,2153056
87222,648,0,CV009_007,2153704
87223,648,0,CV009_007,2154352
87224,644,0,CV009_007,2154996
87225,644,0,CV009_007,2155640
87226,648,0,CV009_007,2156288
87227,648,0,CV009_007,2156936
87228,648,0,CV009_007,2157584
87229,652,0,CV009_007,2158236
87230,660,0,CV009_007,2158896
87231,664,0,CV009_007,2159560
87232,656,0,CV009_007,2160216
87233,656,0,CV009_007,2160872
87234,664,0,CV009_007,2161536
87235,660,0,CV009_007,2162196
87236,656,0,CV009_007,2162852
87237,708,0,CV009_007,2163560
87238,600,0,CV009_007,2164160
87239,652,0,CV009_007,2164812
87240,1296,0,CV009_007,2166108
87241,656,0,CV009_007,2166764
87242,652,0,CV009_007,2167416
87243,644,0,CV009_007,2168060
87244,648,0,CV009_007,2168708
87245,656,0,CV009_007,2169364
87246,648,0,CV009_007,2170012
87247,652,0,CV009_007,2170664
87248,648,0,CV009_007,2171312
87249,656,0,CV009_007,2171968
87250,652,0,CV009_007,2172620
87251,652,0,CV009_007,2173272
87252,648,0,CV009_007,2173920
87253,652,0,CV009_007,2174572
87254,660,0,CV009_007,2175232
87255,652,0,CV009_007,2175884
87256,644,0,CV009_007,2176528
87257,648,0,CV009_007,2177176
87258,648,0,CV009_007,2177824
87259,704,1,CV009_007,2178528
87260,588,0,CV009_007,2179116
87261,648,0,CV009_007,2179764
87262,648,0,CV009_007,2180412
87263,648,0,CV009_007,2181060
87264,640,0,CV009_007,2181700
87265,652,0,CV009_007,2182352
87266,648,0,CV009_007,2183000
87267,648,0,CV009_007,2183648
87268,648,0,CV009_007,2184296
87269,644,0,CV009_007,2184940
87270,648,0,CV009_007,2185588
87271,652,0,CV009_007,2186240
87272,648,0,CV009_007,2186888
87273,644,0,CV009_007,2187532
87274,648,0,CV009_007,2188180
87275,652,0,CV009_007,2188832
87276,1292,0,CV009_007,2190124
87277,648,0,CV009_007,2190772
87278,648,0,CV009_007,2191420
87279,648,0,CV009_007,2192068
87280,648,0,CV009_007,2192716
87281,652,0,CV009_007,2193368
87282,648,0,CV009_007,2194016
87283,644,0,CV009_007,2194660
87284,648,0,CV009_007,2195308
87285,652,0,CV009_007,2195960
87286,656,0,CV009_007,2196616
87287,648,0,CV009_007,2197264
87288,648,0,CV009_007,2197912
87289,652,0,CV009_007,2198564
87290,652,0,CV009_007,2199216
87291,652,0,CV009_007,2199868
87292,656,0,CV009_007,2200524
87293,708,0,CV009_007,2201232
87294,596,0,CV009_007,2201828
87295,720,0,CV009_007,2202548
87296,596,0,CV009_007,2203144
87297,656,0,CV009_007,2203800
87298,656,0,CV009_007,2204456
87299,652,0,CV009_007,2205108
87300,652,0,CV009_007,2205760
87301,656,0,CV009_007,2206416
87302,652,0,CV009_007,2207068
87303,652,0,CV009_007,2207720
87304,652,0,CV009_007,2208372
87305,652,0,CV009_007,2209024
87306,652,0,CV009_007,2209676
87307,648,0,CV009_007,2210324
87308,660,0,CV009_007,2210984
87309,652,0,CV009_007,2211636
87310,652,0,CV009_007,2212288
87311,664,0,CV009_007,2212952
87312,660,0,CV009_007,2213612
87313,648,0,CV009_007,2214260
87314,664,0,CV009_007,2214924
87315,660,0,CV009_007,2215584
87316,672,0,CV009_007,2216256
87317,660,0,CV009_007,2216916
87318,664,0,CV009_007,2217580
87319,664,0,CV009_007,2218244
87320,660,0,CV009_007,2218904
87321,656,0,CV009_007,2219560
87322,652,0,CV009_007,2220212
87323,648,0,CV009_007,2220860
87324,700,1,CV009_007,2221560
87325,596,0,CV009_007,2222156
87326,648,0,CV009_007,2222804
87327,644,0,CV009_007,2223448
87328,644,0,CV009_007,2224092
87329,644,0,CV009_007,2224736
87330,640,0,CV009_007,2225376
87331,640,0,CV009_007,2226016
87332,644,0,CV009_007,2226660
87333,640,0,CV009_007,2227300
87334,632,0,CV009_007,2227932
87335,652,0,CV009_007,2228584
87336,640,0,CV009_007,2229224
87337,648,0,CV009_007,2229872
87338,708,1,CV009_007,2230580
87339,592,0,CV009_007,2231172
87340,656,0,CV009_007,2231828
87341,644,0,CV009_007,2232472
87342,712,1,CV009_007,2233184
87343,592,0,CV009_007,2233776
87344,652,0,CV009_007,2234428
87345,652,0,CV009_007,2235080
87346,652,0,CV009_007,2235732
87347,648,0,CV009_007,2236380
87348,648,0,CV009_007,2237028
87349,644,0,CV009_007,2237672
87350,652,0,CV009_007,2238324
87351,648,0,CV009_007,2238972
87352,644,0,CV009_007,2239616
87353,652,0,CV009_007,2240268
87354,652,0,CV009_007,2240920
87355,652,0,CV009_007,2241572
87356,660,0,CV009_007,2242232
87357,660,0,CV009_007,2242892
87358,664,0,CV009_007,2243556
87359,656,0,CV009_007,2244212
87360,660,0,CV009_007,2244872
87361,724,0,CV009_007,2245596
87362,604,0,CV009_007,2246200
87363,664,0,CV009_007,2246864
87364,720,0,CV009_007,2247584
87365,608,0,CV009_007,2248192
87366,664,0,CV009_007,2248856
87367,720,0,CV009_007,2249576
87368,608,0,CV009_007,2250184
87369,668,0,CV009_007,2250852
87370,716,0,CV009_007,2251568
87371,608,0,CV009_007,2252176
87372,660,0,CV009_007,2252836
87373,1320,0,CV009_007,2254156
87374,660,0,CV009_007,2254816
87375,664,0,CV009_007,2255480
87376,648,0,CV009_007,2256128
87377,660,0,CV009_007,2256788
87378,668,0,CV009_007,2257456
87379,664,0,CV009_007,2258120
87380,664,0,CV009_007,2258784
87381,660,0,CV009_007,2259444
87382,668,0,CV009_007,2260112
87383,664,0,CV009_007,2260776
87384,656,0,CV009_007,2261432
87385,668,0,CV009_007,2262100
87386,664,0,CV009_007,2262764
87387,664,0,CV009_007,2263428
87388,712,0,CV009_007,2264140
87389,600,0,CV009_007,2264740
87390,656,0,CV009_007,2265396
87391,708,0,CV009_007,2266104
87392,648,0,CV009_007,2266752
87393,3180,0,CV009_008,3180
87394,1092,0,CV009_008,4272
87395,320,0,CV009_008,4592
87396,892,0,CV009_008,5484
87397,580,0,CV009_008,6064
87398,572,0,CV009_008,6636
87399,252,0,CV009_008,6888
87400,336,0,CV009_008,7224
87401,632,0,CV009_008,7856
87402,528,0,CV009_008,8384
87403,628,0,CV009_008,9012
87404,520,0,CV009_008,9532
87405,572,0,CV009_008,10104
87406,576,0,CV009_008,10680
87407,576,0,CV009_008,11256
87408,572,0,CV009_008,11828
87409,1140,0,CV009_008,12968
87410,572,0,CV009_008,13540
87411,628,0,CV009_008,14168
87412,568,0,CV009_008,14736
87413,1132,0,CV009_008,15868
87414,1868,0,CV009_008,17736
87415,996,0,CV009_008,18732
87416,1136,0,CV009_008,19868
87417,1872,0,CV009_008,21740
87418,1612,0,CV009_008,23352
87419,512,0,CV009_008,23864
87420,636,0,CV009_008,24500
87421,576,0,CV009_008,25076
87422,576,0,CV009_008,25652
87423,576,0,CV009_008,26228
87424,1732,0,CV009_008,27960
87425,524,0,CV009_008,28484
87426,584,0,CV009_008,29068
87427,636,0,CV009_008,29704
87428,524,0,CV009_008,30228
87429,640,0,CV009_008,30868
87430,592,0,CV009_008,31460
87431,532,0,CV009_008,31992
87432,588,0,CV009_008,32580
87433,592,0,CV009_008,33172
87434,1840,0,CV009_008,35012
87435,536,0,CV009_008,35548
87436,592,0,CV009_008,36140
87437,600,0,CV009_008,36740
87438,592,0,CV009_008,37332
87439,588,0,CV009_008,37920
87440,604,0,CV009_008,38524
87441,600,0,CV009_008,39124
87442,1192,0,CV009_008,40316
87443,596,0,CV009_008,40912
87444,592,0,CV009_008,41504
87445,596,0,CV009_008,42100
87446,596,0,CV009_008,42696
87447,600,0,CV009_008,43296
87448,600,0,CV009_008,43896
87449,592,0,CV009_008,44488
87450,596,0,CV009_008,45084
87451,600,0,CV009_008,45684
87452,600,0,CV009_008,46284
87453,600,0,CV009_008,46884
87454,600,0,CV009_008,47484
87455,600,0,CV009_008,48084
87456,596,0,CV009_008,48680
87457,600,0,CV009_008,49280
87458,608,0,CV009_008,49888
87459,864,0,CV009_008,50752
87460,1000,0,CV009_008,51752
87461,548,0,CV009_008,52300
87462,2460,0,CV009_008,54760
87463,1148,0,CV009_008,55908
87464,1856,0,CV009_008,57764
87465,612,0,CV009_008,58376
87466,544,0,CV009_008,58920
87467,3008,0,CV009_008,61928
87468,660,0,CV009_008,62588
87469,604,0,CV009_008,63192
87470,1216,0,CV009_008,64408
87471,1828,0,CV009_008,66236
87472,1832,0,CV009_008,68068
87473,616,0,CV009_008,68684
87474,1212,0,CV009_008,69896
87475,556,0,CV009_008,70452
87476,664,0,CV009_008,71116
87477,608,0,CV009_008,71724
87478,544,0,CV009_008,72268
87479,612,0,CV009_008,72880
87480,612,0,CV009_008,73492
87481,612,0,CV009_008,74104
87482,604,0,CV009_008,74708
87483,668,0,CV009_008,75376
87484,5512,0,CV009_008,80888
87485,608,0,CV009_008,81496
87486,604,0,CV009_008,82100
87487,556,0,CV009_008,82656
87488,664,0,CV009_008,83320
87489,548,0,CV009_008,83868
87490,612,0,CV009_008,84480
87491,660,0,CV009_008,85140
87492,600,0,CV009_008,85740
87493,608,0,CV009_008,86348
87494,604,0,CV009_008,86952
87495,1148,0,CV009_008,88100
87496,668,0,CV009_008,88768
87497,600,0,CV009_008,89368
87498,404,0,CV009_008,89772
87499,144,0,CV009_008,89916
87500,596,0,CV009_008,90512
87501,264,0,CV009_008,90776
87502,340,0,CV009_008,91116
87503,604,0,CV009_008,91720
87504,592,0,CV009_008,92312
87505,604,0,CV009_008,92916
87506,600,0,CV009_008,93516
87507,260,0,CV009_008,93776
87508,352,0,CV009_008,94128
87509,596,0,CV009_008,94724
87510,600,0,CV009_008,95324
87511,316,0,CV009_008,95640
87512,280,0,CV009_008,95920
87513,592,0,CV009_008,96512
87514,644,0,CV009_008,97156
87515,624,0,CV009_008,97780
87516,1132,0,CV009_008,98912
87517,532,0,CV009_008,99444
87518,584,0,CV009_008,100028
87519,636,0,CV009_008,100664
87520,536,0,CV009_008,101200
87521,1148,0,CV009_008,102348
87522,636,0,CV009_008,102984
87523,520,0,CV009_008,103504
87524,568,0,CV009_008,104072
87525,576,0,CV009_008,104648
87526,1700,0,CV009_008,106348
87527,348,0,CV009_008,106696
87528,268,0,CV009_008,106964
87529,728,0,CV009_008,107692
87530,336,0,CV009_008,108028
87531,548,0,CV009_008,108576
87532,1112,0,CV009_008,109688
87533,600,0,CV009_008,110288
87534,1052,0,CV009_008,111340
87535,552,0,CV009_008,111892
87536,296,0,CV009_008,112188
87537,260,0,CV009_008,112448
87538,608,0,CV009_008,113056
87539,504,0,CV009_008,113560
87540,560,0,CV009_008,114120
87541,564,0,CV009_008,114684
87542,616,0,CV009_008,115300
87543,1072,0,CV009_008,116372
87544,572,0,CV009_008,116944
87545,620,0,CV009_008,117564
87546,508,0,CV009_008,118072
87547,224,0,CV009_008,118296
87548,352,0,CV009_008,118648
87549,620,0,CV009_008,119268
87550,516,0,CV009_008,119784
87551,556,0,CV009_008,120340
87552,564,0,CV009_008,120904
87553,560,0,CV009_008,121464
87554,616,0,CV009_008,122080
87555,88,0,CV009_008,122168
87556,416,0,CV009_008,122584
87557,560,0,CV009_008,123144
87558,644,0,CV009_008,123788
87559,528,0,CV009_008,124316
87560,1616,0,CV009_008,125932
87561,616,0,CV009_008,126548
87562,244,0,CV009_008,126792
87563,256,0,CV009_008,127048
87564,612,0,CV009_008,127660
87565,496,0,CV009_008,128156
87566,632,0,CV009_008,128788
87567,484,0,CV009_008,129272
87568,616,0,CV009_008,129888
87569,492,0,CV009_008,130380
87570,560,0,CV009_008,130940
87571,552,0,CV009_008,131492
87572,552,0,CV009_008,132044
87573,556,0,CV009_008,132600
87574,548,0,CV009_008,133148
87575,604,1,CV009_008,133752
87576,492,0,CV009_008,134244
87577,548,0,CV009_008,134792
87578,544,0,CV009_008,135336
87579,548,0,CV009_008,135884
87580,540,0,CV009_008,136424
87581,1152,0,CV009_008,137576
87582,488,0,CV009_008,138064
87583,544,0,CV009_008,138608
87584,540,0,CV009_008,139148
87585,200,0,CV009_008,139348
87586,396,0,CV009_008,139744
87587,488,0,CV009_008,140232
87588,536,0,CV009_008,140768
87589,604,0,CV009_008,141372
87590,328,0,CV009_008,141700
87591,208,0,CV009_008,141908
87592,224,0,CV009_008,142132
87593,320,0,CV009_008,142452
87594,76,0,CV009_008,142528
87595,460,0,CV009_008,142988
87596,428,0,CV009_008,143416
87597,208,0,CV009_008,143624
87598,248,0,CV009_008,143872
87599,640,0,CV009_008,144512
87600,576,0,CV009_008,145088
87601,120,0,CV009_008,145208
87602,420,0,CV009_008,145628
87603,544,0,CV009_008,146172
87604,528,0,CV009_008,146700
87605,548,0,CV009_008,147248
87606,544,0,CV009_008,147792
87607,524,0,CV009_008,148316
87608,260,0,CV009_008,148576
87609,296,0,CV009_008,148872
87610,192,0,CV009_008,149064
87611,168,0,CV009_008,149232
87612,568,0,CV009_008,149800
87613,204,0,CV009_008,150004
87614,348,0,CV009_008,150352
87615,196,0,CV009_008,150548
87616,196,0,CV009_008,150744
87617,284,0,CV009_008,151028
87618,204,0,CV009_008,151232
87619,236,0,CV009_008,151468
87620,576,0,CV009_008,152044
87621,248,0,CV009_008,152292
87622,316,0,CV009_008,152608
87623,316,0,CV009_008,152924
87624,176,0,CV009_008,153100
87625,508,0,CV009_008,153608
87626,320,0,CV009_008,153928
87627,196,0,CV009_008,154124
87628,220,0,CV009_008,154344
87629,556,0,CV009_008,154900
87630,344,0,CV009_008,155244
87631,760,0,CV009_008,156004
87632,492,0,CV009_008,156496
87633,200,0,CV009_008,156696
87634,280,0,CV009_008,156976
87635,692,0,CV009_008,157668
87636,564,0,CV009_008,158232
87637,132,0,CV009_008,158364
87638,368,0,CV009_008,158732
87639,268,0,CV009_008,159000
87640,292,0,CV009_008,159292
87641,212,0,CV009_008,159504
87642,88,0,CV009_008,159592
87643,412,0,CV009_008,160004
87644,88,0,CV009_008,160092
87645,320,0,CV009_008,160412
87646,176,0,CV009_008,160588
87647,664,0,CV009_008,161252
87648,504,0,CV009_008,161756
87649,188,0,CV009_008,161944
87650,320,0,CV009_008,162264
87651,328,0,CV009_008,162592
87652,220,0,CV009_008,162812
87653,252,0,CV009_008,163064
87654,356,0,CV009_008,163420
87655,352,0,CV009_008,163772
87656,212,0,CV009_008,163984
87657,400,0,CV009_008,164384
87658,340,0,CV009_008,164724
87659,84,0,CV009_008,164808
87660,276,0,CV009_008,165084
87661,412,0,CV009_008,165496
87662,708,0,CV009_008,166204
87663,300,0,CV009_008,166504
87664,56,0,CV009_008,166560
87665,504,0,CV009_008,167064
87666,404,0,CV009_008,167468
87667,216,0,CV009_008,167684
87668,244,0,CV009_008,167928
87669,552,0,CV009_008,168480
87670,200,0,CV009_008,168680
87671,272,0,CV009_008,168952
87672,436,0,CV009_008,169388
87673,192,0,CV009_008,169580
87674,376,0,CV009_008,169956
87675,120,0,CV009_008,170076
87676,452,0,CV009_008,170528
87677,1140,0,CV009_008,171668
87678,144,0,CV009_008,171812
87679,260,0,CV009_008,172072
87680,392,0,CV009_008,172464
87681,292,0,CV009_008,172756
87682,624,0,CV009_008,173380
87683,208,0,CV009_008,173588
87684,220,0,CV009_008,173808
87685,728,0,CV009_008,174536
87686,140,0,CV009_008,174676
87687,336,0,CV009_008,175012
87688,384,0,CV009_008,175396
87689,156,0,CV009_008,175552
87690,152,0,CV009_008,175704
87691,360,0,CV009_008,176064
87692,268,0,CV009_008,176332
87693,236,0,CV009_008,176568
87694,160,0,CV009_008,176728
87695,332,0,CV009_008,177060
87696,144,0,CV009_008,177204
87697,488,0,CV009_008,177692
87698,360,0,CV009_008,178052
87699,584,0,CV009_008,178636
87700,1180,0,CV009_008,179816
87701,640,0,CV009_008,180456
87702,532,0,CV009_008,180988
87703,644,0,CV009_008,181632
87704,544,0,CV009_008,182176
87705,588,0,CV009_008,182764
87706,328,0,CV009_008,183092
87707,272,0,CV009_008,183364
87708,1180,0,CV009_008,184544
87709,280,0,CV009_008,184824
87710,368,0,CV009_008,185192
87711,540,0,CV009_008,185732
87712,660,0,CV009_008,186392
87713,592,0,CV009_008,186984
87714,548,0,CV009_008,187532
87715,596,0,CV009_008,188128
87716,596,0,CV009_008,188724
87717,600,0,CV009_008,189324
87718,608,0,CV009_008,189932
87719,604,0,CV009_008,190536
87720,596,0,CV009_008,191132
87721,604,0,CV009_008,191736
87722,612,0,CV009_008,192348
87723,688,0,CV009_008,193036
87724,580,0,CV009_008,193616
87725,568,0,CV009_008,194184
87726,644,0,CV009_008,194828
87727,1168,0,CV009_008,195996
87728,396,0,CV009_008,196392
87729,276,0,CV009_008,196668
87730,540,0,CV009_008,197208
87731,608,0,CV009_008,197816
87732,204,0,CV009_008,198020
87733,464,0,CV009_008,198484
87734,108,0,CV009_008,198592
87735,236,0,CV009_008,198828
87736,872,0,CV009_008,199700
87737,612,0,CV009_008,200312
87738,584,0,CV009_008,200896
87739,256,0,CV009_008,201152
87740,252,0,CV009_008,201404
87741,112,0,CV009_008,201516
87742,556,0,CV009_008,202072
87743,624,0,CV009_008,202696
87744,608,0,CV009_008,203304
87745,212,0,CV009_008,203516
87746,392,0,CV009_008,203908
87747,68,0,CV009_008,203976
87748,324,0,CV009_008,204300
87749,184,0,CV009_008,204484
87750,648,0,CV009_008,205132
87751,612,0,CV009_008,205744
87752,264,0,CV009_008,206008
87753,344,0,CV009_008,206352
87754,616,0,CV009_008,206968
87755,604,0,CV009_008,207572
87756,268,0,CV009_008,207840
87757,344,0,CV009_008,208184
87758,620,0,CV009_008,208804
87759,604,0,CV009_008,209408
87760,304,0,CV009_008,209712
87761,360,0,CV009_008,210072
87762,552,0,CV009_008,210624
87763,612,0,CV009_008,211236
87764,1216,0,CV009_008,212452
87765,384,0,CV009_008,212836
87766,228,0,CV009_008,213064
87767,612,0,CV009_008,213676
87768,612,0,CV009_008,214288
87769,548,0,CV009_008,214836
87770,108,0,CV009_008,214944
87771,1172,0,CV009_008,216116
87772,612,0,CV009_008,216728
87773,608,0,CV009_008,217336
87774,620,0,CV009_008,217956
87775,612,0,CV009_008,218568
87776,604,0,CV009_008,219172
87777,612,0,CV009_008,219784
87778,60,0,CV009_008,219844
87779,548,0,CV009_008,220392
87780,1220,0,CV009_008,221612
87781,620,0,CV009_008,222232
87782,1216,0,CV009_008,223448
87783,672,0,CV009_008,224120
87784,620,0,CV009_008,224740
87785,540,0,CV009_008,225280
87786,564,0,CV009_008,225844
87787,1000,0,CV009_008,226844
87788,860,0,CV009_008,227704
87789,616,0,CV009_008,228320
87790,516,0,CV009_008,228836
87791,472,0,CV009_008,229308
87792,376,0,CV009_008,229684
87793,48,0,CV009_008,229732
87794,396,0,CV009_008,230128
87795,1820,0,CV009_008,231948
87796,616,0,CV009_008,232564
87797,276,0,CV009_008,232840
87798,328,0,CV009_008,233168
87799,608,0,CV009_008,233776
87800,608,0,CV009_008,234384
87801,456,0,CV009_008,234840
87802,212,0,CV009_008,235052
87803,556,0,CV009_008,235608
87804,604,0,CV009_008,236212
87805,608,0,CV009_008,236820
87806,608,0,CV009_008,237428
87807,416,0,CV009_008,237844
87808,184,0,CV009_008,238028
87809,652,0,CV009_008,238680
87810,560,0,CV009_008,239240
87811,1608,0,CV009_008,240848
87812,200,0,CV009_008,241048
87813,608,0,CV009_008,241656
87814,608,0,CV009_008,242264
87815,1284,0,CV009_008,243548
87816,556,0,CV009_008,244104
87817,608,0,CV009_008,244712
87818,616,0,CV009_008,245328
87819,1232,0,CV009_008,246560
87820,608,0,CV009_008,247168
87821,620,0,CV009_008,247788
87822,612,0,CV009_008,248400
87823,604,0,CV009_008,249004
87824,616,0,CV009_008,249620
87825,608,0,CV009_008,250228
87826,616,0,CV009_008,250844
87827,1012,0,CV009_008,251856
87828,808,0,CV009_008,252664
87829,608,0,CV009_008,253272
87830,1228,0,CV009_008,254500
87831,616,0,CV009_008,255116
87832,608,0,CV009_008,255724
87833,680,0,CV009_008,256404
87834,616,0,CV009_008,257020
87835,1224,0,CV009_008,258244
87836,564,0,CV009_008,258808
87837,676,0,CV009_008,259484
87838,556,0,CV009_008,260040
87839,620,0,CV009_008,260660
87840,616,0,CV009_008,261276
87841,1224,0,CV009_008,262500
87842,620,0,CV009_008,263120
87843,620,0,CV009_008,263740
87844,612,0,CV009_008,264352
87845,620,0,CV009_008,264972
87846,620,0,CV009_008,265592
87847,612,0,CV009_008,266204
87848,616,0,CV009_008,266820
87849,684,1,CV009_008,267504
87850,560,0,CV009_008,268064
87851,616,0,CV009_008,268680
87852,616,0,CV009_008,269296
87853,684,1,CV009_008,269980
87854,560,0,CV009_008,270540
87855,620,0,CV009_008,271160
87856,624,0,CV009_008,271784
87857,1232,0,CV009_008,273016
87858,676,0,CV009_008,273692
87859,172,0,CV009_008,273864
87860,452,0,CV009_008,274316
87861,1232,0,CV009_008,275548
87862,564,0,CV009_008,276112
87863,680,0,CV009_008,276792
87864,564,0,CV009_008,277356
87865,612,0,CV009_008,277968
87866,616,0,CV009_008,278584
87867,628,0,CV009_008,279212
87868,596,0,CV009_008,279808
87869,616,0,CV009_008,280424
87870,904,0,CV009_008,281328
87871,316,0,CV009_008,281644
87872,612,0,CV009_008,282256
87873,344,0,CV009_008,282600
87874,336,0,CV009_008,282936
87875,560,0,CV009_008,283496
87876,616,0,CV009_008,284112
87877,620,0,CV009_008,284732
87878,624,0,CV009_008,285356
87879,668,0,CV009_008,286024
87880,564,0,CV009_008,286588
87881,276,0,CV009_008,286864
87882,348,0,CV009_008,287212
87883,616,0,CV009_008,287828
87884,620,0,CV009_008,288448
87885,616,0,CV009_008,289064
87886,280,0,CV009_008,289344
87887,332,0,CV009_008,289676
87888,616,0,CV009_008,290292
87889,688,0,CV009_008,290980
87890,548,0,CV009_008,291528
87891,932,0,CV009_008,292460
87892,300,0,CV009_008,292760
87893,608,0,CV009_008,293368
87894,616,0,CV009_008,293984
87895,664,0,CV009_008,294648
87896,132,0,CV009_008,294780
87897,628,0,CV009_008,295408
87898,472,0,CV009_008,295880
87899,820,0,CV009_008,296700
87900,132,0,CV009_008,296832
87901,156,0,CV009_008,296988
87902,680,0,CV009_008,297668
87903,668,0,CV009_008,298336
87904,424,0,CV009_008,298760
87905,188,0,CV009_008,298948
87906,556,0,CV009_008,299504
87907,380,0,CV009_008,299884
87908,232,0,CV009_008,300116
87909,612,0,CV009_008,300728
87910,1284,0,CV009_008,302012
87911,552,0,CV009_008,302564
87912,620,0,CV009_008,303184
87913,608,0,CV009_008,303792
87914,616,0,CV009_008,304408
87915,472,0,CV009_008,304880
87916,752,0,CV009_008,305632
87917,252,0,CV009_008,305884
87918,352,0,CV009_008,306236
87919,676,0,CV009_008,306912
87920,556,0,CV009_008,307468
87921,344,0,CV009_008,307812
87922,324,0,CV009_008,308136
87923,564,0,CV009_008,308700
87924,612,0,CV009_008,309312
87925,580,0,CV009_008,309892
87926,652,0,CV009_008,310544
87927,616,0,CV009_008,311160
87928,612,0,CV009_008,311772
87929,620,0,CV009_008,312392
87930,616,0,CV009_008,313008
87931,616,0,CV009_008,313624
87932,260,0,CV009_008,313884
87933,356,0,CV009_008,314240
87934,660,0,CV009_008,314900
87935,560,0,CV009_008,315460
87936,620,0,CV009_008,316080
87937,608,0,CV009_008,316688
87938,1292,0,CV009_008,317980
87939,244,0,CV009_008,318224
87940,668,0,CV009_008,318892
87941,316,0,CV009_008,319208
87942,948,0,CV009_008,320156
87943,240,0,CV009_008,320396
87944,760,0,CV009_008,321156
87945,468,0,CV009_008,321624
87946,620,0,CV009_008,322244
87947,624,0,CV009_008,322868
87948,688,0,CV009_008,323556
87949,1164,0,CV009_008,324720
87950,680,0,CV009_008,325400
87951,616,0,CV009_008,326016
87952,604,0,CV009_008,326620
87953,732,0,CV009_008,327352
87954,160,0,CV009_008,327512
87955,312,0,CV009_008,327824
87956,236,0,CV009_008,328060
87957,380,0,CV009_008,328440
87958,612,0,CV009_008,329052
87959,616,0,CV009_008,329668
87960,224,0,CV009_008,329892
87961,1632,0,CV009_008,331524
87962,624,0,CV009_008,332148
87963,620,0,CV009_008,332768
87964,612,0,CV009_008,333380
87965,620,0,CV009_008,334000
87966,624,0,CV009_008,334624
87967,620,0,CV009_008,335244
87968,616,0,CV009_008,335860
87969,628,0,CV009_008,336488
87970,624,0,CV009_008,337112
87971,612,0,CV009_008,337724
87972,620,0,CV009_008,338344
87973,624,0,CV009_008,338968
87974,612,0,CV009_008,339580
87975,316,0,CV009_008,339896
87976,352,0,CV009_008,340248
87977,564,0,CV009_008,340812
87978,616,0,CV009_008,341428
87979,328,0,CV009_008,341756
87980,288,0,CV009_008,342044
87981,616,0,CV009_008,342660
87982,324,0,CV009_008,342984
87983,464,0,CV009_008,343448
87984,448,0,CV009_008,343896
87985,664,0,CV009_008,344560
87986,340,0,CV009_008,344900
87987,220,0,CV009_008,345120
87988,856,0,CV009_008,345976
87989,352,0,CV009_008,346328
87990,680,0,CV009_008,347008
87991,228,0,CV009_008,347236
87992,332,0,CV009_008,347568
87993,616,0,CV009_008,348184
87994,192,0,CV009_008,348376
87995,420,0,CV009_008,348796
87996,608,0,CV009_008,349404
87997,240,0,CV009_008,349644
87998,376,0,CV009_008,350020
87999,76,0,CV009_008,350096
88000,596,0,CV009_008,350692
88001,544,0,CV009_008,351236
88002,184,0,CV009_008,351420
88003,184,0,CV009_008,351604
88004,236,0,CV009_008,351840
88005,388,0,CV009_008,352228
88006,272,0,CV009_008,352500
88007,704,0,CV009_008,353204
88008,520,0,CV009_008,353724
88009,96,0,CV009_008,353820
88010,496,0,CV009_008,354316
88011,548,0,CV009_008,354864
88012,604,0,CV009_008,355468
88013,612,0,CV009_008,356080
88014,612,0,CV009_008,356692
88015,604,0,CV009_008,357296
88016,1224,0,CV009_008,358520
88017,668,0,CV009_008,359188
88018,604,0,CV009_008,359792
88019,560,0,CV009_008,360352
88020,668,0,CV009_008,361020
88021,552,0,CV009_008,361572
88022,608,0,CV009_008,362180
88023,604,0,CV009_008,362784
88024,604,0,CV009_008,363388
88025,608,0,CV009_008,363996
88026,600,0,CV009_008,364596
88027,600,0,CV009_008,365196
88028,604,0,CV009_008,365800
88029,608,0,CV009_008,366408
88030,612,0,CV009_008,367020
88031,600,0,CV009_008,367620
88032,296,0,CV009_008,367916
88033,372,0,CV009_008,368288
88034,556,0,CV009_008,368844
88035,616,0,CV009_008,369460
88036,608,0,CV009_008,370068
88037,620,0,CV009_008,370688
88038,616,0,CV009_008,371304
88039,612,0,CV009_008,371916
88040,608,0,CV009_008,372524
88041,616,0,CV009_008,373140
88042,672,0,CV009_008,373812
88043,552,0,CV009_008,374364
88044,668,0,CV009_008,375032
88045,564,0,CV009_008,375596
88046,672,0,CV009_008,376268
88047,560,0,CV009_008,376828
88048,620,0,CV009_008,377448
88049,472,0,CV009_008,377920
88050,152,0,CV009_008,378072
88051,1244,0,CV009_008,379316
88052,1264,0,CV009_008,380580
88053,680,0,CV009_008,381260
88054,576,0,CV009_008,381836
88055,628,0,CV009_008,382464
88056,616,0,CV009_008,383080
88057,1236,0,CV009_008,384316
88058,1228,0,CV009_008,385544
88059,616,0,CV009_008,386160
88060,616,0,CV009_008,386776
88061,608,0,CV009_008,387384
88062,612,0,CV009_008,387996
88063,620,0,CV009_008,388616
88064,620,0,CV009_008,389236
88065,668,0,CV009_008,389904
88066,564,0,CV009_008,390468
88067,1252,0,CV009_008,391720
88068,616,0,CV009_008,392336
88069,804,0,CV009_008,393140
88070,448,0,CV009_008,393588
88071,332,0,CV009_008,393920
88072,292,0,CV009_008,394212
88073,620,0,CV009_008,394832
88074,628,0,CV009_008,395460
88075,620,0,CV009_008,396080
88076,676,0,CV009_008,396756
88077,564,0,CV009_008,397320
88078,1252,0,CV009_008,398572
88079,680,0,CV009_008,399252
88080,580,0,CV009_008,399832
88081,620,0,CV009_008,400452
88082,624,0,CV009_008,401076
88083,632,0,CV009_008,401708
88084,620,0,CV009_008,402328
88085,1248,0,CV009_008,403576
88086,624,0,CV009_008,404200
88087,616,0,CV009_008,404816
88088,620,0,CV009_008,405436
88089,500,0,CV009_008,405936
88090,132,0,CV009_008,406068
88091,680,0,CV009_008,406748
88092,92,0,CV009_008,406840
88093,468,0,CV009_008,407308
88094,1228,0,CV009_008,408536
88095,400,0,CV009_008,408936
88096,280,0,CV009_008,409216
88097,564,0,CV009_008,409780
88098,620,0,CV009_008,410400
88099,612,0,CV009_008,411012
88100,928,0,CV009_008,411940
88101,308,0,CV009_008,412248
88102,612,0,CV009_008,412860
88103,608,0,CV009_008,413468
88104,620,0,CV009_008,414088
88105,628,0,CV009_008,414716
88106,616,0,CV009_008,415332
88107,1236,0,CV009_008,416568
88108,620,0,CV009_008,417188
88109,616,0,CV009_008,417804
88110,616,0,CV009_008,418420
88111,624,0,CV009_008,419044
88112,624,0,CV009_008,419668
88113,616,0,CV009_008,420284
88114,628,0,CV009_008,420912
88115,624,0,CV009_008,421536
88116,680,1,CV009_008,422216
88117,568,0,CV009_008,422784
88118,628,0,CV009_008,423412
88119,624,0,CV009_008,424036
88120,628,0,CV009_008,424664
88121,280,0,CV009_008,424944
88122,348,0,CV009_008,425292
88123,640,0,CV009_008,425932
88124,1320,0,CV009_008,427252
88125,580,0,CV009_008,427832
88126,624,0,CV009_008,428456
88127,628,0,CV009_008,429084
88128,636,0,CV009_008,429720
88129,620,0,CV009_008,430340
88130,1888,0,CV009_008,432228
88131,624,0,CV009_008,432852
88132,1096,0,CV009_008,433948
88133,224,0,CV009_008,434172
88134,568,0,CV009_008,434740
88135,636,0,CV009_008,435376
88136,688,0,CV009_008,436064
88137,576,0,CV009_008,436640
88138,632,0,CV009_008,437272
88139,300,0,CV009_008,437572
88140,332,0,CV009_008,437904
88141,632,0,CV009_008,438536
88142,412,0,CV009_008,438948
88143,212,0,CV009_008,439160
88144,632,0,CV009_008,439792
88145,624,0,CV009_008,440416
88146,536,0,CV009_008,440952
88147,96,0,CV009_008,441048
88148,612,0,CV009_008,441660
88149,628,0,CV009_008,442288
88150,624,0,CV009_008,442912
88151,628,0,CV009_008,443540
88152,408,0,CV009_008,443948
88153,216,0,CV009_008,444164
88154,624,0,CV009_008,444788
88155,620,0,CV009_008,445408
88156,1236,0,CV009_008,446644
88157,624,0,CV009_008,447268
88158,620,0,CV009_008,447888
88159,612,0,CV009_008,448500
88160,620,0,CV009_008,449120
88161,676,0,CV009_008,449796
88162,560,0,CV009_008,450356
88163,1300,0,CV009_008,451656
88164,564,0,CV009_008,452220
88165,616,0,CV009_008,452836
88166,696,0,CV009_008,453532
88167,616,0,CV009_008,454148
88168,404,0,CV009_008,454552
88169,284,0,CV009_008,454836
88170,476,0,CV009_008,455312
88171,228,0,CV009_008,455540
88172,552,0,CV009_008,456092
88173,156,0,CV009_008,456248
88174,532,0,CV009_008,456780
88175,328,0,CV009_008,457108
88176,76,0,CV009_008,457184
88177,440,0,CV009_008,457624
88178,172,0,CV009_008,457796
88179,444,0,CV009_008,458240
88180,860,0,CV009_008,459100
88181,680,0,CV009_008,459780
88182,192,0,CV009_008,459972
88183,324,0,CV009_008,460296
88184,168,0,CV009_008,460464
88185,360,0,CV009_008,460824
88186,68,0,CV009_008,460892
88187,340,0,CV009_008,461232
88188,288,0,CV009_008,461520
88189,340,0,CV009_008,461860
88190,268,0,CV009_008,462128
88191,384,0,CV009_008,462512
88192,860,0,CV009_008,463372
88193,1308,0,CV009_008,464680
88194,284,0,CV009_008,464964
88195,952,0,CV009_008,465916
88196,572,0,CV009_008,466488
88197,628,0,CV009_008,467116
88198,628,0,CV009_008,467744
88199,624,0,CV009_008,468368
88200,1268,0,CV009_008,469636
88201,624,0,CV009_008,470260
88202,636,0,CV009_008,470896
88203,688,0,CV009_008,471584
88204,572,0,CV009_008,472156
88205,628,0,CV009_008,472784
88206,632,0,CV009_008,473416
88207,684,1,CV009_008,474100
88208,564,0,CV009_008,474664
88209,628,0,CV009_008,475292
88210,628,0,CV009_008,475920
88211,684,1,CV009_008,476604
88212,568,0,CV009_008,477172
88213,636,0,CV009_008,477808
88214,632,0,CV009_008,478440
88215,628,0,CV009_008,479068
88216,620,0,CV009_008,479688
88217,632,0,CV009_008,480320
88218,688,0,CV009_008,481008
88219,392,0,CV009_008,481400
88220,188,0,CV009_008,481588
88221,628,0,CV009_008,482216
88222,636,0,CV009_008,482852
88223,1268,0,CV009_008,484120
88224,632,0,CV009_008,484752
88225,696,0,CV009_008,485448
88226,636,0,CV009_008,486084
88227,568,0,CV009_008,486652
88228,636,0,CV009_008,487288
88229,636,0,CV009_008,487924
88230,628,0,CV009_008,488552
88231,1272,0,CV009_008,489824
88232,1272,0,CV009_008,491096
88233,688,0,CV009_008,491784
88234,644,0,CV009_008,492428
88235,1216,0,CV009_008,493644
88236,628,0,CV009_008,494272
88237,636,0,CV009_008,494908
88238,636,0,CV009_008,495544
88239,680,0,CV009_008,496224
88240,564,0,CV009_008,496788
88241,188,0,CV009_008,496976
88242,1084,0,CV009_008,498060
88243,628,0,CV009_008,498688
88244,684,0,CV009_008,499372
88245,572,0,CV009_008,499944
88246,628,0,CV009_008,500572
88247,408,0,CV009_008,500980
88248,216,0,CV009_008,501196
88249,252,0,CV009_008,501448
88250,380,0,CV009_008,501828
88251,1260,0,CV009_008,503088
88252,624,0,CV009_008,503712
88253,688,0,CV009_008,504400
88254,652,0,CV009_008,505052
88255,552,0,CV009_008,505604
88256,200,0,CV009_008,505804
88257,416,0,CV009_008,506220
88258,712,0,CV009_008,506932
88259,132,0,CV009_008,507064
88260,448,0,CV009_008,507512
88261,480,0,CV009_008,507992
88262,656,0,CV009_008,508648
88263,124,0,CV009_008,508772
88264,512,0,CV009_008,509284
88265,812,0,CV009_008,510096
88266,408,0,CV009_008,510504
88267,484,0,CV009_008,510988
88268,316,0,CV009_008,511304
88269,688,0,CV009_008,511992
88270,248,0,CV009_008,512240
88271,332,0,CV009_008,512572
88272,416,0,CV009_008,512988
88273,440,0,CV009_008,513428
88274,388,0,CV009_008,513816
88275,168,0,CV009_008,513984
88276,428,0,CV009_008,514412
88277,76,0,CV009_008,514488
88278,692,0,CV009_008,515180
88279,584,0,CV009_008,515764
88280,240,0,CV009_008,516004
88281,388,0,CV009_008,516392
88282,764,0,CV009_008,517156
88283,832,0,CV009_008,517988
88284,308,0,CV009_008,518296
88285,556,0,CV009_008,518852
88286,140,0,CV009_008,518992
88287,580,0,CV009_008,519572
88288,416,0,CV009_008,519988
88289,216,0,CV009_008,520204
88290,1332,0,CV009_008,521536
88291,452,0,CV009_008,521988
88292,412,0,CV009_008,522400
88293,204,0,CV009_008,522604
88294,148,0,CV009_008,522752
88295,344,0,CV009_008,523096
88296,60,0,CV009_008,523156
88297,1552,0,CV009_008,524708
88298,408,0,CV009_008,525116
88299,164,0,CV009_008,525280
88300,708,0,CV009_008,525988
88301,620,0,CV009_008,526608
88302,572,0,CV009_008,527180
88303,696,0,CV009_008,527876
88304,636,0,CV009_008,528512
88305,576,0,CV009_008,529088
88306,640,0,CV009_008,529728
88307,640,0,CV009_008,530368
88308,632,0,CV009_008,531000
88309,640,0,CV009_008,531640
88310,644,0,CV009_008,532284
88311,708,1,CV009_008,532992
88312,568,0,CV009_008,533560
88313,644,0,CV009_008,534204
88314,644,0,CV009_008,534848
88315,636,0,CV009_008,535484
88316,640,0,CV009_008,536124
88317,644,0,CV009_008,536768
88318,696,0,CV009_008,537464
88319,636,0,CV009_008,538100
88320,588,0,CV009_008,538688
88321,640,0,CV009_008,539328
88322,1284,0,CV009_008,540612
88323,644,0,CV009_008,541256
88324,696,0,CV009_008,541952
88325,580,0,CV009_008,542532
88326,644,0,CV009_008,543176
88327,636,0,CV009_008,543812
88328,632,0,CV009_008,544444
88329,696,1,CV009_008,545140
88330,576,0,CV009_008,545716
88331,632,0,CV009_008,546348
88332,628,0,CV009_008,546976
88333,632,0,CV009_008,547608
88334,684,1,CV009_008,548292
88335,564,0,CV009_008,548856
88336,628,0,CV009_008,549484
88337,632,0,CV009_008,550116
88338,628,0,CV009_008,550744
88339,688,1,CV009_008,551432
88340,568,0,CV009_008,552000
88341,620,0,CV009_008,552620
88342,624,0,CV009_008,553244
88343,676,1,CV009_008,553920
88344,572,0,CV009_008,554492
88345,624,0,CV009_008,555116
88346,624,0,CV009_008,555740
88347,684,1,CV009_008,556424
88348,576,0,CV009_008,557000
88349,620,0,CV009_008,557620
88350,616,0,CV009_008,558236
88351,680,1,CV009_008,558916
88352,576,0,CV009_008,559492
88353,632,0,CV009_008,560124
88354,620,0,CV009_008,560744
88355,684,0,CV009_008,561428
88356,576,0,CV009_008,562004
88357,620,0,CV009_008,562624
88358,680,0,CV009_008,563304
88359,620,0,CV009_008,563924
88360,576,0,CV009_008,564500
88361,632,0,CV009_008,565132
88362,628,0,CV009_008,565760
88363,684,0,CV009_008,566444
88364,572,0,CV009_008,567016
88365,692,0,CV009_008,567708
88366,580,0,CV009_008,568288
88367,632,0,CV009_008,568920
88368,632,0,CV009_008,569552
88369,640,0,CV009_008,570192
88370,628,0,CV009_008,570820
88371,636,0,CV009_008,571456
88372,692,1,CV009_008,572148
88373,580,0,CV009_008,572728
88374,640,0,CV009_008,573368
88375,648,0,CV009_008,574016
88376,644,0,CV009_008,574660
88377,644,0,CV009_008,575304
88378,652,0,CV009_008,575956
88379,648,0,CV009_008,576604
88380,644,0,CV009_008,577248
88381,652,0,CV009_008,577900
88382,636,0,CV009_008,578536
88383,644,0,CV009_008,579180
88384,708,1,CV009_008,579888
88385,588,0,CV009_008,580476
88386,640,0,CV009_008,581116
88387,644,0,CV009_008,581760
88388,644,0,CV009_008,582404
88389,368,0,CV009_008,582772
88390,324,0,CV009_008,583096
88391,584,0,CV009_008,583680
88392,644,0,CV009_008,584324
88393,628,0,CV009_008,584952
88394,692,1,CV009_008,585644
88395,588,0,CV009_008,586232
88396,636,0,CV009_008,586868
88397,640,0,CV009_008,587508
88398,644,0,CV009_008,588152
88399,1264,0,CV009_008,589416
88400,1272,0,CV009_008,590688
88401,684,0,CV009_008,591372
88402,572,0,CV009_008,591944
88403,632,0,CV009_008,592576
88404,1260,0,CV009_008,593836
88405,628,0,CV009_008,594464
88406,692,0,CV009_008,595156
88407,576,0,CV009_008,595732
88408,628,0,CV009_008,596360
88409,628,0,CV009_008,596988
88410,628,0,CV009_008,597616
88411,636,0,CV009_008,598252
88412,632,0,CV009_008,598884
88413,632,0,CV009_008,599516
88414,632,0,CV009_008,600148
88415,688,0,CV009_008,600836
88416,572,0,CV009_008,601408
88417,1268,0,CV009_008,602676
88418,632,0,CV009_008,603308
88419,628,0,CV009_008,603936
88420,628,0,CV009_008,604564
88421,636,0,CV009_008,605200
88422,632,0,CV009_008,605832
88423,1308,0,CV009_008,607140
88424,584,0,CV009_008,607724
88425,632,0,CV009_008,608356
88426,624,0,CV009_008,608980
88427,624,0,CV009_008,609604
88428,628,0,CV009_008,610232
88429,628,0,CV009_008,610860
88430,624,0,CV009_008,611484
88431,672,1,CV009_008,612156
88432,568,0,CV009_008,612724
88433,620,0,CV009_008,613344
88434,612,0,CV009_008,613956
88435,624,0,CV009_008,614580
88436,616,0,CV009_008,615196
88437,616,0,CV009_008,615812
88438,612,0,CV009_008,616424
88439,616,0,CV009_008,617040
88440,620,0,CV009_008,617660
88441,672,1,CV009_008,618332
88442,560,0,CV009_008,618892
88443,616,0,CV009_008,619508
88444,628,0,CV009_008,620136
88445,680,1,CV009_008,620816
88446,568,0,CV009_008,621384
88447,628,0,CV009_008,622012
88448,628,0,CV009_008,622640
88449,676,1,CV009_008,623316
88450,572,0,CV009_008,623888
88451,632,0,CV009_008,624520
88452,628,0,CV009_008,625148
88453,624,0,CV009_008,625772
88454,632,0,CV009_008,626404
88455,632,0,CV009_008,627036
88456,1252,0,CV009_008,628288
88457,624,0,CV009_008,628912
88458,628,0,CV009_008,629540
88459,624,0,CV009_008,630164
88460,624,0,CV009_008,630788
88461,632,0,CV009_008,631420
88462,1264,0,CV009_008,632684
88463,628,0,CV009_008,633312
88464,636,0,CV009_008,633948
88465,632,0,CV009_008,634580
88466,1264,0,CV009_008,635844
88467,632,0,CV009_008,636476
88468,700,0,CV009_008,637176
88469,564,0,CV009_008,637740
88470,636,0,CV009_008,638376
88471,632,0,CV009_008,639008
88472,628,0,CV009_008,639636
88473,632,0,CV009_008,640268
88474,636,0,CV009_008,640904
88475,632,0,CV009_008,641536
88476,628,0,CV009_008,642164
88477,632,0,CV009_008,642796
88478,640,0,CV009_008,643436
88479,1328,0,CV009_008,644764
88480,584,0,CV009_008,645348
88481,640,0,CV009_008,645988
88482,636,0,CV009_008,646624
88483,688,0,CV009_008,647312
88484,640,0,CV009_008,647952
88485,640,0,CV009_008,648592
88486,576,0,CV009_008,649168
88487,636,0,CV009_008,649804
88488,640,0,CV009_008,650444
88489,1316,0,CV009_008,651760
88490,580,0,CV009_008,652340
88491,640,0,CV009_008,652980
88492,632,0,CV009_008,653612
88493,456,0,CV009_008,654068
88494,808,0,CV009_008,654876
88495,632,0,CV009_008,655508
88496,632,0,CV009_008,656140
88497,628,0,CV009_008,656768
88498,1284,0,CV009_008,658052
88499,1252,0,CV009_008,659304
88500,312,0,CV009_008,659616
88501,188,0,CV009_008,659804
88502,548,0,CV009_008,660352
88503,364,0,CV009_008,660716
88504,536,0,CV009_008,661252
88505,572,0,CV009_008,661824
88506,640,0,CV009_008,662464
88507,216,0,CV009_008,662680
88508,472,0,CV009_008,663152
88509,572,0,CV009_008,663724
88510,696,0,CV009_008,664420
88511,636,0,CV009_008,665056
88512,560,0,CV009_008,665616
88513,444,0,CV009_008,666060
88514,176,0,CV009_008,666236
88515,628,0,CV009_008,666864
88516,688,0,CV009_008,667552
88517,620,0,CV009_008,668172
88518,308,0,CV009_008,668480
88519,264,0,CV009_008,668744
88520,324,0,CV009_008,669068
88521,360,0,CV009_008,669428
88522,148,0,CV009_008,669576
88523,424,0,CV009_008,670000
88524,616,0,CV009_008,670616
88525,632,0,CV009_008,671248
88526,684,0,CV009_008,671932
88527,624,0,CV009_008,672556
88528,632,0,CV009_008,673188
88529,620,0,CV009_008,673808
88530,628,0,CV009_008,674436
88531,628,0,CV009_008,675064
88532,620,0,CV009_008,675684
88533,636,0,CV009_008,676320
88534,548,0,CV009_008,676868
88535,624,0,CV009_008,677492
88536,684,0,CV009_008,678176
88537,568,0,CV009_008,678744
88538,616,0,CV009_008,679360
88539,624,0,CV009_008,679984
88540,620,0,CV009_008,680604
88541,624,0,CV009_008,681228
88542,680,0,CV009_008,681908
88543,572,0,CV009_008,682480
88544,1240,0,CV009_008,683720
88545,360,0,CV009_008,684080
88546,272,0,CV009_008,684352
88547,628,0,CV009_008,684980
88548,624,0,CV009_008,685604
88549,620,0,CV009_008,686224
88550,628,0,CV009_008,686852
88551,228,0,CV009_008,687080
88552,400,0,CV009_008,687480
88553,1248,0,CV009_008,688728
88554,628,0,CV009_008,689356
88555,620,0,CV009_008,689976
88556,624,0,CV009_008,690600
88557,628,0,CV009_008,691228
88558,632,0,CV009_008,691860
88559,220,0,CV009_008,692080
88560,400,0,CV009_008,692480
88561,688,0,CV009_008,693168
88562,576,0,CV009_008,693744
88563,352,0,CV009_008,694096
88564,892,0,CV009_008,694988
88565,716,0,CV009_008,695704
88566,64,0,CV009_008,695768
88567,372,0,CV009_008,696140
88568,180,0,CV009_008,696320
88569,636,0,CV009_008,696956
88570,436,0,CV009_008,697392
88571,128,0,CV009_008,697520
88572,684,0,CV009_008,698204
88573,576,0,CV009_008,698780
88574,624,0,CV009_008,699404
88575,624,0,CV009_008,700028
88576,628,0,CV009_008,700656
88577,692,0,CV009_008,701348
88578,564,0,CV009_008,701912
88579,624,0,CV009_008,702536
88580,548,0,CV009_008,703084
88581,88,0,CV009_008,703172
88582,624,0,CV009_008,703796
88583,292,0,CV009_008,704088
88584,216,0,CV009_008,704304
88585,124,0,CV009_008,704428
88586,620,0,CV009_008,705048
88587,636,0,CV009_008,705684
88588,632,0,CV009_008,706316
88589,624,0,CV009_008,706940
88590,692,0,CV009_008,707632
88591,560,0,CV009_008,708192
88592,616,0,CV009_008,708808
88593,688,0,CV009_008,709496
88594,588,0,CV009_008,710084
88595,616,0,CV009_008,710700
88596,504,0,CV009_008,711204
88597,476,0,CV009_008,711680
88598,264,0,CV009_008,711944
88599,672,0,CV009_008,712616
88600,120,0,CV009_008,712736
88601,224,0,CV009_008,712960
88602,300,0,CV009_008,713260
88603,228,0,CV009_008,713488
88604,224,0,CV009_008,713712
88605,180,0,CV009_008,713892
88606,260,0,CV009_008,714152
88607,364,0,CV009_008,714516
88608,988,0,CV009_008,715504
88609,532,0,CV009_008,716036
88610,404,0,CV009_008,716440
88611,568,0,CV009_008,717008
88612,216,0,CV009_008,717224
88613,800,0,CV009_008,718024
88614,176,0,CV009_008,718200
88615,332,0,CV009_008,718532
88616,272,0,CV009_008,718804
88617,176,0,CV009_008,718980
88618,480,0,CV009_008,719460
88619,624,0,CV009_008,720084
88620,624,0,CV009_008,720708
88621,628,0,CV009_008,721336
88622,404,0,CV009_008,721740
88623,172,0,CV009_008,721912
88624,308,0,CV009_008,722220
88625,360,0,CV009_008,722580
88626,628,0,CV009_008,723208
88627,624,0,CV009_008,723832
88628,680,1,CV009_008,724512
88629,576,0,CV009_008,725088
88630,624,0,CV009_008,725712
88631,624,0,CV009_008,726336
88632,676,0,CV009_008,727012
88633,624,0,CV009_008,727636
88634,576,0,CV009_008,728212
88635,672,0,CV009_008,728884
88636,212,0,CV009_008,729096
88637,356,0,CV009_008,729452
88638,632,0,CV009_008,730084
88639,624,0,CV009_008,730708
88640,680,1,CV009_008,731388
88641,556,0,CV009_008,731944
88642,640,0,CV009_008,732584
88643,620,0,CV009_008,733204
88644,628,0,CV009_008,733832
88645,620,0,CV009_008,734452
88646,620,0,CV009_008,735072
88647,680,0,CV009_008,735752
88648,344,0,CV009_008,736096
88649,224,0,CV009_008,736320
88650,676,0,CV009_008,736996
88651,624,0,CV009_008,737620
88652,572,0,CV009_008,738192
88653,624,0,CV009_008,738816
88654,620,0,CV009_008,739436
88655,624,0,CV009_008,740060
88656,624,0,CV009_008,740684
88657,624,0,CV009_008,741308
88658,612,0,CV009_008,741920
88659,680,0,CV009_008,742600
88660,620,0,CV009_008,743220
88661,632,0,CV009_008,743852
88662,620,0,CV009_008,744472
88663,624,0,CV009_008,745096
88664,560,0,CV009_008,745656
88665,624,0,CV009_008,746280
88666,692,0,CV009_008,746972
88667,628,0,CV009_008,747600
88668,628,0,CV009_008,748228
88669,628,0,CV009_008,748856
88670,1212,0,CV009_008,750068
88671,620,0,CV009_008,750688
88672,416,0,CV009_008,751104
88673,216,0,CV009_008,751320
88674,624,0,CV009_008,751944
88675,620,0,CV009_008,752564
88676,624,0,CV009_008,753188
88677,620,0,CV009_008,753808
88678,620,0,CV009_008,754428
88679,608,0,CV009_008,755036
88680,620,0,CV009_008,755656
88681,608,0,CV009_008,756264
88682,604,0,CV009_008,756868
88683,672,0,CV009_008,757540
88684,312,0,CV009_008,757852
88685,248,0,CV009_008,758100
88686,1216,0,CV009_008,759316
88687,1284,0,CV009_008,760600
88688,620,0,CV009_008,761220
88689,620,0,CV009_008,761840
88690,552,0,CV009_008,762392
88691,624,0,CV009_008,763016
88692,1236,0,CV009_008,764252
88693,620,0,CV009_008,764872
88694,628,0,CV009_008,765500
88695,1300,0,CV009_008,766800
88696,628,0,CV009_008,767428
88697,624,0,CV009_008,768052
88698,568,0,CV009_008,768620
88699,628,0,CV009_008,769248
88700,624,0,CV009_008,769872
88701,628,0,CV009_008,770500
88702,1268,0,CV009_008,771768
88703,624,0,CV009_008,772392
88704,636,0,CV009_008,773028
88705,636,0,CV009_008,773664
88706,632,0,CV009_008,774296
88707,628,0,CV009_008,774924
88708,628,0,CV009_008,775552
88709,688,0,CV009_008,776240
88710,580,0,CV009_008,776820
88711,300,0,CV009_008,777120
88712,388,0,CV009_008,777508
88713,572,0,CV009_008,778080
88714,696,0,CV009_008,778776
88715,576,0,CV009_008,779352
88716,628,0,CV009_008,779980
88717,628,0,CV009_008,780608
88718,632,0,CV009_008,781240
88719,680,0,CV009_008,781920
88720,576,0,CV009_008,782496
88721,624,0,CV009_008,783120
88722,236,0,CV009_008,783356
88723,396,0,CV009_008,783752
88724,632,0,CV009_008,784384
88725,620,0,CV009_008,785004
88726,636,0,CV009_008,785640
88727,628,0,CV009_008,786268
88728,628,0,CV009_008,786896
88729,628,0,CV009_008,787524
88730,1264,0,CV009_008,788788
88731,340,0,CV009_008,789128
88732,284,0,CV009_008,789412
88733,620,0,CV009_008,790032
88734,624,0,CV009_008,790656
88735,632,0,CV009_008,791288
88736,616,0,CV009_008,791904
88737,208,0,CV009_008,792112
88738,412,0,CV009_008,792524
88739,1244,0,CV009_008,793768
88740,612,0,CV009_008,794380
88741,616,0,CV009_008,794996
88742,616,0,CV009_008,795612
88743,624,0,CV009_008,796236
88744,612,0,CV009_008,796848
88745,292,0,CV009_008,797140
88746,316,0,CV009_008,797456
88747,1236,0,CV009_008,798692
88748,432,0,CV009_008,799124
88749,176,0,CV009_008,799300
88750,1236,0,CV009_008,800536
88751,1224,0,CV009_008,801760
88752,680,0,CV009_008,802440
88753,552,0,CV009_008,802992
88754,668,0,CV009_008,803660
88755,552,0,CV009_008,804212
88756,608,0,CV009_008,804820
88757,616,0,CV009_008,805436
88758,604,0,CV009_008,806040
88759,600,0,CV009_008,806640
88760,604,0,CV009_008,807244
88761,608,0,CV009_008,807852
88762,596,0,CV009_008,808448
88763,604,0,CV009_008,809052
88764,612,0,CV009_008,809664
88765,600,0,CV009_008,810264
88766,664,1,CV009_008,810928
88767,544,0,CV009_008,811472
88768,620,0,CV009_008,812092
88769,608,0,CV009_008,812700
88770,604,0,CV009_008,813304
88771,612,0,CV009_008,813916
88772,612,0,CV009_008,814528
88773,612,0,CV009_008,815140
88774,604,0,CV009_008,815744
88775,600,0,CV009_008,816344
88776,612,0,CV009_008,816956
88777,604,0,CV009_008,817560
88778,1204,0,CV009_008,818764
88779,664,0,CV009_008,819428
88780,548,0,CV009_008,819976
88781,600,0,CV009_008,820576
88782,656,0,CV009_008,821232
88783,548,0,CV009_008,821780
88784,608,0,CV009_008,822388
88785,600,0,CV009_008,822988
88786,604,0,CV009_008,823592
88787,676,1,CV009_008,824268
88788,548,0,CV009_008,824816
88789,604,0,CV009_008,825420
88790,608,0,CV009_008,826028
88791,616,0,CV009_008,826644
88792,612,0,CV009_008,827256
88793,664,1,CV009_008,827920
88794,552,0,CV009_008,828472
88795,612,0,CV009_008,829084
88796,608,0,CV009_008,829692
88797,608,0,CV009_008,830300
88798,656,0,CV009_008,830956
88799,196,0,CV009_008,831152
88800,360,0,CV009_008,831512
88801,604,0,CV009_008,832116
88802,604,0,CV009_008,832720
88803,1208,0,CV009_008,833928
88804,596,0,CV009_008,834524
88805,596,0,CV009_008,835120
88806,608,0,CV009_008,835728
88807,596,0,CV009_008,836324
88808,608,0,CV009_008,836932
88809,604,0,CV009_008,837536
88810,612,0,CV009_008,838148
88811,608,0,CV009_008,838756
88812,660,0,CV009_008,839416
88813,552,0,CV009_008,839968
88814,664,0,CV009_008,840632
88815,1160,0,CV009_008,841792
88816,604,0,CV009_008,842396
88817,664,0,CV009_008,843060
88818,604,0,CV009_008,843664
88819,608,0,CV009_008,844272
88820,596,0,CV009_008,844868
88821,548,0,CV009_008,845416
88822,608,0,CV009_008,846024
88823,600,0,CV009_008,846624
88824,664,1,CV009_008,847288
88825,556,0,CV009_008,847844
88826,608,0,CV009_008,848452
88827,604,0,CV009_008,849056
88828,612,0,CV009_008,849668
88829,612,0,CV009_008,850280
88830,608,0,CV009_008,850888
88831,616,0,CV009_008,851504
88832,608,0,CV009_008,852112
88833,664,0,CV009_008,852776
88834,556,0,CV009_008,853332
88835,604,0,CV009_008,853936
88836,660,0,CV009_008,854596
88837,556,0,CV009_008,855152
88838,608,0,CV009_008,855760
88839,600,0,CV009_008,856360
88840,664,0,CV009_008,857024
88841,604,0,CV009_008,857628
88842,1212,0,CV009_008,858840
88843,552,0,CV009_008,859392
88844,612,0,CV009_008,860004
88845,600,0,CV009_008,860604
88846,656,1,CV009_008,861260
88847,548,0,CV009_008,861808
88848,616,0,CV009_008,862424
88849,608,0,CV009_008,863032
88850,604,0,CV009_008,863636
88851,616,0,CV009_008,864252
88852,668,0,CV009_008,864920
88853,244,0,CV009_008,865164
88854,364,0,CV009_008,865528
88855,556,0,CV009_008,866084
88856,612,0,CV009_008,866696
88857,612,0,CV009_008,867308
88858,608,0,CV009_008,867916
88859,1828,0,CV009_008,869744
88860,604,0,CV009_008,870348
88861,608,0,CV009_008,870956
88862,672,0,CV009_008,871628
88863,1212,0,CV009_008,872840
88864,556,0,CV009_008,873396
88865,668,0,CV009_008,874064
88866,544,0,CV009_008,874608
88867,676,0,CV009_008,875284
88868,552,0,CV009_008,875836
88869,612,0,CV009_008,876448
88870,616,0,CV009_008,877064
88871,612,0,CV009_008,877676
88872,620,0,CV009_008,878296
88873,604,0,CV009_008,878900
88874,620,0,CV009_008,879520
88875,616,0,CV009_008,880136
88876,676,0,CV009_008,880812
88877,616,0,CV009_008,881428
88878,552,0,CV009_008,881980
88879,620,0,CV009_008,882600
88880,676,0,CV009_008,883276
88881,560,0,CV009_008,883836
88882,612,0,CV009_008,884448
88883,616,0,CV009_008,885064
88884,616,0,CV009_008,885680
88885,608,0,CV009_008,886288
88886,612,0,CV009_008,886900
88887,612,0,CV009_008,887512
88888,616,0,CV009_008,888128
88889,620,0,CV009_008,888748
88890,616,0,CV009_008,889364
88891,812,0,CV009_008,890176
88892,432,0,CV009_008,890608
88893,680,0,CV009_008,891288
88894,616,0,CV009_008,891904
88895,568,0,CV009_008,892472
88896,616,0,CV009_008,893088
88897,680,0,CV009_008,893768
88898,564,0,CV009_008,894332
88899,624,0,CV009_008,894956
88900,620,0,CV009_008,895576
88901,1236,0,CV009_008,896812
88902,620,0,CV009_008,897432
88903,620,0,CV009_008,898052
88904,620,0,CV009_008,898672
88905,624,0,CV009_008,899296
88906,624,0,CV009_008,899920
88907,616,0,CV009_008,900536
88908,632,0,CV009_008,901168
88909,624,0,CV009_008,901792
88910,628,0,CV009_008,902420
88911,624,0,CV009_008,903044
88912,628,0,CV009_008,903672
88913,632,0,CV009_008,904304
88914,624,0,CV009_008,904928
88915,636,0,CV009_008,905564
88916,620,0,CV009_008,906184
88917,624,0,CV009_008,906808
88918,628,0,CV009_008,907436
88919,688,0,CV009_008,908124
88920,564,0,CV009_008,908688
88921,500,0,CV009_008,909188
88922,132,0,CV009_008,909320
88923,632,0,CV009_008,909952
88924,632,0,CV009_008,910584
88925,680,0,CV009_008,911264
88926,572,0,CV009_008,911836
88927,692,0,CV009_008,912528
88928,576,0,CV009_008,913104
88929,676,0,CV009_008,913780
88930,584,0,CV009_008,914364
88931,632,0,CV009_008,914996
88932,700,0,CV009_008,915696
88933,556,0,CV009_008,916252
88934,628,0,CV009_008,916880
88935,624,0,CV009_008,917504
88936,632,0,CV009_008,918136
88937,628,0,CV009_008,918764
88938,640,0,CV009_008,919404
88939,624,0,CV009_008,920028
88940,628,0,CV009_008,920656
88941,636,0,CV009_008,921292
88942,632,0,CV009_008,921924
88943,624,0,CV009_008,922548
88944,620,0,CV009_008,923168
88945,612,0,CV009_008,923780
88946,624,0,CV009_008,924404
88947,616,0,CV009_008,925020
88948,612,0,CV009_008,925632
88949,668,1,CV009_008,926300
88950,556,0,CV009_008,926856
88951,624,0,CV009_008,927480
88952,632,0,CV009_008,928112
88953,616,0,CV009_008,928728
88954,616,0,CV009_008,929344
88955,632,0,CV009_008,929976
88956,620,0,CV009_008,930596
88957,1256,0,CV009_008,931852
88958,612,0,CV009_008,932464
88959,628,0,CV009_008,933092
88960,624,0,CV009_008,933716
88961,632,0,CV009_008,934348
88962,612,0,CV009_008,934960
88963,620,0,CV009_008,935580
88964,624,0,CV009_008,936204
88965,624,0,CV009_008,936828
88966,620,0,CV009_008,937448
88967,616,0,CV009_008,938064
88968,616,0,CV009_008,938680
88969,620,0,CV009_008,939300
88970,616,0,CV009_008,939916
88971,616,0,CV009_008,940532
88972,624,0,CV009_008,941156
88973,620,0,CV009_008,941776
88974,616,0,CV009_008,942392
88975,628,0,CV009_008,943020
88976,624,0,CV009_008,943644
88977,628,0,CV009_008,944272
88978,628,0,CV009_008,944900
88979,632,0,CV009_008,945532
88980,632,0,CV009_008,946164
88981,624,0,CV009_008,946788
88982,632,0,CV009_008,947420
88983,628,0,CV009_008,948048
88984,628,0,CV009_008,948676
88985,628,0,CV009_008,949304
88986,624,0,CV009_008,949928
88987,620,0,CV009_008,950548
88988,624,0,CV009_008,951172
88989,364,0,CV009_008,951536
88990,256,0,CV009_008,951792
88991,624,0,CV009_008,952416
88992,624,0,CV009_008,953040
88993,608,0,CV009_008,953648
88994,676,1,CV009_008,954324
88995,564,0,CV009_008,954888
88996,620,0,CV009_008,955508
88997,612,0,CV009_008,956120
88998,616,0,CV009_008,956736
88999,620,0,CV009_008,957356
89000,624,0,CV009_008,957980
89001,668,1,CV009_008,958648
89002,564,0,CV009_008,959212
89003,624,0,CV009_008,959836
89004,624,0,CV009_008,960460
89005,616,0,CV009_008,961076
89006,624,0,CV009_008,961700
89007,628,0,CV009_008,962328
89008,624,0,CV009_008,962952
89009,612,0,CV009_008,963564
89010,624,0,CV009_008,964188
89011,624,0,CV009_008,964812
89012,628,0,CV009_008,965440
89013,620,0,CV009_008,966060
89014,620,0,CV009_008,966680
89015,620,0,CV009_008,967300
89016,620,0,CV009_008,967920
89017,628,0,CV009_008,968548
89018,628,0,CV009_008,969176
89019,624,0,CV009_008,969800
89020,632,0,CV009_008,970432
89021,624,0,CV009_008,971056
89022,624,0,CV009_008,971680
89023,624,0,CV009_008,972304
89024,632,0,CV009_008,972936
89025,684,1,CV009_008,973620
89026,560,0,CV009_008,974180
89027,624,0,CV009_008,974804
89028,624,0,CV009_008,975428
89029,620,0,CV009_008,976048
89030,616,0,CV009_008,976664
89031,684,0,CV009_008,977348
89032,1176,0,CV009_008,978524
89033,620,0,CV009_008,979144
89034,616,0,CV009_008,979760
89035,580,0,CV009_008,980340
89036,652,0,CV009_008,980992
89037,612,0,CV009_008,981604
89038,416,0,CV009_008,982020
89039,200,0,CV009_008,982220
89040,604,0,CV009_008,982824
89041,596,0,CV009_008,983420
89042,672,0,CV009_008,984092
89043,556,0,CV009_008,984648
89044,1284,0,CV009_008,985932
89045,556,0,CV009_008,986488
89046,620,0,CV009_008,987108
89047,620,0,CV009_008,987728
89048,620,0,CV009_008,988348
89049,624,0,CV009_008,988972
89050,620,0,CV009_008,989592
89051,628,0,CV009_008,990220
89052,624,0,CV009_008,990844
89053,624,0,CV009_008,991468
89054,620,0,CV009_008,992088
89055,620,0,CV009_008,992708
89056,508,0,CV009_008,993216
89057,124,0,CV009_008,993340
89058,624,0,CV009_008,993964
89059,672,0,CV009_008,994636
89060,568,0,CV009_008,995204
89061,624,0,CV009_008,995828
89062,620,0,CV009_008,996448
89063,616,0,CV009_008,997064
89064,624,0,CV009_008,997688
89065,624,0,CV009_008,998312
89066,616,0,CV009_008,998928
89067,628,0,CV009_008,999556
89068,624,0,CV009_008,1000180
89069,620,0,CV009_008,1000800
89070,620,0,CV009_008,1001420
89071,632,0,CV009_008,1002052
89072,620,0,CV009_008,1002672
89073,680,1,CV009_008,1003352
89074,560,0,CV009_008,1003912
89075,628,0,CV009_008,1004540
89076,624,0,CV009_008,1005164
89077,628,0,CV009_008,1005792
89078,620,0,CV009_008,1006412
89079,628,0,CV009_008,1007040
89080,624,0,CV009_008,1007664
89081,684,1,CV009_008,1008348
89082,564,0,CV009_008,1008912
89083,628,0,CV009_008,1009540
89084,628,0,CV009_008,1010168
89085,624,0,CV009_008,1010792
89086,624,0,CV009_008,1011416
89087,688,0,CV009_008,1012104
89088,572,0,CV009_008,1012676
89089,676,0,CV009_008,1013352
89090,564,0,CV009_008,1013916
89091,624,0,CV009_008,1014540
89092,620,0,CV009_008,1015160
89093,616,0,CV009_008,1015776
89094,620,0,CV009_008,1016396
89095,620,0,CV009_008,1017016
89096,624,0,CV009_008,1017640
89097,1236,0,CV009_008,1018876
89098,624,0,CV009_008,1019500
89099,620,0,CV009_008,1020120
89100,620,0,CV009_008,1020740
89101,628,0,CV009_008,1021368
89102,628,0,CV009_008,1021996
89103,620,0,CV009_008,1022616
89104,628,0,CV009_008,1023244
89105,628,0,CV009_008,1023872
89106,624,0,CV009_008,1024496
89107,620,0,CV009_008,1025116
89108,628,0,CV009_008,1025744
89109,628,0,CV009_008,1026372
89110,620,0,CV009_008,1026992
89111,624,0,CV009_008,1027616
89112,1264,0,CV009_008,1028880
89113,632,0,CV009_008,1029512
89114,640,0,CV009_008,1030152
89115,636,0,CV009_008,1030788
89116,632,0,CV009_008,1031420
89117,628,0,CV009_008,1032048
89118,632,0,CV009_008,1032680
89119,636,0,CV009_008,1033316
89120,632,0,CV009_008,1033948
89121,628,0,CV009_008,1034576
89122,632,0,CV009_008,1035208
89123,636,0,CV009_008,1035844
89124,684,1,CV009_008,1036528
89125,572,0,CV009_008,1037100
89126,628,0,CV009_008,1037728
89127,628,0,CV009_008,1038356
89128,632,0,CV009_008,1038988
89129,624,0,CV009_008,1039612
89130,632,0,CV009_008,1040244
89131,632,0,CV009_008,1040876
89132,640,0,CV009_008,1041516
89133,632,0,CV009_008,1042148
89134,684,1,CV009_008,1042832
89135,572,0,CV009_008,1043404
89136,636,0,CV009_008,1044040
89137,624,0,CV009_008,1044664
89138,688,0,CV009_008,1045352
89139,636,0,CV009_008,1045988
89140,572,0,CV009_008,1046560
89141,628,0,CV009_008,1047188
89142,632,0,CV009_008,1047820
89143,688,1,CV009_008,1048508
89144,572,0,CV009_008,1049080
89145,636,0,CV009_008,1049716
89146,632,0,CV009_008,1050348
89147,628,0,CV009_008,1050976
89148,636,0,CV009_008,1051612
89149,640,0,CV009_008,1052252
89150,628,0,CV009_008,1052880
89151,628,0,CV009_008,1053508
89152,632,0,CV009_008,1054140
89153,632,0,CV009_008,1054772
89154,624,0,CV009_008,1055396
89155,628,0,CV009_008,1056024
89156,632,0,CV009_008,1056656
89157,688,0,CV009_008,1057344
89158,628,0,CV009_008,1057972
89159,572,0,CV009_008,1058544
89160,636,0,CV009_008,1059180
89161,632,0,CV009_008,1059812
89162,628,0,CV009_008,1060440
89163,636,0,CV009_008,1061076
89164,632,0,CV009_008,1061708
89165,628,0,CV009_008,1062336
89166,624,0,CV009_008,1062960
89167,636,0,CV009_008,1063596
89168,624,0,CV009_008,1064220
89169,624,0,CV009_008,1064844
89170,628,0,CV009_008,1065472
89171,628,0,CV009_008,1066100
89172,624,0,CV009_008,1066724
89173,632,0,CV009_008,1067356
89174,624,0,CV009_008,1067980
89175,616,0,CV009_008,1068596
89176,624,0,CV009_008,1069220
89177,624,0,CV009_008,1069844
89178,680,0,CV009_008,1070524
89179,620,0,CV009_008,1071144
89180,620,0,CV009_008,1071764
89181,624,0,CV009_008,1072388
89182,560,0,CV009_008,1072948
89183,616,0,CV009_008,1073564
89184,620,0,CV009_008,1074184
89185,624,0,CV009_008,1074808
89186,620,0,CV009_008,1075428
89187,616,0,CV009_008,1076044
89188,616,0,CV009_008,1076660
89189,1248,0,CV009_008,1077908
89190,616,0,CV009_008,1078524
89191,624,0,CV009_008,1079148
89192,620,0,CV009_008,1079768
89193,624,0,CV009_008,1080392
89194,620,0,CV009_008,1081012
89195,624,0,CV009_008,1081636
89196,632,0,CV009_008,1082268
89197,676,1,CV009_008,1082944
89198,568,0,CV009_008,1083512
89199,632,0,CV009_008,1084144
89200,628,0,CV009_008,1084772
89201,624,0,CV009_008,1085396
89202,624,0,CV009_008,1086020
89203,632,0,CV009_008,1086652
89204,1260,0,CV009_008,1087912
89205,624,0,CV009_008,1088536
89206,684,0,CV009_008,1089220
89207,576,0,CV009_008,1089796
89208,624,0,CV009_008,1090420
89209,624,0,CV009_008,1091044
89210,628,0,CV009_008,1091672
89211,1244,0,CV009_008,1092916
89212,620,0,CV009_008,1093536
89213,628,0,CV009_008,1094164
89214,632,0,CV009_008,1094796
89215,616,0,CV009_008,1095412
89216,624,0,CV009_008,1096036
89217,624,0,CV009_008,1096660
89218,1252,0,CV009_008,1097912
89219,624,0,CV009_008,1098536
89220,632,0,CV009_008,1099168
89221,624,0,CV009_008,1099792
89222,624,0,CV009_008,1100416
89223,624,0,CV009_008,1101040
89224,632,0,CV009_008,1101672
89225,1252,0,CV009_008,1102924
89226,360,0,CV009_008,1103284
89227,272,0,CV009_008,1103556
89228,624,0,CV009_008,1104180
89229,620,0,CV009_008,1104800
89230,628,0,CV009_008,1105428
89231,632,0,CV009_008,1106060
89232,624,0,CV009_008,1106684
89233,1244,0,CV009_008,1107928
89234,632,0,CV009_008,1108560
89235,624,0,CV009_008,1109184
89236,620,0,CV009_008,1109804
89237,628,0,CV009_008,1110432
89238,632,0,CV009_008,1111064
89239,628,0,CV009_008,1111692
89240,676,1,CV009_008,1112368
89241,568,0,CV009_008,1112936
89242,624,0,CV009_008,1113560
89243,624,0,CV009_008,1114184
89244,676,1,CV009_008,1114860
89245,572,0,CV009_008,1115432
89246,624,0,CV009_008,1116056
89247,624,0,CV009_008,1116680
89248,620,0,CV009_008,1117300
89249,632,0,CV009_008,1117932
89250,632,0,CV009_008,1118564
89251,624,0,CV009_008,1119188
89252,632,0,CV009_008,1119820
89253,632,0,CV009_008,1120452
89254,632,0,CV009_008,1121084
89255,628,0,CV009_008,1121712
89256,688,1,CV009_008,1122400
89257,576,0,CV009_008,1122976
89258,628,0,CV009_008,1123604
89259,624,0,CV009_008,1124228
89260,628,0,CV009_008,1124856
89261,628,0,CV009_008,1125484
89262,684,0,CV009_008,1126168
89263,260,0,CV009_008,1126428
89264,304,0,CV009_008,1126732
89265,684,0,CV009_008,1127416
89266,572,0,CV009_008,1127988
89267,620,0,CV009_008,1128608
89268,628,0,CV009_008,1129236
89269,636,0,CV009_008,1129872
89270,620,0,CV009_008,1130492
89271,628,0,CV009_008,1131120
89272,632,0,CV009_008,1131752
89273,636,0,CV009_008,1132388
89274,632,0,CV009_008,1133020
89275,624,0,CV009_008,1133644
89276,628,0,CV009_008,1134272
89277,632,0,CV009_008,1134904
89278,636,0,CV009_008,1135540
89279,628,0,CV009_008,1136168
89280,628,0,CV009_008,1136796
89281,636,0,CV009_008,1137432
89282,632,0,CV009_008,1138064
89283,628,0,CV009_008,1138692
89284,1276,0,CV009_008,1139968
89285,632,0,CV009_008,1140600
89286,624,0,CV009_008,1141224
89287,640,0,CV009_008,1141864
89288,636,0,CV009_008,1142500
89289,632,0,CV009_008,1143132
89290,692,1,CV009_008,1143824
89291,580,0,CV009_008,1144404
89292,640,0,CV009_008,1145044
89293,636,0,CV009_008,1145680
89294,632,0,CV009_008,1146312
89295,636,0,CV009_008,1146948
89296,644,0,CV009_008,1147592
89297,640,0,CV009_008,1148232
89298,636,0,CV009_008,1148868
89299,636,0,CV009_008,1149504
89300,640,0,CV009_008,1150144
89301,636,0,CV009_008,1150780
89302,56,0,CV009_008,1150836
89303,572,0,CV009_008,1151408
89304,640,0,CV009_008,1152048
89305,636,0,CV009_008,1152684
89306,624,0,CV009_008,1153308
89307,628,0,CV009_008,1153936
89308,640,0,CV009_008,1154576
89309,688,1,CV009_008,1155264
89310,572,0,CV009_008,1155836
89311,628,0,CV009_008,1156464
89312,636,0,CV009_008,1157100
89313,628,0,CV009_008,1157728
89314,684,1,CV009_008,1158412
89315,576,0,CV009_008,1158988
89316,632,0,CV009_008,1159620
89317,636,0,CV009_008,1160256
89318,624,0,CV009_008,1160880
89319,636,0,CV009_008,1161516
89320,636,0,CV009_008,1162152
89321,632,0,CV009_008,1162784
89322,632,0,CV009_008,1163416
89323,688,0,CV009_008,1164104
89324,636,0,CV009_008,1164740
89325,576,0,CV009_008,1165316
89326,688,0,CV009_008,1166004
89327,636,0,CV009_008,1166640
89328,636,0,CV009_008,1167276
89329,580,0,CV009_008,1167856
89330,632,0,CV009_008,1168488
89331,640,0,CV009_008,1169128
89332,640,0,CV009_008,1169768
89333,632,0,CV009_008,1170400
89334,628,0,CV009_008,1171028
89335,632,0,CV009_008,1171660
89336,636,0,CV009_008,1172296
89337,624,0,CV009_008,1172920
89338,632,0,CV009_008,1173552
89339,692,1,CV009_008,1174244
89340,572,0,CV009_008,1174816
89341,628,0,CV009_008,1175444
89342,632,0,CV009_008,1176076
89343,632,0,CV009_008,1176708
89344,1248,0,CV009_008,1177956
89345,636,0,CV009_008,1178592
89346,628,0,CV009_008,1179220
89347,624,0,CV009_008,1179844
89348,628,0,CV009_008,1180472
89349,636,0,CV009_008,1181108
89350,632,0,CV009_008,1181740
89351,684,1,CV009_008,1182424
89352,576,0,CV009_008,1183000
89353,636,0,CV009_008,1183636
89354,636,0,CV009_008,1184272
89355,628,0,CV009_008,1184900
89356,632,0,CV009_008,1185532
89357,692,1,CV009_008,1186224
89358,572,0,CV009_008,1186796
89359,632,0,CV009_008,1187428
89360,636,0,CV009_008,1188064
89361,632,0,CV009_008,1188696
89362,628,0,CV009_008,1189324
89363,1956,0,CV009_008,1191280
89364,632,0,CV009_008,1191912
89365,568,0,CV009_008,1192480
89366,636,0,CV009_008,1193116
89367,628,0,CV009_008,1193744
89368,684,0,CV009_008,1194428
89369,624,0,CV009_008,1195052
89370,632,0,CV009_008,1195684
89371,576,0,CV009_008,1196260
89372,624,0,CV009_008,1196884
89373,636,0,CV009_008,1197520
89374,636,0,CV009_008,1198156
89375,632,0,CV009_008,1198788
89376,632,0,CV009_008,1199420
89377,632,0,CV009_008,1200052
89378,632,0,CV009_008,1200684
89379,628,0,CV009_008,1201312
89380,676,1,CV009_008,1201988
89381,572,0,CV009_008,1202560
89382,624,0,CV009_008,1203184
89383,616,0,CV009_008,1203800
89384,624,0,CV009_008,1204424
89385,628,0,CV009_008,1205052
89386,628,0,CV009_008,1205680
89387,624,0,CV009_008,1206304
89388,628,0,CV009_008,1206932
89389,636,0,CV009_008,1207568
89390,632,0,CV009_008,1208200
89391,628,0,CV009_008,1208828
89392,628,0,CV009_008,1209456
89393,632,0,CV009_008,1210088
89394,628,0,CV009_008,1210716
89395,624,0,CV009_008,1211340
89396,628,0,CV009_008,1211968
89397,624,0,CV009_008,1212592
89398,624,0,CV009_008,1213216
89399,628,0,CV009_008,1213844
89400,620,0,CV009_008,1214464
89401,624,0,CV009_008,1215088
89402,624,0,CV009_008,1215712
89403,620,0,CV009_008,1216332
89404,620,0,CV009_008,1216952
89405,624,0,CV009_008,1217576
89406,628,0,CV009_008,1218204
89407,620,0,CV009_008,1218824
89408,620,0,CV009_008,1219444
89409,628,0,CV009_008,1220072
89410,628,0,CV009_008,1220700
89411,628,0,CV009_008,1221328
89412,620,0,CV009_008,1221948
89413,624,0,CV009_008,1222572
89414,636,0,CV009_008,1223208
89415,628,0,CV009_008,1223836
89416,628,0,CV009_008,1224464
89417,692,0,CV009_008,1225156
89418,580,0,CV009_008,1225736
89419,1264,0,CV009_008,1227000
89420,636,0,CV009_008,1227636
89421,636,0,CV009_008,1228272
89422,636,0,CV009_008,1228908
89423,636,0,CV009_008,1229544
89424,644,0,CV009_008,1230188
89425,636,0,CV009_008,1230824
89426,632,0,CV009_008,1231456
89427,640,0,CV009_008,1232096
89428,632,0,CV009_008,1232728
89429,1268,0,CV009_008,1233996
89430,632,0,CV009_008,1234628
89431,640,0,CV009_008,1235268
89432,636,0,CV009_008,1235904
89433,628,0,CV009_008,1236532
89434,632,0,CV009_008,1237164
89435,640,0,CV009_008,1237804
89436,632,0,CV009_008,1238436
89437,628,0,CV009_008,1239064
89438,636,0,CV009_008,1239700
89439,644,0,CV009_008,1240344
89440,636,0,CV009_008,1240980
89441,632,0,CV009_008,1241612
89442,636,0,CV009_008,1242248
89443,644,0,CV009_008,1242892
89444,632,0,CV009_008,1243524
89445,632,0,CV009_008,1244156
89446,636,0,CV009_008,1244792
89447,640,0,CV009_008,1245432
89448,636,0,CV009_008,1246068
89449,632,0,CV009_008,1246700
89450,644,0,CV009_008,1247344
89451,628,0,CV009_008,1247972
89452,632,0,CV009_008,1248604
89453,632,0,CV009_008,1249236
89454,640,0,CV009_008,1249876
89455,636,0,CV009_008,1250512
89456,640,0,CV009_008,1251152
89457,636,0,CV009_008,1251788
89458,704,1,CV009_008,1252492
89459,584,0,CV009_008,1253076
89460,640,0,CV009_008,1253716
89461,636,0,CV009_008,1254352
89462,636,0,CV009_008,1254988
89463,636,0,CV009_008,1255624
89464,640,0,CV009_008,1256264
89465,632,0,CV009_008,1256896
89466,692,0,CV009_008,1257588
89467,572,0,CV009_008,1258160
89468,640,0,CV009_008,1258800
89469,688,0,CV009_008,1259488
89470,576,0,CV009_008,1260064
89471,640,0,CV009_008,1260704
89472,636,0,CV009_008,1261340
89473,636,0,CV009_008,1261976
89474,632,0,CV009_008,1262608
89475,640,0,CV009_008,1263248
89476,636,0,CV009_008,1263884
89477,632,0,CV009_008,1264516
89478,636,0,CV009_008,1265152
89479,636,0,CV009_008,1265788
89480,692,1,CV009_008,1266480
89481,576,0,CV009_008,1267056
89482,632,0,CV009_008,1267688
89483,636,0,CV009_008,1268324
89484,636,0,CV009_008,1268960
89485,632,0,CV009_008,1269592
89486,1328,0,CV009_008,1270920
89487,640,0,CV009_008,1271560
89488,580,0,CV009_008,1272140
89489,636,0,CV009_008,1272776
89490,692,0,CV009_008,1273468
89491,580,0,CV009_008,1274048
89492,632,0,CV009_008,1274680
89493,696,0,CV009_008,1275376
89494,580,0,CV009_008,1275956
89495,1280,0,CV009_008,1277236
89496,704,0,CV009_008,1277940
89497,584,0,CV009_008,1278524
89498,696,0,CV009_008,1279220
89499,592,0,CV009_008,1279812
89500,640,0,CV009_008,1280452
89501,644,0,CV009_008,1281096
89502,644,0,CV009_008,1281740
89503,1296,0,CV009_008,1283036
89504,644,0,CV009_008,1283680
89505,648,0,CV009_008,1284328
89506,708,1,CV009_008,1285036
89507,584,0,CV009_008,1285620
89508,648,0,CV009_008,1286268
89509,656,0,CV009_008,1286924
89510,652,0,CV009_008,1287576
89511,644,0,CV009_008,1288220
89512,652,0,CV009_008,1288872
89513,652,0,CV009_008,1289524
89514,644,0,CV009_008,1290168
89515,648,0,CV009_008,1290816
89516,656,0,CV009_008,1291472
89517,648,0,CV009_008,1292120
89518,644,0,CV009_008,1292764
89519,1304,0,CV009_008,1294068
89520,644,0,CV009_008,1294712
89521,652,0,CV009_008,1295364
89522,656,0,CV009_008,1296020
89523,648,0,CV009_008,1296668
89524,644,0,CV009_008,1297312
89525,708,0,CV009_008,1298020
89526,652,0,CV009_008,1298672
89527,588,0,CV009_008,1299260
89528,652,0,CV009_008,1299912
89529,652,0,CV009_008,1300564
89530,648,0,CV009_008,1301212
89531,652,0,CV009_008,1301864
89532,656,0,CV009_008,1302520
89533,652,0,CV009_008,1303172
89534,644,0,CV009_008,1303816
89535,656,0,CV009_008,1304472
89536,656,0,CV009_008,1305128
89537,648,0,CV009_008,1305776
89538,708,1,CV009_008,1306484
89539,604,0,CV009_008,1307088
89540,652,0,CV009_008,1307740
89541,648,0,CV009_008,1308388
89542,644,0,CV009_008,1309032
89543,652,0,CV009_008,1309684
89544,644,0,CV009_008,1310328
89545,640,0,CV009_008,1310968
89546,652,0,CV009_008,1311620
89547,644,0,CV009_008,1312264
89548,1284,0,CV009_008,1313548
89549,652,0,CV009_008,1314200
89550,644,0,CV009_008,1314844
89551,640,0,CV009_008,1315484
89552,640,0,CV009_008,1316124
89553,648,0,CV009_008,1316772
89554,1288,0,CV009_008,1318060
89555,644,0,CV009_008,1318704
89556,644,0,CV009_008,1319348
89557,640,0,CV009_008,1319988
89558,640,0,CV009_008,1320628
89559,644,0,CV009_008,1321272
89560,700,1,CV009_008,1321972
89561,576,0,CV009_008,1322548
89562,632,0,CV009_008,1323180
89563,640,0,CV009_008,1323820
89564,688,1,CV009_008,1324508
89565,576,0,CV009_008,1325084
89566,640,0,CV009_008,1325724
89567,636,0,CV009_008,1326360
89568,644,0,CV009_008,1327004
89569,632,0,CV009_008,1327636
89570,648,0,CV009_008,1328284
89571,640,0,CV009_008,1328924
89572,632,0,CV009_008,1329556
89573,640,0,CV009_008,1330196
89574,640,0,CV009_008,1330836
89575,640,0,CV009_008,1331476
89576,632,0,CV009_008,1332108
89577,632,0,CV009_008,1332740
89578,1256,0,CV009_008,1333996
89579,676,0,CV009_008,1334672
89580,568,0,CV009_008,1335240
89581,612,0,CV009_008,1335852
89582,636,0,CV009_008,1336488
89583,624,0,CV009_008,1337112
89584,624,0,CV009_008,1337736
89585,684,1,CV009_008,1338420
89586,580,0,CV009_008,1339000
89587,624,0,CV009_008,1339624
89588,640,0,CV009_008,1340264
89589,636,0,CV009_008,1340900
89590,628,0,CV009_008,1341528
89591,636,0,CV009_008,1342164
89592,636,0,CV009_008,1342800
89593,1256,0,CV009_008,1344056
89594,636,0,CV009_008,1344692
89595,628,0,CV009_008,1345320
89596,636,0,CV009_008,1345956
89597,628,0,CV009_008,1346584
89598,620,0,CV009_008,1347204
89599,620,0,CV009_008,1347824
89600,688,1,CV009_008,1348512
89601,568,0,CV009_008,1349080
89602,620,0,CV009_008,1349700
89603,624,0,CV009_008,1350324
89604,632,0,CV009_008,1350956
89605,620,0,CV009_008,1351576
89606,628,0,CV009_008,1352204
89607,1304,0,CV009_008,1353508
89608,568,0,CV009_008,1354076
89609,628,0,CV009_008,1354704
89610,708,0,CV009_008,1355412
89611,544,0,CV009_008,1355956
89612,632,0,CV009_008,1356588
89613,632,0,CV009_008,1357220
89614,684,0,CV009_008,1357904
89615,632,0,CV009_008,1358536
89616,580,0,CV009_008,1359116
89617,632,0,CV009_008,1359748
89618,632,0,CV009_008,1360380
89619,640,0,CV009_008,1361020
89620,632,0,CV009_008,1361652
89621,624,0,CV009_008,1362276
89622,628,0,CV009_008,1362904
89623,636,0,CV009_008,1363540
89624,628,0,CV009_008,1364168
89625,624,0,CV009_008,1364792
89626,632,0,CV009_008,1365424
89627,628,0,CV009_008,1366052
89628,628,0,CV009_008,1366680
89629,620,0,CV009_008,1367300
89630,628,0,CV009_008,1367928
89631,632,0,CV009_008,1368560
89632,632,0,CV009_008,1369192
89633,680,0,CV009_008,1369872
89634,1204,0,CV009_008,1371076
89635,632,0,CV009_008,1371708
89636,628,0,CV009_008,1372336
89637,636,0,CV009_008,1372972
89638,636,0,CV009_008,1373608
89639,632,0,CV009_008,1374240
89640,632,0,CV009_008,1374872
89641,640,0,CV009_008,1375512
89642,632,0,CV009_008,1376144
89643,1260,0,CV009_008,1377404
89644,628,0,CV009_008,1378032
89645,632,0,CV009_008,1378664
89646,628,0,CV009_008,1379292
89647,620,0,CV009_008,1379912
89648,632,0,CV009_008,1380544
89649,632,0,CV009_008,1381176
89650,684,1,CV009_008,1381860
89651,568,0,CV009_008,1382428
89652,628,0,CV009_008,1383056
89653,640,0,CV009_008,1383696
89654,632,0,CV009_008,1384328
89655,632,0,CV009_008,1384960
89656,636,0,CV009_008,1385596
89657,640,0,CV009_008,1386236
89658,632,0,CV009_008,1386868
89659,632,0,CV009_008,1387500
89660,632,0,CV009_008,1388132
89661,640,0,CV009_008,1388772
89662,636,0,CV009_008,1389408
89663,632,0,CV009_008,1390040
89664,636,0,CV009_008,1390676
89665,632,0,CV009_008,1391308
89666,632,0,CV009_008,1391940
89667,628,0,CV009_008,1392568
89668,636,0,CV009_008,1393204
89669,632,0,CV009_008,1393836
89670,1256,0,CV009_008,1395092
89671,636,0,CV009_008,1395728
89672,640,0,CV009_008,1396368
89673,640,0,CV009_008,1397008
89674,696,0,CV009_008,1397704
89675,636,0,CV009_008,1398340
89676,644,0,CV009_008,1398984
89677,580,0,CV009_008,1399564
89678,644,0,CV009_008,1400208
89679,644,0,CV009_008,1400852
89680,700,1,CV009_008,1401552
89681,588,0,CV009_008,1402140
89682,648,0,CV009_008,1402788
89683,648,0,CV009_008,1403436
89684,640,0,CV009_008,1404076
89685,648,0,CV009_008,1404724
89686,648,0,CV009_008,1405372
89687,644,0,CV009_008,1406016
89688,696,1,CV009_008,1406712
89689,600,0,CV009_008,1407312
89690,644,0,CV009_008,1407956
89691,640,0,CV009_008,1408596
89692,704,1,CV009_008,1409300
89693,592,0,CV009_008,1409892
89694,640,0,CV009_008,1410532
89695,640,0,CV009_008,1411172
89696,644,0,CV009_008,1411816
89697,1280,0,CV009_008,1413096
89698,700,0,CV009_008,1413796
89699,584,0,CV009_008,1414380
89700,636,0,CV009_008,1415016
89701,1284,0,CV009_008,1416300
89702,696,0,CV009_008,1416996
89703,584,0,CV009_008,1417580
89704,708,0,CV009_008,1418288
89705,592,0,CV009_008,1418880
89706,640,0,CV009_008,1419520
89707,652,0,CV009_008,1420172
89708,648,0,CV009_008,1420820
89709,1296,0,CV009_008,1422116
89710,652,0,CV009_008,1422768
89711,648,0,CV009_008,1423416
89712,644,0,CV009_008,1424060
89713,704,1,CV009_008,1424764
89714,592,0,CV009_008,1425356
89715,648,0,CV009_008,1426004
89716,652,0,CV009_008,1426656
89717,644,0,CV009_008,1427300
89718,652,0,CV009_008,1427952
89719,644,0,CV009_008,1428596
89720,640,0,CV009_008,1429236
89721,644,0,CV009_008,1429880
89722,648,0,CV009_008,1430528
89723,644,0,CV009_008,1431172
89724,640,0,CV009_008,1431812
89725,644,0,CV009_008,1432456
89726,656,0,CV009_008,1433112
89727,648,0,CV009_008,1433760
89728,640,0,CV009_008,1434400
89729,648,0,CV009_008,1435048
89730,652,0,CV009_008,1435700
89731,648,0,CV009_008,1436348
89732,644,0,CV009_008,1436992
89733,648,0,CV009_008,1437640
89734,656,0,CV009_008,1438296
89735,644,0,CV009_008,1438940
89736,644,0,CV009_008,1439584
89737,648,0,CV009_008,1440232
89738,648,0,CV009_008,1440880
89739,700,0,CV009_008,1441580
89740,636,0,CV009_008,1442216
89741,588,0,CV009_008,1442804
89742,652,0,CV009_008,1443456
89743,640,0,CV009_008,1444096
89744,644,0,CV009_008,1444740
89745,644,0,CV009_008,1445384
89746,656,0,CV009_008,1446040
89747,644,0,CV009_008,1446684
89748,644,0,CV009_008,1447328
89749,652,0,CV009_008,1447980
89750,648,0,CV009_008,1448628
89751,648,0,CV009_008,1449276
89752,644,0,CV009_008,1449920
89753,656,0,CV009_008,1450576
89754,636,0,CV009_008,1451212
89755,644,0,CV009_008,1451856
89756,712,0,CV009_008,1452568
89757,640,0,CV009_008,1453208
89758,580,0,CV009_008,1453788
89759,640,0,CV009_008,1454428
89760,640,0,CV009_008,1455068
89761,640,0,CV009_008,1455708
89762,636,0,CV009_008,1456344
89763,632,0,CV009_008,1456976
89764,644,0,CV009_008,1457620
89765,644,0,CV009_008,1458264
89766,640,0,CV009_008,1458904
89767,640,0,CV009_008,1459544
89768,648,0,CV009_008,1460192
89769,644,0,CV009_008,1460836
89770,636,0,CV009_008,1461472
89771,640,0,CV009_008,1462112
89772,648,0,CV009_008,1462760
89773,640,0,CV009_008,1463400
89774,636,0,CV009_008,1464036
89775,640,0,CV009_008,1464676
89776,644,0,CV009_008,1465320
89777,636,0,CV009_008,1465956
89778,636,0,CV009_008,1466592
89779,640,0,CV009_008,1467232
89780,636,0,CV009_008,1467868
89781,692,0,CV009_008,1468560
89782,628,0,CV009_008,1469188
89783,580,0,CV009_008,1469768
89784,640,0,CV009_008,1470408
89785,632,0,CV009_008,1471040
89786,636,0,CV009_008,1471676
89787,640,0,CV009_008,1472316
89788,704,0,CV009_008,1473020
89789,644,0,CV009_008,1473664
89790,580,0,CV009_008,1474244
89791,644,0,CV009_008,1474888
89792,704,0,CV009_008,1475592
89793,596,0,CV009_008,1476188
89794,644,0,CV009_008,1476832
89795,644,0,CV009_008,1477476
89796,652,0,CV009_008,1478128
89797,648,0,CV009_008,1478776
89798,640,0,CV009_008,1479416
89799,648,0,CV009_008,1480064
89800,644,0,CV009_008,1480708
89801,640,0,CV009_008,1481348
89802,636,0,CV009_008,1481984
89803,644,0,CV009_008,1482628
89804,636,0,CV009_008,1483264
89805,636,0,CV009_008,1483900
89806,692,1,CV009_008,1484592
89807,588,0,CV009_008,1485180
89808,636,0,CV009_008,1485816
89809,628,0,CV009_008,1486444
89810,636,0,CV009_008,1487080
89811,644,0,CV009_008,1487724
89812,640,0,CV009_008,1488364
89813,636,0,CV009_008,1489000
89814,636,0,CV009_008,1489636
89815,652,0,CV009_008,1490288
89816,644,0,CV009_008,1490932
89817,700,0,CV009_008,1491632
89818,588,0,CV009_008,1492220
89819,648,0,CV009_008,1492868
89820,1284,0,CV009_008,1494152
89821,644,0,CV009_008,1494796
89822,648,0,CV009_008,1495444
89823,696,1,CV009_008,1496140
89824,584,0,CV009_008,1496724
89825,640,0,CV009_008,1497364
89826,644,0,CV009_008,1498008
89827,624,0,CV009_008,1498632
89828,656,0,CV009_008,1499288
89829,648,0,CV009_008,1499936
89830,652,0,CV009_008,1500588
89831,644,0,CV009_008,1501232
89832,640,0,CV009_008,1501872
89833,1288,0,CV009_008,1503160
89834,640,0,CV009_008,1503800
89835,640,0,CV009_008,1504440
89836,700,1,CV009_008,1505140
89837,588,0,CV009_008,1505728
89838,644,0,CV009_008,1506372
89839,636,0,CV009_008,1507008
89840,648,0,CV009_008,1507656
89841,648,0,CV009_008,1508304
89842,696,1,CV009_008,1509000
89843,580,0,CV009_008,1509580
89844,644,0,CV009_008,1510224
89845,640,0,CV009_008,1510864
89846,632,0,CV009_008,1511496
89847,644,0,CV009_008,1512140
89848,640,0,CV009_008,1512780
89849,632,0,CV009_008,1513412
89850,648,0,CV009_008,1514060
89851,644,0,CV009_008,1514704
89852,640,0,CV009_008,1515344
89853,640,0,CV009_008,1515984
89854,644,0,CV009_008,1516628
89855,652,0,CV009_008,1517280
89856,640,0,CV009_008,1517920
89857,644,0,CV009_008,1518564
89858,640,0,CV009_008,1519204
89859,656,0,CV009_008,1519860
89860,1280,0,CV009_008,1521140
89861,644,0,CV009_008,1521784
89862,648,0,CV009_008,1522432
89863,636,0,CV009_008,1523068
89864,640,0,CV009_008,1523708
89865,648,0,CV009_008,1524356
89866,640,0,CV009_008,1524996
89867,644,0,CV009_008,1525640
89868,652,0,CV009_008,1526292
89869,644,0,CV009_008,1526936
89870,644,0,CV009_008,1527580
89871,644,0,CV009_008,1528224
89872,644,0,CV009_008,1528868
89873,1304,0,CV009_008,1530172
89874,636,0,CV009_008,1530808
89875,648,0,CV009_008,1531456
89876,648,0,CV009_008,1532104
89877,644,0,CV009_008,1532748
89878,640,0,CV009_008,1533388
89879,648,0,CV009_008,1534036
89880,652,0,CV009_008,1534688
89881,644,0,CV009_008,1535332
89882,640,0,CV009_008,1535972
89883,656,0,CV009_008,1536628
89884,652,0,CV009_008,1537280
89885,644,0,CV009_008,1537924
89886,704,0,CV009_008,1538628
89887,596,0,CV009_008,1539224
89888,652,0,CV009_008,1539876
89889,1296,0,CV009_008,1541172
89890,652,0,CV009_008,1541824
89891,1300,0,CV009_008,1543124
89892,652,0,CV009_008,1543776
89893,660,0,CV009_008,1544436
89894,656,0,CV009_008,1545092
89895,644,0,CV009_008,1545736
89896,648,0,CV009_008,1546384
89897,656,0,CV009_008,1547040
89898,648,0,CV009_008,1547688
89899,648,0,CV009_008,1548336
89900,712,1,CV009_008,1549048
89901,596,0,CV009_008,1549644
89902,644,0,CV009_008,1550288
89903,648,0,CV009_008,1550936
89904,656,0,CV009_008,1551592
89905,648,0,CV009_008,1552240
89906,640,0,CV009_008,1552880
89907,1296,0,CV009_008,1554176
89908,644,0,CV009_008,1554820
89909,700,0,CV009_008,1555520
89910,592,0,CV009_008,1556112
89911,648,0,CV009_008,1556760
89912,644,0,CV009_008,1557404
89913,648,0,CV009_008,1558052
89914,656,0,CV009_008,1558708
89915,648,0,CV009_008,1559356
89916,644,0,CV009_008,1560000
89917,648,0,CV009_008,1560648
89918,652,0,CV009_008,1561300
89919,700,0,CV009_008,1562000
89920,640,0,CV009_008,1562640
89921,592,0,CV009_008,1563232
89922,644,0,CV009_008,1563876
89923,644,0,CV009_008,1564520
89924,640,0,CV009_008,1565160
89925,648,0,CV009_008,1565808
89926,648,0,CV009_008,1566456
89927,640,0,CV009_008,1567096
89928,652,0,CV009_008,1567748
89929,652,0,CV009_008,1568400
89930,652,0,CV009_008,1569052
89931,644,0,CV009_008,1569696
89932,652,0,CV009_008,1570348
89933,652,0,CV009_008,1571000
89934,652,0,CV009_008,1571652
89935,648,0,CV009_008,1572300
89936,656,0,CV009_008,1572956
89937,648,0,CV009_008,1573604
89938,648,0,CV009_008,1574252
89939,644,0,CV009_008,1574896
89940,1304,0,CV009_008,1576200
89941,644,0,CV009_008,1576844
89942,652,0,CV009_008,1577496
89943,648,0,CV009_008,1578144
89944,652,0,CV009_008,1578796
89945,652,0,CV009_008,1579448
89946,644,0,CV009_008,1580092
89947,644,0,CV009_008,1580736
89948,648,0,CV009_008,1581384
89949,652,0,CV009_008,1582036
89950,644,0,CV009_008,1582680
89951,648,0,CV009_008,1583328
89952,656,0,CV009_008,1583984
89953,656,0,CV009_008,1584640
89954,648,0,CV009_008,1585288
89955,644,0,CV009_008,1585932
89956,708,1,CV009_008,1586640
89957,580,0,CV009_008,1587220
89958,636,0,CV009_008,1587856
89959,652,0,CV009_008,1588508
89960,648,0,CV009_008,1589156
89961,640,0,CV009_008,1589796
89962,648,0,CV009_008,1590444
89963,652,0,CV009_008,1591096
89964,644,0,CV009_008,1591740
89965,700,1,CV009_008,1592440
89966,584,0,CV009_008,1593024
89967,656,0,CV009_008,1593680
89968,656,0,CV009_008,1594336
89969,644,0,CV009_008,1594980
89970,652,0,CV009_008,1595632
89971,656,0,CV009_008,1596288
89972,664,0,CV009_008,1596952
89973,656,0,CV009_008,1597608
89974,648,0,CV009_008,1598256
89975,884,0,CV50036_001,884
89976,360,0,CV50036_001,1244
89977,296,0,CV50036_001,1540
89978,300,0,CV50036_001,1840
89979,664,0,CV50036_001,2504
89980,628,0,CV50036_001,3132
89981,196,0,CV50036_001,3328
89982,432,0,CV50036_001,3760
89983,620,0,CV50036_001,4380
89984,624,0,CV50036_001,5004
89985,264,0,CV50036_001,5268
89986,988,0,CV50036_001,6256
89987,628,0,CV50036_001,6884
89988,628,0,CV50036_001,7512
89989,628,0,CV50036_001,8140
89990,864,0,CV50036_001,9004
89991,76,0,CV50036_001,9080
89992,316,0,CV50036_001,9396
89993,620,0,CV50036_001,10016
89994,924,0,CV50036_001,10940
89995,936,0,CV50036_001,11876
89996,624,0,CV50036_001,12500
89997,624,0,CV50036_001,13124
89998,620,0,CV50036_001,13744
89999,620,0,CV50036_001,14364
90000,636,0,CV50036_001,15000
90001,1892,0,CV50036_001,16892
90002,636,0,CV50036_001,17528
90003,640,0,CV50036_001,18168
90004,636,0,CV50036_001,18804
90005,636,0,CV50036_001,19440
90006,636,0,CV50036_001,20076
90007,1268,0,CV50036_001,21344
90008,628,0,CV50036_001,21972
90009,680,0,CV50036_001,22652
90010,576,0,CV50036_001,23228
90011,2964,0,CV50036_001,26192
90012,460,0,CV50036_001,26652
90013,1676,0,CV50036_001,28328
90014,852,0,CV50036_001,29180
90015,472,0,CV50036_001,29652
90016,556,0,CV50036_001,30208
90017,636,0,CV50036_001,30844
90018,804,0,CV50036_001,31648
90019,1008,0,CV50036_001,32656
90020,2312,0,CV50036_001,34968
90021,340,0,CV50036_001,35308
90022,620,0,CV50036_001,35928
90023,608,0,CV50036_001,36536
90024,652,0,CV50036_001,37188
90025,692,0,CV50036_001,37880
90026,712,0,CV50036_001,38592
90027,2068,0,CV50036_001,40660
90028,1528,0,CV50036_001,42188
90029,1008,0,CV50036_001,43196
90030,664,0,CV50036_001,43860
90031,4052,0,CV50036_001,47912
90032,756,0,CV50036_001,48668
90033,2504,0,CV50036_001,51172
90034,644,0,CV50036_001,51816
90035,1064,0,CV50036_001,52880
90036,288,0,CV50036_001,53168
90037,4504,0,CV50036_001,57672
90038,4648,0,CV50036_001,62320
90039,2168,0,CV50036_001,64488
90040,2032,0,CV50036_001,66520
90041,240,0,CV50036_001,66760
90042,100,0,CV50036_001,66860
90043,968,0,CV50036_001,67828
90044,1292,0,CV50036_001,69120
90045,644,0,CV50036_001,69764
90046,636,0,CV50036_001,70400
90047,636,0,CV50036_001,71036
90048,1096,0,CV50036_001,72132
90049,192,0,CV50036_001,72324
90050,1316,0,CV50036_001,73640
90051,484,0,CV50036_001,74124
90052,172,0,CV50036_001,74296
90053,660,0,CV50036_001,74956
90054,168,0,CV50036_001,75124
90055,480,0,CV50036_001,75604
90056,516,0,CV50036_001,76120
90057,140,0,CV50036_001,76260
90058,656,0,CV50036_001,76916
90059,644,0,CV50036_001,77560
90060,648,0,CV50036_001,78208
90061,908,0,CV50036_001,79116
90062,388,0,CV50036_001,79504
90063,1108,0,CV50036_001,80612
90064,152,0,CV50036_001,80764
90065,852,0,CV50036_001,81616
90066,68,0,CV50036_001,81684
90067,368,0,CV50036_001,82052
90068,632,0,CV50036_001,82684
90069,708,0,CV50036_001,83392
90070,656,0,CV50036_001,84048
90071,1304,0,CV50036_001,85352
90072,648,0,CV50036_001,86000
90073,1288,0,CV50036_001,87288
90074,644,0,CV50036_001,87932
90075,652,0,CV50036_001,88584
90076,652,0,CV50036_001,89236
90077,664,0,CV50036_001,89900
90078,660,0,CV50036_001,90560
90079,672,0,CV50036_001,91232
90080,660,0,CV50036_001,91892
90081,200,0,CV50036_001,92092
90082,456,0,CV50036_001,92548
90083,648,0,CV50036_001,93196
90084,640,0,CV50036_001,93836
90085,640,0,CV50036_001,94476
90086,1212,0,CV50036_001,95688
90087,3204,0,CV50036_001,98892
90088,1896,0,CV50036_001,100788
90089,4012,0,CV50036_001,104800
90090,664,0,CV50036_001,105464
90091,1320,0,CV50036_001,106784
90092,5276,0,CV50036_001,112060
90093,2256,0,CV50036_001,114316
90094,432,0,CV50036_001,114748
90095,1792,0,CV50036_001,116540
90096,360,0,CV50036_001,116900
90097,120,0,CV50036_001,117020
90098,268,0,CV50036_001,117288
90099,156,0,CV50036_001,117444
90100,456,0,CV50036_001,117900
90101,64,0,CV50036_001,117964
90102,544,0,CV50036_001,118508
90103,196,0,CV50036_001,118704
90104,2176,0,CV50036_001,120880
90105,656,0,CV50036_001,121536
90106,496,0,CV50036_001,122032
90107,1404,0,CV50036_001,123436
90108,268,0,CV50036_001,123704
90109,256,0,CV50036_001,123960
90110,308,0,CV50036_001,124268
90111,556,0,CV50036_001,124824
90112,1700,0,CV50036_001,126524
90113,184,0,CV50036_001,126708
90114,192,0,CV50036_001,126900
90115,432,0,CV50036_001,127332
90116,352,0,CV50036_001,127684
90117,2072,0,CV50036_001,129756
90118,260,0,CV50036_001,130016
90119,80,0,CV50036_001,130096
90120,288,0,CV50036_001,130384
90121,884,0,CV50036_001,131268
90122,276,0,CV50036_001,131544
90123,320,0,CV50036_001,131864
90124,316,0,CV50036_001,132180
90125,1108,0,CV50036_001,133288
90126,472,0,CV50036_001,133760
90127,80,0,CV50036_001,133840
90128,356,0,CV50036_001,134196
90129,192,0,CV50036_001,134388
90130,544,0,CV50036_001,134932
90131,1088,0,CV50036_001,136020
90132,1096,0,CV50036_001,137116
90133,548,0,CV50036_001,137664
90134,288,0,CV50036_001,137952
90135,76,0,CV50036_001,138028
90136,204,0,CV50036_001,138232
90137,372,0,CV50036_001,138604
90138,244,0,CV50036_001,138848
90139,596,0,CV50036_001,139444
90140,712,0,CV50036_001,140156
90141,944,0,CV50036_001,141100
90142,564,0,CV50036_001,141664
90143,1056,0,CV50036_001,142720
90144,452,0,CV50036_001,143172
90145,204,0,CV50036_001,143376
90146,160,0,CV50036_001,143536
90147,444,0,CV50036_001,143980
90148,344,0,CV50036_001,144324
90149,156,0,CV50036_001,144480
90150,652,0,CV50036_001,145132
90151,116,0,CV50036_001,145248
90152,236,0,CV50036_001,145484
90153,396,0,CV50036_001,145880
90154,216,0,CV50036_001,146096
90155,108,0,CV50036_001,146204
90156,348,0,CV50036_001,146552
90157,116,0,CV50036_001,146668
90158,428,0,CV50036_001,147096
90159,220,0,CV50036_001,147316
90160,324,0,CV50036_001,147640
90161,688,0,CV50036_001,148328
90162,308,0,CV50036_001,148636
90163,72,0,CV50036_001,148708
90164,320,0,CV50036_001,149028
90165,156,0,CV50036_001,149184
90166,288,0,CV50036_001,149472
90167,216,0,CV50036_001,149688
90168,620,0,CV50036_001,150308
90169,500,0,CV50036_001,150808
90170,292,0,CV50036_001,151100
90171,72,0,CV50036_001,151172
90172,272,0,CV50036_001,151444
90173,384,0,CV50036_001,151828
90174,228,0,CV50036_001,152056
90175,292,0,CV50036_001,152348
90176,44,0,CV50036_001,152392
90177,464,0,CV50036_001,152856
90178,96,0,CV50036_001,152952
90179,164,0,CV50036_001,153116
90180,444,0,CV50036_001,153560
90181,196,0,CV50036_001,153756
90182,128,0,CV50036_001,153884
90183,276,0,CV50036_001,154160
90184,448,0,CV50036_001,154608
90185,84,0,CV50036_001,154692
90186,164,0,CV50036_001,154856
90187,308,0,CV50036_001,155164
90188,420,0,CV50036_001,155584
90189,160,0,CV50036_001,155744
90190,120,0,CV50036_001,155864
90191,340,0,CV50036_001,156204
90192,272,0,CV50036_001,156476
90193,492,0,CV50036_001,156968
90194,328,0,CV50036_001,157296
90195,40,0,CV50036_001,157336
90196,264,0,CV50036_001,157600
90197,420,0,CV50036_001,158020
90198,140,0,CV50036_001,158160
90199,332,0,CV50036_001,158492
90200,220,0,CV50036_001,158712
90201,332,0,CV50036_001,159044
90202,144,0,CV50036_001,159188
90203,120,0,CV50036_001,159308
90204,420,0,CV50036_001,159728
90205,236,0,CV50036_001,159964
90206,340,0,CV50036_001,160304
90207,208,0,CV50036_001,160512
90208,268,0,CV50036_001,160780
90209,212,0,CV50036_001,160992
90210,216,0,CV50036_001,161208
90211,120,0,CV50036_001,161328
90212,392,0,CV50036_001,161720
90213,308,0,CV50036_001,162028
90214,140,0,CV50036_001,162168
90215,172,0,CV50036_001,162340
90216,336,0,CV50036_001,162676
90217,236,0,CV50036_001,162912
90218,228,0,CV50036_001,163140
90219,276,0,CV50036_001,163416
90220,308,0,CV50036_001,163724
90221,116,0,CV50036_001,163840
90222,244,0,CV50036_001,164084
90223,360,0,CV50036_001,164444
90224,116,0,CV50036_001,164560
90225,384,0,CV50036_001,164944
90226,448,0,CV50036_001,165392
90227,148,0,CV50036_001,165540
90228,352,0,CV50036_001,165892
90229,624,0,CV50036_001,166516
90230,136,0,CV50036_001,166652
90231,184,0,CV50036_001,166836
90232,388,0,CV50036_001,167224
90233,144,0,CV50036_001,167368
90234,244,0,CV50036_001,167612
90235,244,0,CV50036_001,167856
90236,212,0,CV50036_001,168068
90237,280,0,CV50036_001,168348
90238,136,0,CV50036_001,168484
90239,868,0,CV50036_001,169352
90240,240,0,CV50036_001,169592
90241,260,0,CV50036_001,169852
90242,504,0,CV50036_001,170356
90243,464,0,CV50036_001,170820
90244,300,0,CV50036_001,171120
90245,252,0,CV50036_001,171372
90246,244,0,CV50036_001,171616
90247,264,0,CV50036_001,171880
90248,276,0,CV50036_001,172156
90249,252,0,CV50036_001,172408
90250,92,0,CV50036_001,172500
90251,376,0,CV50036_001,172876
90252,284,0,CV50036_001,173160
90253,380,0,CV50036_001,173540
90254,328,0,CV50036_001,173868
90255,800,0,CV50036_001,174668
90256,184,0,CV50036_001,174852
90257,500,0,CV50036_001,175352
90258,500,0,CV50036_001,175852
90259,504,0,CV50036_001,176356
90260,508,0,CV50036_001,176864
90261,1020,0,CV50036_001,177884
90262,508,0,CV50036_001,178392
90263,508,0,CV50036_001,178900
90264,136,0,CV50036_001,179036
90265,360,0,CV50036_001,179396
90266,500,0,CV50036_001,179896
90267,324,0,CV50036_001,180220
90268,240,0,CV50036_001,180460
90269,428,0,CV50036_001,180888
90270,512,0,CV50036_001,181400
90271,228,0,CV50036_001,181628
90272,476,0,CV50036_001,182104
90273,196,0,CV50036_001,182300
90274,144,0,CV50036_001,182444
90275,200,0,CV50036_001,182644
90276,340,0,CV50036_001,182984
90277,152,0,CV50036_001,183136
90278,372,0,CV50036_001,183508
90279,164,0,CV50036_001,183672
90280,380,0,CV50036_001,184052
90281,160,0,CV50036_001,184212
90282,240,0,CV50036_001,184452
90283,700,0,CV50036_001,185152
90284,1100,0,CV50036_001,186252
90285,1096,0,CV50036_001,187348
90286,540,0,CV50036_001,187888
90287,320,0,CV50036_001,188208
90288,348,0,CV50036_001,188556
90289,140,0,CV50036_001,188696
90290,136,0,CV50036_001,188832
90291,284,0,CV50036_001,189116
90292,384,0,CV50036_001,189500
90293,184,0,CV50036_001,189684
90294,340,0,CV50036_001,190024
90295,524,0,CV50036_001,190548
90296,528,0,CV50036_001,191076
90297,332,0,CV50036_001,191408
90298,188,0,CV50036_001,191596
90299,524,0,CV50036_001,192120
90300,384,0,CV50036_001,192504
90301,236,0,CV50036_001,192740
90302,268,0,CV50036_001,193008
90303,124,0,CV50036_001,193132
90304,192,0,CV50036_001,193324
90305,364,0,CV50036_001,193688
90306,208,0,CV50036_001,193896
90307,368,0,CV50036_001,194264
90308,88,0,CV50036_001,194352
90309,248,0,CV50036_001,194600
90310,792,0,CV50036_001,195392
90311,348,0,CV50036_001,195740
90312,80,0,CV50036_001,195820
90313,304,0,CV50036_001,196124
90314,224,0,CV50036_001,196348
90315,1052,0,CV50036_001,197400
90316,988,0,CV50036_001,198388
90317,196,0,CV50036_001,198584
90318,160,0,CV50036_001,198744
90319,392,0,CV50036_001,199136
90320,388,0,CV50036_001,199524
90321,440,0,CV50036_001,199964
90322,60,0,CV50036_001,200024
90323,232,0,CV50036_001,200256
90324,236,0,CV50036_001,200492
90325,252,0,CV50036_001,200744
90326,256,0,CV50036_001,201000
90327,512,0,CV50036_001,201512
90328,348,0,CV50036_001,201860
90329,156,0,CV50036_001,202016
90330,212,0,CV50036_001,202228
90331,276,0,CV50036_001,202504
90332,1500,0,CV50036_001,204004
90333,500,0,CV50036_001,204504
90334,496,0,CV50036_001,205000
90335,496,0,CV50036_001,205496
90336,492,0,CV50036_001,205988
90337,496,0,CV50036_001,206484
90338,500,0,CV50036_001,206984
90339,496,0,CV50036_001,207480
90340,500,0,CV50036_001,207980
90341,496,0,CV50036_001,208476
90342,508,0,CV50036_001,208984
90343,508,0,CV50036_001,209492
90344,372,0,CV50036_001,209864
90345,140,0,CV50036_001,210004
90346,520,0,CV50036_001,210524
90347,524,0,CV50036_001,211048
90348,528,0,CV50036_001,211576
90349,288,0,CV50036_001,211864
90350,248,0,CV50036_001,212112
90351,540,0,CV50036_001,212652
90352,500,0,CV50036_001,213152
90353,684,0,CV50036_001,213836
90354,84,0,CV50036_001,213920
90355,236,0,CV50036_001,214156
90356,216,0,CV50036_001,214372
90357,1384,0,CV50036_001,215756
90358,1096,0,CV50036_001,216852
90359,456,0,CV50036_001,217308
90360,444,0,CV50036_001,217752
90361,84,0,CV50036_001,217836
90362,520,0,CV50036_001,218356
90363,616,0,CV50036_001,218972
90364,188,0,CV50036_001,219160
90365,160,0,CV50036_001,219320
90366,1112,0,CV50036_001,220432
90367,316,0,CV50036_001,220748
90368,204,0,CV50036_001,220952
90369,508,0,CV50036_001,221460
90370,516,0,CV50036_001,221976
90371,236,0,CV50036_001,222212
90372,548,0,CV50036_001,222760
90373,236,0,CV50036_001,222996
90374,144,0,CV50036_001,223140
90375,204,0,CV50036_001,223344
90376,420,0,CV50036_001,223764
90377,276,0,CV50036_001,224040
90378,540,0,CV50036_001,224580
90379,448,0,CV50036_001,225028
90380,340,0,CV50036_001,225368
90381,672,0,CV50036_001,226040
90382,508,0,CV50036_001,226548
90383,452,0,CV50036_001,227000
90384,56,0,CV50036_001,227056
90385,404,0,CV50036_001,227460
90386,516,0,CV50036_001,227976
90387,156,0,CV50036_001,228132
90388,396,0,CV50036_001,228528
90389,520,0,CV50036_001,229048
90390,492,0,CV50036_001,229540
90391,492,0,CV50036_001,230032
90392,496,0,CV50036_001,230528
90393,492,0,CV50036_001,231020
90394,500,0,CV50036_001,231520
90395,1240,0,CV50036_001,232760
90396,232,0,CV50036_001,232992
90397,484,0,CV50036_001,233476
90398,480,0,CV50036_001,233956
90399,476,0,CV50036_001,234432
90400,480,0,CV50036_001,234912
90401,476,0,CV50036_001,235388
90402,480,0,CV50036_001,235868
90403,476,0,CV50036_001,236344
90404,484,0,CV50036_001,236828
90405,172,0,CV50036_001,237000
90406,312,0,CV50036_001,237312
90407,324,0,CV50036_001,237636
90408,624,0,CV50036_001,238260
90409,944,0,CV50036_001,239204
90410,424,0,CV50036_001,239628
90411,132,0,CV50036_001,239760
90412,400,0,CV50036_001,240160
90413,476,0,CV50036_001,240636
90414,464,0,CV50036_001,241100
90415,472,0,CV50036_001,241572
90416,192,0,CV50036_001,241764
90417,280,0,CV50036_001,242044
90418,260,0,CV50036_001,242304
90419,220,0,CV50036_001,242524
90420,480,0,CV50036_001,243004
90421,480,0,CV50036_001,243484
90422,476,0,CV50036_001,243960
90423,472,0,CV50036_001,244432
90424,336,0,CV50036_001,244768
90425,140,0,CV50036_001,244908
90426,296,0,CV50036_001,245204
90427,228,0,CV50036_001,245432
90428,336,0,CV50036_001,245768
90429,544,0,CV50036_001,246312
90430,988,0,CV50036_001,247300
90431,424,0,CV50036_001,247724
90432,480,0,CV50036_001,248204
90433,476,0,CV50036_001,248680
90434,472,0,CV50036_001,249152
90435,476,0,CV50036_001,249628
90436,476,0,CV50036_001,250104
90437,476,0,CV50036_001,250580
90438,488,0,CV50036_001,251068
90439,420,0,CV50036_001,251488
90440,544,0,CV50036_001,252032
90441,492,0,CV50036_001,252524
90442,488,0,CV50036_001,253012
90443,484,0,CV50036_001,253496
90444,92,0,CV50036_001,253588
90445,400,0,CV50036_001,253988
90446,496,0,CV50036_001,254484
90447,244,0,CV50036_001,254728
90448,176,0,CV50036_001,254904
90449,280,0,CV50036_001,255184
90450,280,0,CV50036_001,255464
90451,544,0,CV50036_001,256008
90452,436,0,CV50036_001,256444
90453,484,0,CV50036_001,256928
90454,332,0,CV50036_001,257260
90455,656,0,CV50036_001,257916
90456,480,0,CV50036_001,258396
90457,500,0,CV50036_001,258896
90458,492,0,CV50036_001,259388
90459,496,0,CV50036_001,259884
90460,492,0,CV50036_001,260376
90461,996,0,CV50036_001,261372
90462,496,0,CV50036_001,261868
90463,492,0,CV50036_001,262360
90464,552,1,CV50036_001,262912
90465,464,0,CV50036_001,263376
90466,512,0,CV50036_001,263888
90467,528,0,CV50036_001,264416
90468,1064,0,CV50036_001,265480
90469,652,0,CV50036_001,266132
90470,420,0,CV50036_001,266552
90471,520,0,CV50036_001,267072
90472,516,0,CV50036_001,267588
90473,516,0,CV50036_001,268104
90474,516,0,CV50036_001,268620
90475,516,0,CV50036_001,269136
90476,524,0,CV50036_001,269660
90477,520,0,CV50036_001,270180
90478,520,0,CV50036_001,270700
90479,524,0,CV50036_001,271224
90480,528,0,CV50036_001,271752
90481,520,0,CV50036_001,272272
90482,1064,0,CV50036_001,273336
90483,524,0,CV50036_001,273860
90484,52,0,CV50036_001,273912
90485,472,0,CV50036_001,274384
90486,524,0,CV50036_001,274908
90487,532,0,CV50036_001,275440
90488,524,0,CV50036_001,275964
90489,532,0,CV50036_001,276496
90490,532,0,CV50036_001,277028
90491,544,0,CV50036_001,277572
90492,544,0,CV50036_001,278116
90493,536,0,CV50036_001,278652
90494,528,0,CV50036_001,279180
90495,520,0,CV50036_001,279700
90496,516,0,CV50036_001,280216
90497,512,0,CV50036_001,280728
90498,508,0,CV50036_001,281236
90499,508,0,CV50036_001,281744
90500,1032,0,CV50036_001,282776
90501,520,0,CV50036_001,283296
90502,1076,0,CV50036_001,284372
90503,556,0,CV50036_001,284928
90504,568,0,CV50036_001,285496
90505,292,0,CV50036_001,285788
90506,300,0,CV50036_001,286088
90507,588,0,CV50036_001,286676
90508,1776,0,CV50036_001,288452
90509,332,0,CV50036_001,288784
90510,268,0,CV50036_001,289052
90511,592,0,CV50036_001,289644
90512,588,0,CV50036_001,290232
90513,1144,0,CV50036_001,291376
90514,560,0,CV50036_001,291936
90515,556,0,CV50036_001,292492
90516,564,0,CV50036_001,293056
90517,592,0,CV50036_001,293648
90518,1812,0,CV50036_001,295460
90519,328,0,CV50036_001,295788
90520,288,0,CV50036_001,296076
90521,600,0,CV50036_001,296676
90522,588,0,CV50036_001,297264
90523,644,0,CV50036_001,297908
90524,524,0,CV50036_001,298432
90525,360,0,CV50036_001,298792
90526,228,0,CV50036_001,299020
90527,588,0,CV50036_001,299608
90528,588,0,CV50036_001,300196
90529,600,0,CV50036_001,300796
90530,588,0,CV50036_001,301384
90531,588,0,CV50036_001,301972
90532,588,0,CV50036_001,302560
90533,588,0,CV50036_001,303148
90534,592,0,CV50036_001,303740
90535,604,0,CV50036_001,304344
90536,608,0,CV50036_001,304952
90537,612,0,CV50036_001,305564
90538,624,0,CV50036_001,306188
90539,1276,0,CV50036_001,307464
90540,640,0,CV50036_001,308104
90541,656,0,CV50036_001,308760
90542,636,0,CV50036_001,309396
90543,640,0,CV50036_001,310036
90544,656,0,CV50036_001,310692
90545,636,0,CV50036_001,311328
90546,632,0,CV50036_001,311960
90547,632,0,CV50036_001,312592
90548,616,0,CV50036_001,313208
90549,1224,0,CV50036_001,314432
90550,608,0,CV50036_001,315040
90551,620,0,CV50036_001,315660
90552,620,0,CV50036_001,316280
90553,632,0,CV50036_001,316912
90554,640,0,CV50036_001,317552
90555,1924,0,CV50036_001,319476
90556,640,0,CV50036_001,320116
90557,620,0,CV50036_001,320736
90558,620,0,CV50036_001,321356
90559,616,0,CV50036_001,321972
90560,632,0,CV50036_001,322604
90561,648,0,CV50036_001,323252
90562,552,0,CV50036_001,323804
90563,700,0,CV50036_001,324504
90564,628,0,CV50036_001,325132
90565,636,0,CV50036_001,325768
90566,644,0,CV50036_001,326412
90567,620,0,CV50036_001,327032
90568,624,0,CV50036_001,327656
90569,632,0,CV50036_001,328288
90570,616,0,CV50036_001,328904
90571,624,0,CV50036_001,329528
90572,628,0,CV50036_001,330156
90573,652,0,CV50036_001,330808
90574,624,0,CV50036_001,331432
90575,620,0,CV50036_001,332052
90576,620,0,CV50036_001,332672
90577,612,0,CV50036_001,333284
90578,620,0,CV50036_001,333904
90579,620,0,CV50036_001,334524
90580,284,0,CV50036_001,334808
90581,340,0,CV50036_001,335148
90582,608,0,CV50036_001,335756
90583,616,0,CV50036_001,336372
90584,628,0,CV50036_001,337000
90585,620,0,CV50036_001,337620
90586,624,0,CV50036_001,338244
90587,1252,0,CV50036_001,339496
90588,316,0,CV50036_001,339812
90589,304,0,CV50036_001,340116
90590,632,0,CV50036_001,340748
90591,620,0,CV50036_001,341368
90592,624,0,CV50036_001,341992
90593,636,0,CV50036_001,342628
90594,632,0,CV50036_001,343260
90595,552,0,CV50036_001,343812
90596,700,0,CV50036_001,344512
90597,300,0,CV50036_001,344812
90598,340,0,CV50036_001,345152
90599,628,0,CV50036_001,345780
90600,628,0,CV50036_001,346408
90601,616,0,CV50036_001,347024
90602,612,0,CV50036_001,347636
90603,608,0,CV50036_001,348244
90604,1208,0,CV50036_001,349452
90605,616,0,CV50036_001,350068
90606,632,0,CV50036_001,350700
90607,652,0,CV50036_001,351352
90608,648,0,CV50036_001,352000
90609,624,0,CV50036_001,352624
90610,636,0,CV50036_001,353260
90611,660,0,CV50036_001,353920
90612,644,0,CV50036_001,354564
90613,256,0,CV50036_001,354820
90614,372,0,CV50036_001,355192
90615,632,0,CV50036_001,355824
90616,636,0,CV50036_001,356460
90617,632,0,CV50036_001,357092
90618,636,0,CV50036_001,357728
90619,644,0,CV50036_001,358372
90620,672,0,CV50036_001,359044
90621,672,0,CV50036_001,359716
90622,672,0,CV50036_001,360388
90623,700,0,CV50036_001,361088
90624,676,0,CV50036_001,361764
90625,660,0,CV50036_001,362424
90626,668,0,CV50036_001,363092
90627,676,0,CV50036_001,363768
90628,640,0,CV50036_001,364408
90629,648,0,CV50036_001,365056
90630,644,0,CV50036_001,365700
90631,644,0,CV50036_001,366344
90632,640,0,CV50036_001,366984
90633,656,0,CV50036_001,367640
90634,640,0,CV50036_001,368280
90635,544,0,CV50036_001,368824
90636,92,0,CV50036_001,368916
90637,640,0,CV50036_001,369556
90638,628,0,CV50036_001,370184
90639,636,0,CV50036_001,370820
90640,1888,0,CV50036_001,372708
90641,620,0,CV50036_001,373328
90642,624,0,CV50036_001,373952
90643,612,0,CV50036_001,374564
90644,616,0,CV50036_001,375180
90645,616,0,CV50036_001,375796
90646,636,0,CV50036_001,376432
90647,636,0,CV50036_001,377068
90648,640,0,CV50036_001,377708
90649,648,0,CV50036_001,378356
90650,656,0,CV50036_001,379012
90651,652,0,CV50036_001,379664
90652,640,0,CV50036_001,380304
90653,648,0,CV50036_001,380952
90654,1276,0,CV50036_001,382228
90655,1256,0,CV50036_001,383484
90656,624,0,CV50036_001,384108
90657,620,0,CV50036_001,384728
90658,620,0,CV50036_001,385348
90659,632,0,CV50036_001,385980
90660,612,0,CV50036_001,386592
90661,608,0,CV50036_001,387200
90662,1292,0,CV50036_001,388492
90663,656,0,CV50036_001,389148
90664,652,0,CV50036_001,389800
90665,640,0,CV50036_001,390440
90666,636,0,CV50036_001,391076
90667,632,0,CV50036_001,391708
90668,636,0,CV50036_001,392344
90669,636,0,CV50036_001,392980
90670,636,0,CV50036_001,393616
90671,220,0,CV50036_001,393836
90672,412,0,CV50036_001,394248
90673,1212,0,CV50036_001,395460
90674,600,0,CV50036_001,396060
90675,600,0,CV50036_001,396660
90676,592,0,CV50036_001,397252
90677,588,0,CV50036_001,397840
90678,596,0,CV50036_001,398436
90679,612,0,CV50036_001,399048
90680,624,0,CV50036_001,399672
90681,636,0,CV50036_001,400308
90682,632,0,CV50036_001,400940
90683,1248,0,CV50036_001,402188
90684,612,0,CV50036_001,402800
90685,596,0,CV50036_001,403396
90686,584,0,CV50036_001,403980
90687,576,0,CV50036_001,404556
90688,568,0,CV50036_001,405124
90689,576,0,CV50036_001,405700
90690,580,0,CV50036_001,406280
90691,1208,0,CV50036_001,407488
90692,616,0,CV50036_001,408104
90693,612,0,CV50036_001,408716
90694,600,0,CV50036_001,409316
90695,664,1,CV50036_001,409980
90696,520,0,CV50036_001,410500
90697,588,0,CV50036_001,411088
90698,592,0,CV50036_001,411680
90699,592,0,CV50036_001,412272
90700,1172,0,CV50036_001,413444
90701,1196,0,CV50036_001,414640
90702,624,0,CV50036_001,415264
90703,664,0,CV50036_001,415928
90704,660,0,CV50036_001,416588
90705,664,0,CV50036_001,417252
90706,688,0,CV50036_001,417940
90707,704,0,CV50036_001,418644
90708,684,0,CV50036_001,419328
90709,664,0,CV50036_001,419992
90710,652,0,CV50036_001,420644
90711,636,0,CV50036_001,421280
90712,1804,0,CV50036_001,423084
90713,584,0,CV50036_001,423668
90714,588,0,CV50036_001,424256
90715,1220,0,CV50036_001,425476
90716,632,0,CV50036_001,426108
90717,636,0,CV50036_001,426744
90718,644,0,CV50036_001,427388
90719,640,0,CV50036_001,428028
90720,648,0,CV50036_001,428676
90721,640,0,CV50036_001,429316
90722,632,0,CV50036_001,429948
90723,620,0,CV50036_001,430568
90724,620,0,CV50036_001,431188
90725,620,0,CV50036_001,431808
90726,632,0,CV50036_001,432440
90727,624,0,CV50036_001,433064
90728,628,0,CV50036_001,433692
90729,632,0,CV50036_001,434324
90730,616,0,CV50036_001,434940
90731,616,0,CV50036_001,435556
90732,632,0,CV50036_001,436188
90733,628,0,CV50036_001,436816
90734,628,0,CV50036_001,437444
90735,640,0,CV50036_001,438084
90736,648,0,CV50036_001,438732
90737,640,0,CV50036_001,439372
90738,636,0,CV50036_001,440008
90739,640,0,CV50036_001,440648
90740,640,0,CV50036_001,441288
90741,1252,0,CV50036_001,442540
90742,320,0,CV50036_001,442860
90743,312,0,CV50036_001,443172
90744,616,0,CV50036_001,443788
90745,620,0,CV50036_001,444408
90746,636,0,CV50036_001,445044
90747,636,0,CV50036_001,445680
90748,184,0,CV50036_001,445864
90749,448,0,CV50036_001,446312
90750,652,0,CV50036_001,446964
90751,660,0,CV50036_001,447624
90752,644,0,CV50036_001,448268
90753,1264,0,CV50036_001,449532
90754,668,0,CV50036_001,450200
90755,1276,0,CV50036_001,451476
90756,624,0,CV50036_001,452100
90757,620,0,CV50036_001,452720
90758,624,0,CV50036_001,453344
90759,636,0,CV50036_001,453980
90760,636,0,CV50036_001,454616
90761,648,0,CV50036_001,455264
90762,604,0,CV50036_001,455868
90763,708,0,CV50036_001,456576
90764,656,0,CV50036_001,457232
90765,1312,0,CV50036_001,458544
90766,648,0,CV50036_001,459192
90767,648,0,CV50036_001,459840
90768,648,0,CV50036_001,460488
90769,644,0,CV50036_001,461132
90770,628,0,CV50036_001,461760
90771,628,0,CV50036_001,462388
90772,636,0,CV50036_001,463024
90773,624,0,CV50036_001,463648
90774,628,0,CV50036_001,464276
90775,1272,0,CV50036_001,465548
90776,632,0,CV50036_001,466180
90777,632,0,CV50036_001,466812
90778,640,0,CV50036_001,467452
90779,640,0,CV50036_001,468092
90780,628,0,CV50036_001,468720
90781,632,0,CV50036_001,469352
90782,636,0,CV50036_001,469988
90783,632,0,CV50036_001,470620
90784,632,0,CV50036_001,471252
90785,1288,0,CV50036_001,472540
90786,644,0,CV50036_001,473184
90787,640,0,CV50036_001,473824
90788,640,0,CV50036_001,474464
90789,636,0,CV50036_001,475100
90790,628,0,CV50036_001,475728
90791,636,0,CV50036_001,476364
90792,508,0,CV50036_001,476872
90793,132,0,CV50036_001,477004
90794,644,0,CV50036_001,477648
90795,640,0,CV50036_001,478288
90796,1272,0,CV50036_001,479560
90797,628,0,CV50036_001,480188
90798,628,0,CV50036_001,480816
90799,624,0,CV50036_001,481440
90800,616,0,CV50036_001,482056
90801,608,0,CV50036_001,482664
90802,608,0,CV50036_001,483272
90803,608,0,CV50036_001,483880
90804,612,0,CV50036_001,484492
90805,612,0,CV50036_001,485104
90806,620,0,CV50036_001,485724
90807,624,0,CV50036_001,486348
90808,632,0,CV50036_001,486980
90809,620,0,CV50036_001,487600
90810,288,0,CV50036_001,487888
90811,324,0,CV50036_001,488212
90812,616,0,CV50036_001,488828
90813,60,0,CV50036_001,488888
90814,556,0,CV50036_001,489444
90815,616,0,CV50036_001,490060
90816,624,0,CV50036_001,490684
90817,204,0,CV50036_001,490888
90818,420,0,CV50036_001,491308
90819,1232,0,CV50036_001,492540
90820,420,0,CV50036_001,492960
90821,208,0,CV50036_001,493168
90822,1264,0,CV50036_001,494432
90823,640,0,CV50036_001,495072
90824,656,0,CV50036_001,495728
90825,164,0,CV50036_001,495892
90826,484,0,CV50036_001,496376
90827,656,0,CV50036_001,497032
90828,660,0,CV50036_001,497692
90829,656,0,CV50036_001,498348
90830,648,0,CV50036_001,498996
90831,632,0,CV50036_001,499628
90832,628,0,CV50036_001,500256
90833,1224,0,CV50036_001,501480
90834,604,0,CV50036_001,502084
90835,600,0,CV50036_001,502684
90836,588,0,CV50036_001,503272
90837,588,0,CV50036_001,503860
90838,596,0,CV50036_001,504456
90839,608,0,CV50036_001,505064
90840,620,0,CV50036_001,505684
90841,644,0,CV50036_001,506328
90842,684,0,CV50036_001,507012
90843,732,0,CV50036_001,507744
90844,696,0,CV50036_001,508440
90845,692,0,CV50036_001,509132
90846,728,0,CV50036_001,509860
90847,688,0,CV50036_001,510548
90848,672,0,CV50036_001,511220
90849,680,0,CV50036_001,511900
90850,672,0,CV50036_001,512572
90851,680,0,CV50036_001,513252
90852,1300,0,CV50036_001,514552
90853,632,0,CV50036_001,515184
90854,712,0,CV50036_001,515896
90855,580,0,CV50036_001,516476
90856,644,0,CV50036_001,517120
90857,644,0,CV50036_001,517764
90858,652,0,CV50036_001,518416
90859,648,0,CV50036_001,519064
90860,640,0,CV50036_001,519704
90861,648,0,CV50036_001,520352
90862,660,0,CV50036_001,521012
90863,680,0,CV50036_001,521692
90864,692,0,CV50036_001,522384
90865,684,0,CV50036_001,523068
90866,668,0,CV50036_001,523736
90867,672,0,CV50036_001,524408
90868,688,0,CV50036_001,525096
90869,668,0,CV50036_001,525764
90870,652,0,CV50036_001,526416
90871,648,0,CV50036_001,527064
90872,660,0,CV50036_001,527724
90873,176,0,CV50036_001,527900
90874,472,0,CV50036_001,528372
90875,636,0,CV50036_001,529008
90876,632,0,CV50036_001,529640
90877,628,0,CV50036_001,530268
90878,640,0,CV50036_001,530908
90879,636,0,CV50036_001,531544
90880,644,0,CV50036_001,532188
90881,652,0,CV50036_001,532840
90882,656,0,CV50036_001,533496
90883,416,0,CV50036_001,533912
90884,228,0,CV50036_001,534140
90885,1280,0,CV50036_001,535420
90886,624,0,CV50036_001,536044
90887,616,0,CV50036_001,536660
90888,252,0,CV50036_001,536912
90889,356,0,CV50036_001,537268
90890,604,0,CV50036_001,537872
90891,604,0,CV50036_001,538476
90892,600,0,CV50036_001,539076
90893,596,0,CV50036_001,539672
90894,1176,0,CV50036_001,540848
90895,576,0,CV50036_001,541424
90896,1124,0,CV50036_001,542548
90897,560,0,CV50036_001,543108
90898,548,0,CV50036_001,543656
90899,260,0,CV50036_001,543916
90900,288,0,CV50036_001,544204
90901,1092,0,CV50036_001,545296
90902,548,0,CV50036_001,545844
90903,560,0,CV50036_001,546404
90904,1120,0,CV50036_001,547524
90905,560,0,CV50036_001,548084
90906,552,0,CV50036_001,548636
90907,556,0,CV50036_001,549192
90908,1140,0,CV50036_001,550332
90909,1144,0,CV50036_001,551476
90910,580,0,CV50036_001,552056
90911,584,0,CV50036_001,552640
90912,572,0,CV50036_001,553212
90913,580,0,CV50036_001,553792
90914,128,0,CV50036_001,553920
90915,452,0,CV50036_001,554372
90916,1168,0,CV50036_001,555540
90917,1172,0,CV50036_001,556712
90918,588,0,CV50036_001,557300
90919,580,0,CV50036_001,557880
90920,568,0,CV50036_001,558448
90921,572,0,CV50036_001,559020
90922,564,0,CV50036_001,559584
90923,572,0,CV50036_001,560156
90924,572,0,CV50036_001,560728
90925,580,0,CV50036_001,561308
90926,1204,0,CV50036_001,562512
90927,604,0,CV50036_001,563116
90928,604,0,CV50036_001,563720
90929,612,0,CV50036_001,564332
90930,608,0,CV50036_001,564940
90931,620,0,CV50036_001,565560
90932,624,0,CV50036_001,566184
90933,632,0,CV50036_001,566816
90934,628,0,CV50036_001,567444
90935,624,0,CV50036_001,568068
90936,612,0,CV50036_001,568680
90937,248,0,CV50036_001,568928
90938,364,0,CV50036_001,569292
90939,1208,0,CV50036_001,570500
90940,604,0,CV50036_001,571104
90941,1224,0,CV50036_001,572328
90942,1256,0,CV50036_001,573584
90943,620,0,CV50036_001,574204
90944,620,0,CV50036_001,574824
90945,620,0,CV50036_001,575444
90946,612,0,CV50036_001,576056
90947,624,0,CV50036_001,576680
90948,628,0,CV50036_001,577308
90949,616,0,CV50036_001,577924
90950,608,0,CV50036_001,578532
90951,616,0,CV50036_001,579148
90952,608,0,CV50036_001,579756
90953,608,0,CV50036_001,580364
90954,564,0,CV50036_001,580928
90955,672,0,CV50036_001,581600
90956,1248,0,CV50036_001,582848
90957,628,0,CV50036_001,583476
90958,620,0,CV50036_001,584096
90959,612,0,CV50036_001,584708
90960,620,0,CV50036_001,585328
90961,604,0,CV50036_001,585932
90962,604,0,CV50036_001,586536
90963,608,0,CV50036_001,587144
90964,608,0,CV50036_001,587752
90965,596,0,CV50036_001,588348
90966,1240,0,CV50036_001,589588
90967,1260,0,CV50036_001,590848
90968,636,0,CV50036_001,591484
90969,624,0,CV50036_001,592108
90970,636,0,CV50036_001,592744
90971,1200,0,CV50036_001,593944
90972,672,0,CV50036_001,594616
90973,612,0,CV50036_001,595228
90974,612,0,CV50036_001,595840
90975,604,0,CV50036_001,596444
90976,604,0,CV50036_001,597048
90977,600,0,CV50036_001,597648
90978,596,0,CV50036_001,598244
90979,592,0,CV50036_001,598836
90980,1108,0,CV50036_001,599944
90981,672,0,CV50036_001,600616
90982,592,0,CV50036_001,601208
90983,588,0,CV50036_001,601796
90984,580,0,CV50036_001,602376
90985,1172,0,CV50036_001,603548
90986,1180,0,CV50036_001,604728
90987,592,0,CV50036_001,605320
90988,1188,0,CV50036_001,606508
90989,588,0,CV50036_001,607096
90990,588,0,CV50036_001,607684
90991,584,0,CV50036_001,608268
90992,584,0,CV50036_001,608852
90993,576,0,CV50036_001,609428
90994,520,0,CV50036_001,609948
90995,624,0,CV50036_001,610572
90996,1156,0,CV50036_001,611728
90997,584,0,CV50036_001,612312
90998,592,0,CV50036_001,612904
90999,592,0,CV50036_001,613496
91000,596,0,CV50036_001,614092
91001,604,0,CV50036_001,614696
91002,616,0,CV50036_001,615312
91003,1244,0,CV50036_001,616556
91004,612,0,CV50036_001,617168
91005,612,0,CV50036_001,617780
91006,440,0,CV50036_001,618220
91007,160,0,CV50036_001,618380
91008,216,0,CV50036_001,618596
91009,268,0,CV50036_001,618864
91010,888,0,CV50036_001,619752
91011,440,0,CV50036_001,620192
91012,588,0,CV50036_001,620780
91013,596,0,CV50036_001,621376
91014,1204,0,CV50036_001,622580
91015,620,0,CV50036_001,623200
91016,612,0,CV50036_001,623812
91017,616,0,CV50036_001,624428
91018,1268,0,CV50036_001,625696
91019,624,0,CV50036_001,626320
91020,624,0,CV50036_001,626944
91021,636,0,CV50036_001,627580
91022,636,0,CV50036_001,628216
91023,632,0,CV50036_001,628848
91024,628,0,CV50036_001,629476
91025,1264,0,CV50036_001,630740
91026,624,0,CV50036_001,631364
91027,1260,0,CV50036_001,632624
91028,628,0,CV50036_001,633252
91029,628,0,CV50036_001,633880
91030,624,0,CV50036_001,634504
91031,640,0,CV50036_001,635144
91032,648,0,CV50036_001,635792
91033,644,0,CV50036_001,636436
91034,628,0,CV50036_001,637064
91035,624,0,CV50036_001,637688
91036,624,0,CV50036_001,638312
91037,648,0,CV50036_001,638960
91038,636,0,CV50036_001,639596
91039,636,0,CV50036_001,640232
91040,624,0,CV50036_001,640856
91041,108,0,CV50036_001,640964
91042,516,0,CV50036_001,641480
91043,624,0,CV50036_001,642104
91044,632,0,CV50036_001,642736
91045,636,0,CV50036_001,643372
91046,1308,0,CV50036_001,644680
91047,680,0,CV50036_001,645360
91048,672,0,CV50036_001,646032
91049,652,0,CV50036_001,646684
91050,288,0,CV50036_001,646972
91051,376,0,CV50036_001,647348
91052,1304,0,CV50036_001,648652
91053,636,0,CV50036_001,649288
91054,636,0,CV50036_001,649924
91055,1252,0,CV50036_001,651176
91056,624,0,CV50036_001,651800
91057,632,0,CV50036_001,652432
91058,640,0,CV50036_001,653072
91059,632,0,CV50036_001,653704
91060,628,0,CV50036_001,654332
91061,644,0,CV50036_001,654976
91062,648,0,CV50036_001,655624
91063,624,0,CV50036_001,656248
91064,612,0,CV50036_001,656860
91065,608,0,CV50036_001,657468
91066,604,0,CV50036_001,658072
91067,612,0,CV50036_001,658684
91068,612,0,CV50036_001,659296
91069,612,0,CV50036_001,659908
91070,612,0,CV50036_001,660520
91071,620,0,CV50036_001,661140
91072,620,0,CV50036_001,661760
91073,620,0,CV50036_001,662380
91074,1260,0,CV50036_001,663640
91075,628,0,CV50036_001,664268
91076,624,0,CV50036_001,664892
91077,628,0,CV50036_001,665520
91078,644,0,CV50036_001,666164
91079,632,0,CV50036_001,666796
91080,624,0,CV50036_001,667420
91081,1244,0,CV50036_001,668664
91082,628,0,CV50036_001,669292
91083,624,0,CV50036_001,669916
91084,632,0,CV50036_001,670548
91085,640,0,CV50036_001,671188
91086,644,0,CV50036_001,671832
91087,644,0,CV50036_001,672476
91088,656,0,CV50036_001,673132
91089,1956,0,CV50036_001,675088
91090,2564,0,CV50036_001,677652
91091,640,0,CV50036_001,678292
91092,632,0,CV50036_001,678924
91093,636,0,CV50036_001,679560
91094,644,0,CV50036_001,680204
91095,640,0,CV50036_001,680844
91096,136,0,CV50036_001,680980
91097,1164,0,CV50036_001,682144
91098,664,0,CV50036_001,682808
91099,648,0,CV50036_001,683456
91100,640,0,CV50036_001,684096
91101,644,0,CV50036_001,684740
91102,640,0,CV50036_001,685380
91103,1288,0,CV50036_001,686668
91104,636,0,CV50036_001,687304
91105,644,0,CV50036_001,687948
91106,644,0,CV50036_001,688592
91107,628,0,CV50036_001,689220
91108,636,0,CV50036_001,689856
91109,1288,0,CV50036_001,691144
91110,640,0,CV50036_001,691784
91111,644,0,CV50036_001,692428
91112,648,0,CV50036_001,693076
91113,648,0,CV50036_001,693724
91114,640,0,CV50036_001,694364
91115,636,0,CV50036_001,695000
91116,656,0,CV50036_001,695656
91117,336,0,CV50036_001,695992
91118,296,0,CV50036_001,696288
91119,632,0,CV50036_001,696920
91120,636,0,CV50036_001,697556
91121,640,0,CV50036_001,698196
91122,636,0,CV50036_001,698832
91123,1304,0,CV50036_001,700136
91124,648,0,CV50036_001,700784
91125,212,0,CV50036_001,700996
91126,428,0,CV50036_001,701424
91127,644,0,CV50036_001,702068
91128,652,0,CV50036_001,702720
91129,640,0,CV50036_001,703360
91130,628,0,CV50036_001,703988
91131,620,0,CV50036_001,704608
91132,392,0,CV50036_001,705000
91133,228,0,CV50036_001,705228
91134,684,0,CV50036_001,705912
91135,652,0,CV50036_001,706564
91136,640,0,CV50036_001,707204
91137,652,0,CV50036_001,707856
91138,1144,0,CV50036_001,709000
91139,124,0,CV50036_001,709124
91140,640,0,CV50036_001,709764
91141,232,0,CV50036_001,709996
91142,412,0,CV50036_001,710408
91143,672,0,CV50036_001,711080
91144,660,0,CV50036_001,711740
91145,668,0,CV50036_001,712408
91146,592,0,CV50036_001,713000
91147,764,0,CV50036_001,713764
91148,1324,0,CV50036_001,715088
91149,656,0,CV50036_001,715744
91150,664,0,CV50036_001,716408
91151,1288,0,CV50036_001,717696
91152,652,0,CV50036_001,718348
91153,648,0,CV50036_001,718996
91154,636,0,CV50036_001,719632
91155,640,0,CV50036_001,720272
91156,1284,0,CV50036_001,721556
91157,636,0,CV50036_001,722192
91158,648,0,CV50036_001,722840
91159,164,0,CV50036_001,723004
91160,488,0,CV50036_001,723492
91161,640,0,CV50036_001,724132
91162,644,0,CV50036_001,724776
91163,228,0,CV50036_001,725004
91164,1712,0,CV50036_001,726716
91165,292,0,CV50036_001,727008
91166,352,0,CV50036_001,727360
91167,648,0,CV50036_001,728008
91168,648,0,CV50036_001,728656
91169,636,0,CV50036_001,729292
91170,644,0,CV50036_001,729936
91171,648,0,CV50036_001,730584
91172,644,0,CV50036_001,731228
91173,636,0,CV50036_001,731864
91174,632,0,CV50036_001,732496
91175,636,0,CV50036_001,733132
91176,624,0,CV50036_001,733756
91177,256,0,CV50036_001,734012
91178,368,0,CV50036_001,734380
91179,632,0,CV50036_001,735012
91180,632,0,CV50036_001,735644
91181,628,0,CV50036_001,736272
91182,1292,0,CV50036_001,737564
91183,632,0,CV50036_001,738196
91184,636,0,CV50036_001,738832
91185,644,0,CV50036_001,739476
91186,640,0,CV50036_001,740116
91187,636,0,CV50036_001,740752
91188,1260,0,CV50036_001,742012
91189,636,0,CV50036_001,742648
91190,628,0,CV50036_001,743276
91191,1256,0,CV50036_001,744532
91192,640,0,CV50036_001,745172
91193,636,0,CV50036_001,745808
91194,708,0,CV50038_001,708
91195,896,0,CV50038_001,1604
91196,532,0,CV50038_001,2136
91197,712,0,CV50038_001,2848
91198,700,0,CV50038_001,3548
91199,656,0,CV50038_001,4204
91200,728,0,CV50038_001,4932
91201,668,0,CV50038_001,5600
91202,768,0,CV50038_001,6368
91203,232,0,CV50038_001,6600
91204,460,0,CV50038_001,7060
91205,696,0,CV50038_001,7756
91206,748,0,CV50038_001,8504
91207,692,0,CV50038_001,9196
91208,700,0,CV50038_001,9896
91209,1440,0,CV50038_001,11336
91210,712,0,CV50038_001,12048
91211,556,0,CV50038_001,12604
91212,1112,0,CV50038_001,13716
91213,888,0,CV50038_001,14604
91214,636,0,CV50038_001,15240
91215,368,0,CV50038_001,15608
91216,1000,0,CV50038_001,16608
91217,788,0,CV50038_001,17396
91218,212,0,CV50038_001,17608
91219,516,0,CV50038_001,18124
91220,748,0,CV50038_001,18872
91221,740,0,CV50038_001,19612
91222,752,0,CV50038_001,20364
91223,244,0,CV50038_001,20608
91224,520,0,CV50038_001,21128
91225,404,0,CV50038_001,21532
91226,76,0,CV50038_001,21608
91227,416,0,CV50038_001,22024
91228,848,0,CV50038_001,22872
91229,736,0,CV50038_001,23608
91230,664,0,CV50038_001,24272
91231,720,0,CV50038_001,24992
91232,792,0,CV50038_001,25784
91233,836,0,CV50038_001,26620
91234,824,0,CV50038_001,27444
91235,168,0,CV50038_001,27612
91236,548,0,CV50038_001,28160
91237,1452,0,CV50038_001,29612
91238,1000,0,CV50038_001,30612
91239,168,0,CV50038_001,30780
91240,736,0,CV50038_001,31516
91241,1100,0,CV50038_001,32616
91242,528,0,CV50038_001,33144
91243,476,0,CV50038_001,33620
91244,380,0,CV50038_001,34000
91245,720,0,CV50038_001,34720
91246,896,0,CV50038_001,35616
91247,664,0,CV50038_001,36280
91248,340,0,CV50038_001,36620
91249,544,0,CV50038_001,37164
91250,732,0,CV50038_001,37896
91251,720,0,CV50038_001,38616
91252,728,0,CV50038_001,39344
91253,276,0,CV50038_001,39620
91254,780,0,CV50038_001,40400
91255,1016,0,CV50038_001,41416
91256,996,0,CV50038_001,42412
91257,964,0,CV50038_001,43376
91258,944,0,CV50038_001,44320
91259,928,0,CV50038_001,45248
91260,368,0,CV50038_001,45616
91261,564,0,CV50038_001,46180
91262,444,0,CV50038_001,46624
91263,520,0,CV50038_001,47144
91264,996,0,CV50038_001,48140
91265,1000,0,CV50038_001,49140
91266,484,0,CV50038_001,49624
91267,500,0,CV50038_001,50124
91268,960,0,CV50038_001,51084
91269,852,0,CV50038_001,51936
91270,772,0,CV50038_001,52708
91271,864,0,CV50038_001,53572
91272,52,0,CV50038_001,53624
91273,768,0,CV50038_001,54392
91274,240,0,CV50038_001,54632
91275,784,0,CV50038_001,55416
91276,920,0,CV50038_001,56336
91277,292,0,CV50038_001,56628
91278,556,0,CV50038_001,57184
91279,440,0,CV50038_001,57624
91280,416,0,CV50038_001,58040
91281,848,0,CV50038_001,58888
91282,844,0,CV50038_001,59732
91283,896,0,CV50038_001,60628
91284,720,0,CV50038_001,61348
91285,280,0,CV50038_001,61628
91286,528,0,CV50038_001,62156
91287,472,0,CV50038_001,62628
91288,416,0,CV50038_001,63044
91289,588,0,CV50038_001,63632
91290,312,0,CV50038_001,63944
91291,812,0,CV50038_001,64756
91292,1684,0,CV50038_001,66440
91293,896,0,CV50038_001,67336
91294,888,0,CV50038_001,68224
91295,412,0,CV50038_001,68636
91296,464,0,CV50038_001,69100
91297,1628,0,CV50038_001,70728
91298,844,0,CV50038_001,71572
91299,1060,0,CV50038_001,72632
91300,744,0,CV50038_001,73376
91301,848,0,CV50038_001,74224
91302,412,0,CV50038_001,74636
91303,1184,0,CV50038_001,75820
91304,1812,0,CV50038_001,77632
91305,784,0,CV50038_001,78416
91306,220,0,CV50038_001,78636
91307,600,0,CV50038_001,79236
91308,660,0,CV50038_001,79896
91309,832,0,CV50038_001,80728
91310,788,0,CV50038_001,81516
91311,124,0,CV50038_001,81640
91312,856,0,CV50038_001,82496
91313,1140,0,CV50038_001,83636
91314,652,0,CV50038_001,84288
91315,352,0,CV50038_001,84640
91316,540,0,CV50038_001,85180
91317,848,0,CV50038_001,86028
91318,1728,0,CV50038_001,87756
91319,1884,0,CV50038_001,89640
91320,888,0,CV50038_001,90528
91321,968,0,CV50038_001,91496
91322,968,0,CV50038_001,92464
91323,180,0,CV50038_001,92644
91324,828,0,CV50038_001,93472
91325,172,0,CV50038_001,93644
91326,688,0,CV50038_001,94332
91327,888,0,CV50038_001,95220
91328,428,0,CV50038_001,95648
91329,460,0,CV50038_001,96108
91330,540,0,CV50038_001,96648
91331,380,0,CV50038_001,97028
91332,924,0,CV50038_001,97952
91333,924,0,CV50038_001,98876
91334,764,0,CV50038_001,99640
91335,832,0,CV50038_001,100472
91336,772,0,CV50038_001,101244
91337,408,0,CV50038_001,101652
91338,388,0,CV50038_001,102040
91339,832,0,CV50038_001,102872
91340,1584,0,CV50038_001,104456
91341,196,0,CV50038_001,104652
91342,584,0,CV50038_001,105236
91343,416,0,CV50038_001,105652
91344,348,0,CV50038_001,106000
91345,776,0,CV50038_001,106776
91346,872,0,CV50038_001,107648
91347,784,0,CV50038_001,108432
91348,220,0,CV50038_001,108652
91349,532,0,CV50038_001,109184
91350,756,0,CV50038_001,109940
91351,700,0,CV50038_001,110640
91352,828,0,CV50038_001,111468
91353,188,0,CV50038_001,111656
91354,792,0,CV50038_001,112448
91355,908,0,CV50038_001,113356
91356,296,0,CV50038_001,113652
91357,572,0,CV50038_001,114224
91358,428,0,CV50038_001,114652
91359,360,0,CV50038_001,115012
91360,644,0,CV50038_001,115656
91361,888,0,CV50038_001,116544
91362,112,0,CV50038_001,116656
91363,608,0,CV50038_001,117264
91364,392,0,CV50038_001,117656
91365,376,0,CV50038_001,118032
91366,780,0,CV50038_001,118812
91367,1748,0,CV50038_001,120560
91368,936,0,CV50038_001,121496
91369,340,0,CV50038_001,121836
91370,680,0,CV50038_001,122516
91371,144,0,CV50038_001,122660
91372,780,0,CV50038_001,123440
91373,836,0,CV50038_001,124276
91374,552,0,CV50038_001,124828
91375,208,0,CV50038_001,125036
91376,1744,0,CV50038_001,126780
91377,996,0,CV50038_001,127776
91378,888,0,CV50038_001,128664
91379,96,0,CV50038_001,128760
91380,2560,0,CV50038_001,131320
91381,344,0,CV50038_001,131664
91382,856,0,CV50038_001,132520
91383,144,0,CV50038_001,132664
91384,748,0,CV50038_001,133412
91385,904,0,CV50038_001,134316
91386,348,0,CV50038_001,134664
91387,600,0,CV50038_001,135264
91388,400,0,CV50038_001,135664
91389,436,0,CV50038_001,136100
91390,908,0,CV50038_001,137008
91391,656,0,CV50038_001,137664
91392,244,0,CV50038_001,137908
91393,860,0,CV50038_001,138768
91394,1804,0,CV50038_001,140572
91395,96,0,CV50038_001,140668
91396,724,0,CV50038_001,141392
91397,844,0,CV50038_001,142236
91398,840,0,CV50038_001,143076
91399,600,0,CV50038_001,143676
91400,220,0,CV50038_001,143896
91401,772,0,CV50038_001,144668
91402,956,0,CV50038_001,145624
91403,812,0,CV50038_001,146436
91404,240,0,CV50038_001,146676
91405,616,0,CV50038_001,147292
91406,384,0,CV50038_001,147676
91407,488,0,CV50038_001,148164
91408,896,0,CV50038_001,149060
91409,612,0,CV50038_001,149672
91410,280,0,CV50038_001,149952
91411,724,0,CV50038_001,150676
91412,504,0,CV50038_001,151180
91413,168,0,CV50038_001,151348
91414,224,0,CV50038_001,151572
91415,704,0,CV50038_001,152276
91416,792,0,CV50038_001,153068
91417,608,0,CV50038_001,153676
91418,104,0,CV50038_001,153780
91419,712,0,CV50038_001,154492
91420,1380,0,CV50038_001,155872
91421,696,0,CV50038_001,156568
91422,592,0,CV50038_001,157160
91423,436,0,CV50038_001,157596
91424,252,0,CV50038_001,157848
91425,116,0,CV50038_001,157964
91426,984,0,CV50038_001,158948
91427,16,0,CV50038_001,158964
91428,512,0,CV50038_001,159476
91429,288,0,CV50038_001,159764
91430,620,0,CV50038_001,160384
91431,260,0,CV50038_001,160644
91432,432,0,CV50038_001,161076
91433,336,0,CV50038_001,161412
91434,352,0,CV50038_001,161764
91435,232,0,CV50038_001,161996
91436,452,0,CV50038_001,162448
91437,308,0,CV50038_001,162756
91438,224,0,CV50038_001,162980
91439,224,0,CV50038_001,163204
91440,648,0,CV50038_001,163852
91441,1020,0,CV50038_001,164872
91442,588,0,CV50038_001,165460
91443,616,0,CV50038_001,166076
91444,676,0,CV50038_001,166752
91445,692,0,CV50038_001,167444
91446,684,0,CV50038_001,168128
91447,776,0,CV50038_001,168904
91448,752,0,CV50038_001,169656
91449,724,0,CV50038_001,170380
91450,308,0,CV50038_001,170688
91451,380,0,CV50038_001,171068
91452,620,0,CV50038_001,171688
91453,856,0,CV50038_001,172544
91454,692,0,CV50038_001,173236
91455,780,0,CV50038_001,174016
91456,672,0,CV50038_001,174688
91457,724,0,CV50038_001,175412
91458,632,0,CV50038_001,176044
91459,644,0,CV50038_001,176688
91460,444,0,CV50038_001,177132
91461,340,0,CV50038_001,177472
91462,924,0,CV50038_001,178396
91463,416,0,CV50038_001,178812
91464,740,0,CV50038_001,179552
91465,680,0,CV50038_001,180232
91466,624,0,CV50038_001,180856
91467,712,0,CV50038_001,181568
91468,652,0,CV50038_001,182220
91469,596,0,CV50038_001,182816
91470,652,0,CV50038_001,183468
91471,692,0,CV50038_001,184160
91472,532,0,CV50038_001,184692
91473,108,0,CV50038_001,184800
91474,580,0,CV50038_001,185380
91475,692,0,CV50038_001,186072
91476,616,0,CV50038_001,186688
91477,696,0,CV50038_001,187384
91478,596,0,CV50038_001,187980
91479,684,0,CV50038_001,188664
91480,640,0,CV50038_001,189304
91481,632,0,CV50038_001,189936
91482,628,0,CV50038_001,190564
91483,136,0,CV50038_001,190700
91484,492,0,CV50038_001,191192
91485,636,0,CV50038_001,191828
91486,632,0,CV50038_001,192460
91487,440,0,CV50038_001,192900
91488,140,0,CV50038_001,193040
91489,656,0,CV50038_001,193696
91490,632,0,CV50038_001,194328
91491,368,0,CV50038_001,194696
91492,264,0,CV50038_001,194960
91493,620,0,CV50038_001,195580
91494,612,0,CV50038_001,196192
91495,288,0,CV50038_001,196480
91496,328,0,CV50038_001,196808
91497,620,0,CV50038_001,197428
91498,608,0,CV50038_001,198036
91499,604,0,CV50038_001,198640
91500,612,0,CV50038_001,199252
91501,616,0,CV50038_001,199868
91502,1244,0,CV50038_001,201112
91503,580,0,CV50038_001,201692
91504,672,0,CV50038_001,202364
91505,636,0,CV50038_001,203000
91506,632,0,CV50038_001,203632
91507,620,0,CV50038_001,204252
91508,624,0,CV50038_001,204876
91509,608,0,CV50038_001,205484
91510,596,0,CV50038_001,206080
91511,592,0,CV50038_001,206672
91512,584,0,CV50038_001,207256
91513,572,0,CV50038_001,207828
91514,576,0,CV50038_001,208404
91515,568,0,CV50038_001,208972
91516,572,0,CV50038_001,209544
91517,576,0,CV50038_001,210120
91518,580,0,CV50038_001,210700
91519,576,0,CV50038_001,211276
91520,532,0,CV50038_001,211808
91521,624,0,CV50038_001,212432
91522,580,0,CV50038_001,213012
91523,584,0,CV50038_001,213596
91524,580,0,CV50038_001,214176
91525,532,0,CV50038_001,214708
91526,628,0,CV50038_001,215336
91527,580,0,CV50038_001,215916
91528,572,0,CV50038_001,216488
91529,568,0,CV50038_001,217056
91530,236,0,CV50038_001,217292
91531,328,0,CV50038_001,217620
91532,564,0,CV50038_001,218184
91533,528,0,CV50038_001,218712
91534,616,0,CV50038_001,219328
91535,572,0,CV50038_001,219900
91536,604,0,CV50038_001,220504
91537,616,0,CV50038_001,221120
91538,616,0,CV50038_001,221736
91539,616,0,CV50038_001,222352
91540,608,0,CV50038_001,222960
91541,620,0,CV50038_001,223580
91542,136,0,CV50038_001,223716
91543,428,0,CV50038_001,224144
91544,564,0,CV50038_001,224708
91545,652,0,CV50038_001,225360
91546,776,0,CV50038_001,226136
91547,504,0,CV50038_001,226640
91548,720,0,CV50038_001,227360
91549,452,0,CV50038_001,227812
91550,672,0,CV50038_001,228484
91551,616,0,CV50038_001,229100
91552,620,0,CV50038_001,229720
91553,564,0,CV50038_001,230284
91554,660,0,CV50038_001,230944
91555,620,0,CV50038_001,231564
91556,564,0,CV50038_001,232128
91557,584,0,CV50038_001,232712
91558,672,0,CV50038_001,233384
91559,608,0,CV50038_001,233992
91560,604,0,CV50038_001,234596
91561,600,0,CV50038_001,235196
91562,520,0,CV50038_001,235716
91563,608,0,CV50038_001,236324
91564,628,0,CV50038_001,236952
91565,540,0,CV50038_001,237492
91566,224,0,CV50038_001,237716
91567,352,0,CV50038_001,238068
91568,628,0,CV50038_001,238696
91569,532,0,CV50038_001,239228
91570,588,0,CV50038_001,239816
91571,584,0,CV50038_001,240400
91572,584,0,CV50038_001,240984
91573,592,0,CV50038_001,241576
91574,608,0,CV50038_001,242184
91575,612,0,CV50038_001,242796
91576,328,0,CV50038_001,243124
91577,276,0,CV50038_001,243400
91578,660,0,CV50038_001,244060
91579,612,0,CV50038_001,244672
91580,1200,0,CV50038_001,245872
91581,596,0,CV50038_001,246468
91582,592,0,CV50038_001,247060
91583,536,0,CV50038_001,247596
91584,576,0,CV50038_001,248172
91585,620,0,CV50038_001,248792
91586,568,0,CV50038_001,249360
91587,560,0,CV50038_001,249920
91588,556,0,CV50038_001,250476
91589,552,0,CV50038_001,251028
91590,556,0,CV50038_001,251584
91591,576,0,CV50038_001,252160
91592,556,0,CV50038_001,252716
91593,628,0,CV50038_001,253344
91594,576,0,CV50038_001,253920
91595,576,0,CV50038_001,254496
91596,568,0,CV50038_001,255064
91597,520,0,CV50038_001,255584
91598,624,0,CV50038_001,256208
91599,524,0,CV50038_001,256732
91600,636,0,CV50038_001,257368
91601,612,0,CV50038_001,257980
91602,668,0,CV50038_001,258648
91603,92,0,CV50038_001,258740
91604,480,0,CV50038_001,259220
91605,644,0,CV50038_001,259864
91606,704,0,CV50038_001,260568
91607,672,0,CV50038_001,261240
91608,676,0,CV50038_001,261916
91609,656,0,CV50038_001,262572
91610,772,0,CV50038_001,263344
91611,676,0,CV50038_001,264020
91612,660,0,CV50038_001,264680
91613,640,0,CV50038_001,265320
91614,576,0,CV50038_001,265896
91615,660,0,CV50038_001,266556
91616,604,0,CV50038_001,267160
91617,1208,0,CV50038_001,268368
91618,620,0,CV50038_001,268988
91619,632,0,CV50038_001,269620
91620,564,0,CV50038_001,270184
91621,660,0,CV50038_001,270844
91622,600,0,CV50038_001,271444
91623,608,0,CV50038_001,272052
91624,632,0,CV50038_001,272684
91625,632,0,CV50038_001,273316
91626,620,0,CV50038_001,273936
91627,608,0,CV50038_001,274544
91628,608,0,CV50038_001,275152
91629,604,0,CV50038_001,275756
91630,604,0,CV50038_001,276360
91631,584,0,CV50038_001,276944
91632,572,0,CV50038_001,277516
91633,520,0,CV50038_001,278036
91634,576,0,CV50038_001,278612
91635,632,0,CV50038_001,279244
91636,588,0,CV50038_001,279832
91637,580,0,CV50038_001,280412
91638,584,0,CV50038_001,280996
91639,540,0,CV50038_001,281536
91640,644,0,CV50038_001,282180
91641,1176,0,CV50038_001,283356
91642,536,0,CV50038_001,283892
91643,636,0,CV50038_001,284528
91644,588,0,CV50038_001,285116
91645,580,0,CV50038_001,285696
91646,544,0,CV50038_001,286240
91647,636,0,CV50038_001,286876
91648,588,0,CV50038_001,287464
91649,532,0,CV50038_001,287996
91650,636,0,CV50038_001,288632
91651,600,0,CV50038_001,289232
91652,604,0,CV50038_001,289836
91653,544,0,CV50038_001,290380
91654,640,0,CV50038_001,291020
91655,564,0,CV50038_001,291584
91656,668,0,CV50038_001,292252
91657,612,0,CV50038_001,292864
91658,604,0,CV50038_001,293468
91659,620,0,CV50038_001,294088
91660,616,0,CV50038_001,294704
91661,608,0,CV50038_001,295312
91662,608,0,CV50038_001,295920
91663,600,0,CV50038_001,296520
91664,604,0,CV50038_001,297124
91665,616,0,CV50038_001,297740
91666,616,0,CV50038_001,298356
91667,564,0,CV50038_001,298920
91668,660,0,CV50038_001,299580
91669,612,0,CV50038_001,300192
91670,560,0,CV50038_001,300752
91671,652,0,CV50038_001,301404
91672,1208,0,CV50038_001,302612
91673,600,0,CV50038_001,303212
91674,544,0,CV50038_001,303756
91675,656,0,CV50038_001,304412
91676,608,0,CV50038_001,305020
91677,556,0,CV50038_001,305576
91678,660,0,CV50038_001,306236
91679,620,0,CV50038_001,306856
91680,604,0,CV50038_001,307460
91681,604,0,CV50038_001,308064
91682,560,0,CV50038_001,308624
91683,564,0,CV50038_001,309188
91684,88,0,CV50038_001,309276
91685,596,0,CV50038_001,309872
91686,600,0,CV50038_001,310472
91687,64,0,CV50038_001,310536
91688,532,0,CV50038_001,311068
91689,592,0,CV50038_001,311660
91690,596,0,CV50038_001,312256
91691,596,0,CV50038_001,312852
91692,596,0,CV50038_001,313448
91693,596,0,CV50038_001,314044
91694,540,0,CV50038_001,314584
91695,580,0,CV50038_001,315164
91696,588,0,CV50038_001,315752
91697,624,0,CV50038_001,316376
91698,540,0,CV50038_001,316916
91699,640,0,CV50038_001,317556
91700,544,0,CV50038_001,318100
91701,664,0,CV50038_001,318764
91702,596,0,CV50038_001,319360
91703,400,0,CV50038_001,319760
91704,292,0,CV50038_001,320052
91705,656,0,CV50038_001,320708
91706,680,0,CV50038_001,321388
91707,696,0,CV50038_001,322084
91708,680,0,CV50038_001,322764
91709,684,0,CV50038_001,323448
91710,684,0,CV50038_001,324132
91711,632,0,CV50038_001,324764
91712,708,0,CV50038_001,325472
91713,648,0,CV50038_001,326120
91714,652,0,CV50038_001,326772
91715,668,0,CV50038_001,327440
91716,648,0,CV50038_001,328088
91717,644,0,CV50038_001,328732
91718,652,0,CV50038_001,329384
91719,664,0,CV50038_001,330048
91720,696,0,CV50038_001,330744
91721,692,0,CV50038_001,331436
91722,676,0,CV50038_001,332112
91723,648,0,CV50038_001,332760
91724,744,0,CV50038_001,333504
91725,700,0,CV50038_001,334204
91726,648,0,CV50038_001,334852
91727,760,0,CV50038_001,335612
91728,716,0,CV50038_001,336328
91729,704,0,CV50038_001,337032
91730,648,0,CV50038_001,337680
91731,688,0,CV50038_001,338368
91732,760,0,CV50038_001,339128
91733,720,0,CV50038_001,339848
91734,644,0,CV50038_001,340492
91735,672,0,CV50038_001,341164
91736,720,0,CV50038_001,341884
91737,676,0,CV50038_001,342560
91738,664,0,CV50038_001,343224
91739,656,0,CV50038_001,343880
91740,680,0,CV50038_001,344560
91741,692,0,CV50038_001,345252
91742,632,0,CV50038_001,345884
91743,656,0,CV50038_001,346540
91744,660,0,CV50038_001,347200
91745,792,0,CV50038_001,347992
91746,900,0,CV50038_001,348892
91747,808,0,CV50038_001,349700
91748,776,0,CV50038_001,350476
91749,744,0,CV50038_001,351220
91750,644,0,CV50038_001,351864
91751,736,0,CV50038_001,352600
91752,708,0,CV50038_001,353308
91753,748,0,CV50038_001,354056
91754,716,0,CV50038_001,354772
91755,788,0,CV50038_001,355560
91756,888,0,CV50038_001,356448
91757,824,0,CV50038_001,357272
91758,788,0,CV50038_001,358060
91759,816,0,CV50038_001,358876
91760,800,0,CV50038_001,359676
91761,768,0,CV50038_001,360444
91762,772,0,CV50038_001,361216
91763,568,0,CV50038_001,361784
91764,168,0,CV50038_001,361952
91765,792,0,CV50038_001,362744
91766,728,0,CV50038_001,363472
91767,728,0,CV50038_001,364200
91768,668,0,CV50038_001,364868
91769,732,0,CV50038_001,365600
91770,696,0,CV50038_001,366296
91771,684,0,CV50038_001,366980
91772,672,0,CV50038_001,367652
91773,648,0,CV50038_001,368300
91774,656,0,CV50038_001,368956
91775,672,0,CV50038_001,369628
91776,684,0,CV50038_001,370312
91777,640,0,CV50038_001,370952
91778,760,0,CV50038_001,371712
91779,724,0,CV50038_001,372436
91780,728,0,CV50038_001,373164
91781,724,0,CV50038_001,373888
91782,724,0,CV50038_001,374612
91783,728,0,CV50038_001,375340
91784,652,0,CV50038_001,375992
91785,700,0,CV50038_001,376692
91786,748,0,CV50038_001,377440
91787,648,0,CV50038_001,378088
91788,688,0,CV50038_001,378776
91789,756,0,CV50038_001,379532
91790,704,0,CV50038_001,380236
91791,672,0,CV50038_001,380908
91792,780,0,CV50038_001,381688
91793,724,0,CV50038_001,382412
91794,696,0,CV50038_001,383108
91795,800,0,CV50038_001,383908
91796,692,0,CV50038_001,384600
91797,724,0,CV50038_001,385324
91798,720,0,CV50038_001,386044
91799,764,0,CV50038_001,386808
91800,684,0,CV50038_001,387492
91801,780,0,CV50038_001,388272
91802,676,0,CV50038_001,388948
91803,688,0,CV50038_001,389636
91804,692,0,CV50038_001,390328
91805,772,0,CV50038_001,391100
91806,696,0,CV50038_001,391796
91807,800,0,CV50038_001,392596
91808,752,0,CV50038_001,393348
91809,764,0,CV50038_001,394112
91810,1512,0,CV50038_001,395624
91811,748,0,CV50038_001,396372
91812,772,0,CV50038_001,397144
91813,760,0,CV50038_001,397904
91814,788,0,CV50038_001,398692
91815,796,0,CV50038_001,399488
91816,788,0,CV50038_001,400276
91817,524,0,CV50038_001,400800
91818,252,0,CV50038_001,401052
91819,752,0,CV50038_001,401804
91820,756,0,CV50038_001,402560
91821,812,0,CV50038_001,403372
91822,724,0,CV50038_001,404096
91823,808,0,CV50038_001,404904
91824,732,0,CV50038_001,405636
91825,800,0,CV50038_001,406436
91826,768,0,CV50038_001,407204
91827,592,0,CV50038_001,407796
91828,164,0,CV50038_001,407960
91829,764,0,CV50038_001,408724
91830,752,0,CV50038_001,409476
91831,328,0,CV50038_001,409804
91832,416,0,CV50038_001,410220
91833,728,0,CV50038_001,410948
91834,784,0,CV50038_001,411732
91835,780,0,CV50038_001,412512
91836,784,0,CV50038_001,413296
91837,732,0,CV50038_001,414028
91838,868,0,CV50038_001,414896
91839,840,0,CV50038_001,415736
91840,800,0,CV50038_001,416536
91841,752,0,CV50038_001,417288
91842,768,0,CV50038_001,418056
91843,772,0,CV50038_001,418828
91844,780,0,CV50038_001,419608
91845,760,0,CV50038_001,420368
91846,760,0,CV50038_001,421128
91847,756,0,CV50038_001,421884
91848,708,0,CV50038_001,422592
91849,736,0,CV50038_001,423328
91850,800,0,CV50038_001,424128
91851,772,0,CV50038_001,424900
91852,756,0,CV50038_001,425656
91853,744,0,CV50038_001,426400
91854,756,0,CV50038_001,427156
91855,752,0,CV50038_001,427908
91856,748,0,CV50038_001,428656
91857,744,0,CV50038_001,429400
91858,752,0,CV50038_001,430152
91859,1500,0,CV50038_001,431652
91860,736,0,CV50038_001,432388
91861,744,0,CV50038_001,433132
91862,696,0,CV50038_001,433828
91863,776,0,CV50038_001,434604
91864,716,0,CV50038_001,435320
91865,724,0,CV50038_001,436044
91866,684,0,CV50038_001,436728
91867,772,0,CV50038_001,437500
91868,724,0,CV50038_001,438224
91869,692,0,CV50038_001,438916
91870,796,0,CV50038_001,439712
91871,760,0,CV50038_001,440472
91872,752,0,CV50038_001,441224
91873,700,0,CV50038_001,441924
91874,812,0,CV50038_001,442736
91875,772,0,CV50038_001,443508
91876,708,0,CV50038_001,444216
91877,836,0,CV50038_001,445052
91878,764,0,CV50038_001,445816
91879,836,0,CV50038_001,446652
91880,760,0,CV50038_001,447412
91881,744,0,CV50038_001,448156
91882,676,0,CV50038_001,448832
91883,764,0,CV50038_001,449596
91884,692,0,CV50038_001,450288
91885,632,0,CV50038_001,450920
91886,764,0,CV50038_001,451684
91887,732,0,CV50038_001,452416
91888,748,0,CV50038_001,453164
91889,744,0,CV50038_001,453908
91890,764,0,CV50038_001,454672
91891,760,0,CV50038_001,455432
91892,744,0,CV50038_001,456176
91893,732,0,CV50038_001,456908
91894,740,0,CV50038_001,457648
91895,732,0,CV50038_001,458380
91896,716,0,CV50038_001,459096
91897,728,0,CV50038_001,459824
91898,732,0,CV50038_001,460556
91899,724,0,CV50038_001,461280
91900,728,0,CV50038_001,462008
91901,740,0,CV50038_001,462748
91902,736,0,CV50038_001,463484
91903,692,0,CV50038_001,464176
91904,760,0,CV50038_001,464936
91905,744,0,CV50038_001,465680
91906,764,0,CV50038_001,466444
91907,728,0,CV50038_001,467172
91908,760,0,CV50038_001,467932
91909,820,0,CV50038_001,468752
91910,788,0,CV50038_001,469540
91911,780,0,CV50038_001,470320
91912,788,0,CV50038_001,471108
91913,728,0,CV50038_001,471836
91914,824,0,CV50038_001,472660
91915,780,0,CV50038_001,473440
91916,756,0,CV50038_001,474196
91917,776,0,CV50038_001,474972
91918,780,0,CV50038_001,475752
91919,788,0,CV50038_001,476540
91920,788,0,CV50038_001,477328
91921,744,0,CV50038_001,478072
91922,732,0,CV50038_001,478804
91923,752,0,CV50038_001,479556
91924,776,0,CV50038_001,480332
91925,776,0,CV50038_001,481108
91926,732,0,CV50038_001,481840
91927,796,0,CV50038_001,482636
91928,840,0,CV50038_001,483476
91929,788,0,CV50038_001,484264
91930,712,0,CV50038_001,484976
91931,776,0,CV50038_001,485752
91932,724,0,CV50038_001,486476
91933,748,0,CV50038_001,487224
91934,752,0,CV50038_001,487976
91935,748,0,CV50038_001,488724
91936,744,0,CV50038_001,489468
91937,764,0,CV50038_001,490232
91938,732,0,CV50038_001,490964
91939,752,0,CV50038_001,491716
91940,796,0,CV50038_001,492512
91941,768,0,CV50038_001,493280
91942,720,0,CV50038_001,494000
91943,792,0,CV50038_001,494792
91944,744,0,CV50038_001,495536
91945,760,0,CV50038_001,496296
91946,708,0,CV50038_001,497004
91947,784,0,CV50038_001,497788
91948,728,0,CV50038_001,498516
91949,764,0,CV50038_001,499280
91950,764,0,CV50038_001,500044
91951,760,0,CV50038_001,500804
91952,744,0,CV50038_001,501548
91953,744,0,CV50038_001,502292
91954,704,0,CV50038_001,502996
91955,792,0,CV50038_001,503788
91956,712,0,CV50038_001,504500
91957,712,0,CV50038_001,505212
91958,728,0,CV50038_001,505940
91959,744,0,CV50038_001,506684
91960,752,0,CV50038_001,507436
91961,752,0,CV50038_001,508188
91962,760,0,CV50038_001,508948
91963,760,0,CV50038_001,509708
91964,760,0,CV50038_001,510468
91965,744,0,CV50038_001,511212
91966,724,0,CV50038_001,511936
91967,732,0,CV50038_001,512668
91968,728,0,CV50038_001,513396
91969,716,0,CV50038_001,514112
91970,704,0,CV50038_001,514816
91971,708,0,CV50038_001,515524
91972,716,0,CV50038_001,516240
91973,716,0,CV50038_001,516956
91974,704,0,CV50038_001,517660
91975,720,0,CV50038_001,518380
91976,692,0,CV50038_001,519072
91977,780,0,CV50038_001,519852
91978,716,0,CV50038_001,520568
91979,716,0,CV50038_001,521284
91980,724,0,CV50038_001,522008
91981,724,0,CV50038_001,522732
91982,712,0,CV50038_001,523444
91983,724,0,CV50038_001,524168
91984,688,0,CV50038_001,524856
91985,772,0,CV50038_001,525628
91986,716,0,CV50038_001,526344
91987,688,0,CV50038_001,527032
91988,776,0,CV50038_001,527808
91989,728,0,CV50038_001,528536
91990,736,0,CV50038_001,529272
91991,684,0,CV50038_001,529956
91992,800,0,CV50038_001,530756
91993,748,0,CV50038_001,531504
91994,752,0,CV50038_001,532256
91995,716,0,CV50038_001,532972
91996,820,0,CV50038_001,533792
91997,756,0,CV50038_001,534548
91998,744,0,CV50038_001,535292
91999,752,0,CV50038_001,536044
92000,756,0,CV50038_001,536800
92001,760,0,CV50038_001,537560
92002,756,0,CV50038_001,538316
92003,716,0,CV50038_001,539032
92004,804,0,CV50038_001,539836
92005,704,0,CV50038_001,540540
92006,784,0,CV50038_001,541324
92007,676,0,CV50038_001,542000
92008,768,0,CV50038_001,542768
92009,736,0,CV50038_001,543504
92010,752,0,CV50038_001,544256
92011,744,0,CV50038_001,545000
92012,728,0,CV50038_001,545728
92013,764,0,CV50038_001,546492
92014,772,0,CV50038_001,547264
92015,780,0,CV50038_001,548044
92016,768,0,CV50038_001,548812
92017,708,0,CV50038_001,549520
92018,820,0,CV50038_001,550340
92019,792,0,CV50038_001,551132
92020,736,0,CV50038_001,551868
92021,800,0,CV50038_001,552668
92022,780,0,CV50038_001,553448
92023,772,0,CV50038_001,554220
92024,764,0,CV50038_001,554984
92025,744,0,CV50038_001,555728
92026,744,0,CV50038_001,556472
92027,764,0,CV50038_001,557236
92028,768,0,CV50038_001,558004
92029,768,0,CV50038_001,558772
92030,720,0,CV50038_001,559492
92031,796,0,CV50038_001,560288
92032,780,0,CV50038_001,561068
92033,944,0,CV50038_001,562012
92034,876,0,CV50038_001,562888
92035,856,0,CV50038_001,563744
92036,812,0,CV50038_001,564556
92037,780,0,CV50038_001,565336
92038,748,0,CV50038_001,566084
92039,732,0,CV50038_001,566816
92040,740,0,CV50038_001,567556
92041,772,0,CV50038_001,568328
92042,804,0,CV50038_001,569132
92043,764,0,CV50038_001,569896
92044,864,0,CV50038_001,570760
92045,840,0,CV50038_001,571600
92046,876,0,CV50038_001,572476
92047,820,0,CV50038_001,573296
92048,768,0,CV50038_001,574064
92049,828,0,CV50038_001,574892
92050,860,0,CV50038_001,575752
92051,792,0,CV50038_001,576544
92052,788,0,CV50038_001,577332
92053,804,0,CV50038_001,578136
92054,1548,0,CV50038_001,579684
92055,748,0,CV50038_001,580432
92056,760,0,CV50038_001,581192
92057,792,0,CV50038_001,581984
92058,800,0,CV50038_001,582784
92059,780,0,CV50038_001,583564
92060,780,0,CV50038_001,584344
92061,796,0,CV50038_001,585140
92062,1552,0,CV50038_001,586692
92063,748,0,CV50038_001,587440
92064,752,0,CV50038_001,588192
92065,708,0,CV50038_001,588900
92066,816,0,CV50038_001,589716
92067,716,0,CV50038_001,590432
92068,836,0,CV50038_001,591268
92069,760,0,CV50038_001,592028
92070,828,0,CV50038_001,592856
92071,784,0,CV50038_001,593640
92072,800,0,CV50038_001,594440
92073,804,0,CV50038_001,595244
92074,760,0,CV50038_001,596004
92075,740,0,CV50038_001,596744
92076,676,0,CV50038_001,597420
92077,764,0,CV50038_001,598184
92078,708,0,CV50038_001,598892
92079,708,0,CV50038_001,599600
92080,732,0,CV50038_001,600332
92081,736,0,CV50038_001,601068
92082,720,0,CV50038_001,601788
92083,124,0,CV50038_001,601912
92084,612,0,CV50038_001,602524
92085,744,0,CV50038_001,603268
92086,768,0,CV50038_001,604036
92087,768,0,CV50038_001,604804
92088,756,0,CV50038_001,605560
92089,776,0,CV50038_001,606336
92090,768,0,CV50038_001,607104
92091,752,0,CV50038_001,607856
92092,732,0,CV50038_001,608588
92093,736,0,CV50038_001,609324
92094,704,0,CV50038_001,610028
92095,824,0,CV50038_001,610852
92096,784,0,CV50038_001,611636
92097,764,0,CV50038_001,612400
92098,772,0,CV50038_001,613172
92099,736,0,CV50038_001,613908
92100,828,0,CV50038_001,614736
92101,780,0,CV50038_001,615516
92102,752,0,CV50038_001,616268
92103,756,0,CV50038_001,617024
92104,764,0,CV50038_001,617788
92105,772,0,CV50038_001,618560
92106,760,0,CV50038_001,619320
92107,696,0,CV50038_001,620016
92108,796,0,CV50038_001,620812
92109,768,0,CV50038_001,621580
92110,780,0,CV50038_001,622360
92111,728,0,CV50038_001,623088
92112,812,0,CV50038_001,623900
92113,748,0,CV50038_001,624648
92114,752,0,CV50038_001,625400
92115,756,0,CV50038_001,626156
92116,704,0,CV50038_001,626860
92117,784,0,CV50038_001,627644
92118,728,0,CV50038_001,628372
92119,704,0,CV50038_001,629076
92120,792,0,CV50038_001,629868
92121,732,0,CV50038_001,630600
92122,740,0,CV50038_001,631340
92123,748,0,CV50038_001,632088
92124,756,0,CV50038_001,632844
92125,740,0,CV50038_001,633584
92126,740,0,CV50038_001,634324
92127,704,0,CV50038_001,635028
92128,800,0,CV50038_001,635828
92129,732,0,CV50038_001,636560
92130,740,0,CV50038_001,637300
92131,740,0,CV50038_001,638040
92132,728,0,CV50038_001,638768
92133,704,0,CV50038_001,639472
92134,704,0,CV50038_001,640176
92135,724,0,CV50038_001,640900
92136,728,0,CV50038_001,641628
92137,732,0,CV50038_001,642360
92138,744,0,CV50038_001,643104
92139,744,0,CV50038_001,643848
92140,728,0,CV50038_001,644576
92141,716,0,CV50038_001,645292
92142,724,0,CV50038_001,646016
92143,748,0,CV50038_001,646764
92144,756,0,CV50038_001,647520
92145,760,0,CV50038_001,648280
92146,764,0,CV50038_001,649044
92147,760,0,CV50038_001,649804
92148,800,0,CV50038_001,650604
92149,716,0,CV50038_001,651320
92150,804,0,CV50038_001,652124
92151,760,0,CV50038_001,652884
92152,752,0,CV50038_001,653636
92153,740,0,CV50038_001,654376
92154,672,0,CV50038_001,655048
92155,780,0,CV50038_001,655828
92156,748,0,CV50038_001,656576
92157,736,0,CV50038_001,657312
92158,724,0,CV50038_001,658036
92159,736,0,CV50038_001,658772
92160,744,0,CV50038_001,659516
92161,724,0,CV50038_001,660240
92162,688,0,CV50038_001,660928
92163,780,0,CV50038_001,661708
92164,744,0,CV50038_001,662452
92165,748,0,CV50038_001,663200
92166,732,0,CV50038_001,663932
92167,724,0,CV50038_001,664656
92168,732,0,CV50038_001,665388
92169,720,0,CV50038_001,666108
92170,700,0,CV50038_001,666808
92171,712,0,CV50038_001,667520
92172,728,0,CV50038_001,668248
92173,688,0,CV50038_001,668936
92174,788,0,CV50038_001,669724
92175,724,0,CV50038_001,670448
92176,724,0,CV50038_001,671172
92177,732,0,CV50038_001,671904
92178,744,0,CV50038_001,672648
92179,744,0,CV50038_001,673392
92180,700,0,CV50038_001,674092
92181,808,0,CV50038_001,674900
92182,776,0,CV50038_001,675676
92183,776,0,CV50038_001,676452
92184,748,0,CV50038_001,677200
92185,736,0,CV50038_001,677936
92186,748,0,CV50038_001,678684
92187,744,0,CV50038_001,679428
92188,748,0,CV50038_001,680176
92189,732,0,CV50038_001,680908
92190,740,0,CV50038_001,681648
92191,772,0,CV50038_001,682420
92192,788,0,CV50038_001,683208
92193,724,0,CV50038_001,683932
92194,808,0,CV50038_001,684740
92195,764,0,CV50038_001,685504
92196,764,0,CV50038_001,686268
92197,748,0,CV50038_001,687016
92198,732,0,CV50038_001,687748
92199,764,0,CV50038_001,688512
92200,728,0,CV50038_001,689240
92201,808,0,CV50038_001,690048
92202,704,0,CV50038_001,690752
92203,808,0,CV50038_001,691560
92204,796,0,CV50038_001,692356
92205,792,0,CV50038_001,693148
92206,720,0,CV50038_001,693868
92207,760,0,CV50038_001,694628
92208,772,0,CV50038_001,695400
92209,816,0,CV50038_001,696216
92210,724,0,CV50038_001,696940
92211,812,0,CV50038_001,697752
92212,768,0,CV50038_001,698520
92213,776,0,CV50038_001,699296
92214,776,0,CV50038_001,700072
92215,756,0,CV50038_001,700828
92216,772,0,CV50038_001,701600
92217,772,0,CV50038_001,702372
92218,780,0,CV50038_001,703152
92219,756,0,CV50038_001,703908
92220,784,0,CV50038_001,704692
92221,788,0,CV50038_001,705480
92222,736,0,CV50038_001,706216
92223,748,0,CV50038_001,706964
92224,812,0,CV50038_001,707776
92225,768,0,CV50038_001,708544
92226,744,0,CV50038_001,709288
92227,680,0,CV50038_001,709968
92228,736,0,CV50038_001,710704
92229,780,0,CV50038_001,711484
92230,732,0,CV50038_001,712216
92231,672,0,CV50038_001,712888
92232,768,0,CV50038_001,713656
92233,704,0,CV50038_001,714360
92234,764,0,CV50038_001,715124
92235,764,0,CV50038_001,715888
92236,816,0,CV50038_001,716704
92237,784,0,CV50038_001,717488
92238,784,0,CV50038_001,718272
92239,764,0,CV50038_001,719036
92240,744,0,CV50038_001,719780
92241,756,0,CV50038_001,720536
92242,756,0,CV50038_001,721292
92243,680,0,CV50038_001,721972
92244,788,0,CV50038_001,722760
92245,740,0,CV50038_001,723500
92246,748,0,CV50038_001,724248
92247,684,0,CV50038_001,724932
92248,780,0,CV50038_001,725712
92249,700,0,CV50038_001,726412
92250,748,0,CV50038_001,727160
92251,804,0,CV50038_001,727964
92252,788,0,CV50038_001,728752
92253,804,0,CV50038_001,729556
92254,776,0,CV50038_001,730332
92255,760,0,CV50038_001,731092
92256,768,0,CV50038_001,731860
92257,768,0,CV50038_001,732628
92258,780,0,CV50038_001,733408
92259,704,0,CV50038_001,734112
92260,828,0,CV50038_001,734940
92261,784,0,CV50038_001,735724
92262,764,0,CV50038_001,736488
92263,740,0,CV50038_001,737228
92264,744,0,CV50038_001,737972
92265,768,0,CV50038_001,738740
92266,780,0,CV50038_001,739520
92267,768,0,CV50038_001,740288
92268,764,0,CV50038_001,741052
92269,772,0,CV50038_001,741824
92270,800,0,CV50038_001,742624
92271,772,0,CV50038_001,743396
92272,700,0,CV50038_001,744096
92273,780,0,CV50038_001,744876
92274,736,0,CV50038_001,745612
92275,748,0,CV50038_001,746360
92276,728,0,CV50038_001,747088
92277,716,0,CV50038_001,747804
92278,756,0,CV50038_001,748560
92279,772,0,CV50038_001,749332
92280,772,0,CV50038_001,750104
92281,748,0,CV50038_001,750852
92282,760,0,CV50038_001,751612
92283,768,0,CV50038_001,752380
92284,760,0,CV50038_001,753140
92285,736,0,CV50038_001,753876
92286,748,0,CV50038_001,754624
92287,760,0,CV50038_001,755384
92288,756,0,CV50038_001,756140
92289,732,0,CV50038_001,756872
92290,744,0,CV50038_001,757616
92291,740,0,CV50038_001,758356
92292,752,0,CV50038_001,759108
92293,724,0,CV50038_001,759832
92294,728,0,CV50038_001,760560
92295,760,0,CV50038_001,761320
92296,756,0,CV50038_001,762076
92297,748,0,CV50038_001,762824
92298,744,0,CV50038_001,763568
92299,740,0,CV50038_001,764308
92300,760,0,CV50038_001,765068
92301,752,0,CV50038_001,765820
92302,740,0,CV50038_001,766560
92303,688,0,CV50038_001,767248
92304,736,0,CV50038_001,767984
92305,784,0,CV50038_001,768768
92306,752,0,CV50038_001,769520
92307,760,0,CV50038_001,770280
92308,696,0,CV50038_001,770976
92309,820,0,CV50038_001,771796
92310,792,0,CV50038_001,772588
92311,792,0,CV50038_001,773380
92312,716,0,CV50038_001,774096
92313,804,0,CV50038_001,774900
92314,760,0,CV50038_001,775660
92315,768,0,CV50038_001,776428
92316,764,0,CV50038_001,777192
92317,748,0,CV50038_001,777940
92318,748,0,CV50038_001,778688
92319,756,0,CV50038_001,779444
92320,776,0,CV50038_001,780220
92321,748,0,CV50038_001,780968
92322,744,0,CV50038_001,781712
92323,760,0,CV50038_001,782472
92324,792,0,CV50038_001,783264
92325,812,0,CV50038_001,784076
92326,780,0,CV50038_001,784856
92327,772,0,CV50038_001,785628
92328,776,0,CV50038_001,786404
92329,792,0,CV50038_001,787196
92330,788,0,CV50038_001,787984
92331,764,0,CV50038_001,788748
92332,756,0,CV50038_001,789504
92333,764,0,CV50038_001,790268
92334,720,0,CV50038_001,790988
92335,796,0,CV50038_001,791784
92336,740,0,CV50038_001,792524
92337,752,0,CV50038_001,793276
92338,728,0,CV50038_001,794004
92339,844,0,CV50038_001,794848
92340,816,0,CV50038_001,795664
92341,792,0,CV50038_001,796456
92342,724,0,CV50038_001,797180
92343,808,0,CV50038_001,797988
92344,704,0,CV50038_001,798692
92345,936,0,CV50038_001,799628
92346,852,0,CV50038_001,800480
92347,828,0,CV50038_001,801308
92348,820,0,CV50038_001,802128
92349,796,0,CV50038_001,802924
92350,796,0,CV50038_001,803720
92351,748,0,CV50038_001,804468
92352,748,0,CV50038_001,805216
92353,768,0,CV50038_001,805984
92354,804,0,CV50038_001,806788
92355,824,0,CV50038_001,807612
92356,804,0,CV50038_001,808416
92357,748,0,CV50038_001,809164
92358,852,0,CV50038_001,810016
92359,800,0,CV50038_001,810816
92360,784,0,CV50038_001,811600
92361,416,0,CV50038_001,812016
92362,348,0,CV50038_001,812364
92363,752,0,CV50038_001,813116
92364,772,0,CV50038_001,813888
92365,796,0,CV50038_001,814684
92366,780,0,CV50038_001,815464
92367,756,0,CV50038_001,816220
92368,748,0,CV50038_001,816968
92369,764,0,CV50038_001,817732
92370,764,0,CV50038_001,818496
92371,740,0,CV50038_001,819236
92372,732,0,CV50038_001,819968
92373,736,0,CV50038_001,820704
92374,744,0,CV50038_001,821448
92375,756,0,CV50038_001,822204
92376,744,0,CV50038_001,822948
92377,748,0,CV50038_001,823696
92378,780,0,CV50038_001,824476
92379,792,0,CV50038_001,825268
92380,716,0,CV50038_001,825984
92381,784,0,CV50038_001,826768
92382,740,0,CV50038_001,827508
92383,768,0,CV50038_001,828276
92384,764,0,CV50038_001,829040
92385,760,0,CV50038_001,829800
92386,764,0,CV50038_001,830564
92387,792,0,CV50038_001,831356
92388,748,0,CV50038_001,832104
92389,828,0,CV50038_001,832932
92390,772,0,CV50038_001,833704
92391,772,0,CV50038_001,834476
92392,816,0,CV50038_001,835292
92393,820,0,CV50038_001,836112
92394,796,0,CV50038_001,836908
92395,800,0,CV50038_001,837708
92396,792,0,CV50038_001,838500
92397,772,0,CV50038_001,839272
92398,760,0,CV50038_001,840032
92399,748,0,CV50038_001,840780
92400,792,0,CV50038_001,841572
92401,808,0,CV50038_001,842380
92402,788,0,CV50038_001,843168
92403,788,0,CV50038_001,843956
92404,804,0,CV50038_001,844760
92405,804,0,CV50038_001,845564
92406,784,0,CV50038_001,846348
92407,764,0,CV50038_001,847112
92408,764,0,CV50038_001,847876
92409,772,0,CV50038_001,848648
92410,792,0,CV50038_001,849440
92411,708,0,CV50038_001,850148
92412,800,0,CV50038_001,850948
92413,768,0,CV50038_001,851716
92414,724,0,CV50038_001,852440
92415,812,0,CV50038_001,853252
92416,744,0,CV50038_001,853996
92417,740,0,CV50038_001,854736
92418,696,0,CV50038_001,855432
92419,796,0,CV50038_001,856228
92420,700,0,CV50038_001,856928
92421,792,0,CV50038_001,857720
92422,732,0,CV50038_001,858452
92423,700,0,CV50038_001,859152
92424,780,0,CV50038_001,859932
92425,828,0,CV50038_001,860760
92426,760,0,CV50038_001,861520
92427,732,0,CV50038_001,862252
92428,752,0,CV50038_001,863004
92429,756,0,CV50038_001,863760
92430,728,0,CV50038_001,864488
92431,672,0,CV50038_001,865160
92432,768,0,CV50038_001,865928
92433,764,0,CV50038_001,866692
92434,816,0,CV50038_001,867508
92435,808,0,CV50038_001,868316
92436,732,0,CV50038_001,869048
92437,820,0,CV50038_001,869868
92438,688,0,CV50038_001,870556
92439,772,0,CV50038_001,871328
92440,640,0,CV50038_001,871968
92441,672,0,CV50038_001,872640
92442,660,0,CV50038_001,873300
92443,688,0,CV50038_001,873988
92444,584,0,CV50038_001,874572
92445,636,0,CV50038_001,875208
92446,628,0,CV50038_001,875836
92447,704,0,CV50038_001,876540
92448,648,0,CV50038_001,877188
92449,656,0,CV50038_001,877844
92450,640,0,CV50038_001,878484
92451,632,0,CV50038_001,879116
92452,628,0,CV50038_001,879744
92453,904,0,CVR009_010,904
92454,900,0,CVR009_010,1804
92455,916,0,CVR009_010,2720
92456,904,0,CVR009_010,3624
92457,904,0,CVR009_010,4528
92458,900,0,CVR009_010,5428
92459,896,0,CVR009_010,6324
92460,884,0,CVR009_010,7208
92461,896,0,CVR009_010,8104
92462,884,0,CVR009_010,8988
92463,880,0,CVR009_010,9868
92464,760,0,CVR009_010,10628
92465,124,0,CVR009_010,10752
92466,880,0,CVR009_010,11632
92467,900,0,CVR009_010,12532
92468,896,0,CVR009_010,13428
92469,904,0,CVR009_010,14332
92470,900,0,CVR009_010,15232
92471,896,0,CVR009_010,16128
92472,888,0,CVR009_010,17016
92473,1836,0,CVR009_010,18852
92474,916,0,CVR009_010,19768
92475,964,0,CVR009_010,20732
92476,844,0,CVR009_010,21576
92477,960,0,CVR009_010,22536
92478,860,0,CVR009_010,23396
92479,940,0,CVR009_010,24336
92480,860,0,CVR009_010,25196
92481,904,0,CVR009_010,26100
92482,960,0,CVR009_010,27060
92483,840,0,CVR009_010,27900
92484,924,0,CVR009_010,28824
92485,916,0,CVR009_010,29740
92486,904,0,CVR009_010,30644
92487,900,0,CVR009_010,31544
92488,900,0,CVR009_010,32444
92489,900,0,CVR009_010,33344
92490,880,0,CVR009_010,34224
92491,900,0,CVR009_010,35124
92492,900,0,CVR009_010,36024
92493,1796,0,CVR009_010,37820
92494,888,0,CVR009_010,38708
92495,892,0,CVR009_010,39600
92496,884,0,CVR009_010,40484
92497,884,0,CVR009_010,41368
92498,880,0,CVR009_010,42248
92499,904,0,CVR009_010,43152
92500,896,0,CVR009_010,44048
92501,600,0,CVR009_010,44648
92502,304,0,CVR009_010,44952
92503,900,0,CVR009_010,45852
92504,900,0,CVR009_010,46752
92505,1820,0,CVR009_010,48572
92506,916,0,CVR009_010,49488
92507,964,0,CVR009_010,50452
92508,852,0,CVR009_010,51304
92509,948,0,CVR009_010,52252
92510,900,0,CVR009_010,53152
92511,836,0,CVR009_010,53988
92512,880,0,CVR009_010,54868
92513,868,0,CVR009_010,55736
92514,896,0,CVR009_010,56632
92515,880,0,CVR009_010,57512
92516,900,0,CVR009_010,58412
92517,900,0,CVR009_010,59312
92518,904,0,CVR009_010,60216
92519,904,0,CVR009_010,61120
92520,916,0,CVR009_010,62036
92521,916,0,CVR009_010,62952
92522,964,1,CVR009_010,63916
92523,844,0,CVR009_010,64760
92524,900,0,CVR009_010,65660
92525,896,0,CVR009_010,66556
92526,900,0,CVR009_010,67456
92527,880,0,CVR009_010,68336
92528,884,0,CVR009_010,69220
92529,880,0,CVR009_010,70100
92530,876,0,CVR009_010,70976
92531,1804,0,CVR009_010,72780
92532,836,0,CVR009_010,73616
92533,884,0,CVR009_010,74500
92534,896,0,CVR009_010,75396
92535,1844,0,CVR009_010,77240
92536,840,0,CVR009_010,78080
92537,900,0,CVR009_010,78980
92538,896,0,CVR009_010,79876
92539,884,0,CVR009_010,80760
92540,888,0,CVR009_010,81648
92541,896,0,CVR009_010,82544
92542,904,0,CVR009_010,83448
92543,912,0,CVR009_010,84360
92544,904,0,CVR009_010,85264
92545,400,0,CVR009_010,85664
92546,516,0,CVR009_010,86180
92547,904,0,CVR009_010,87084
92548,908,0,CVR009_010,87992
92549,912,0,CVR009_010,88904
92550,1864,0,CVR009_010,90768
92551,856,0,CVR009_010,91624
92552,904,0,CVR009_010,92528
92553,900,0,CVR009_010,93428
92554,244,0,CVR009_010,93672
92555,656,0,CVR009_010,94328
92556,904,0,CVR009_010,95232
92557,920,0,CVR009_010,96152
92558,900,0,CVR009_010,97052
92559,904,0,CVR009_010,97956
92560,900,0,CVR009_010,98856
92561,900,0,CVR009_010,99756
92562,900,0,CVR009_010,100656
92563,900,0,CVR009_010,101556
92564,904,0,CVR009_010,102460
92565,900,0,CVR009_010,103360
92566,960,1,CVR009_010,104320
92567,876,0,CVR009_010,105196
92568,908,0,CVR009_010,106104
92569,920,0,CVR009_010,107024
92570,920,0,CVR009_010,107944
92571,936,0,CVR009_010,108880
92572,924,0,CVR009_010,109804
92573,980,1,CVR009_010,110784
92574,864,0,CVR009_010,111648
92575,920,0,CVR009_010,112568
92576,916,0,CVR009_010,113484
92577,904,0,CVR009_010,114388
92578,960,1,CVR009_010,115348
92579,880,0,CVR009_010,116228
92580,920,0,CVR009_010,117148
92581,928,0,CVR009_010,118076
92582,956,0,CVR009_010,119032
92583,944,0,CVR009_010,119976
92584,956,0,CVR009_010,120932
92585,944,0,CVR009_010,121876
92586,940,0,CVR009_010,122816
92587,984,1,CVR009_010,123800
92588,880,0,CVR009_010,124680
92589,920,0,CVR009_010,125600
92590,920,0,CVR009_010,126520
92591,904,0,CVR009_010,127424
92592,936,0,CVR009_010,128360
92593,340,0,CVR009_010,128700
92594,624,0,CVR009_010,129324
92595,376,0,CVR009_010,129700
92596,484,0,CVR009_010,130184
92597,504,0,CVR009_010,130688
92598,420,0,CVR009_010,131108
92599,580,0,CVR009_010,131688
92600,356,0,CVR009_010,132044
92601,944,0,CVR009_010,132988
92602,936,0,CVR009_010,133924
92603,944,0,CVR009_010,134868
92604,940,0,CVR009_010,135808
92605,984,1,CVR009_010,136792
92606,880,0,CVR009_010,137672
92607,936,0,CVR009_010,138608
92608,924,0,CVR009_010,139532
92609,160,0,CVR009_010,139692
92610,776,0,CVR009_010,140468
92611,228,0,CVR009_010,140696
92612,716,0,CVR009_010,141412
92613,284,0,CVR009_010,141696
92614,700,0,CVR009_010,142396
92615,284,0,CVR009_010,142680
92616,616,0,CVR009_010,143296
92617,944,0,CVR009_010,144240
92618,460,0,CVR009_010,144700
92619,480,0,CVR009_010,145180
92620,520,0,CVR009_010,145700
92621,440,0,CVR009_010,146140
92622,964,0,CVR009_010,147104
92623,976,0,CVR009_010,148080
92624,944,0,CVR009_010,149024
92625,980,0,CVR009_010,150004
92626,960,0,CVR009_010,150964
92627,956,0,CVR009_010,151920
92628,948,0,CVR009_010,152868
92629,840,0,CVR009_010,153708
92630,120,0,CVR009_010,153828
92631,880,0,CVR009_010,154708
92632,80,0,CVR009_010,154788
92633,1004,0,CVR009_010,155792
92634,900,0,CVR009_010,156692
92635,940,0,CVR009_010,157632
92636,940,0,CVR009_010,158572
92637,924,0,CVR009_010,159496
92638,940,0,CVR009_010,160436
92639,936,0,CVR009_010,161372
92640,928,0,CVR009_010,162300
92641,920,0,CVR009_010,163220
92642,920,0,CVR009_010,164140
92643,820,0,CVR009_010,164960
92644,996,0,CVR009_010,165956
92645,908,0,CVR009_010,166864
92646,956,0,CVR009_010,167820
92647,900,0,CVR009_010,168720
92648,860,0,CVR009_010,169580
92649,124,0,CVR009_010,169704
92650,780,0,CVR009_010,170484
92651,236,0,CVR009_010,170720
92652,680,0,CVR009_010,171400
92653,304,0,CVR009_010,171704
92654,600,0,CVR009_010,172304
92655,404,0,CVR009_010,172708
92656,516,0,CVR009_010,173224
92657,984,0,CVR009_010,174208
92658,900,0,CVR009_010,175108
92659,936,0,CVR009_010,176044
92660,924,0,CVR009_010,176968
92661,940,0,CVR009_010,177908
92662,940,0,CVR009_010,178848
92663,964,1,CVR009_010,179812
92664,876,0,CVR009_010,180688
92665,920,0,CVR009_010,181608
92666,924,0,CVR009_010,182532
92667,936,0,CVR009_010,183468
92668,920,0,CVR009_010,184388
92669,924,0,CVR009_010,185312
92670,920,0,CVR009_010,186232
92671,960,0,CVR009_010,187192
92672,520,0,CVR009_010,187712
92673,340,0,CVR009_010,188052
92674,920,0,CVR009_010,188972
92675,744,0,CVR009_010,189716
92676,160,0,CVR009_010,189876
92677,956,0,CVR009_010,190832
92678,844,0,CVR009_010,191676
92679,900,0,CVR009_010,192576
92680,900,0,CVR009_010,193476
92681,240,0,CVR009_010,193716
92682,656,0,CVR009_010,194372
92683,884,0,CVR009_010,195256
92684,476,0,CVR009_010,195732
92685,444,0,CVR009_010,196176
92686,540,0,CVR009_010,196716
92687,360,0,CVR009_010,197076
92688,916,0,CVR009_010,197992
92689,904,0,CVR009_010,198896
92690,920,0,CVR009_010,199816
92691,1840,0,CVR009_010,201656
92692,980,0,CVR009_010,202636
92693,876,0,CVR009_010,203512
92694,920,0,CVR009_010,204432
92695,920,0,CVR009_010,205352
92696,924,0,CVR009_010,206276
92697,904,0,CVR009_010,207180
92698,972,0,CVR009_010,208152
92699,580,0,CVR009_010,208732
92700,296,0,CVR009_010,209028
92701,924,0,CVR009_010,209952
92702,780,0,CVR009_010,210732
92703,124,0,CVR009_010,210856
92704,964,0,CVR009_010,211820
92705,876,0,CVR009_010,212696
92706,916,0,CVR009_010,213612
92707,920,0,CVR009_010,214532
92708,920,0,CVR009_010,215452
92709,904,0,CVR009_010,216356
92710,916,0,CVR009_010,217272
92711,904,0,CVR009_010,218176
92712,960,0,CVR009_010,219136
92713,856,0,CVR009_010,219992
92714,904,0,CVR009_010,220896
92715,956,0,CVR009_010,221852
92716,844,0,CVR009_010,222696
92717,896,0,CVR009_010,223592
92718,900,0,CVR009_010,224492
92719,900,0,CVR009_010,225392
92720,900,0,CVR009_010,226292
92721,900,0,CVR009_010,227192
92722,900,0,CVR009_010,228092
92723,900,0,CVR009_010,228992
92724,900,0,CVR009_010,229892
92725,960,0,CVR009_010,230852
92726,856,0,CVR009_010,231708
92727,900,0,CVR009_010,232608
92728,124,0,CVR009_010,232732
92729,764,0,CVR009_010,233496
92730,956,0,CVR009_010,234452
92731,840,0,CVR009_010,235292
92732,900,0,CVR009_010,236192
92733,920,0,CVR009_010,237112
92734,900,0,CVR009_010,238012
92735,916,0,CVR009_010,238928
92736,920,0,CVR009_010,239848
92737,1824,0,CVR009_010,241672
92738,920,0,CVR009_010,242592
92739,976,0,CVR009_010,243568
92740,864,0,CVR009_010,244432
92741,316,0,CVR009_010,244748
92742,604,0,CVR009_010,245352
92743,916,0,CVR009_010,246268
92744,980,0,CVR009_010,247248
92745,876,0,CVR009_010,248124
92746,924,0,CVR009_010,249048
92747,920,0,CVR009_010,249968
92748,920,0,CVR009_010,250888
92749,964,1,CVR009_010,251852
92750,868,0,CVR009_010,252720
92751,908,0,CVR009_010,253628
92752,920,0,CVR009_010,254548
92753,200,0,CVR009_010,254748
92754,704,0,CVR009_010,255452
92755,912,0,CVR009_010,256364
92756,904,0,CVR009_010,257268
92757,916,0,CVR009_010,258184
92758,904,0,CVR009_010,259088
92759,964,0,CVR009_010,260052
92760,860,0,CVR009_010,260912
92761,972,0,CVR009_010,261884
92762,868,0,CVR009_010,262752
92763,932,0,CVR009_010,263684
92764,924,0,CVR009_010,264608
92765,944,0,CVR009_010,265552
92766,212,0,CVR009_010,265764
92767,724,0,CVR009_010,266488
92768,940,0,CVR009_010,267428
92769,940,0,CVR009_010,268368
92770,396,0,CVR009_010,268764
92771,544,0,CVR009_010,269308
92772,940,0,CVR009_010,270248
92773,940,0,CVR009_010,271188
92774,920,0,CVR009_010,272108
92775,956,0,CVR009_010,273064
92776,944,0,CVR009_010,274008
92777,1016,0,CVR009_010,275024
92778,744,0,CVR009_010,275768
92779,152,0,CVR009_010,275920
92780,948,0,CVR009_010,276868
92781,996,0,CVR009_010,277864
92782,884,0,CVR009_010,278748
92783,940,0,CVR009_010,279688
92784,936,0,CVR009_010,280624
92785,936,0,CVR009_010,281560
92786,928,0,CVR009_010,282488
92787,940,0,CVR009_010,283428
92788,920,0,CVR009_010,284348
92789,940,0,CVR009_010,285288
92790,920,0,CVR009_010,286208
92791,940,0,CVR009_010,287148
92792,936,0,CVR009_010,288084
92793,924,0,CVR009_010,289008
92794,984,0,CVR009_010,289992
92795,896,0,CVR009_010,290888
92796,976,0,CVR009_010,291864
92797,884,0,CVR009_010,292748
92798,940,0,CVR009_010,293688
92799,940,0,CVR009_010,294628
92800,140,0,CVR009_010,294768
92801,816,0,CVR009_010,295584
92802,184,0,CVR009_010,295768
92803,760,0,CVR009_010,296528
92804,240,0,CVR009_010,296768
92805,716,0,CVR009_010,297484
92806,300,0,CVR009_010,297784
92807,644,0,CVR009_010,298428
92808,340,0,CVR009_010,298768
92809,616,0,CVR009_010,299384
92810,940,0,CVR009_010,300324
92811,460,0,CVR009_010,300784
92812,480,0,CVR009_010,301264
92813,944,0,CVR009_010,302208
92814,940,0,CVR009_010,303148
92815,940,0,CVR009_010,304088
92816,936,0,CVR009_010,305024
92817,924,0,CVR009_010,305948
92818,920,0,CVR009_010,306868
92819,916,0,CVR009_010,307784
92820,920,0,CVR009_010,308704
92821,920,0,CVR009_010,309624
92822,900,0,CVR009_010,310524
92823,920,0,CVR009_010,311444
92824,916,0,CVR009_010,312360
92825,924,0,CVR009_010,313284
92826,924,0,CVR009_010,314208
92827,916,0,CVR009_010,315124
92828,920,0,CVR009_010,316044
92829,900,0,CVR009_010,316944
92830,960,1,CVR009_010,317904
92831,840,0,CVR009_010,318744
92832,896,0,CVR009_010,319640
92833,900,0,CVR009_010,320540
92834,884,0,CVR009_010,321424
92835,904,0,CVR009_010,322328
92836,896,0,CVR009_010,323224
92837,900,0,CVR009_010,324124
92838,900,0,CVR009_010,325024
92839,900,0,CVR009_010,325924
92840,956,1,CVR009_010,326880
92841,856,0,CVR009_010,327736
92842,888,0,CVR009_010,328624
92843,900,0,CVR009_010,329524
92844,900,0,CVR009_010,330424
92845,896,0,CVR009_010,331320
92846,900,0,CVR009_010,332220
92847,920,0,CVR009_010,333140
92848,660,0,CVR009_010,333800
92849,240,0,CVR009_010,334040
92850,760,0,CVR009_010,334800
92851,156,0,CVR009_010,334956
92852,844,0,CVR009_010,335800
92853,116,0,CVR009_010,335916
92854,844,0,CVR009_010,336760
92855,56,0,CVR009_010,336816
92856,860,0,CVR009_010,337676
92857,124,0,CVR009_010,337800
92858,780,0,CVR009_010,338580
92859,220,0,CVR009_010,338800
92860,692,0,CVR009_010,339492
92861,304,0,CVR009_010,339796
92862,600,0,CVR009_010,340396
92863,400,0,CVR009_010,340796
92864,520,0,CVR009_010,341316
92865,960,0,CVR009_010,342276
92866,520,0,CVR009_010,342796
92867,340,0,CVR009_010,343136
92868,960,0,CVR009_010,344096
92869,860,0,CVR009_010,344956
92870,960,0,CVR009_010,345916
92871,1800,0,CVR009_010,347716
92872,80,0,CVR009_010,347796
92873,780,0,CVR009_010,348576
92874,220,0,CVR009_010,348796
92875,680,0,CVR009_010,349476
92876,320,0,CVR009_010,349796
92877,576,0,CVR009_010,350372
92878,424,0,CVR009_010,350796
92879,480,0,CVR009_010,351276
92880,900,0,CVR009_010,352176
92881,900,0,CVR009_010,353076
92882,912,0,CVR009_010,353988
92883,900,0,CVR009_010,354888
92884,888,0,CVR009_010,355776
92885,900,0,CVR009_010,356676
92886,896,0,CVR009_010,357572
92887,900,0,CVR009_010,358472
92888,900,0,CVR009_010,359372
92889,900,0,CVR009_010,360272
92890,916,0,CVR009_010,361188
92891,904,0,CVR009_010,362092
92892,916,0,CVR009_010,363008
92893,916,0,CVR009_010,363924
92894,1844,0,CVR009_010,365768
92895,920,0,CVR009_010,366688
92896,920,0,CVR009_010,367608
92897,940,0,CVR009_010,368548
92898,920,0,CVR009_010,369468
92899,920,0,CVR009_010,370388
92900,920,0,CVR009_010,371308
92901,920,0,CVR009_010,372228
92902,916,0,CVR009_010,373144
92903,904,0,CVR009_010,374048
92904,900,0,CVR009_010,374948
92905,964,0,CVR009_010,375912
92906,908,0,CVR009_010,376820
92907,864,0,CVR009_010,377684
92908,904,0,CVR009_010,378588
92909,900,0,CVR009_010,379488
92910,336,0,CVR009_010,379824
92911,576,0,CVR009_010,380400
92912,884,0,CVR009_010,381284
92913,900,0,CVR009_010,382184
92914,896,0,CVR009_010,383080
92915,884,0,CVR009_010,383964
92916,960,0,CVR009_010,384924
92917,896,0,CVR009_010,385820
92918,820,0,CVR009_010,386640
92919,884,0,CVR009_010,387524
92920,880,0,CVR009_010,388404
92921,900,0,CVR009_010,389304
92922,900,0,CVR009_010,390204
92923,916,0,CVR009_010,391120
92924,904,0,CVR009_010,392024
92925,920,0,CVR009_010,392944
92926,1820,0,CVR009_010,394764
92927,916,0,CVR009_010,395680
92928,900,0,CVR009_010,396580
92929,924,0,CVR009_010,397504
92930,916,0,CVR009_010,398420
92931,916,0,CVR009_010,399336
92932,920,0,CVR009_010,400256
92933,916,0,CVR009_010,401172
92934,904,0,CVR009_010,402076
92935,900,0,CVR009_010,402976
92936,960,1,CVR009_010,403936
92937,840,0,CVR009_010,404776
92938,900,0,CVR009_010,405676
92939,900,0,CVR009_010,406576
92940,900,0,CVR009_010,407476
92941,900,0,CVR009_010,408376
92942,896,0,CVR009_010,409272
92943,904,0,CVR009_010,410176
92944,920,0,CVR009_010,411096
92945,900,0,CVR009_010,411996
92946,920,0,CVR009_010,412916
92947,916,0,CVR009_010,413832
92948,920,0,CVR009_010,414752
92949,904,0,CVR009_010,415656
92950,916,0,CVR009_010,416572
92951,908,0,CVR009_010,417480
92952,916,0,CVR009_010,418396
92953,916,0,CVR009_010,419312
92954,924,0,CVR009_010,420236
92955,916,0,CVR009_010,421152
92956,924,0,CVR009_010,422076
92957,916,0,CVR009_010,422992
92958,980,0,CVR009_010,423972
92959,864,0,CVR009_010,424836
92960,956,0,CVR009_010,425792
92961,856,0,CVR009_010,426648
92962,900,0,CVR009_010,427548
92963,300,0,CVR009_010,427848
92964,588,0,CVR009_010,428436
92965,412,0,CVR009_010,428848
92966,500,0,CVR009_010,429348
92967,500,0,CVR009_010,429848
92968,404,0,CVR009_010,430252
92969,596,0,CVR009_010,430848
92970,364,0,CVR009_010,431212
92971,636,0,CVR009_010,431848
92972,224,0,CVR009_010,432072
92973,920,0,CVR009_010,432992
92974,976,0,CVR009_010,433968
92975,868,0,CVR009_010,434836
92976,916,0,CVR009_010,435752
92977,916,0,CVR009_010,436668
92978,180,0,CVR009_010,436848
92979,744,0,CVR009_010,437592
92980,916,0,CVR009_010,438508
92981,920,0,CVR009_010,439428
92982,904,0,CVR009_010,440332
92983,916,0,CVR009_010,441248
92984,920,0,CVR009_010,442168
92985,904,0,CVR009_010,443072
92986,920,0,CVR009_010,443992
92987,976,1,CVR009_010,444968
92988,864,0,CVR009_010,445832
92989,916,0,CVR009_010,446748
92990,924,0,CVR009_010,447672
92991,920,0,CVR009_010,448592
92992,260,0,CVR009_010,448852
92993,716,0,CVR009_010,449568
92994,880,0,CVR009_010,450448
92995,404,0,CVR009_010,450852
92996,520,0,CVR009_010,451372
92997,940,0,CVR009_010,452312
92998,940,0,CVR009_010,453252
92999,940,0,CVR009_010,454192
93000,940,0,CVR009_010,455132
93001,940,0,CVR009_010,456072
93002,940,0,CVR009_010,457012
93003,956,0,CVR009_010,457968
93004,984,1,CVR009_010,458952
93005,900,0,CVR009_010,459852
93006,940,0,CVR009_010,460792
93007,940,0,CVR009_010,461732
93008,924,0,CVR009_010,462656
93009,936,0,CVR009_010,463592
93010,944,0,CVR009_010,464536
93011,936,0,CVR009_010,465472
93012,940,0,CVR009_010,466412
93013,940,0,CVR009_010,467352
93014,920,0,CVR009_010,468272
93015,936,0,CVR009_010,469208
93016,924,0,CVR009_010,470132
93017,924,0,CVR009_010,471056
93018,920,0,CVR009_010,471976
93019,980,0,CVR009_010,472956
93020,916,0,CVR009_010,473872
93021,924,0,CVR009_010,474796
93022,920,0,CVR009_010,475716
93023,920,0,CVR009_010,476636
93024,864,0,CVR009_010,477500
93025,916,0,CVR009_010,478416
93026,920,0,CVR009_010,479336
93027,920,0,CVR009_010,480256
93028,920,0,CVR009_010,481176
93029,920,0,CVR009_010,482096
93030,920,0,CVR009_010,483016
93031,964,0,CVR009_010,483980
93032,880,0,CVR009_010,484860
93033,920,0,CVR009_010,485780
93034,980,0,CVR009_010,486760
93035,884,0,CVR009_010,487644
93036,936,0,CVR009_010,488580
93037,928,0,CVR009_010,489508
93038,932,0,CVR009_010,490440
93039,924,0,CVR009_010,491364
93040,920,0,CVR009_010,492284
93041,936,0,CVR009_010,493220
93042,924,0,CVR009_010,494144
93043,936,0,CVR009_010,495080
93044,924,0,CVR009_010,496004
93045,980,1,CVR009_010,496984
93046,880,0,CVR009_010,497864
93047,916,0,CVR009_010,498780
93048,924,0,CVR009_010,499704
93049,180,0,CVR009_010,499884
93050,744,0,CVR009_010,500628
93051,256,0,CVR009_010,500884
93052,664,0,CVR009_010,501548
93053,336,0,CVR009_010,501884
93054,600,0,CVR009_010,502484
93055,400,0,CVR009_010,502884
93056,520,0,CVR009_010,503404
93057,480,0,CVR009_010,503884
93058,440,0,CVR009_010,504324
93059,560,0,CVR009_010,504884
93060,344,0,CVR009_010,505228
93061,920,0,CVR009_010,506148
93062,740,0,CVR009_010,506888
93063,180,0,CVR009_010,507068
93064,820,0,CVR009_010,507888
93065,96,0,CVR009_010,507984
93066,1824,0,CVR009_010,509808
93067,160,0,CVR009_010,509968
93068,920,0,CVR009_010,510888
93069,80,0,CVR009_010,510968
93070,656,0,CVR009_010,511624
93071,920,0,CVR009_010,512544
93072,344,0,CVR009_010,512888
93073,564,0,CVR009_010,513452
93074,436,0,CVR009_010,513888
93075,480,0,CVR009_010,514368
93076,916,0,CVR009_010,515284
93077,608,0,CVR009_010,515892
93078,300,0,CVR009_010,516192
93079,700,0,CVR009_010,516892
93080,220,0,CVR009_010,517112
93081,920,0,CVR009_010,518032
93082,960,0,CVR009_010,518992
93083,864,0,CVR009_010,519856
93084,916,0,CVR009_010,520772
93085,916,0,CVR009_010,521688
93086,908,0,CVR009_010,522596
93087,916,0,CVR009_010,523512
93088,904,0,CVR009_010,524416
93089,916,0,CVR009_010,525332
93090,904,0,CVR009_010,526236
93091,920,0,CVR009_010,527156
93092,916,0,CVR009_010,528072
93093,964,1,CVR009_010,529036
93094,860,0,CVR009_010,529896
93095,920,0,CVR009_010,530816
93096,920,0,CVR009_010,531736
93097,904,0,CVR009_010,532640
93098,916,0,CVR009_010,533556
93099,924,0,CVR009_010,534480
93100,920,0,CVR009_010,535400
93101,920,0,CVR009_010,536320
93102,916,0,CVR009_010,537236
93103,908,0,CVR009_010,538144
93104,760,0,CVR009_010,538904
93105,160,0,CVR009_010,539064
93106,920,0,CVR009_010,539984
93107,920,0,CVR009_010,540904
93108,900,0,CVR009_010,541804
93109,960,0,CVR009_010,542764
93110,140,0,CVR009_010,542904
93111,724,0,CVR009_010,543628
93112,280,0,CVR009_010,543908
93113,620,0,CVR009_010,544528
93114,380,0,CVR009_010,544908
93115,1000,0,CVR009_010,545908
93116,420,0,CVR009_010,546328
93117,580,0,CVR009_010,546908
93118,320,0,CVR009_010,547228
93119,680,0,CVR009_010,547908
93120,220,0,CVR009_010,548128
93121,944,0,CVR009_010,549072
93122,856,0,CVR009_010,549928
93123,904,0,CVR009_010,550832
93124,900,0,CVR009_010,551732
93125,160,0,CVR009_010,551892
93126,744,0,CVR009_010,552636
93127,256,0,CVR009_010,552892
93128,656,0,CVR009_010,553548
93129,348,0,CVR009_010,553896
93130,560,0,CVR009_010,554456
93131,920,0,CVR009_010,555376
93132,520,0,CVR009_010,555896
93133,384,0,CVR009_010,556280
93134,920,0,CVR009_010,557200
93135,716,0,CVR009_010,557916
93136,220,0,CVR009_010,558136
93137,920,0,CVR009_010,559056
93138,940,0,CVR009_010,559996
93139,924,0,CVR009_010,560920
93140,944,0,CVR009_010,561864
93141,940,0,CVR009_010,562804
93142,936,0,CVR009_010,563740
93143,940,0,CVR009_010,564680
93144,924,0,CVR009_010,565604
93145,924,0,CVR009_010,566528
93146,936,0,CVR009_010,567464
93147,1844,0,CVR009_010,569308
93148,920,0,CVR009_010,570228
93149,932,0,CVR009_010,571160
93150,908,0,CVR009_010,572068
93151,920,0,CVR009_010,572988
93152,920,0,CVR009_010,573908
93153,920,0,CVR009_010,574828
93154,920,0,CVR009_010,575748
93155,904,0,CVR009_010,576652
93156,260,0,CVR009_010,576912
93157,656,0,CVR009_010,577568
93158,344,0,CVR009_010,577912
93159,576,0,CVR009_010,578488
93160,424,0,CVR009_010,578912
93161,480,0,CVR009_010,579392
93162,520,0,CVR009_010,579912
93163,400,0,CVR009_010,580312
93164,920,0,CVR009_010,581232
93165,920,0,CVR009_010,582152
93166,916,0,CVR009_010,583068
93167,964,1,CVR009_010,584032
93168,864,0,CVR009_010,584896
93169,904,0,CVR009_010,585800
93170,916,0,CVR009_010,586716
93171,200,0,CVR009_010,586916
93172,712,0,CVR009_010,587628
93173,908,0,CVR009_010,588536
93174,904,0,CVR009_010,589440
93175,960,1,CVR009_010,590400
93176,860,0,CVR009_010,591260
93177,920,0,CVR009_010,592180
93178,900,0,CVR009_010,593080
93179,920,0,CVR009_010,594000
93180,900,0,CVR009_010,594900
93181,904,0,CVR009_010,595804
93182,916,0,CVR009_010,596720
93183,900,0,CVR009_010,597620
93184,908,0,CVR009_010,598528
93185,900,0,CVR009_010,599428
93186,964,1,CVR009_010,600392
93187,856,0,CVR009_010,601248
93188,916,0,CVR009_010,602164
93189,908,0,CVR009_010,603072
93190,944,0,CVR009_010,604016
93191,1916,0,CVR009_010,605932
93192,940,0,CVR009_010,606872
93193,884,0,CVR009_010,607756
93194,936,0,CVR009_010,608692
93195,944,0,CVR009_010,609636
93196,940,0,CVR009_010,610576
93197,944,0,CVR009_010,611520
93198,932,0,CVR009_010,612452
93199,948,0,CVR009_010,613400
93200,956,0,CVR009_010,614356
93201,928,0,CVR009_010,615284
93202,960,0,CVR009_010,616244
93203,952,0,CVR009_010,617196
93204,944,0,CVR009_010,618140
93205,948,0,CVR009_010,619088
93206,840,0,CVR009_010,619928
93207,104,0,CVR009_010,620032
93208,996,0,CVR009_010,621028
93209,900,0,CVR009_010,621928
93210,944,0,CVR009_010,622872
93211,960,0,CVR009_010,623832
93212,940,0,CVR009_010,624772
93213,964,0,CVR009_010,625736
93214,960,0,CVR009_010,626696
93215,940,0,CVR009_010,627636
93216,964,0,CVR009_010,628600
93217,960,0,CVR009_010,629560
93218,960,0,CVR009_010,630520
93219,940,0,CVR009_010,631460
93220,956,0,CVR009_010,632416
93221,948,0,CVR009_010,633364
93222,944,0,CVR009_010,634308
93223,936,0,CVR009_010,635244
93224,940,0,CVR009_010,636184
93225,944,0,CVR009_010,637128
93226,936,0,CVR009_010,638064
93227,984,0,CVR009_010,639048
93228,504,0,CVR009_010,639552
93229,1140,0,CVR009_010,640692
93230,980,0,CVR009_010,641672
93231,280,0,CVR009_010,641952
93232,664,0,CVR009_010,642616
93233,336,0,CVR009_010,642952
93234,616,0,CVR009_010,643568
93235,928,0,CVR009_010,644496
93236,940,0,CVR009_010,645436
93237,924,0,CVR009_010,646360
93238,936,0,CVR009_010,647296
93239,924,0,CVR009_010,648220
93240,940,0,CVR009_010,649160
93241,936,0,CVR009_010,650096
93242,972,1,CVR009_010,651068
93243,876,0,CVR009_010,651944
93244,920,0,CVR009_010,652864
93245,940,0,CVR009_010,653804
93246,980,0,CVR009_010,654784
93247,924,0,CVR009_010,655708
93248,880,0,CVR009_010,656588
93249,920,0,CVR009_010,657508
93250,936,0,CVR009_010,658444
93251,928,0,CVR009_010,659372
93252,924,0,CVR009_010,660296
93253,996,1,CVR009_010,661292
93254,884,0,CVR009_010,662176
93255,936,0,CVR009_010,663112
93256,944,0,CVR009_010,664056
93257,1000,1,CVR009_010,665056
93258,876,0,CVR009_010,665932
93259,948,0,CVR009_010,666880
93260,940,0,CVR009_010,667820
93261,940,0,CVR009_010,668760
93262,1000,1,CVR009_010,669760
93263,900,0,CVR009_010,670660
93264,944,0,CVR009_010,671604
93265,944,0,CVR009_010,672548
93266,956,0,CVR009_010,673504
93267,944,0,CVR009_010,674448
93268,960,0,CVR009_010,675408
93269,940,0,CVR009_010,676348
93270,940,0,CVR009_010,677288
93271,944,0,CVR009_010,678232
93272,920,0,CVR009_010,679152
93273,820,0,CVR009_010,679972
93274,120,0,CVR009_010,680092
93275,984,0,CVR009_010,681076
93276,876,0,CVR009_010,681952
93277,920,0,CVR009_010,682872
93278,920,0,CVR009_010,683792
93279,908,0,CVR009_010,684700
93280,276,0,CVR009_010,684976
93281,644,0,CVR009_010,685620
93282,356,0,CVR009_010,685976
93283,580,0,CVR009_010,686556
93284,424,0,CVR009_010,686980
93285,500,0,CVR009_010,687480
93286,500,0,CVR009_010,687980
93287,420,0,CVR009_010,688400
93288,580,0,CVR009_010,688980
93289,356,0,CVR009_010,689336
93290,644,0,CVR009_010,689980
93291,280,0,CVR009_010,690260
93292,720,0,CVR009_010,690980
93293,264,0,CVR009_010,691244
93294,1840,0,CVR009_010,693084
93295,1024,0,CVR009_010,694108
93296,956,0,CVR009_010,695064
93297,904,0,CVR009_010,695968
93298,980,0,CVR009_010,696948
93299,960,0,CVR009_010,697908
93300,960,0,CVR009_010,698868
93301,964,0,CVR009_010,699832
93302,944,0,CVR009_010,700776
93303,196,0,CVR009_010,700972
93304,760,0,CVR009_010,701732
93305,260,0,CVR009_010,701992
93306,700,0,CVR009_010,702692
93307,284,0,CVR009_010,702976
93308,640,0,CVR009_010,703616
93309,940,0,CVR009_010,704556
93310,980,0,CVR009_010,705536
93311,880,0,CVR009_010,706416
93312,924,0,CVR009_010,707340
93313,936,0,CVR009_010,708276
93314,924,0,CVR009_010,709200
93315,1860,0,CVR009_010,711060
93316,928,0,CVR009_010,711988
93317,936,0,CVR009_010,712924
93318,940,0,CVR009_010,713864
93319,940,0,CVR009_010,714804
93320,940,0,CVR009_010,715744
93321,956,0,CVR009_010,716700
93322,944,0,CVR009_010,717644
93323,936,0,CVR009_010,718580
93324,948,0,CVR009_010,719528
93325,940,0,CVR009_010,720468
93326,920,0,CVR009_010,721388
93327,1000,1,CVR009_010,722388
93328,880,0,CVR009_010,723268
93329,944,0,CVR009_010,724212
93330,936,0,CVR009_010,725148
93331,924,0,CVR009_010,726072
93332,1000,1,CVR009_010,727072
93333,884,0,CVR009_010,727956
93334,936,0,CVR009_010,728892
93335,944,0,CVR009_010,729836
93336,936,0,CVR009_010,730772
93337,940,0,CVR009_010,731712
93338,928,0,CVR009_010,732640
93339,936,0,CVR009_010,733576
93340,940,0,CVR009_010,734516
93341,920,0,CVR009_010,735436
93342,936,0,CVR009_010,736372
93343,924,0,CVR009_010,737296
93344,920,0,CVR009_010,738216
93345,944,0,CVR009_010,739160
93346,936,0,CVR009_010,740096
93347,2804,0,CVR009_010,742900
93348,920,0,CVR009_010,743820
93349,936,0,CVR009_010,744756
93350,244,0,CVR009_010,745000
93351,664,0,CVR009_010,745664
93352,336,0,CVR009_010,746000
93353,640,0,CVR009_010,746640
93354,868,0,CVR009_010,747508
93355,496,0,CVR009_010,748004
93356,420,0,CVR009_010,748424
93357,580,0,CVR009_010,749004
93358,356,0,CVR009_010,749360
93359,644,0,CVR009_010,750004
93360,280,0,CVR009_010,750284
93361,720,0,CVR009_010,751004
93362,216,0,CVR009_010,751220
93363,924,0,CVR009_010,752144
93364,980,0,CVR009_010,753124
93365,884,0,CVR009_010,754008
93366,936,0,CVR009_010,754944
93367,980,0,CVR009_010,755924
93368,884,0,CVR009_010,756808
93369,920,0,CVR009_010,757728
93370,276,0,CVR009_010,758004
93371,660,0,CVR009_010,758664
93372,344,0,CVR009_010,759008
93373,580,0,CVR009_010,759588
93374,420,0,CVR009_010,760008
93375,500,0,CVR009_010,760508
93376,500,0,CVR009_010,761008
93377,436,0,CVR009_010,761444
93378,564,0,CVR009_010,762008
93379,356,0,CVR009_010,762364
93380,644,0,CVR009_010,763008
93381,276,0,CVR009_010,763284
93382,724,0,CVR009_010,764008
93383,200,0,CVR009_010,764208
93384,920,0,CVR009_010,765128
93385,1844,0,CVR009_010,766972
93386,916,0,CVR009_010,767888
93387,924,0,CVR009_010,768812
93388,920,0,CVR009_010,769732
93389,932,0,CVR009_010,770664
93390,924,0,CVR009_010,771588
93391,980,1,CVR009_010,772568
93392,864,0,CVR009_010,773432
93393,936,0,CVR009_010,774368
93394,924,0,CVR009_010,775292
93395,940,0,CVR009_010,776232
93396,920,0,CVR009_010,777152
93397,984,1,CVR009_010,778136
93398,888,0,CVR009_010,779024
93399,924,0,CVR009_010,779948
93400,920,0,CVR009_010,780868
93401,928,0,CVR009_010,781796
93402,232,0,CVR009_010,782028
93403,700,0,CVR009_010,782728
93404,300,0,CVR009_010,783028
93405,620,0,CVR009_010,783648
93406,924,0,CVR009_010,784572
93407,456,0,CVR009_010,785028
93408,520,0,CVR009_010,785548
93409,864,0,CVR009_010,786412
93410,616,0,CVR009_010,787028
93411,300,0,CVR009_010,787328
93412,924,0,CVR009_010,788252
93413,920,0,CVR009_010,789172
93414,976,1,CVR009_010,790148
93415,880,0,CVR009_010,791028
93416,924,0,CVR009_010,791952
93417,936,0,CVR009_010,792888
93418,924,0,CVR009_010,793812
93419,920,0,CVR009_010,794732
93420,936,0,CVR009_010,795668
93421,920,0,CVR009_010,796588
93422,924,0,CVR009_010,797512
93423,936,0,CVR009_010,798448
93424,920,0,CVR009_010,799368
93425,980,0,CVR009_010,800348
93426,880,0,CVR009_010,801228
93427,920,0,CVR009_010,802148
93428,984,0,CVR009_010,803132
93429,876,0,CVR009_010,804008
93430,980,0,CVR009_010,804988
93431,880,0,CVR009_010,805868
93432,920,0,CVR009_010,806788
93433,936,0,CVR009_010,807724
93434,304,0,CVR009_010,808028
93435,636,0,CVR009_010,808664
93436,364,0,CVR009_010,809028
93437,560,0,CVR009_010,809588
93438,936,0,CVR009_010,810524
93439,940,0,CVR009_010,811464
93440,936,0,CVR009_010,812400
93441,928,0,CVR009_010,813328
93442,936,0,CVR009_010,814264
93443,940,0,CVR009_010,815204
93444,936,0,CVR009_010,816140
93445,1884,0,CVR009_010,818024
93446,924,0,CVR009_010,818948
93447,936,0,CVR009_010,819884
93448,960,0,CVR009_010,820844
93449,936,0,CVR009_010,821780
93450,940,0,CVR009_010,822720
93451,944,0,CVR009_010,823664
93452,960,0,CVR009_010,824624
93453,956,0,CVR009_010,825580
93454,944,0,CVR009_010,826524
93455,972,0,CVR009_010,827496
93456,948,0,CVR009_010,828444
93457,940,0,CVR009_010,829384
93458,960,0,CVR009_010,830344
93459,956,0,CVR009_010,831300
93460,944,0,CVR009_010,832244
93461,956,0,CVR009_010,833200
93462,940,0,CVR009_010,834140
93463,1000,1,CVR009_010,835140
93464,880,0,CVR009_010,836020
93465,940,0,CVR009_010,836960
93466,940,0,CVR009_010,837900
93467,936,0,CVR009_010,838836
93468,924,0,CVR009_010,839760
93469,300,0,CVR009_010,840060
93470,640,0,CVR009_010,840700
93471,940,0,CVR009_010,841640
93472,420,0,CVR009_010,842060
93473,504,0,CVR009_010,842564
93474,496,0,CVR009_010,843060
93475,444,0,CVR009_010,843504
93476,936,0,CVR009_010,844440
93477,940,0,CVR009_010,845380
93478,944,0,CVR009_010,846324
93479,936,0,CVR009_010,847260
93480,940,0,CVR009_010,848200
93481,940,0,CVR009_010,849140
93482,1880,0,CVR009_010,851020
93483,980,0,CVR009_010,852000
93484,940,0,CVR009_010,852940
93485,884,0,CVR009_010,853824
93486,236,0,CVR009_010,854060
93487,704,0,CVR009_010,854764
93488,296,0,CVR009_010,855060
93489,640,0,CVR009_010,855700
93490,924,0,CVR009_010,856624
93491,980,0,CVR009_010,857604
93492,876,0,CVR009_010,858480
93493,924,0,CVR009_010,859404
93494,1856,0,CVR009_010,861260
93495,924,0,CVR009_010,862184
93496,980,0,CVR009_010,863164
93497,880,0,CVR009_010,864044
93498,920,0,CVR009_010,864964
93499,940,0,CVR009_010,865904
93500,940,0,CVR009_010,866844
93501,220,0,CVR009_010,867064
93502,720,0,CVR009_010,867784
93503,940,0,CVR009_010,868724
93504,940,0,CVR009_010,869664
93505,956,0,CVR009_010,870620
93506,924,0,CVR009_010,871544
93507,944,0,CVR009_010,872488
93508,940,0,CVR009_010,873428
93509,936,0,CVR009_010,874364
93510,1000,0,CVR009_010,875364
93511,900,0,CVR009_010,876264
93512,924,0,CVR009_010,877188
93513,956,0,CVR009_010,878144
93514,1880,0,CVR009_010,880024
93515,944,0,CVR009_010,880968
93516,940,0,CVR009_010,881908
93517,940,0,CVR009_010,882848
93518,236,0,CVR009_010,883084
93519,764,0,CVR009_010,883848
93520,216,0,CVR009_010,884064
93521,680,0,CVR009_010,884744
93522,324,0,CVR009_010,885068
93523,616,0,CVR009_010,885684
93524,384,0,CVR009_010,886068
93525,560,0,CVR009_010,886628
93526,436,0,CVR009_010,887064
93527,500,0,CVR009_010,887564
93528,940,0,CVR009_010,888504
93529,940,0,CVR009_010,889444
93530,924,0,CVR009_010,890368
93531,996,0,CVR009_010,891364
93532,880,0,CVR009_010,892244
93533,924,0,CVR009_010,893168
93534,1860,0,CVR009_010,895028
93535,940,0,CVR009_010,895968
93536,932,0,CVR009_010,896900
93537,924,0,CVR009_010,897824
93538,920,0,CVR009_010,898744
93539,924,0,CVR009_010,899668
93540,920,0,CVR009_010,900588
93541,936,0,CVR009_010,901524
93542,560,0,CVR009_010,902084
93543,360,0,CVR009_010,902444
93544,924,0,CVR009_010,903368
93545,936,0,CVR009_010,904304
93546,920,0,CVR009_010,905224
93547,956,0,CVR009_010,906180
93548,1868,0,CVR009_010,908048
93549,936,0,CVR009_010,908984
93550,940,0,CVR009_010,909924
93551,940,0,CVR009_010,910864
93552,220,0,CVR009_010,911084
93553,720,0,CVR009_010,911804
93554,284,0,CVR009_010,912088
93555,716,0,CVR009_010,912804
93556,880,0,CVR009_010,913684
93557,940,0,CVR009_010,914624
93558,924,0,CVR009_010,915548
93559,940,0,CVR009_010,916488
93560,940,0,CVR009_010,917428
93561,660,0,CVR009_010,918088
93562,280,0,CVR009_010,918368
93563,940,0,CVR009_010,919308
93564,960,0,CVR009_010,920268
93565,940,0,CVR009_010,921208
93566,984,1,CVR009_010,922192
93567,900,0,CVR009_010,923092
93568,936,0,CVR009_010,924028
93569,960,0,CVR009_010,924988
93570,1020,1,CVR009_010,926008
93571,884,0,CVR009_010,926892
93572,956,0,CVR009_010,927848
93573,944,0,CVR009_010,928792
93574,316,0,CVR009_010,929108
93575,640,0,CVR009_010,929748
93576,360,0,CVR009_010,930108
93577,584,0,CVR009_010,930692
93578,400,0,CVR009_010,931092
93579,1000,0,CVR009_010,932092
93580,540,0,CVR009_010,932632
93581,896,0,CVR009_010,933528
93582,564,0,CVR009_010,934092
93583,376,0,CVR009_010,934468
93584,624,0,CVR009_010,935092
93585,320,0,CVR009_010,935412
93586,696,0,CVR009_010,936108
93587,240,0,CVR009_010,936348
93588,940,0,CVR009_010,937288
93589,940,0,CVR009_010,938228
93590,988,1,CVR009_010,939216
93591,892,0,CVR009_010,940108
93592,944,0,CVR009_010,941052
93593,940,0,CVR009_010,941992
93594,940,0,CVR009_010,942932
93595,940,0,CVR009_010,943872
93596,924,0,CVR009_010,944796
93597,936,0,CVR009_010,945732
93598,924,0,CVR009_010,946656
93599,936,0,CVR009_010,947592
93600,920,0,CVR009_010,948512
93601,920,0,CVR009_010,949432
93602,680,0,CVR009_010,950112
93603,244,0,CVR009_010,950356
93604,936,0,CVR009_010,951292
93605,980,0,CVR009_010,952272
93606,940,0,CVR009_010,953212
93607,884,0,CVR009_010,954096
93608,936,0,CVR009_010,955032
93609,924,0,CVR009_010,955956
93610,160,0,CVR009_010,956116
93611,796,0,CVR009_010,956912
93612,204,0,CVR009_010,957116
93613,740,0,CVR009_010,957856
93614,260,0,CVR009_010,958116
93615,680,0,CVR009_010,958796
93616,320,0,CVR009_010,959116
93617,620,0,CVR009_010,959736
93618,1000,0,CVR009_010,960736
93619,940,0,CVR009_010,961676
93620,900,0,CVR009_010,962576
93621,940,0,CVR009_010,963516
93622,600,0,CVR009_010,964116
93623,344,0,CVR009_010,964460
93624,656,0,CVR009_010,965116
93625,300,0,CVR009_010,965416
93626,944,0,CVR009_010,966360
93627,756,0,CVR009_010,967116
93628,204,0,CVR009_010,967320
93629,776,0,CVR009_010,968096
93630,200,0,CVR009_010,968296
93631,940,0,CVR009_010,969236
93632,988,0,CVR009_010,970224
93633,892,0,CVR009_010,971116
93634,924,0,CVR009_010,972040
93635,936,0,CVR009_010,972976
93636,424,0,CVR009_010,973400
93637,252,0,CVR009_010,973652
93638,252,0,CVR009_010,973904
93639,940,0,CVR009_010,974844
93640,948,0,CVR009_010,975792
93641,944,0,CVR009_010,976736
93642,956,0,CVR009_010,977692
93643,952,0,CVR009_010,978644
93644,1016,1,CVR009_010,979660
93645,916,0,CVR009_010,980576
93646,964,0,CVR009_010,981540
93647,980,0,CVR009_010,982520
93648,980,0,CVR009_010,983500
93649,976,0,CVR009_010,984476
93650,1004,0,CVR009_010,985480
93651,980,0,CVR009_010,986460
93652,1000,0,CVR009_010,987460
93653,1020,0,CVR009_010,988480
93654,1016,0,CVR009_010,989496
93655,1064,0,CVR009_010,990560
93656,1080,0,CVR009_010,991640
93657,1020,0,CVR009_010,992660
93658,964,0,CVR009_010,993624
93659,996,0,CVR009_010,994620
93660,1000,0,CVR009_010,995620
93661,1004,0,CVR009_010,996624
93662,1000,0,CVR009_010,997624
93663,996,0,CVR009_010,998620
93664,980,0,CVR009_010,999600
93665,996,0,CVR009_010,1000596
93666,964,0,CVR009_010,1001560
93667,972,0,CVR009_010,1002532
93668,968,0,CVR009_010,1003500
93669,964,0,CVR009_010,1004464
93670,968,0,CVR009_010,1005432
93671,948,0,CVR009_010,1006380
93672,960,0,CVR009_010,1007340
93673,944,0,CVR009_010,1008284
93674,952,0,CVR009_010,1009236
93675,1000,0,CVR009_010,1010236
93676,896,0,CVR009_010,1011132
93677,964,0,CVR009_010,1012096
93678,1024,0,CVR009_010,1013120
93679,896,0,CVR009_010,1014016
93680,980,0,CVR009_010,1014996
93681,1000,0,CVR009_010,1015996
93682,984,0,CVR009_010,1016980
93683,1020,0,CVR009_010,1018000
93684,1060,0,CVR009_010,1019060
93685,1020,0,CVR009_010,1020080
93686,1020,0,CVR009_010,1021100
93687,1020,0,CVR009_010,1022120
93688,1000,0,CVR009_010,1023120
93689,1000,0,CVR009_010,1024120
93690,980,0,CVR009_010,1025100
93691,1020,0,CVR009_010,1026120
93692,1016,0,CVR009_010,1027136
93693,1004,0,CVR009_010,1028140
93694,1000,0,CVR009_010,1029140
93695,1016,0,CVR009_010,1030156
93696,1084,0,CVR009_010,1031240
93697,1036,0,CVR009_010,1032276
93698,1004,0,CVR009_010,1033280
93699,976,0,CVR009_010,1034256
93700,1000,0,CVR009_010,1035256
93701,900,0,CVR009_010,1036156
93702,104,0,CVR009_010,1036260
93703,1000,0,CVR009_010,1037260
93704,1000,0,CVR009_010,1038260
93705,880,0,CVR014_007,880
93706,900,0,CVR014_007,1780
93707,908,0,CVR014_007,2688
93708,888,0,CVR014_007,3576
93709,892,0,CVR014_007,4468
93710,876,0,CVR014_007,5344
93711,872,0,CVR014_007,6216
93712,872,0,CVR014_007,7088
93713,872,0,CVR014_007,7960
93714,868,0,CVR014_007,8828
93715,880,0,CVR014_007,9708
93716,864,0,CVR014_007,10572
93717,872,0,CVR014_007,11444
93718,868,0,CVR014_007,12312
93719,856,0,CVR014_007,13168
93720,864,0,CVR014_007,14032
93721,852,0,CVR014_007,14884
93722,860,0,CVR014_007,15744
93723,864,0,CVR014_007,16608
93724,856,0,CVR014_007,17464
93725,872,0,CVR014_007,18336
93726,876,0,CVR014_007,19212
93727,880,0,CVR014_007,20092
93728,876,0,CVR014_007,20968
93729,880,0,CVR014_007,21848
93730,864,0,CVR014_007,22712
93731,856,0,CVR014_007,23568
93732,848,0,CVR014_007,24416
93733,856,0,CVR014_007,25272
93734,844,0,CVR014_007,26116
93735,852,0,CVR014_007,26968
93736,876,0,CVR014_007,27844
93737,872,0,CVR014_007,28716
93738,864,0,CVR014_007,29580
93739,876,0,CVR014_007,30456
93740,876,0,CVR014_007,31332
93741,856,0,CVR014_007,32188
93742,856,0,CVR014_007,33044
93743,864,0,CVR014_007,33908
93744,848,0,CVR014_007,34756
93745,856,0,CVR014_007,35612
93746,856,0,CVR014_007,36468
93747,868,0,CVR014_007,37336
93748,856,0,CVR014_007,38192
93749,852,0,CVR014_007,39044
93750,868,0,CVR014_007,39912
93751,864,0,CVR014_007,40776
93752,848,0,CVR014_007,41624
93753,856,0,CVR014_007,42480
93754,852,0,CVR014_007,43332
93755,840,0,CVR014_007,44172
93756,840,0,CVR014_007,45012
93757,844,0,CVR014_007,45856
93758,844,0,CVR014_007,46700
93759,848,0,CVR014_007,47548
93760,856,0,CVR014_007,48404
93761,848,0,CVR014_007,49252
93762,856,0,CVR014_007,50108
93763,864,0,CVR014_007,50972
93764,848,0,CVR014_007,51820
93765,848,0,CVR014_007,52668
93766,848,0,CVR014_007,53516
93767,840,0,CVR014_007,54356
93768,848,0,CVR014_007,55204
93769,824,0,CVR014_007,56028
93770,812,0,CVR014_007,56840
93771,812,0,CVR014_007,57652
93772,828,0,CVR014_007,58480
93773,832,0,CVR014_007,59312
93774,836,0,CVR014_007,60148
93775,852,0,CVR014_007,61000
93776,864,0,CVR014_007,61864
93777,872,0,CVR014_007,62736
93778,880,0,CVR014_007,63616
93779,876,0,CVR014_007,64492
93780,896,0,CVR014_007,65388
93781,880,0,CVR014_007,66268
93782,896,0,CVR014_007,67164
93783,888,0,CVR014_007,68052
93784,904,0,CVR014_007,68956
93785,876,0,CVR014_007,69832
93786,904,0,CVR014_007,70736
93787,892,0,CVR014_007,71628
93788,896,0,CVR014_007,72524
93789,884,0,CVR014_007,73408
93790,904,0,CVR014_007,74312
93791,888,0,CVR014_007,75200
93792,888,0,CVR014_007,76088
93793,892,0,CVR014_007,76980
93794,872,0,CVR014_007,77852
93795,892,0,CVR014_007,78744
93796,888,0,CVR014_007,79632
93797,868,0,CVR014_007,80500
93798,884,0,CVR014_007,81384
93799,868,0,CVR014_007,82252
93800,876,0,CVR014_007,83128
93801,864,0,CVR014_007,83992
93802,876,0,CVR014_007,84868
93803,868,0,CVR014_007,85736
93804,864,0,CVR014_007,86600
93805,876,0,CVR014_007,87476
93806,864,0,CVR014_007,88340
93807,868,0,CVR014_007,89208
93808,864,0,CVR014_007,90072
93809,868,0,CVR014_007,90940
93810,880,0,CVR014_007,91820
93811,872,0,CVR014_007,92692
93812,880,0,CVR014_007,93572
93813,872,0,CVR014_007,94444
93814,888,0,CVR014_007,95332
93815,888,0,CVR014_007,96220
93816,884,0,CVR014_007,97104
93817,896,0,CVR014_007,98000
93818,872,0,CVR014_007,98872
93819,884,0,CVR014_007,99756
93820,872,0,CVR014_007,100628
93821,876,0,CVR014_007,101504
93822,876,0,CVR014_007,102380
93823,864,0,CVR014_007,103244
93824,876,0,CVR014_007,104120
93825,868,0,CVR014_007,104988
93826,872,0,CVR014_007,105860
93827,868,0,CVR014_007,106728
93828,868,0,CVR014_007,107596
93829,872,0,CVR014_007,108468
93830,872,0,CVR014_007,109340
93831,872,0,CVR014_007,110212
93832,868,0,CVR014_007,111080
93833,876,0,CVR014_007,111956
93834,860,0,CVR014_007,112816
93835,876,0,CVR014_007,113692
93836,864,0,CVR014_007,114556
93837,864,0,CVR014_007,115420
93838,868,0,CVR014_007,116288
93839,860,0,CVR014_007,117148
93840,848,0,CVR014_007,117996
93841,836,0,CVR014_007,118832
93842,824,0,CVR014_007,119656
93843,824,0,CVR014_007,120480
93844,840,0,CVR014_007,121320
93845,844,0,CVR014_007,122164
93846,860,0,CVR014_007,123024
93847,868,0,CVR014_007,123892
93848,872,0,CVR014_007,124764
93849,904,0,CVR014_007,125668
93850,884,0,CVR014_007,126552
93851,896,0,CVR014_007,127448
93852,900,0,CVR014_007,128348
93853,928,0,CVR014_007,129276
93854,904,0,CVR014_007,130180
93855,916,0,CVR014_007,131096
93856,920,0,CVR014_007,132016
93857,940,0,CVR014_007,132956
93858,932,0,CVR014_007,133888
93859,928,0,CVR014_007,134816
93860,936,0,CVR014_007,135752
93861,904,0,CVR014_007,136656
93862,916,0,CVR014_007,137572
93863,916,0,CVR014_007,138488
93864,896,0,CVR014_007,139384
93865,896,0,CVR014_007,140280
93866,876,0,CVR014_007,141156
93867,904,0,CVR014_007,142060
93868,884,0,CVR014_007,142944
93869,880,0,CVR014_007,143824
93870,876,0,CVR014_007,144700
93871,868,0,CVR014_007,145568
93872,864,0,CVR014_007,146432
93873,860,0,CVR014_007,147292
93874,868,0,CVR014_007,148160
93875,872,0,CVR014_007,149032
93876,872,0,CVR014_007,149904
93877,852,0,CVR014_007,150756
93878,876,0,CVR014_007,151632
93879,880,0,CVR014_007,152512
93880,888,0,CVR014_007,153400
93881,880,0,CVR014_007,154280
93882,872,0,CVR014_007,155152
93883,880,0,CVR014_007,156032
93884,872,0,CVR014_007,156904
93885,884,0,CVR014_007,157788
93886,872,0,CVR014_007,158660
93887,888,0,CVR014_007,159548
93888,892,0,CVR014_007,160440
93889,888,0,CVR014_007,161328
93890,900,0,CVR014_007,162228
93891,892,0,CVR014_007,163120
93892,908,0,CVR014_007,164028
93893,900,0,CVR014_007,164928
93894,904,0,CVR014_007,165832
93895,940,0,CVR014_007,166772
93896,936,0,CVR014_007,167708
93897,932,0,CVR014_007,168640
93898,932,0,CVR014_007,169572
93899,920,0,CVR014_007,170492
93900,924,0,CVR014_007,171416
93901,952,0,CVR014_007,172368
93902,920,0,CVR014_007,173288
93903,936,0,CVR014_007,174224
93904,916,0,CVR014_007,175140
93905,936,0,CVR014_007,176076
93906,916,0,CVR014_007,176992
93907,916,0,CVR014_007,177908
93908,936,0,CVR014_007,178844
93909,912,0,CVR014_007,179756
93910,924,0,CVR014_007,180680
93911,908,0,CVR014_007,181588
93912,924,0,CVR014_007,182512
93913,908,0,CVR014_007,183420
93914,912,0,CVR014_007,184332
93915,900,0,CVR014_007,185232
93916,892,0,CVR014_007,186124
93917,900,0,CVR014_007,187024
93918,900,0,CVR014_007,187924
93919,924,0,CVR014_007,188848
93920,908,0,CVR014_007,189756
93921,912,0,CVR014_007,190668
93922,892,0,CVR014_007,191560
93923,900,0,CVR014_007,192460
93924,900,0,CVR014_007,193360
93925,896,0,CVR014_007,194256
93926,892,0,CVR014_007,195148
93927,884,0,CVR014_007,196032
93928,900,0,CVR014_007,196932
93929,888,0,CVR014_007,197820
93930,884,0,CVR014_007,198704
93931,876,0,CVR014_007,199580
93932,872,0,CVR014_007,200452
93933,872,0,CVR014_007,201324
93934,860,0,CVR014_007,202184
93935,880,0,CVR014_007,203064
93936,868,0,CVR014_007,203932
93937,876,0,CVR014_007,204808
93938,884,0,CVR014_007,205692
93939,884,0,CVR014_007,206576
93940,896,0,CVR014_007,207472
93941,888,0,CVR014_007,208360
93942,892,0,CVR014_007,209252
93943,880,0,CVR014_007,210132
93944,880,0,CVR014_007,211012
93945,880,0,CVR014_007,211892
93946,884,0,CVR014_007,212776
93947,888,0,CVR014_007,213664
93948,884,0,CVR014_007,214548
93949,892,0,CVR014_007,215440
93950,872,0,CVR014_007,216312
93951,872,0,CVR014_007,217184
93952,864,0,CVR014_007,218048
93953,852,0,CVR014_007,218900
93954,848,0,CVR014_007,219748
93955,844,0,CVR014_007,220592
93956,864,0,CVR014_007,221456
93957,872,0,CVR014_007,222328
93958,872,0,CVR014_007,223200
93959,884,0,CVR014_007,224084
93960,900,0,CVR014_007,224984
93961,892,0,CVR014_007,225876
93962,884,0,CVR014_007,226760
93963,896,0,CVR014_007,227656
93964,880,0,CVR014_007,228536
93965,868,0,CVR014_007,229404
93966,860,0,CVR014_007,230264
93967,832,0,CVR014_007,231096
93968,824,0,CVR014_007,231920
93969,824,0,CVR014_007,232744
93970,824,0,CVR014_007,233568
93971,820,0,CVR014_007,234388
93972,812,0,CVR014_007,235200
93973,816,0,CVR014_007,236016
93974,820,0,CVR014_007,236836
93975,824,0,CVR014_007,237660
93976,832,0,CVR014_007,238492
93977,828,0,CVR014_007,239320
93978,840,0,CVR014_007,240160
93979,832,0,CVR014_007,240992
93980,852,0,CVR014_007,241844
93981,848,0,CVR014_007,242692
93982,860,0,CVR014_007,243552
93983,860,0,CVR014_007,244412
93984,860,0,CVR014_007,245272
93985,868,0,CVR014_007,246140
93986,856,0,CVR014_007,246996
93987,860,0,CVR014_007,247856
93988,848,0,CVR014_007,248704
93989,852,0,CVR014_007,249556
93990,844,0,CVR014_007,250400
93991,848,0,CVR014_007,251248
93992,844,0,CVR014_007,252092
93993,844,0,CVR014_007,252936
93994,852,0,CVR014_007,253788
93995,848,0,CVR014_007,254636
93996,860,0,CVR014_007,255496
93997,852,0,CVR014_007,256348
93998,852,0,CVR014_007,257200
93999,848,0,CVR014_007,258048
94000,848,0,CVR014_007,258896
94001,860,0,CVR014_007,259756
94002,852,0,CVR014_007,260608
94003,856,0,CVR014_007,261464
94004,856,0,CVR014_007,262320
94005,856,0,CVR014_007,263176
94006,864,0,CVR014_007,264040
94007,892,1,CVR014_007,264932
94008,828,0,CVR014_007,265760
94009,852,0,CVR014_007,266612
94010,856,0,CVR014_007,267468
94011,852,0,CVR014_007,268320
94012,852,0,CVR014_007,269172
94013,856,0,CVR014_007,270028
94014,852,0,CVR014_007,270880
94015,864,0,CVR014_007,271744
94016,856,0,CVR014_007,272600
94017,856,0,CVR014_007,273456
94018,852,0,CVR014_007,274308
94019,868,0,CVR014_007,275176
94020,860,0,CVR014_007,276036
94021,864,0,CVR014_007,276900
94022,856,0,CVR014_007,277756
94023,856,0,CVR014_007,278612
94024,864,0,CVR014_007,279476
94025,844,0,CVR014_007,280320
94026,856,0,CVR014_007,281176
94027,844,0,CVR014_007,282020
94028,844,0,CVR014_007,282864
94029,844,0,CVR014_007,283708
94030,836,0,CVR014_007,284544
94031,836,0,CVR014_007,285380
94032,840,0,CVR014_007,286220
94033,828,0,CVR014_007,287048
94034,836,0,CVR014_007,287884
94035,832,0,CVR014_007,288716
94036,828,0,CVR014_007,289544
94037,836,0,CVR014_007,290380
94038,828,0,CVR014_007,291208
94039,832,0,CVR014_007,292040
94040,836,0,CVR014_007,292876
94041,836,0,CVR014_007,293712
94042,832,0,CVR014_007,294544
94043,832,0,CVR014_007,295376
94044,828,0,CVR014_007,296204
94045,828,0,CVR014_007,297032
94046,828,0,CVR014_007,297860
94047,820,0,CVR014_007,298680
94048,824,0,CVR014_007,299504
94049,816,0,CVR014_007,300320
94050,824,0,CVR014_007,301144
94051,824,0,CVR014_007,301968
94052,828,0,CVR014_007,302796
94053,832,0,CVR014_007,303628
94054,828,0,CVR014_007,304456
94055,836,0,CVR014_007,305292
94056,824,0,CVR014_007,306116
94057,844,0,CVR014_007,306960
94058,836,0,CVR014_007,307796
94059,832,0,CVR014_007,308628
94060,820,0,CVR014_007,309448
94061,848,0,CVR014_007,310296
94062,836,0,CVR014_007,311132
94063,836,0,CVR014_007,311968
94064,852,0,CVR014_007,312820
94065,868,0,CVR014_007,313688
94066,860,0,CVR014_007,314548
94067,868,0,CVR014_007,315416
94068,868,0,CVR014_007,316284
94069,876,0,CVR014_007,317160
94070,880,0,CVR014_007,318040
94071,884,0,CVR014_007,318924
94072,900,0,CVR014_007,319824
94073,900,0,CVR014_007,320724
94074,916,0,CVR014_007,321640
94075,912,0,CVR014_007,322552
94076,924,0,CVR014_007,323476
94077,912,0,CVR014_007,324388
94078,904,0,CVR014_007,325292
94079,916,0,CVR014_007,326208
94080,904,0,CVR014_007,327112
94081,920,0,CVR014_007,328032
94082,924,0,CVR014_007,328956
94083,920,0,CVR014_007,329876
94084,920,0,CVR014_007,330796
94085,932,0,CVR014_007,331728
94086,916,0,CVR014_007,332644
94087,920,0,CVR014_007,333564
94088,916,0,CVR014_007,334480
94089,916,0,CVR014_007,335396
94090,920,0,CVR014_007,336316
94091,904,0,CVR014_007,337220
94092,920,0,CVR014_007,338140
94093,908,0,CVR014_007,339048
94094,920,0,CVR014_007,339968
94095,916,0,CVR014_007,340884
94096,928,0,CVR014_007,341812
94097,928,0,CVR014_007,342740
94098,940,0,CVR014_007,343680
94099,944,0,CVR014_007,344624
94100,948,0,CVR014_007,345572
94101,964,0,CVR014_007,346536
94102,960,0,CVR014_007,347496
94103,952,0,CVR014_007,348448
94104,952,0,CVR014_007,349400
94105,956,0,CVR014_007,350356
94106,944,0,CVR014_007,351300
94107,944,0,CVR014_007,352244
94108,940,0,CVR014_007,353184
94109,932,0,CVR014_007,354116
94110,916,0,CVR014_007,355032
94111,912,0,CVR014_007,355944
94112,908,0,CVR014_007,356852
94113,896,0,CVR014_007,357748
94114,896,0,CVR014_007,358644
94115,888,0,CVR014_007,359532
94116,888,0,CVR014_007,360420
94117,868,0,CVR014_007,361288
94118,872,0,CVR014_007,362160
94119,872,0,CVR014_007,363032
94120,864,0,CVR014_007,363896
94121,872,0,CVR014_007,364768
94122,864,0,CVR014_007,365632
94123,868,0,CVR014_007,366500
94124,860,0,CVR014_007,367360
94125,868,0,CVR014_007,368228
94126,860,0,CVR014_007,369088
94127,872,0,CVR014_007,369960
94128,868,0,CVR014_007,370828
94129,864,0,CVR014_007,371692
94130,864,0,CVR014_007,372556
94131,852,0,CVR014_007,373408
94132,848,0,CVR014_007,374256
94133,836,0,CVR014_007,375092
94134,860,0,CVR014_007,375952
94135,848,0,CVR014_007,376800
94136,852,0,CVR014_007,377652
94137,856,0,CVR014_007,378508
94138,852,0,CVR014_007,379360
94139,860,0,CVR014_007,380220
94140,856,0,CVR014_007,381076
94141,868,0,CVR014_007,381944
94142,876,0,CVR014_007,382820
94143,880,0,CVR014_007,383700
94144,884,0,CVR014_007,384584
94145,892,0,CVR014_007,385476
94146,908,0,CVR014_007,386384
94147,896,0,CVR014_007,387280
94148,900,0,CVR014_007,388180
94149,900,0,CVR014_007,389080
94150,908,0,CVR014_007,389988
94151,900,0,CVR014_007,390888
94152,904,0,CVR014_007,391792
94153,916,0,CVR014_007,392708
94154,912,0,CVR014_007,393620
94155,932,0,CVR014_007,394552
94156,928,0,CVR014_007,395480
94157,932,0,CVR014_007,396412
94158,912,0,CVR014_007,397324
94159,904,0,CVR014_007,398228
94160,916,0,CVR014_007,399144
94161,904,0,CVR014_007,400048
94162,900,0,CVR014_007,400948
94163,904,0,CVR014_007,401852
94164,892,0,CVR014_007,402744
94165,892,0,CVR014_007,403636
94166,896,0,CVR014_007,404532
94167,904,0,CVR014_007,405436
94168,924,0,CVR014_007,406360
94169,932,0,CVR014_007,407292
94170,928,0,CVR014_007,408220
94171,936,0,CVR014_007,409156
94172,940,0,CVR014_007,410096
94173,956,0,CVR014_007,411052
94174,940,0,CVR014_007,411992
94175,940,0,CVR014_007,412932
94176,956,0,CVR014_007,413888
94177,940,0,CVR014_007,414828
94178,952,0,CVR014_007,415780
94179,932,0,CVR014_007,416712
94180,928,0,CVR014_007,417640
94181,948,0,CVR014_007,418588
94182,944,0,CVR014_007,419532
94183,928,0,CVR014_007,420460
94184,948,0,CVR014_007,421408
94185,944,0,CVR014_007,422352
94186,932,0,CVR014_007,423284
94187,932,0,CVR014_007,424216
94188,932,0,CVR014_007,425148
94189,920,0,CVR014_007,426068
94190,932,0,CVR014_007,427000
94191,932,0,CVR014_007,427932
94192,916,0,CVR014_007,428848
94193,928,0,CVR014_007,429776
94194,916,0,CVR014_007,430692
94195,916,0,CVR014_007,431608
94196,924,0,CVR014_007,432532
94197,912,0,CVR014_007,433444
94198,928,0,CVR014_007,434372
94199,924,0,CVR014_007,435296
94200,940,0,CVR014_007,436236
94201,944,0,CVR014_007,437180
94202,952,0,CVR014_007,438132
94203,948,0,CVR014_007,439080
94204,960,0,CVR014_007,440040
94205,944,0,CVR014_007,440984
94206,932,0,CVR014_007,441916
94207,940,0,CVR014_007,442856
94208,932,0,CVR014_007,443788
94209,924,0,CVR014_007,444712
94210,928,0,CVR014_007,445640
94211,908,0,CVR014_007,446548
94212,916,0,CVR014_007,447464
94213,912,0,CVR014_007,448376
94214,900,0,CVR014_007,449276
94215,912,0,CVR014_007,450188
94216,896,0,CVR014_007,451084
94217,896,0,CVR014_007,451980
94218,900,0,CVR014_007,452880
94219,896,0,CVR014_007,453776
94220,904,0,CVR014_007,454680
94221,896,0,CVR014_007,455576
94222,892,0,CVR014_007,456468
94223,896,0,CVR014_007,457364
94224,888,0,CVR014_007,458252
94225,904,0,CVR014_007,459156
94226,888,0,CVR014_007,460044
94227,892,0,CVR014_007,460936
94228,892,0,CVR014_007,461828
94229,888,0,CVR014_007,462716
94230,888,0,CVR014_007,463604
94231,900,0,CVR014_007,464504
94232,896,0,CVR014_007,465400
94233,916,0,CVR014_007,466316
94234,900,0,CVR014_007,467216
94235,908,0,CVR014_007,468124
94236,912,0,CVR014_007,469036
94237,896,0,CVR014_007,469932
94238,900,0,CVR014_007,470832
94239,888,0,CVR014_007,471720
94240,896,0,CVR014_007,472616
94241,892,0,CVR014_007,473508
94242,888,0,CVR014_007,474396
94243,908,0,CVR014_007,475304
94244,896,0,CVR014_007,476200
94245,900,0,CVR014_007,477100
94246,920,0,CVR014_007,478020
94247,904,0,CVR014_007,478924
94248,912,0,CVR014_007,479836
94249,900,0,CVR014_007,480736
94250,900,0,CVR014_007,481636
94251,904,0,CVR014_007,482540
94252,892,0,CVR014_007,483432
94253,908,0,CVR014_007,484340
94254,908,0,CVR014_007,485248
94255,896,0,CVR014_007,486144
94256,908,0,CVR014_007,487052
94257,884,0,CVR014_007,487936
94258,884,0,CVR014_007,488820
94259,880,0,CVR014_007,489700
94260,872,0,CVR014_007,490572
94261,880,0,CVR014_007,491452
94262,868,0,CVR014_007,492320
94263,868,0,CVR014_007,493188
94264,864,0,CVR014_007,494052
94265,864,0,CVR014_007,494916
94266,872,0,CVR014_007,495788
94267,860,0,CVR014_007,496648
94268,864,0,CVR014_007,497512
94269,872,0,CVR014_007,498384
94270,860,0,CVR014_007,499244
94271,876,0,CVR014_007,500120
94272,872,0,CVR014_007,500992
94273,868,0,CVR014_007,501860
94274,872,0,CVR014_007,502732
94275,860,0,CVR014_007,503592
94276,860,0,CVR014_007,504452
94277,864,0,CVR014_007,505316
94278,852,0,CVR014_007,506168
94279,864,0,CVR014_007,507032
94280,860,0,CVR014_007,507892
94281,860,0,CVR014_007,508752
94282,856,0,CVR014_007,509608
94283,852,0,CVR014_007,510460
94284,860,0,CVR014_007,511320
94285,848,0,CVR014_007,512168
94286,852,0,CVR014_007,513020
94287,852,0,CVR014_007,513872
94288,852,0,CVR014_007,514724
94289,852,0,CVR014_007,515576
94290,856,0,CVR014_007,516432
94291,852,0,CVR014_007,517284
94292,868,0,CVR014_007,518152
94293,876,0,CVR014_007,519028
94294,868,0,CVR014_007,519896
94295,884,0,CVR014_007,520780
94296,876,0,CVR014_007,521656
94297,868,0,CVR014_007,522524
94298,876,0,CVR014_007,523400
94299,856,0,CVR014_007,524256
94300,864,0,CVR014_007,525120
94301,864,0,CVR014_007,525984
94302,852,0,CVR014_007,526836
94303,860,0,CVR014_007,527696
94304,844,0,CVR014_007,528540
94305,844,0,CVR014_007,529384
94306,844,0,CVR014_007,530228
94307,840,0,CVR014_007,531068
94308,848,0,CVR014_007,531916
94309,856,0,CVR014_007,532772
94310,840,0,CVR014_007,533612
94311,832,0,CVR014_007,534444
94312,836,0,CVR014_007,535280
94313,860,0,CVR014_007,536140
94314,860,0,CVR014_007,537000
94315,872,0,CVR014_007,537872
94316,880,0,CVR014_007,538752
94317,904,0,CVR014_007,539656
94318,920,0,CVR014_007,540576
94319,912,0,CVR014_007,541488
94320,920,0,CVR014_007,542408
94321,904,0,CVR014_007,543312
94322,924,0,CVR014_007,544236
94323,928,0,CVR014_007,545164
94324,916,0,CVR014_007,546080
94325,920,0,CVR014_007,547000
94326,916,0,CVR014_007,547916
94327,916,0,CVR014_007,548832
94328,932,0,CVR014_007,549764
94329,928,0,CVR014_007,550692
94330,928,0,CVR014_007,551620
94331,940,0,CVR014_007,552560
94332,936,0,CVR014_007,553496
94333,936,0,CVR014_007,554432
94334,960,0,CVR014_007,555392
94335,940,0,CVR014_007,556332
94336,952,0,CVR014_007,557284
94337,944,0,CVR014_007,558228
94338,964,0,CVR014_007,559192
94339,952,0,CVR014_007,560144
94340,936,0,CVR014_007,561080
94341,956,0,CVR014_007,562036
94342,948,0,CVR014_007,562984
94343,928,0,CVR014_007,563912
94344,944,0,CVR014_007,564856
94345,936,0,CVR014_007,565792
94346,920,0,CVR014_007,566712
94347,940,0,CVR014_007,567652
94348,924,0,CVR014_007,568576
94349,912,0,CVR014_007,569488
94350,928,0,CVR014_007,570416
94351,916,0,CVR014_007,571332
94352,916,0,CVR014_007,572248
94353,912,0,CVR014_007,573160
94354,908,0,CVR014_007,574068
94355,920,0,CVR014_007,574988
94356,912,0,CVR014_007,575900
94357,904,0,CVR014_007,576804
94358,920,0,CVR014_007,577724
94359,920,0,CVR014_007,578644
94360,908,0,CVR014_007,579552
94361,920,0,CVR014_007,580472
94362,904,0,CVR014_007,581376
94363,908,0,CVR014_007,582284
94364,896,0,CVR014_007,583180
94365,892,0,CVR014_007,584072
94366,888,0,CVR014_007,584960
94367,892,0,CVR014_007,585852
94368,912,0,CVR014_007,586764
94369,924,0,CVR014_007,587688
94370,932,0,CVR014_007,588620
94371,976,0,CVR014_007,589596
94372,976,0,CVR014_007,590572
94373,948,0,CVR014_007,591520
94374,936,0,CVR014_007,592456
94375,932,0,CVR014_007,593388
94376,920,0,CVR014_007,594308
94377,904,0,CVR014_007,595212
94378,916,0,CVR014_007,596128
94379,900,0,CVR014_007,597028
94380,888,0,CVR014_007,597916
94381,912,0,CVR014_007,598828
94382,900,0,CVR014_007,599728
94383,900,0,CVR014_007,600628
94384,904,0,CVR014_007,601532
94385,924,0,CVR014_007,602456
94386,900,0,CVR014_007,603356
94387,904,0,CVR014_007,604260
94388,908,0,CVR014_007,605168
94389,900,0,CVR014_007,606068
94390,896,0,CVR014_007,606964
94391,896,0,CVR014_007,607860
94392,888,0,CVR014_007,608748
94393,892,0,CVR014_007,609640
94394,896,0,CVR014_007,610536
94395,888,0,CVR014_007,611424
94396,892,0,CVR014_007,612316
94397,900,0,CVR014_007,613216
94398,888,0,CVR014_007,614104
94399,896,0,CVR014_007,615000
94400,900,0,CVR014_007,615900
94401,888,0,CVR014_007,616788
94402,908,0,CVR014_007,617696
94403,900,0,CVR014_007,618596
94404,896,0,CVR014_007,619492
94405,892,0,CVR014_007,620384
94406,888,0,CVR014_007,621272
94407,888,0,CVR014_007,622160
94408,892,0,CVR014_007,623052
94409,884,0,CVR014_007,623936
94410,884,0,CVR014_007,624820
94411,880,0,CVR014_007,625700
94412,872,0,CVR014_007,626572
94413,876,0,CVR014_007,627448
94414,864,0,CVR014_007,628312
94415,876,0,CVR014_007,629188
94416,880,0,CVR014_007,630068
94417,872,0,CVR014_007,630940
94418,884,0,CVR014_007,631824
94419,876,0,CVR014_007,632700
94420,880,0,CVR014_007,633580
94421,888,0,CVR014_007,634468
94422,880,0,CVR014_007,635348
94423,896,0,CVR014_007,636244
94424,892,0,CVR014_007,637136
94425,888,0,CVR014_007,638024
94426,912,0,CVR014_007,638936
94427,900,0,CVR014_007,639836
94428,888,0,CVR014_007,640724
94429,904,0,CVR014_007,641628
94430,892,0,CVR014_007,642520
94431,888,0,CVR014_007,643408
94432,904,0,CVR014_007,644312
94433,900,0,CVR014_007,645212
94434,896,0,CVR014_007,646108
94435,908,0,CVR014_007,647016
94436,900,0,CVR014_007,647916
94437,896,0,CVR014_007,648812
94438,908,0,CVR014_007,649720
94439,924,0,CVR014_007,650644
94440,912,0,CVR014_007,651556
94441,932,0,CVR014_007,652488
94442,920,0,CVR014_007,653408
94443,904,0,CVR014_007,654312
94444,904,0,CVR014_007,655216
94445,896,0,CVR014_007,656112
94446,884,0,CVR014_007,656996
94447,900,0,CVR014_007,657896
94448,888,0,CVR014_007,658784
94449,884,0,CVR014_007,659668
94450,896,0,CVR014_007,660564
94451,896,0,CVR014_007,661460
94452,888,0,CVR014_007,662348
94453,904,0,CVR014_007,663252
94454,892,0,CVR014_007,664144
94455,876,0,CVR014_007,665020
94456,892,0,CVR014_007,665912
94457,884,0,CVR014_007,666796
94458,876,0,CVR014_007,667672
94459,884,0,CVR014_007,668556
94460,888,0,CVR014_007,669444
94461,876,0,CVR014_007,670320
94462,888,0,CVR014_007,671208
94463,892,0,CVR014_007,672100
94464,888,0,CVR014_007,672988
94465,884,0,CVR014_007,673872
94466,900,0,CVR014_007,674772
94467,892,0,CVR014_007,675664
94468,884,0,CVR014_007,676548
94469,892,0,CVR014_007,677440
94470,900,0,CVR014_007,678340
94471,892,0,CVR014_007,679232
94472,884,0,CVR014_007,680116
94473,892,0,CVR014_007,681008
94474,884,0,CVR014_007,681892
94475,888,0,CVR014_007,682780
94476,884,0,CVR014_007,683664
94477,864,0,CVR014_007,684528
94478,880,0,CVR014_007,685408
94479,868,0,CVR014_007,686276
94480,860,0,CVR014_007,687136
94481,872,0,CVR014_007,688008
94482,856,0,CVR014_007,688864
94483,864,0,CVR014_007,689728
94484,860,0,CVR014_007,690588
94485,856,0,CVR014_007,691444
94486,860,0,CVR014_007,692304
94487,868,0,CVR014_007,693172
94488,860,0,CVR014_007,694032
94489,860,0,CVR014_007,694892
94490,872,0,CVR014_007,695764
94491,872,0,CVR014_007,696636
94492,872,0,CVR014_007,697508
94493,872,0,CVR014_007,698380
94494,888,0,CVR014_007,699268
94495,884,0,CVR014_007,700152
94496,876,0,CVR014_007,701028
94497,868,0,CVR014_007,701896
94498,884,0,CVR014_007,702780
94499,888,0,CVR014_007,703668
94500,868,0,CVR014_007,704536
94501,876,0,CVR014_007,705412
94502,864,0,CVR014_007,706276
94503,864,0,CVR014_007,707140
94504,864,0,CVR014_007,708004
94505,876,0,CVR014_007,708880
94506,868,0,CVR014_007,709748
94507,876,0,CVR014_007,710624
94508,884,0,CVR014_007,711508
94509,880,0,CVR014_007,712388
94510,864,0,CVR014_007,713252
94511,864,0,CVR014_007,714116
94512,848,0,CVR014_007,714964
94513,856,0,CVR014_007,715820
94514,872,0,CVR014_007,716692
94515,896,0,CVR014_007,717588
94516,900,0,CVR014_007,718488
94517,904,0,CVR014_007,719392
94518,904,0,CVR014_007,720296
94519,932,0,CVR014_007,721228
94520,916,0,CVR014_007,722144
94521,928,0,CVR014_007,723072
94522,976,0,CVR014_007,724048
94523,980,0,CVR014_007,725028
94524,996,0,CVR014_007,726024
94525,1048,0,CVR014_007,727072
94526,992,0,CVR014_007,728064
94527,960,0,CVR014_007,729024
94528,972,0,CVR014_007,729996
94529,960,0,CVR014_007,730956
94530,924,0,CVR014_007,731880
94531,932,0,CVR014_007,732812
94532,932,0,CVR014_007,733744
94533,912,0,CVR014_007,734656
94534,912,0,CVR014_007,735568
94535,932,0,CVR014_007,736500
94536,944,0,CVR014_007,737444
94537,932,0,CVR014_007,738376
94538,916,0,CVR014_007,739292
94539,936,0,CVR014_007,740228
94540,952,0,CVR014_007,741180
94541,936,0,CVR014_007,742116
94542,916,0,CVR014_007,743032
94543,936,0,CVR014_007,743968
94544,932,0,CVR014_007,744900
94545,916,0,CVR014_007,745816
94546,904,0,CVR014_007,746720
94547,940,0,CVR014_007,747660
94548,924,0,CVR014_007,748584
94549,920,0,CVR014_007,749504
94550,916,0,CVR014_007,750420
94551,916,0,CVR014_007,751336
94552,920,0,CVR014_007,752256
94553,916,0,CVR014_007,753172
94554,920,0,CVR014_007,754092
94555,936,0,CVR014_007,755028
94556,932,0,CVR014_007,755960
94557,912,0,CVR014_007,756872
94558,940,0,CVR014_007,757812
94559,936,0,CVR014_007,758748
94560,932,0,CVR014_007,759680
94561,920,0,CVR014_007,760600
94562,940,0,CVR014_007,761540
94563,936,0,CVR014_007,762476
94564,920,0,CVR014_007,763396
94565,924,0,CVR014_007,764320
94566,920,0,CVR014_007,765240
94567,908,0,CVR014_007,766148
94568,904,0,CVR014_007,767052
94569,932,0,CVR014_007,767984
94570,944,0,CVR014_007,768928
94571,920,0,CVR014_007,769848
94572,924,0,CVR014_007,770772
94573,944,0,CVR014_007,771716
94574,932,0,CVR014_007,772648
94575,920,0,CVR014_007,773568
94576,936,0,CVR014_007,774504
94577,924,0,CVR014_007,775428
94578,904,0,CVR014_007,776332
94579,912,0,CVR014_007,777244
94580,904,0,CVR014_007,778148
94581,896,0,CVR014_007,779044
94582,904,0,CVR014_007,779948
94583,896,0,CVR014_007,780844
94584,896,0,CVR014_007,781740
94585,920,0,CVR014_007,782660
94586,908,0,CVR014_007,783568
94587,892,0,CVR014_007,784460
94588,900,0,CVR014_007,785360
94589,888,0,CVR014_007,786248
94590,880,0,CVR014_007,787128
94591,884,0,CVR014_007,788012
94592,884,0,CVR014_007,788896
94593,884,0,CVR014_007,789780
94594,880,0,CVR014_007,790660
94595,892,0,CVR014_007,791552
94596,908,0,CVR014_007,792460
94597,904,0,CVR014_007,793364
94598,900,0,CVR014_007,794264
94599,920,0,CVR014_007,795184
94600,920,0,CVR014_007,796104
94601,908,0,CVR014_007,797012
94602,928,0,CVR014_007,797940
94603,940,0,CVR014_007,798880
94604,932,0,CVR014_007,799812
94605,916,0,CVR014_007,800728
94606,932,0,CVR014_007,801660
94607,924,0,CVR014_007,802584
94608,912,0,CVR014_007,803496
94609,952,0,CVR014_007,804448
94610,952,0,CVR014_007,805400
94611,916,0,CVR014_007,806316
94612,940,0,CVR014_007,807256
94613,924,0,CVR014_007,808180
94614,940,0,CVR014_007,809120
94615,920,0,CVR014_007,810040
94616,944,0,CVR014_007,810984
94617,924,0,CVR014_007,811908
94618,912,0,CVR014_007,812820
94619,928,0,CVR014_007,813748
94620,904,0,CVR014_007,814652
94621,896,0,CVR014_007,815548
94622,904,0,CVR014_007,816452
94623,912,0,CVR014_007,817364
94624,896,0,CVR014_007,818260
94625,896,0,CVR014_007,819156
94626,908,0,CVR014_007,820064
94627,892,0,CVR014_007,820956
94628,888,0,CVR014_007,821844
94629,896,0,CVR014_007,822740
94630,880,0,CVR014_007,823620
94631,876,0,CVR014_007,824496
94632,880,0,CVR014_007,825376
94633,868,0,CVR014_007,826244
94634,864,0,CVR014_007,827108
94635,868,0,CVR014_007,827976
94636,860,0,CVR014_007,828836
94637,864,0,CVR014_007,829700
94638,872,0,CVR014_007,830572
94639,884,0,CVR014_007,831456
94640,872,0,CVR014_007,832328
94641,880,0,CVR014_007,833208
94642,880,0,CVR014_007,834088
94643,868,0,CVR014_007,834956
94644,864,0,CVR014_007,835820
94645,868,0,CVR014_007,836688
94646,860,0,CVR014_007,837548
94647,844,0,CVR014_007,838392
94648,852,0,CVR014_007,839244
94649,852,0,CVR014_007,840096
94650,856,0,CVR014_007,840952
94651,860,0,CVR014_007,841812
94652,856,0,CVR014_007,842668
94653,856,0,CVR014_007,843524
94654,856,0,CVR014_007,844380
94655,856,0,CVR014_007,845236
94656,852,0,CVR014_007,846088
94657,852,0,CVR014_007,846940
94658,860,0,CVR014_007,847800
94659,856,0,CVR014_007,848656
94660,852,0,CVR014_007,849508
94661,860,0,CVR014_007,850368
94662,856,0,CVR014_007,851224
94663,852,0,CVR014_007,852076
94664,856,0,CVR014_007,852932
94665,852,0,CVR014_007,853784
94666,848,0,CVR014_007,854632
94667,860,0,CVR014_007,855492
94668,844,0,CVR014_007,856336
94669,844,0,CVR014_007,857180
94670,852,0,CVR014_007,858032
94671,848,0,CVR014_007,858880
94672,840,0,CVR014_007,859720
94673,848,0,CVR014_007,860568
94674,844,0,CVR014_007,861412
94675,840,0,CVR014_007,862252
94676,856,0,CVR014_007,863108
94677,852,0,CVR014_007,863960
94678,852,0,CVR014_007,864812
94679,868,0,CVR014_007,865680
94680,868,0,CVR014_007,866548
94681,868,0,CVR014_007,867416
94682,896,0,CVR014_007,868312
94683,884,0,CVR014_007,869196
94684,876,0,CVR014_007,870072
94685,884,0,CVR014_007,870956
94686,888,0,CVR014_007,871844
94687,888,0,CVR014_007,872732
94688,880,0,CVR014_007,873612
94689,884,0,CVR014_007,874496
94690,880,0,CVR014_007,875376
94691,888,0,CVR014_007,876264
94692,904,0,CVR014_007,877168
94693,892,0,CVR014_007,878060
94694,880,0,CVR014_007,878940
94695,892,0,CVR014_007,879832
94696,880,0,CVR014_007,880712
94697,868,0,CVR014_007,881580
94698,884,0,CVR014_007,882464
94699,884,0,CVR014_007,883348
94700,872,0,CVR014_007,884220
94701,892,0,CVR014_007,885112
94702,888,0,CVR014_007,886000
94703,884,0,CVR014_007,886884
94704,900,0,CVR014_007,887784
94705,884,0,CVR014_007,888668
94706,876,0,CVR014_007,889544
94707,896,0,CVR014_007,890440
94708,892,0,CVR014_007,891332
94709,880,0,CVR014_007,892212
94710,896,0,CVR014_007,893108
94711,900,0,CVR014_007,894008
94712,888,0,CVR014_007,894896
94713,896,0,CVR014_007,895792
94714,888,0,CVR014_007,896680
94715,876,0,CVR014_007,897556
94716,888,0,CVR014_007,898444
94717,868,0,CVR014_007,899312
94718,868,0,CVR014_007,900180
94719,876,0,CVR014_007,901056
94720,872,0,CVR014_007,901928
94721,864,0,CVR014_007,902792
94722,876,0,CVR014_007,903668
94723,868,0,CVR014_007,904536
94724,868,0,CVR014_007,905404
94725,876,0,CVR014_007,906280
94726,864,0,CVR014_007,907144
94727,860,0,CVR014_007,908004
94728,860,0,CVR014_007,908864
94729,848,0,CVR014_007,909712
94730,848,0,CVR014_007,910560
94731,860,0,CVR014_007,911420
94732,848,0,CVR014_007,912268
94733,848,0,CVR014_007,913116
94734,864,0,CVR014_007,913980
94735,856,0,CVR014_007,914836
94736,848,0,CVR014_007,915684
94737,856,0,CVR014_007,916540
94738,832,0,CVR014_007,917372
94739,840,0,CVR014_007,918212
94740,844,0,CVR014_007,919056
94741,852,0,CVR014_007,919908
94742,852,0,CVR014_007,920760
94743,856,0,CVR014_007,921616
94744,872,0,CVR014_007,922488
94745,880,0,CVR014_007,923368
94746,872,0,CVR014_007,924240
94747,876,0,CVR014_007,925116
94748,896,0,CVR014_007,926012
94749,888,0,CVR014_007,926900
94750,900,0,CVR014_007,927800
94751,916,0,CVR014_007,928716
94752,912,0,CVR014_007,929628
94753,908,0,CVR014_007,930536
94754,920,0,CVR014_007,931456
94755,904,0,CVR014_007,932360
94756,904,0,CVR014_007,933264
94757,908,0,CVR014_007,934172
94758,904,0,CVR014_007,935076
94759,900,0,CVR014_007,935976
94760,908,0,CVR014_007,936884
94761,916,0,CVR014_007,937800
94762,912,0,CVR014_007,938712
94763,924,0,CVR014_007,939636
94764,936,0,CVR014_007,940572
94765,924,0,CVR014_007,941496
94766,936,0,CVR014_007,942432
94767,932,0,CVR014_007,943364
94768,920,0,CVR014_007,944284
94769,924,0,CVR014_007,945208
94770,924,0,CVR014_007,946132
94771,904,0,CVR014_007,947036
94772,916,0,CVR014_007,947952
94773,912,0,CVR014_007,948864
94774,900,0,CVR014_007,949764
94775,920,0,CVR014_007,950684
94776,920,0,CVR014_007,951604
94777,916,0,CVR014_007,952520
94778,924,0,CVR014_007,953444
94779,928,0,CVR014_007,954372
94780,916,0,CVR014_007,955288
94781,920,0,CVR014_007,956208
94782,916,0,CVR014_007,957124
94783,912,0,CVR014_007,958036
94784,912,0,CVR014_007,958948
94785,924,0,CVR014_007,959872
94786,920,0,CVR014_007,960792
94787,904,0,CVR014_007,961696
94788,916,0,CVR014_007,962612
94789,900,0,CVR014_007,963512
94790,908,0,CVR014_007,964420
94791,920,0,CVR014_007,965340
94792,908,0,CVR014_007,966248
94793,908,0,CVR014_007,967156
94794,904,0,CVR014_007,968060
94795,892,0,CVR014_007,968952
94796,900,0,CVR014_007,969852
94797,892,0,CVR014_007,970744
94798,888,0,CVR014_007,971632
94799,900,0,CVR014_007,972532
94800,904,0,CVR014_007,973436
94801,908,0,CVR014_007,974344
94802,928,0,CVR014_007,975272
94803,944,0,CVR014_007,976216
94804,920,0,CVR014_007,977136
94805,916,0,CVR014_007,978052
94806,908,0,CVR014_007,978960
94807,892,0,CVR014_007,979852
94808,896,0,CVR014_007,980748
94809,888,0,CVR014_007,981636
94810,880,0,CVR014_007,982516
94811,892,0,CVR014_007,983408
94812,900,0,CVR014_007,984308
94813,892,0,CVR014_007,985200
94814,904,0,CVR014_007,986104
94815,884,0,CVR014_007,986988
94816,884,0,CVR014_007,987872
94817,888,0,CVR014_007,988760
94818,884,0,CVR014_007,989644
94819,876,0,CVR014_007,990520
94820,884,0,CVR014_007,991404
94821,872,0,CVR014_007,992276
94822,872,0,CVR014_007,993148
94823,876,0,CVR014_007,994024
94824,868,0,CVR014_007,994892
94825,868,0,CVR014_007,995760
94826,868,0,CVR014_007,996628
94827,860,0,CVR014_007,997488
94828,860,0,CVR014_007,998348
94829,864,0,CVR014_007,999212
94830,856,0,CVR014_007,1000068
94831,868,0,CVR014_007,1000936
94832,852,0,CVR014_007,1001788
94833,856,0,CVR014_007,1002644
94834,860,0,CVR014_007,1003504
94835,848,0,CVR014_007,1004352
94836,868,0,CVR014_007,1005220
94837,868,0,CVR014_007,1006088
94838,868,0,CVR014_007,1006956
94839,864,0,CVR014_007,1007820
94840,852,0,CVR014_007,1008672
94841,848,0,CVR014_007,1009520
94842,848,0,CVR014_007,1010368
94843,844,0,CVR014_007,1011212
94844,840,0,CVR014_007,1012052
94845,852,0,CVR014_007,1012904
94846,856,0,CVR014_007,1013760
94847,864,0,CVR014_007,1014624
94848,868,0,CVR014_007,1015492
94849,888,0,CVR014_007,1016380
94850,876,0,CVR014_007,1017256
94851,876,0,CVR014_007,1018132
94852,880,0,CVR014_007,1019012
94853,872,0,CVR014_007,1019884
94854,864,0,CVR014_007,1020748
94855,868,0,CVR014_007,1021616
94856,856,0,CVR014_007,1022472
94857,860,0,CVR014_007,1023332
94858,872,0,CVR014_007,1024204
94859,864,0,CVR014_007,1025068
94860,864,0,CVR014_007,1025932
94861,876,0,CVR014_007,1026808
94862,864,0,CVR014_007,1027672
94863,860,0,CVR014_007,1028532
94864,880,0,CVR014_007,1029412
94865,872,0,CVR014_007,1030284
94866,860,0,CVR014_007,1031144
94867,880,0,CVR014_007,1032024
94868,868,0,CVR014_007,1032892
94869,860,0,CVR014_007,1033752
94870,880,0,CVR014_007,1034632
94871,872,0,CVR014_007,1035504
94872,856,0,CVR014_007,1036360
94873,876,0,CVR014_007,1037236
94874,860,0,CVR014_007,1038096
94875,860,0,CVR014_007,1038956
94876,864,0,CVR014_007,1039820
94877,852,0,CVR014_007,1040672
94878,848,0,CVR014_007,1041520
94879,852,0,CVR014_007,1042372
94880,840,0,CVR014_007,1043212
94881,844,0,CVR014_007,1044056
94882,844,0,CVR014_007,1044900
94883,832,0,CVR014_007,1045732
94884,844,0,CVR014_007,1046576
94885,836,0,CVR014_007,1047412
94886,840,0,CVR014_007,1048252
94887,848,0,CVR014_007,1049100
94888,844,0,CVR014_007,1049944
94889,848,0,CVR014_007,1050792
94890,852,0,CVR014_007,1051644
94891,848,0,CVR014_007,1052492
94892,864,0,CVR014_007,1053356
94893,848,0,CVR014_007,1054204
94894,844,0,CVR014_007,1055048
94895,848,0,CVR014_007,1055896
94896,836,0,CVR014_007,1056732
94897,840,0,CVR014_007,1057572
94898,844,0,CVR014_007,1058416
94899,832,0,CVR014_007,1059248
94900,840,0,CVR014_007,1060088
94901,844,0,CVR014_007,1060932
94902,836,0,CVR014_007,1061768
94903,832,0,CVR014_007,1062600
94904,820,0,CVR014_007,1063420
94905,828,0,CVR014_007,1064248
94906,832,0,CVR014_007,1065080
94907,852,0,CVR014_007,1065932
94908,872,0,CVR014_007,1066804
94909,876,0,CVR014_007,1067680
94910,876,0,CVR014_007,1068556
94911,876,0,CVR014_007,1069432
94912,892,0,CVR014_007,1070324
94913,892,0,CVR014_007,1071216
94914,880,0,CVR014_007,1072096
94915,892,0,CVR014_007,1072988
94916,888,0,CVR014_007,1073876
94917,880,0,CVR014_007,1074756
94918,908,0,CVR014_007,1075664
94919,912,0,CVR014_007,1076576
94920,892,0,CVR014_007,1077468
94921,908,0,CVR014_007,1078376
94922,916,0,CVR014_007,1079292
94923,896,0,CVR014_007,1080188
94924,908,0,CVR014_007,1081096
94925,908,0,CVR014_007,1082004
94926,900,0,CVR014_007,1082904
94927,896,0,CVR014_007,1083800
94928,904,0,CVR014_007,1084704
94929,912,0,CVR014_007,1085616
94930,900,0,CVR014_007,1086516
94931,932,0,CVR014_007,1087448
94932,916,0,CVR014_007,1088364
94933,904,0,CVR014_007,1089268
94934,924,0,CVR014_007,1090192
94935,920,0,CVR014_007,1091112
94936,912,0,CVR014_007,1092024
94937,920,0,CVR014_007,1092944
94938,932,0,CVR014_007,1093876
94939,916,0,CVR014_007,1094792
94940,916,0,CVR014_007,1095708
94941,932,0,CVR014_007,1096640
94942,928,0,CVR014_007,1097568
94943,924,0,CVR014_007,1098492
94944,920,0,CVR014_007,1099412
94945,928,0,CVR014_007,1100340
94946,932,0,CVR014_007,1101272
94947,920,0,CVR014_007,1102192
94948,924,0,CVR014_007,1103116
94949,928,0,CVR014_007,1104044
94950,920,0,CVR014_007,1104964
94951,916,0,CVR014_007,1105880
94952,944,0,CVR014_007,1106824
94953,936,0,CVR014_007,1107760
94954,920,0,CVR014_007,1108680
94955,908,0,CVR014_007,1109588
94956,932,0,CVR014_007,1110520
94957,916,0,CVR014_007,1111436
94958,908,0,CVR014_007,1112344
94959,960,0,CVR014_007,1113304
94960,992,0,CVR014_007,1114296
94961,952,0,CVR014_007,1115248
94962,936,0,CVR014_007,1116184
94963,956,0,CVR014_007,1117140
94964,952,0,CVR014_007,1118092
94965,936,0,CVR014_007,1119028
94966,924,0,CVR014_007,1119952
94967,940,0,CVR014_007,1120892
94968,932,0,CVR014_007,1121824
94969,912,0,CVR014_007,1122736
94970,908,0,CVR014_007,1123644
94971,920,0,CVR014_007,1124564
94972,920,0,CVR014_007,1125484
94973,916,0,CVR014_007,1126400
94974,924,0,CVR014_007,1127324
94975,912,0,CVR014_007,1128236
94976,900,0,CVR014_007,1129136
94977,892,0,CVR014_007,1130028
94978,896,0,CVR014_007,1130924
94979,888,0,CVR014_007,1131812
94980,880,0,CVR014_007,1132692
94981,896,0,CVR014_007,1133588
94982,892,0,CVR014_007,1134480
94983,884,0,CVR014_007,1135364
94984,900,0,CVR014_007,1136264
94985,884,0,CVR014_007,1137148
94986,876,0,CVR014_007,1138024
94987,880,0,CVR014_007,1138904
94988,888,0,CVR014_007,1139792
94989,880,0,CVR014_007,1140672
94990,888,0,CVR014_007,1141560
94991,896,0,CVR014_007,1142456
94992,880,0,CVR014_007,1143336
94993,884,0,CVR014_007,1144220
94994,888,0,CVR014_007,1145108
94995,892,0,CVR014_007,1146000
94996,872,0,CVR014_007,1146872
94997,892,0,CVR014_007,1147764
94998,884,0,CVR014_007,1148648
94999,876,0,CVR014_007,1149524
95000,884,0,CVR014_007,1150408
95001,888,0,CVR014_007,1151296
95002,880,0,CVR014_007,1152176
95003,880,0,CVR014_007,1153056
95004,876,0,CVR014_007,1153932
95005,864,0,CVR014_007,1154796
95006,864,0,CVR014_007,1155660
95007,860,0,CVR014_007,1156520
95008,852,0,CVR014_007,1157372
95009,856,0,CVR014_007,1158228
95010,852,0,CVR014_007,1159080
95011,848,0,CVR014_007,1159928
95012,852,0,CVR014_007,1160780
95013,856,0,CVR014_007,1161636
95014,860,0,CVR014_007,1162496
95015,856,0,CVR014_007,1163352
95016,864,0,CVR014_007,1164216
95017,852,0,CVR014_007,1165068
95018,860,0,CVR014_007,1165928
95019,864,0,CVR014_007,1166792
95020,856,0,CVR014_007,1167648
95021,864,0,CVR014_007,1168512
95022,856,0,CVR014_007,1169368
95023,852,0,CVR014_007,1170220
95024,852,0,CVR014_007,1171072
95025,864,0,CVR014_007,1171936
95026,864,0,CVR014_007,1172800
95027,864,0,CVR014_007,1173664
95028,868,0,CVR014_007,1174532
95029,864,0,CVR014_007,1175396
95030,852,0,CVR014_007,1176248
95031,868,0,CVR014_007,1177116
95032,860,0,CVR014_007,1177976
95033,856,0,CVR014_007,1178832
95034,868,0,CVR014_007,1179700
95035,872,0,CVR014_007,1180572
95036,868,0,CVR014_007,1181440
95037,868,0,CVR014_007,1182308
95038,872,0,CVR014_007,1183180
95039,864,0,CVR014_007,1184044
95040,868,0,CVR014_007,1184912
95041,872,0,CVR014_007,1185784
95042,860,0,CVR014_007,1186644
95043,860,0,CVR014_007,1187504
95044,872,0,CVR014_007,1188376
95045,864,0,CVR014_007,1189240
95046,868,0,CVR014_007,1190108
95047,892,0,CVR014_007,1191000
95048,900,0,CVR014_007,1191900
95049,896,0,CVR014_007,1192796
95050,884,0,CVR014_007,1193680
95051,888,0,CVR014_007,1194568
95052,884,0,CVR014_007,1195452
95053,876,0,CVR014_007,1196328
95054,896,0,CVR014_007,1197224
95055,872,0,CVR014_007,1198096
95056,872,0,CVR014_007,1198968
95057,872,0,CVR014_007,1199840
95058,880,0,CVR014_007,1200720
95059,880,0,CVR014_007,1201600
95060,868,0,CVR014_007,1202468
95061,880,0,CVR014_007,1203348
95062,876,0,CVR014_007,1204224
95063,868,0,CVR014_007,1205092
95064,876,0,CVR014_007,1205968
95065,876,0,CVR014_007,1206844
95066,868,0,CVR014_007,1207712
95067,876,0,CVR014_007,1208588
95068,868,0,CVR014_007,1209456
95069,860,0,CVR014_007,1210316
95070,856,0,CVR014_007,1211172
95071,840,0,CVR014_007,1212012
95072,852,0,CVR014_007,1212864
95073,856,0,CVR014_007,1213720
95074,864,0,CVR014_007,1214584
95075,864,0,CVR014_007,1215448
95076,880,0,CVR014_007,1216328
95077,888,0,CVR014_007,1217216
95078,888,0,CVR014_007,1218104
95079,888,0,CVR014_007,1218992
95080,920,0,CVR014_007,1219912
95081,904,0,CVR014_007,1220816
95082,888,0,CVR014_007,1221704
95083,896,0,CVR014_007,1222600
95084,908,0,CVR014_007,1223508
95085,956,0,CVR014_007,1224464
95086,972,0,CVR014_007,1225436
95087,932,0,CVR014_007,1226368
95088,992,0,CVR014_007,1227360
95089,1012,0,CVR014_007,1228372
95090,996,0,CVR014_007,1229368
95091,960,0,CVR014_007,1230328
95092,980,0,CVR014_007,1231308
95093,980,0,CVR014_007,1232288
95094,956,0,CVR014_007,1233244
95095,980,0,CVR014_007,1234224
95096,976,0,CVR014_007,1235200
95097,948,0,CVR014_007,1236148
95098,944,0,CVR014_007,1237092
95099,932,0,CVR014_007,1238024
95100,940,0,CVR014_007,1238964
95101,968,0,CVR014_007,1239932
95102,952,0,CVR014_007,1240884
95103,936,0,CVR014_007,1241820
95104,944,0,CVR014_007,1242764
95105,928,0,CVR014_007,1243692
95106,920,0,CVR014_007,1244612
95107,932,0,CVR014_007,1245544
95108,928,0,CVR014_007,1246472
95109,920,0,CVR014_007,1247392
95110,944,0,CVR014_007,1248336
95111,944,0,CVR014_007,1249280
95112,936,0,CVR014_007,1250216
95113,952,0,CVR014_007,1251168
95114,924,0,CVR014_007,1252092
95115,928,0,CVR014_007,1253020
95116,928,0,CVR014_007,1253948
95117,912,0,CVR014_007,1254860
95118,924,0,CVR014_007,1255784
95119,920,0,CVR014_007,1256704
95120,916,0,CVR014_007,1257620
95121,908,0,CVR014_007,1258528
95122,924,0,CVR014_007,1259452
95123,920,0,CVR014_007,1260372
95124,896,0,CVR014_007,1261268
95125,916,0,CVR014_007,1262184
95126,908,0,CVR014_007,1263092
95127,892,0,CVR014_007,1263984
95128,920,0,CVR014_007,1264904
95129,908,0,CVR014_007,1265812
95130,896,0,CVR014_007,1266708
95131,912,0,CVR014_007,1267620
95132,924,0,CVR014_007,1268544
95133,904,0,CVR014_007,1269448
95134,908,0,CVR014_007,1270356
95135,924,0,CVR014_007,1271280
95136,904,0,CVR014_007,1272184
95137,896,0,CVR014_007,1273080
95138,920,0,CVR014_007,1274000
95139,932,0,CVR014_007,1274932
95140,916,0,CVR014_007,1275848
95141,908,0,CVR014_007,1276756
95142,932,0,CVR014_007,1277688
95143,916,0,CVR014_007,1278604
95144,912,0,CVR014_007,1279516
95145,924,0,CVR014_007,1280440
95146,908,0,CVR014_007,1281348
95147,900,0,CVR014_007,1282248
95148,900,0,CVR014_007,1283148
95149,900,0,CVR014_007,1284048
95150,892,0,CVR014_007,1284940
95151,888,0,CVR014_007,1285828
95152,896,0,CVR014_007,1286724
95153,884,0,CVR014_007,1287608
95154,884,0,CVR014_007,1288492
95155,892,0,CVR014_007,1289384
95156,888,0,CVR014_007,1290272
95157,872,0,CVR014_007,1291144
95158,888,0,CVR014_007,1292032
95159,876,0,CVR014_007,1292908
95160,876,0,CVR014_007,1293784
95161,892,0,CVR014_007,1294676
95162,876,0,CVR014_007,1295552
95163,876,0,CVR014_007,1296428
95164,888,0,CVR014_007,1297316
95165,876,0,CVR014_007,1298192
95166,876,0,CVR014_007,1299068
95167,872,0,CVR014_007,1299940
95168,868,0,CVR014_007,1300808
95169,876,0,CVR014_007,1301684
95170,872,0,CVR014_007,1302556
95171,868,0,CVR014_007,1303424
95172,880,0,CVR014_007,1304304
95173,868,0,CVR014_007,1305172
95174,860,0,CVR014_007,1306032
95175,888,0,CVR014_007,1306920
95176,872,0,CVR014_007,1307792
95177,868,0,CVR014_007,1308660
95178,872,0,CVR014_007,1309532
95179,876,0,CVR014_007,1310408
95180,864,0,CVR014_007,1311272
95181,876,0,CVR014_007,1312148
95182,872,0,CVR014_007,1313020
95183,872,0,CVR014_007,1313892
95184,880,0,CVR014_007,1314772
95185,868,0,CVR014_007,1315640
95186,872,0,CVR014_007,1316512
95187,876,0,CVR014_007,1317388
95188,872,0,CVR014_007,1318260
95189,872,0,CVR014_007,1319132
95190,872,0,CVR014_007,1320004
95191,880,0,CVR014_007,1320884
95192,880,0,CVR014_007,1321764
95193,872,0,CVR014_007,1322636
95194,888,0,CVR014_007,1323524
95195,900,0,CVR014_007,1324424
95196,900,0,CVR014_007,1325324
95197,912,0,CVR014_007,1326236
95198,932,0,CVR014_007,1327168
95199,944,0,CVR014_007,1328112
95200,928,0,CVR014_007,1329040
95201,952,0,CVR014_007,1329992
95202,936,0,CVR014_007,1330928
95203,940,0,CVR014_007,1331868
95204,912,0,CVR014_007,1332780
95205,916,0,CVR014_007,1333696
95206,912,0,CVR014_007,1334608
95207,916,0,CVR014_007,1335524
95208,920,0,CVR014_007,1336444
95209,924,0,CVR014_007,1337368
95210,924,0,CVR014_007,1338292
95211,912,0,CVR014_007,1339204
95212,920,0,CVR014_007,1340124
95213,912,0,CVR014_007,1341036
95214,896,0,CVR014_007,1341932
95215,908,0,CVR014_007,1342840
95216,896,0,CVR014_007,1343736
95217,880,0,CVR014_007,1344616
95218,892,0,CVR014_007,1345508
95219,888,0,CVR014_007,1346396
95220,876,0,CVR014_007,1347272
95221,888,0,CVR014_007,1348160
95222,880,0,CVR014_007,1349040
95223,884,0,CVR014_007,1349924
95224,888,0,CVR014_007,1350812
95225,880,0,CVR014_007,1351692
95226,888,0,CVR014_007,1352580
95227,888,0,CVR014_007,1353468
95228,880,0,CVR014_007,1354348
95229,888,0,CVR014_007,1355236
95230,888,0,CVR014_007,1356124
95231,880,0,CVR014_007,1357004
95232,884,0,CVR014_007,1357888
95233,884,0,CVR014_007,1358772
95234,876,0,CVR014_007,1359648
95235,884,0,CVR014_007,1360532
95236,888,0,CVR014_007,1361420
95237,888,0,CVR014_007,1362308
95238,884,0,CVR014_007,1363192
95239,896,0,CVR014_007,1364088
95240,884,0,CVR014_007,1364972
95241,892,0,CVR014_007,1365864
95242,892,0,CVR014_007,1366756
95243,880,0,CVR014_007,1367636
95244,892,0,CVR014_007,1368528
95245,888,0,CVR014_007,1369416
95246,880,0,CVR014_007,1370296
95247,892,0,CVR014_007,1371188
95248,884,0,CVR014_007,1372072
95249,876,0,CVR014_007,1372948
95250,888,0,CVR014_007,1373836
95251,884,0,CVR014_007,1374720
95252,876,0,CVR014_007,1375596
95253,876,0,CVR014_007,1376472
95254,868,0,CVR014_007,1377340
95255,860,0,CVR014_007,1378200
95256,864,0,CVR014_007,1379064
95257,856,0,CVR014_007,1379920
95258,856,0,CVR014_007,1380776
95259,864,0,CVR014_007,1381640
95260,860,0,CVR014_007,1382500
95261,872,0,CVR014_007,1383372
95262,904,0,CVR014_007,1384276
95263,884,0,CVR014_007,1385160
95264,896,0,CVR014_007,1386056
95265,888,0,CVR014_007,1386944
95266,880,0,CVR014_007,1387824
95267,888,0,CVR014_007,1388712
95268,876,0,CVR014_007,1389588
95269,872,0,CVR014_007,1390460
95270,884,0,CVR014_007,1391344
95271,884,0,CVR014_007,1392228
95272,872,0,CVR014_007,1393100
95273,888,0,CVR014_007,1393988
95274,880,0,CVR014_007,1394868
95275,876,0,CVR014_007,1395744
95276,888,0,CVR014_007,1396632
95277,876,0,CVR014_007,1397508
95278,872,0,CVR014_007,1398380
95279,880,0,CVR014_007,1399260
95280,884,0,CVR014_007,1400144
95281,872,0,CVR014_007,1401016
95282,884,0,CVR014_007,1401900
95283,880,0,CVR014_007,1402780
95284,876,0,CVR014_007,1403656
95285,884,0,CVR014_007,1404540
95286,868,0,CVR014_007,1405408
95287,868,0,CVR014_007,1406276
95288,864,0,CVR014_007,1407140
95289,864,0,CVR014_007,1408004
95290,864,0,CVR014_007,1408868
95291,860,0,CVR014_007,1409728
95292,852,0,CVR014_007,1410580
95293,868,0,CVR014_007,1411448
95294,864,0,CVR014_007,1412312
95295,856,0,CVR014_007,1413168
95296,872,0,CVR014_007,1414040
95297,860,0,CVR014_007,1414900
95298,860,0,CVR014_007,1415760
95299,864,0,CVR014_007,1416624
95300,852,0,CVR014_007,1417476
95301,864,0,CVR014_007,1418340
95302,864,0,CVR014_007,1419204
95303,864,0,CVR014_007,1420068
95304,868,0,CVR014_007,1420936
95305,876,0,CVR014_007,1421812
95306,872,0,CVR014_007,1422684
95307,884,0,CVR014_007,1423568
95308,884,0,CVR014_007,1424452
95309,876,0,CVR014_007,1425328
95310,892,0,CVR014_007,1426220
95311,888,0,CVR014_007,1427108
95312,872,0,CVR014_007,1427980
95313,884,0,CVR014_007,1428864
95314,868,0,CVR014_007,1429732
95315,864,0,CVR014_007,1430596
95316,868,0,CVR014_007,1431464
95317,864,0,CVR014_007,1432328
95318,868,0,CVR014_007,1433196
95319,876,0,CVR014_007,1434072
95320,880,0,CVR014_007,1434952
95321,868,0,CVR014_007,1435820
95322,876,0,CVR014_007,1436696
95323,876,0,CVR014_007,1437572
95324,860,0,CVR014_007,1438432
95325,872,0,CVR014_007,1439304
95326,872,0,CVR014_007,1440176
95327,860,0,CVR014_007,1441036
95328,872,0,CVR014_007,1441908
95329,876,0,CVR014_007,1442784
95330,868,0,CVR014_007,1443652
95331,872,0,CVR014_007,1444524
95332,864,0,CVR014_007,1445388
95333,856,0,CVR014_007,1446244
95334,860,0,CVR014_007,1447104
95335,848,0,CVR014_007,1447952
95336,860,0,CVR014_007,1448812
95337,856,0,CVR014_007,1449668
95338,848,0,CVR014_007,1450516
95339,872,0,CVR014_007,1451388
95340,864,0,CVR014_007,1452252
95341,856,0,CVR014_007,1453108
95342,860,0,CVR014_007,1453968
95343,844,0,CVR014_007,1454812
95344,840,0,CVR014_007,1455652
95345,824,0,CVR014_007,1456476
95346,836,0,CVR014_007,1457312
95347,840,0,CVR014_007,1458152
95348,840,0,CVR014_007,1458992
95349,844,0,CVR014_007,1459836
95350,868,0,CVR014_007,1460704
95351,884,0,CVR014_007,1461588
95352,868,0,CVR014_007,1462456
95353,884,0,CVR014_007,1463340
95354,880,0,CVR014_007,1464220
95355,868,0,CVR014_007,1465088
95356,884,0,CVR014_007,1465972
95357,892,0,CVR014_007,1466864
95358,892,0,CVR014_007,1467756
95359,928,0,CVR014_007,1468684
95360,976,0,CVR014_007,1469660
95361,952,0,CVR014_007,1470612
95362,916,0,CVR014_007,1471528
95363,900,0,CVR014_007,1472428
95364,896,0,CVR014_007,1473324
95365,892,0,CVR014_007,1474216
95366,892,0,CVR014_007,1475108
95367,880,0,CVR014_007,1475988
95368,868,0,CVR014_007,1476856
95369,848,0,CVR014_007,1477704
95370,840,0,CVR014_007,1478544
95371,832,0,CVR014_007,1479376
95372,832,0,CVR014_007,1480208
95373,828,0,CVR014_007,1481036
95374,832,0,CVR014_007,1481868
95375,840,0,CVR014_007,1482708
95376,856,0,CVR014_007,1483564
95377,872,0,CVR014_007,1484436
95378,852,0,CVR014_007,1485288
95379,872,0,CVR014_007,1486160
95380,868,0,CVR014_007,1487028
95381,860,0,CVR014_007,1487888
95382,860,0,CVR014_007,1488748
95383,860,0,CVR014_007,1489608
95384,844,0,CVR014_007,1490452
95385,856,0,CVR014_007,1491308
95386,844,0,CVR014_007,1492152
95387,824,0,CVR014_007,1492976
95388,828,0,CVR014_007,1493804
95389,836,0,CVR014_007,1494640
95390,596,0,CVR016_008,596
95391,640,0,CVR016_008,1236
95392,636,0,CVR016_008,1872
95393,628,0,CVR016_008,2500
95394,636,0,CVR016_008,3136
95395,416,0,CVR016_008,3552
95396,76,0,CVR016_008,3628
95397,296,0,CVR016_008,3924
95398,516,0,CVR016_008,4440
95399,644,0,CVR016_008,5084
95400,640,0,CVR016_008,5724
95401,200,0,CVR016_008,5924
95402,224,0,CVR016_008,6148
95403,888,0,CVR016_008,7036
95404,644,0,CVR016_008,7680
95405,244,0,CVR016_008,7924
95406,408,0,CVR016_008,8332
95407,592,0,CVR016_008,8924
95408,724,0,CVR016_008,9648
95409,652,0,CVR016_008,10300
95410,1072,0,CVR016_008,11372
95411,900,0,CVR016_008,12272
95412,648,0,CVR016_008,12920
95413,648,0,CVR016_008,13568
95414,1320,0,CVR016_008,14888
95415,652,0,CVR016_008,15540
95416,696,0,CVR016_008,16236
95417,1276,0,CVR016_008,17512
95418,648,0,CVR016_008,18160
95419,700,0,CVR016_008,18860
95420,72,0,CVR016_008,18932
95421,1204,0,CVR016_008,20136
95422,652,0,CVR016_008,20788
95423,656,0,CVR016_008,21444
95424,496,0,CVR016_008,21940
95425,832,0,CVR016_008,22772
95426,652,0,CVR016_008,23424
95427,656,0,CVR016_008,24080
95428,852,1,CVR016_008,24932
95429,472,0,CVR016_008,25404
95430,656,0,CVR016_008,26060
95431,656,0,CVR016_008,26716
95432,216,0,CVR016_008,26932
95433,1120,0,CVR016_008,28052
95434,660,0,CVR016_008,28712
95435,220,0,CVR016_008,28932
95436,440,0,CVR016_008,29372
95437,1332,0,CVR016_008,30704
95438,236,0,CVR016_008,30940
95439,416,0,CVR016_008,31356
95440,664,0,CVR016_008,32020
95441,916,0,CVR016_008,32936
95442,404,0,CVR016_008,33340
95443,696,0,CVR016_008,34036
95444,608,0,CVR016_008,34644
95445,1984,0,CVR016_008,36628
95446,652,0,CVR016_008,37280
95447,1332,0,CVR016_008,38612
95448,652,0,CVR016_008,39264
95449,648,0,CVR016_008,39912
95450,1316,0,CVR016_008,41228
95451,648,0,CVR016_008,41876
95452,648,0,CVR016_008,42524
95453,1312,0,CVR016_008,43836
95454,648,0,CVR016_008,44484
95455,692,0,CVR016_008,45176
95456,1256,0,CVR016_008,46432
95457,644,0,CVR016_008,47076
95458,648,0,CVR016_008,47724
95459,1296,0,CVR016_008,49020
95460,648,0,CVR016_008,49668
95461,644,0,CVR016_008,50312
95462,420,0,CVR016_008,50732
95463,940,0,CVR016_008,51672
95464,600,0,CVR016_008,52272
95465,644,0,CVR016_008,52916
95466,1304,0,CVR016_008,54220
95467,648,0,CVR016_008,54868
95468,644,0,CVR016_008,55512
95469,424,0,CVR016_008,55936
95470,876,0,CVR016_008,56812
95471,644,0,CVR016_008,57456
95472,640,0,CVR016_008,58096
95473,1300,0,CVR016_008,59396
95474,644,0,CVR016_008,60040
95475,644,0,CVR016_008,60684
95476,1344,0,CVR016_008,62028
95477,596,0,CVR016_008,62624
95478,640,0,CVR016_008,63264
95479,424,0,CVR016_008,63688
95480,880,0,CVR016_008,64568
95481,652,0,CVR016_008,65220
95482,644,0,CVR016_008,65864
95483,1352,0,CVR016_008,67216
95484,592,0,CVR016_008,67808
95485,648,0,CVR016_008,68456
95486,500,0,CVR016_008,68956
95487,800,0,CVR016_008,69756
95488,648,0,CVR016_008,70404
95489,648,0,CVR016_008,71052
95490,500,0,CVR016_008,71552
95491,852,0,CVR016_008,72404
95492,644,0,CVR016_008,73048
95493,596,0,CVR016_008,73644
95494,404,0,CVR016_008,74048
95495,904,0,CVR016_008,74952
95496,688,0,CVR016_008,75640
95497,596,0,CVR016_008,76236
95498,1300,0,CVR016_008,77536
95499,636,0,CVR016_008,78172
95500,644,0,CVR016_008,78816
95501,416,0,CVR016_008,79232
95502,876,0,CVR016_008,80108
95503,644,0,CVR016_008,80752
95504,644,0,CVR016_008,81396
95505,1304,0,CVR016_008,82700
95506,652,0,CVR016_008,83352
95507,1068,0,CVR016_008,84420
95508,892,0,CVR016_008,85312
95509,652,0,CVR016_008,85964
95510,644,0,CVR016_008,86608
95511,496,0,CVR016_008,87104
95512,820,0,CVR016_008,87924
95513,652,0,CVR016_008,88576
95514,644,0,CVR016_008,89220
95515,1304,0,CVR016_008,90524
95516,696,0,CVR016_008,91220
95517,600,0,CVR016_008,91820
95518,1304,0,CVR016_008,93124
95519,648,0,CVR016_008,93772
95520,652,0,CVR016_008,94424
95521,428,0,CVR016_008,94852
95522,884,0,CVR016_008,95736
95523,648,0,CVR016_008,96384
95524,700,0,CVR016_008,97084
95525,600,0,CVR016_008,97684
95526,648,0,CVR016_008,98332
95527,648,0,CVR016_008,98980
95528,1304,0,CVR016_008,100284
95529,652,0,CVR016_008,100936
95530,648,0,CVR016_008,101584
95531,648,0,CVR016_008,102232
95532,648,0,CVR016_008,102880
95533,696,0,CVR016_008,103576
95534,1256,0,CVR016_008,104832
95535,652,0,CVR016_008,105484
95536,652,0,CVR016_008,106136
95537,652,0,CVR016_008,106788
95538,652,0,CVR016_008,107440
95539,652,0,CVR016_008,108092
95540,884,0,CVR016_008,108976
95541,436,0,CVR016_008,109412
95542,656,0,CVR016_008,110068
95543,652,0,CVR016_008,110720
95544,652,0,CVR016_008,111372
95545,704,0,CVR016_008,112076
95546,600,0,CVR016_008,112676
95547,436,0,CVR016_008,113112
95548,868,0,CVR016_008,113980
95549,656,0,CVR016_008,114636
95550,648,0,CVR016_008,115284
95551,648,0,CVR016_008,115932
95552,652,0,CVR016_008,116584
95553,648,0,CVR016_008,117232
95554,1356,0,CVR016_008,118588
95555,600,0,CVR016_008,119188
95556,652,0,CVR016_008,119840
95557,432,0,CVR016_008,120272
95558,884,0,CVR016_008,121156
95559,648,0,CVR016_008,121804
95560,652,0,CVR016_008,122456
95561,652,0,CVR016_008,123108
95562,652,0,CVR016_008,123760
95563,692,0,CVR016_008,124452
95564,1264,0,CVR016_008,125716
95565,648,0,CVR016_008,126364
95566,700,0,CVR016_008,127064
95567,604,0,CVR016_008,127668
95568,652,0,CVR016_008,128320
95569,652,0,CVR016_008,128972
95570,432,0,CVR016_008,129404
95571,880,0,CVR016_008,130284
95572,652,0,CVR016_008,130936
95573,652,0,CVR016_008,131588
95574,660,0,CVR016_008,132248
95575,656,0,CVR016_008,132904
95576,652,0,CVR016_008,133556
95577,1324,0,CVR016_008,134880
95578,656,0,CVR016_008,135536
95579,572,0,CVR016_008,136108
95580,1404,0,CVR016_008,137512
95581,656,0,CVR016_008,138168
95582,656,0,CVR016_008,138824
95583,652,0,CVR016_008,139476
95584,652,0,CVR016_008,140128
95585,652,0,CVR016_008,140780
95586,1312,0,CVR016_008,142092
95587,652,0,CVR016_008,142744
95588,652,0,CVR016_008,143396
95589,700,0,CVR016_008,144096
95590,608,0,CVR016_008,144704
95591,652,0,CVR016_008,145356
95592,444,0,CVR016_008,145800
95593,868,0,CVR016_008,146668
95594,652,0,CVR016_008,147320
95595,652,0,CVR016_008,147972
95596,656,0,CVR016_008,148628
95597,652,0,CVR016_008,149280
95598,648,0,CVR016_008,149928
95599,1312,0,CVR016_008,151240
95600,648,0,CVR016_008,151888
95601,652,0,CVR016_008,152540
95602,652,0,CVR016_008,153192
95603,648,0,CVR016_008,153840
95604,652,0,CVR016_008,154492
95605,512,0,CVR016_008,155004
95606,796,0,CVR016_008,155800
95607,652,0,CVR016_008,156452
95608,656,0,CVR016_008,157108
95609,652,0,CVR016_008,157760
95610,704,0,CVR016_008,158464
95611,608,0,CVR016_008,159072
95612,388,0,CVR016_008,159460
95613,932,0,CVR016_008,160392
95614,708,0,CVR016_008,161100
95615,608,0,CVR016_008,161708
95616,660,0,CVR016_008,162368
95617,644,0,CVR016_008,163012
95618,668,0,CVR016_008,163680
95619,1324,0,CVR016_008,165004
95620,652,0,CVR016_008,165656
95621,660,0,CVR016_008,166316
95622,660,0,CVR016_008,166976
95623,656,0,CVR016_008,167632
95624,660,0,CVR016_008,168292
95625,1324,0,CVR016_008,169616
95626,660,0,CVR016_008,170276
95627,664,0,CVR016_008,170940
95628,660,0,CVR016_008,171600
95629,668,0,CVR016_008,172268
95630,660,0,CVR016_008,172928
95631,660,0,CVR016_008,173588
95632,668,0,CVR016_008,174256
95633,664,0,CVR016_008,174920
95634,664,0,CVR016_008,175584
95635,668,0,CVR016_008,176252
95636,668,0,CVR016_008,176920
95637,664,0,CVR016_008,177584
95638,664,0,CVR016_008,178248
95639,668,0,CVR016_008,178916
95640,668,0,CVR016_008,179584
95641,664,0,CVR016_008,180248
95642,668,0,CVR016_008,180916
95643,668,0,CVR016_008,181584
95644,664,0,CVR016_008,182248
95645,668,0,CVR016_008,182916
95646,664,0,CVR016_008,183580
95647,668,0,CVR016_008,184248
95648,668,0,CVR016_008,184916
95649,668,0,CVR016_008,185584
95650,664,0,CVR016_008,186248
95651,672,0,CVR016_008,186920
95652,668,0,CVR016_008,187588
95653,664,0,CVR016_008,188252
95654,672,0,CVR016_008,188924
95655,672,0,CVR016_008,189596
95656,672,0,CVR016_008,190268
95657,668,0,CVR016_008,190936
95658,676,0,CVR016_008,191612
95659,676,0,CVR016_008,192288
95660,672,0,CVR016_008,192960
95661,676,0,CVR016_008,193636
95662,680,0,CVR016_008,194316
95663,680,0,CVR016_008,194996
95664,676,0,CVR016_008,195672
95665,736,0,CVR016_008,196408
95666,684,0,CVR016_008,197092
95667,632,0,CVR016_008,197724
95668,688,0,CVR016_008,198412
95669,684,0,CVR016_008,199096
95670,684,0,CVR016_008,199780
95671,680,0,CVR016_008,200460
95672,688,0,CVR016_008,201148
95673,736,1,CVR016_008,201884
95674,636,0,CVR016_008,202520
95675,688,0,CVR016_008,203208
95676,684,0,CVR016_008,203892
95677,688,0,CVR016_008,204580
95678,684,0,CVR016_008,205264
95679,684,0,CVR016_008,205948
95680,688,0,CVR016_008,206636
95681,732,1,CVR016_008,207368
95682,640,0,CVR016_008,208008
95683,684,0,CVR016_008,208692
95684,684,0,CVR016_008,209376
95685,1372,0,CVR016_008,210748
95686,688,0,CVR016_008,211436
95687,680,0,CVR016_008,212116
95688,736,1,CVR016_008,212852
95689,640,0,CVR016_008,213492
95690,684,0,CVR016_008,214176
95691,684,0,CVR016_008,214860
95692,688,0,CVR016_008,215548
95693,684,0,CVR016_008,216232
95694,688,0,CVR016_008,216920
95695,688,0,CVR016_008,217608
95696,680,0,CVR016_008,218288
95697,684,0,CVR016_008,218972
95698,688,0,CVR016_008,219660
95699,684,0,CVR016_008,220344
95700,680,0,CVR016_008,221024
95701,684,0,CVR016_008,221708
95702,684,0,CVR016_008,222392
95703,728,1,CVR016_008,223120
95704,636,0,CVR016_008,223756
95705,680,0,CVR016_008,224436
95706,680,0,CVR016_008,225116
95707,728,1,CVR016_008,225844
95708,632,0,CVR016_008,226476
95709,676,0,CVR016_008,227152
95710,680,0,CVR016_008,227832
95711,676,0,CVR016_008,228508
95712,672,0,CVR016_008,229180
95713,676,0,CVR016_008,229856
95714,672,0,CVR016_008,230528
95715,672,0,CVR016_008,231200
95716,676,0,CVR016_008,231876
95717,672,0,CVR016_008,232548
95718,668,0,CVR016_008,233216
95719,672,0,CVR016_008,233888
95720,672,0,CVR016_008,234560
95721,672,0,CVR016_008,235232
95722,676,0,CVR016_008,235908
95723,672,0,CVR016_008,236580
95724,672,0,CVR016_008,237252
95725,680,0,CVR016_008,237932
95726,680,0,CVR016_008,238612
95727,680,0,CVR016_008,239292
95728,676,0,CVR016_008,239968
95729,680,0,CVR016_008,240648
95730,496,0,CVR016_008,241144
95731,800,0,CVR016_008,241944
95732,696,0,CVR016_008,242640
95733,676,0,CVR016_008,243316
95734,676,0,CVR016_008,243992
95735,688,0,CVR016_008,244680
95736,728,1,CVR016_008,245408
95737,628,0,CVR016_008,246036
95738,680,0,CVR016_008,246716
95739,680,0,CVR016_008,247396
95740,720,0,CVR016_008,248116
95741,680,0,CVR016_008,248796
95742,632,0,CVR016_008,249428
95743,724,0,CVR016_008,250152
95744,636,0,CVR016_008,250788
95745,680,0,CVR016_008,251468
95746,680,0,CVR016_008,252148
95747,676,0,CVR016_008,252824
95748,684,0,CVR016_008,253508
95749,676,0,CVR016_008,254184
95750,680,0,CVR016_008,254864
95751,692,0,CVR016_008,255556
95752,684,0,CVR016_008,256240
95753,676,0,CVR016_008,256916
95754,676,0,CVR016_008,257592
95755,676,0,CVR016_008,258268
95756,1360,0,CVR016_008,259628
95757,676,0,CVR016_008,260304
95758,672,0,CVR016_008,260976
95759,672,0,CVR016_008,261648
95760,672,0,CVR016_008,262320
95761,672,0,CVR016_008,262992
95762,672,0,CVR016_008,263664
95763,672,0,CVR016_008,264336
95764,668,0,CVR016_008,265004
95765,1376,0,CVR016_008,266380
95766,664,0,CVR016_008,267044
95767,664,0,CVR016_008,267708
95768,616,0,CVR016_008,268324
95769,704,0,CVR016_008,269028
95770,612,0,CVR016_008,269640
95771,656,0,CVR016_008,270296
95772,660,0,CVR016_008,270956
95773,660,0,CVR016_008,271616
95774,660,0,CVR016_008,272276
95775,660,0,CVR016_008,272936
95776,660,0,CVR016_008,273596
95777,656,0,CVR016_008,274252
95778,656,0,CVR016_008,274908
95779,708,1,CVR016_008,275616
95780,612,0,CVR016_008,276228
95781,664,0,CVR016_008,276892
95782,660,0,CVR016_008,277552
95783,656,0,CVR016_008,278208
95784,660,0,CVR016_008,278868
95785,656,0,CVR016_008,279524
95786,660,0,CVR016_008,280184
95787,656,0,CVR016_008,280840
95788,660,0,CVR016_008,281500
95789,652,0,CVR016_008,282152
95790,708,0,CVR016_008,282860
95791,652,0,CVR016_008,283512
95792,636,0,CVR016_008,284148
95793,624,0,CVR016_008,284772
95794,660,0,CVR016_008,285432
95795,712,1,CVR016_008,286144
95796,596,0,CVR016_008,286740
95797,676,0,CVR016_008,287416
95798,656,0,CVR016_008,288072
95799,656,0,CVR016_008,288728
95800,656,0,CVR016_008,289384
95801,1316,0,CVR016_008,290700
95802,664,0,CVR016_008,291364
95803,660,0,CVR016_008,292024
95804,704,0,CVR016_008,292728
95805,616,0,CVR016_008,293344
95806,712,0,CVR016_008,294056
95807,612,0,CVR016_008,294668
95808,664,0,CVR016_008,295332
95809,664,0,CVR016_008,295996
95810,712,0,CVR016_008,296708
95811,612,0,CVR016_008,297320
95812,664,0,CVR016_008,297984
95813,712,0,CVR016_008,298696
95814,616,0,CVR016_008,299312
95815,664,0,CVR016_008,299976
95816,708,0,CVR016_008,300684
95817,612,0,CVR016_008,301296
95818,668,0,CVR016_008,301964
95819,664,0,CVR016_008,302628
95820,668,0,CVR016_008,303296
95821,660,0,CVR016_008,303956
95822,712,1,CVR016_008,304668
95823,616,0,CVR016_008,305284
95824,668,0,CVR016_008,305952
95825,660,0,CVR016_008,306612
95826,716,1,CVR016_008,307328
95827,620,0,CVR016_008,307948
95828,668,0,CVR016_008,308616
95829,668,0,CVR016_008,309284
95830,664,0,CVR016_008,309948
95831,664,0,CVR016_008,310612
95832,668,0,CVR016_008,311280
95833,672,0,CVR016_008,311952
95834,668,0,CVR016_008,312620
95835,668,0,CVR016_008,313288
95836,668,0,CVR016_008,313956
95837,660,0,CVR016_008,314616
95838,1324,0,CVR016_008,315940
95839,660,0,CVR016_008,316600
95840,660,0,CVR016_008,317260
95841,668,0,CVR016_008,317928
95842,660,0,CVR016_008,318588
95843,664,0,CVR016_008,319252
95844,660,0,CVR016_008,319912
95845,664,0,CVR016_008,320576
95846,660,0,CVR016_008,321236
95847,660,0,CVR016_008,321896
95848,1336,0,CVR016_008,323232
95849,664,0,CVR016_008,323896
95850,660,0,CVR016_008,324556
95851,660,0,CVR016_008,325216
95852,656,0,CVR016_008,325872
95853,660,0,CVR016_008,326532
95854,424,0,CVR016_008,326956
95855,892,0,CVR016_008,327848
95856,652,0,CVR016_008,328500
95857,660,0,CVR016_008,329160
95858,656,0,CVR016_008,329816
95859,652,0,CVR016_008,330468
95860,700,0,CVR016_008,331168
95861,380,0,CVR016_008,331548
95862,896,0,CVR016_008,332444
95863,652,0,CVR016_008,333096
95864,656,0,CVR016_008,333752
95865,656,0,CVR016_008,334408
95866,656,0,CVR016_008,335064
95867,656,0,CVR016_008,335720
95868,500,0,CVR016_008,336220
95869,820,0,CVR016_008,337040
95870,652,0,CVR016_008,337692
95871,660,0,CVR016_008,338352
95872,656,0,CVR016_008,339008
95873,656,0,CVR016_008,339664
95874,652,0,CVR016_008,340316
95875,1324,0,CVR016_008,341640
95876,660,0,CVR016_008,342300
95877,656,0,CVR016_008,342956
95878,660,0,CVR016_008,343616
95879,656,0,CVR016_008,344272
95880,656,0,CVR016_008,344928
95881,428,0,CVR016_008,345356
95882,900,0,CVR016_008,346256
95883,660,0,CVR016_008,346916
95884,660,0,CVR016_008,347576
95885,660,0,CVR016_008,348236
95886,660,0,CVR016_008,348896
95887,660,0,CVR016_008,349556
95888,420,0,CVR016_008,349976
95889,908,0,CVR016_008,350884
95890,708,0,CVR016_008,351592
95891,612,0,CVR016_008,352204
95892,656,0,CVR016_008,352860
95893,656,0,CVR016_008,353516
95894,660,0,CVR016_008,354176
95895,424,0,CVR016_008,354600
95896,908,0,CVR016_008,355508
95897,660,0,CVR016_008,356168
95898,660,0,CVR016_008,356828
95899,660,0,CVR016_008,357488
95900,708,0,CVR016_008,358196
95901,616,0,CVR016_008,358812
95902,440,0,CVR016_008,359252
95903,936,0,CVR016_008,360188
95904,612,0,CVR016_008,360800
95905,664,0,CVR016_008,361464
95906,656,0,CVR016_008,362120
95907,668,0,CVR016_008,362788
95908,664,0,CVR016_008,363452
95909,424,0,CVR016_008,363876
95910,84,0,CVR016_008,363960
95911,828,0,CVR016_008,364788
95912,664,0,CVR016_008,365452
95913,664,0,CVR016_008,366116
95914,672,0,CVR016_008,366788
95915,664,0,CVR016_008,367452
95916,664,0,CVR016_008,368116
95917,668,0,CVR016_008,368784
95918,668,0,CVR016_008,369452
95919,668,0,CVR016_008,370120
95920,668,0,CVR016_008,370788
95921,672,0,CVR016_008,371460
95922,720,0,CVR016_008,372180
95923,624,0,CVR016_008,372804
95924,1404,0,CVR016_008,374208
95925,628,0,CVR016_008,374836
95926,672,0,CVR016_008,375508
95927,672,0,CVR016_008,376180
95928,672,0,CVR016_008,376852
95929,668,0,CVR016_008,377520
95930,672,0,CVR016_008,378192
95931,672,0,CVR016_008,378864
95932,668,0,CVR016_008,379532
95933,668,0,CVR016_008,380200
95934,668,0,CVR016_008,380868
95935,668,0,CVR016_008,381536
95936,672,0,CVR016_008,382208
95937,668,0,CVR016_008,382876
95938,672,0,CVR016_008,383548
95939,668,0,CVR016_008,384216
95940,668,0,CVR016_008,384884
95941,668,0,CVR016_008,385552
95942,668,0,CVR016_008,386220
95943,668,0,CVR016_008,386888
95944,668,0,CVR016_008,387556
95945,672,0,CVR016_008,388228
95946,668,0,CVR016_008,388896
95947,668,0,CVR016_008,389564
95948,668,0,CVR016_008,390232
95949,672,0,CVR016_008,390904
95950,672,0,CVR016_008,391576
95951,668,0,CVR016_008,392244
95952,676,0,CVR016_008,392920
95953,668,0,CVR016_008,393588
95954,668,0,CVR016_008,394256
95955,672,0,CVR016_008,394928
95956,668,0,CVR016_008,395596
95957,668,0,CVR016_008,396264
95958,668,0,CVR016_008,396932
95959,672,0,CVR016_008,397604
95960,672,0,CVR016_008,398276
95961,720,1,CVR016_008,398996
95962,628,0,CVR016_008,399624
95963,676,0,CVR016_008,400300
95964,676,0,CVR016_008,400976
95965,672,0,CVR016_008,401648
95966,680,0,CVR016_008,402328
95967,676,0,CVR016_008,403004
95968,676,0,CVR016_008,403680
95969,676,0,CVR016_008,404356
95970,680,0,CVR016_008,405036
95971,676,0,CVR016_008,405712
95972,680,0,CVR016_008,406392
95973,676,0,CVR016_008,407068
95974,680,0,CVR016_008,407748
95975,728,0,CVR016_008,408476
95976,636,0,CVR016_008,409112
95977,676,0,CVR016_008,409788
95978,720,0,CVR016_008,410508
95979,628,0,CVR016_008,411136
95980,676,0,CVR016_008,411812
95981,676,0,CVR016_008,412488
95982,724,0,CVR016_008,413212
95983,624,0,CVR016_008,413836
95984,680,0,CVR016_008,414516
95985,720,0,CVR016_008,415236
95986,624,0,CVR016_008,415860
95987,680,0,CVR016_008,416540
95988,672,0,CVR016_008,417212
95989,676,0,CVR016_008,417888
95990,672,0,CVR016_008,418560
95991,676,0,CVR016_008,419236
95992,720,0,CVR016_008,419956
95993,620,0,CVR016_008,420576
95994,668,0,CVR016_008,421244
95995,720,0,CVR016_008,421964
95996,620,0,CVR016_008,422584
95997,672,0,CVR016_008,423256
95998,668,0,CVR016_008,423924
95999,672,0,CVR016_008,424596
96000,668,0,CVR016_008,425264
96001,672,0,CVR016_008,425936
96002,672,0,CVR016_008,426608
96003,672,0,CVR016_008,427280
96004,672,0,CVR016_008,427952
96005,672,0,CVR016_008,428624
96006,672,0,CVR016_008,429296
96007,668,0,CVR016_008,429964
96008,672,0,CVR016_008,430636
96009,672,0,CVR016_008,431308
96010,672,0,CVR016_008,431980
96011,672,0,CVR016_008,432652
96012,668,0,CVR016_008,433320
96013,676,0,CVR016_008,433996
96014,668,0,CVR016_008,434664
96015,668,0,CVR016_008,435332
96016,672,0,CVR016_008,436004
96017,672,0,CVR016_008,436676
96018,668,0,CVR016_008,437344
96019,672,0,CVR016_008,438016
96020,668,0,CVR016_008,438684
96021,668,0,CVR016_008,439352
96022,672,0,CVR016_008,440024
96023,672,0,CVR016_008,440696
96024,720,1,CVR016_008,441416
96025,628,0,CVR016_008,442044
96026,672,0,CVR016_008,442716
96027,676,0,CVR016_008,443392
96028,676,0,CVR016_008,444068
96029,672,0,CVR016_008,444740
96030,676,0,CVR016_008,445416
96031,676,0,CVR016_008,446092
96032,672,0,CVR016_008,446764
96033,676,0,CVR016_008,447440
96034,676,0,CVR016_008,448116
96035,672,0,CVR016_008,448788
96036,672,0,CVR016_008,449460
96037,676,0,CVR016_008,450136
96038,676,0,CVR016_008,450812
96039,676,0,CVR016_008,451488
96040,672,0,CVR016_008,452160
96041,676,0,CVR016_008,452836
96042,676,0,CVR016_008,453512
96043,1364,0,CVR016_008,454876
96044,676,0,CVR016_008,455552
96045,672,0,CVR016_008,456224
96046,672,0,CVR016_008,456896
96047,676,0,CVR016_008,457572
96048,668,0,CVR016_008,458240
96049,668,0,CVR016_008,458908
96050,664,0,CVR016_008,459572
96051,668,0,CVR016_008,460240
96052,664,0,CVR016_008,460904
96053,668,0,CVR016_008,461572
96054,664,0,CVR016_008,462236
96055,668,0,CVR016_008,462904
96056,664,0,CVR016_008,463568
96057,668,0,CVR016_008,464236
96058,668,0,CVR016_008,464904
96059,668,0,CVR016_008,465572
96060,668,0,CVR016_008,466240
96061,668,0,CVR016_008,466908
96062,668,0,CVR016_008,467576
96063,668,0,CVR016_008,468244
96064,668,0,CVR016_008,468912
96065,668,0,CVR016_008,469580
96066,524,0,CVR016_008,470104
96067,776,0,CVR016_008,470880
96068,676,0,CVR016_008,471556
96069,720,0,CVR016_008,472276
96070,1296,0,CVR016_008,473572
96071,668,0,CVR016_008,474240
96072,668,0,CVR016_008,474908
96073,664,0,CVR016_008,475572
96074,672,0,CVR016_008,476244
96075,664,0,CVR016_008,476908
96076,668,0,CVR016_008,477576
96077,664,0,CVR016_008,478240
96078,664,0,CVR016_008,478904
96079,672,0,CVR016_008,479576
96080,664,0,CVR016_008,480240
96081,672,0,CVR016_008,480912
96082,668,0,CVR016_008,481580
96083,668,0,CVR016_008,482248
96084,668,0,CVR016_008,482916
96085,672,0,CVR016_008,483588
96086,668,0,CVR016_008,484256
96087,664,0,CVR016_008,484920
96088,676,0,CVR016_008,485596
96089,668,0,CVR016_008,486264
96090,672,0,CVR016_008,486936
96091,668,0,CVR016_008,487604
96092,1356,0,CVR016_008,488960
96093,672,0,CVR016_008,489632
96094,672,0,CVR016_008,490304
96095,676,0,CVR016_008,490980
96096,436,0,CVR016_008,491416
96097,844,0,CVR016_008,492260
96098,684,0,CVR016_008,492944
96099,672,0,CVR016_008,493616
96100,668,0,CVR016_008,494284
96101,672,0,CVR016_008,494956
96102,672,0,CVR016_008,495628
96103,672,0,CVR016_008,496300
96104,672,0,CVR016_008,496972
96105,672,0,CVR016_008,497644
96106,676,0,CVR016_008,498320
96107,680,0,CVR016_008,499000
96108,676,0,CVR016_008,499676
96109,684,0,CVR016_008,500360
96110,684,0,CVR016_008,501044
96111,680,0,CVR016_008,501724
96112,684,0,CVR016_008,502408
96113,680,0,CVR016_008,503088
96114,728,1,CVR016_008,503816
96115,636,0,CVR016_008,504452
96116,680,0,CVR016_008,505132
96117,680,0,CVR016_008,505812
96118,684,0,CVR016_008,506496
96119,680,0,CVR016_008,507176
96120,680,0,CVR016_008,507856
96121,676,0,CVR016_008,508532
96122,732,1,CVR016_008,509264
96123,636,0,CVR016_008,509900
96124,680,0,CVR016_008,510580
96125,680,0,CVR016_008,511260
96126,684,0,CVR016_008,511944
96127,680,0,CVR016_008,512624
96128,680,0,CVR016_008,513304
96129,680,0,CVR016_008,513984
96130,680,0,CVR016_008,514664
96131,680,0,CVR016_008,515344
96132,676,0,CVR016_008,516020
96133,680,0,CVR016_008,516700
96134,680,0,CVR016_008,517380
96135,680,0,CVR016_008,518060
96136,680,0,CVR016_008,518740
96137,676,0,CVR016_008,519416
96138,676,0,CVR016_008,520092
96139,676,0,CVR016_008,520768
96140,680,0,CVR016_008,521448
96141,676,0,CVR016_008,522124
96142,676,0,CVR016_008,522800
96143,676,0,CVR016_008,523476
96144,676,0,CVR016_008,524152
96145,676,0,CVR016_008,524828
96146,672,0,CVR016_008,525500
96147,676,0,CVR016_008,526176
96148,672,0,CVR016_008,526848
96149,672,0,CVR016_008,527520
96150,668,0,CVR016_008,528188
96151,680,0,CVR016_008,528868
96152,672,0,CVR016_008,529540
96153,720,0,CVR016_008,530260
96154,628,0,CVR016_008,530888
96155,676,0,CVR016_008,531564
96156,720,0,CVR016_008,532284
96157,624,0,CVR016_008,532908
96158,680,0,CVR016_008,533588
96159,672,0,CVR016_008,534260
96160,672,0,CVR016_008,534932
96161,676,0,CVR016_008,535608
96162,676,0,CVR016_008,536284
96163,672,0,CVR016_008,536956
96164,672,0,CVR016_008,537628
96165,676,0,CVR016_008,538304
96166,672,0,CVR016_008,538976
96167,676,0,CVR016_008,539652
96168,672,0,CVR016_008,540324
96169,676,0,CVR016_008,541000
96170,720,1,CVR016_008,541720
96171,624,0,CVR016_008,542344
96172,672,0,CVR016_008,543016
96173,676,0,CVR016_008,543692
96174,668,0,CVR016_008,544360
96175,672,0,CVR016_008,545032
96176,1352,0,CVR016_008,546384
96177,668,0,CVR016_008,547052
96178,668,0,CVR016_008,547720
96179,420,0,CVR016_008,548140
96180,920,0,CVR016_008,549060
96181,668,0,CVR016_008,549728
96182,660,0,CVR016_008,550388
96183,664,0,CVR016_008,551052
96184,660,0,CVR016_008,551712
96185,664,0,CVR016_008,552376
96186,660,0,CVR016_008,553036
96187,660,0,CVR016_008,553696
96188,664,0,CVR016_008,554360
96189,664,0,CVR016_008,555024
96190,664,0,CVR016_008,555688
96191,664,0,CVR016_008,556352
96192,672,0,CVR016_008,557024
96193,664,0,CVR016_008,557688
96194,668,0,CVR016_008,558356
96195,668,0,CVR016_008,559024
96196,672,0,CVR016_008,559696
96197,668,0,CVR016_008,560364
96198,668,0,CVR016_008,561032
96199,672,0,CVR016_008,561704
96200,672,0,CVR016_008,562376
96201,672,0,CVR016_008,563048
96202,668,0,CVR016_008,563716
96203,1348,0,CVR016_008,565064
96204,672,0,CVR016_008,565736
96205,672,0,CVR016_008,566408
96206,668,0,CVR016_008,567076
96207,668,0,CVR016_008,567744
96208,660,0,CVR016_008,568404
96209,672,0,CVR016_008,569076
96210,668,0,CVR016_008,569744
96211,664,0,CVR016_008,570408
96212,672,0,CVR016_008,571080
96213,668,0,CVR016_008,571748
96214,668,0,CVR016_008,572416
96215,668,0,CVR016_008,573084
96216,672,0,CVR016_008,573756
96217,672,0,CVR016_008,574428
96218,668,0,CVR016_008,575096
96219,676,0,CVR016_008,575772
96220,672,0,CVR016_008,576444
96221,676,0,CVR016_008,577120
96222,672,0,CVR016_008,577792
96223,680,0,CVR016_008,578472
96224,676,0,CVR016_008,579148
96225,676,0,CVR016_008,579824
96226,680,0,CVR016_008,580504
96227,680,0,CVR016_008,581184
96228,680,0,CVR016_008,581864
96229,680,0,CVR016_008,582544
96230,680,0,CVR016_008,583224
96231,684,0,CVR016_008,583908
96232,680,0,CVR016_008,584588
96233,732,1,CVR016_008,585320
96234,636,0,CVR016_008,585956
96235,684,0,CVR016_008,586640
96236,684,0,CVR016_008,587324
96237,684,0,CVR016_008,588008
96238,688,0,CVR016_008,588696
96239,684,0,CVR016_008,589380
96240,680,0,CVR016_008,590060
96241,684,0,CVR016_008,590744
96242,680,0,CVR016_008,591424
96243,680,0,CVR016_008,592104
96244,680,0,CVR016_008,592784
96245,680,0,CVR016_008,593464
96246,680,0,CVR016_008,594144
96247,680,0,CVR016_008,594824
96248,680,0,CVR016_008,595504
96249,680,0,CVR016_008,596184
96250,684,0,CVR016_008,596868
96251,676,0,CVR016_008,597544
96252,684,0,CVR016_008,598228
96253,676,0,CVR016_008,598904
96254,728,0,CVR016_008,599632
96255,680,0,CVR016_008,600312
96256,632,0,CVR016_008,600944
96257,680,0,CVR016_008,601624
96258,680,0,CVR016_008,602304
96259,680,0,CVR016_008,602984
96260,676,0,CVR016_008,603660
96261,684,0,CVR016_008,604344
96262,680,0,CVR016_008,605024
96263,680,0,CVR016_008,605704
96264,680,0,CVR016_008,606384
96265,728,1,CVR016_008,607112
96266,628,0,CVR016_008,607740
96267,676,0,CVR016_008,608416
96268,680,0,CVR016_008,609096
96269,680,0,CVR016_008,609776
96270,680,0,CVR016_008,610456
96271,684,0,CVR016_008,611140
96272,684,0,CVR016_008,611824
96273,684,0,CVR016_008,612508
96274,676,0,CVR016_008,613184
96275,688,0,CVR016_008,613872
96276,684,0,CVR016_008,614556
96277,680,0,CVR016_008,615236
96278,684,0,CVR016_008,615920
96279,688,0,CVR016_008,616608
96280,732,1,CVR016_008,617340
96281,636,0,CVR016_008,617976
96282,680,0,CVR016_008,618656
96283,688,0,CVR016_008,619344
96284,732,1,CVR016_008,620076
96285,636,0,CVR016_008,620712
96286,688,0,CVR016_008,621400
96287,688,0,CVR016_008,622088
96288,684,0,CVR016_008,622772
96289,688,0,CVR016_008,623460
96290,688,0,CVR016_008,624148
96291,688,0,CVR016_008,624836
96292,688,0,CVR016_008,625524
96293,692,0,CVR016_008,626216
96294,692,0,CVR016_008,626908
96295,688,0,CVR016_008,627596
96296,736,1,CVR016_008,628332
96297,644,0,CVR016_008,628976
96298,692,0,CVR016_008,629668
96299,692,0,CVR016_008,630360
96300,688,0,CVR016_008,631048
96301,692,0,CVR016_008,631740
96302,692,0,CVR016_008,632432
96303,692,0,CVR016_008,633124
96304,692,0,CVR016_008,633816
96305,740,1,CVR016_008,634556
96306,640,0,CVR016_008,635196
96307,692,0,CVR016_008,635888
96308,688,0,CVR016_008,636576
96309,740,1,CVR016_008,637316
96310,644,0,CVR016_008,637960
96311,684,0,CVR016_008,638644
96312,692,0,CVR016_008,639336
96313,688,0,CVR016_008,640024
96314,688,0,CVR016_008,640712
96315,684,0,CVR016_008,641396
96316,692,0,CVR016_008,642088
96317,684,0,CVR016_008,642772
96318,684,0,CVR016_008,643456
96319,684,0,CVR016_008,644140
96320,684,0,CVR016_008,644824
96321,680,0,CVR016_008,645504
96322,684,0,CVR016_008,646188
96323,680,0,CVR016_008,646868
96324,680,0,CVR016_008,647548
96325,680,0,CVR016_008,648228
96326,684,0,CVR016_008,648912
96327,680,0,CVR016_008,649592
96328,728,0,CVR016_008,650320
96329,632,0,CVR016_008,650952
96330,684,0,CVR016_008,651636
96331,728,0,CVR016_008,652364
96332,636,0,CVR016_008,653000
96333,688,0,CVR016_008,653688
96334,688,0,CVR016_008,654376
96335,688,0,CVR016_008,655064
96336,688,0,CVR016_008,655752
96337,688,0,CVR016_008,656440
96338,692,0,CVR016_008,657132
96339,688,0,CVR016_008,657820
96340,688,0,CVR016_008,658508
96341,692,0,CVR016_008,659200
96342,688,0,CVR016_008,659888
96343,688,0,CVR016_008,660576
96344,692,0,CVR016_008,661268
96345,740,1,CVR016_008,662008
96346,644,0,CVR016_008,662652
96347,696,0,CVR016_008,663348
96348,696,0,CVR016_008,664044
96349,692,0,CVR016_008,664736
96350,692,0,CVR016_008,665428
96351,700,0,CVR016_008,666128
96352,692,0,CVR016_008,666820
96353,744,0,CVR016_008,667564
96354,648,0,CVR016_008,668212
96355,696,0,CVR016_008,668908
96356,740,0,CVR016_008,669648
96357,696,0,CVR016_008,670344
96358,692,0,CVR016_008,671036
96359,644,0,CVR016_008,671680
96360,688,0,CVR016_008,672368
96361,692,0,CVR016_008,673060
96362,688,0,CVR016_008,673748
96363,684,0,CVR016_008,674432
96364,680,0,CVR016_008,675112
96365,688,0,CVR016_008,675800
96366,684,0,CVR016_008,676484
96367,676,0,CVR016_008,677160
96368,684,0,CVR016_008,677844
96369,676,0,CVR016_008,678520
96370,684,0,CVR016_008,679204
96371,680,0,CVR016_008,679884
96372,680,0,CVR016_008,680564
96373,680,0,CVR016_008,681244
96374,732,0,CVR016_008,681976
96375,636,0,CVR016_008,682612
96376,732,0,CVR016_008,683344
96377,632,0,CVR016_008,683976
96378,684,0,CVR016_008,684660
96379,688,0,CVR016_008,685348
96380,688,0,CVR016_008,686036
96381,688,0,CVR016_008,686724
96382,692,0,CVR016_008,687416
96383,692,0,CVR016_008,688108
96384,692,0,CVR016_008,688800
96385,696,0,CVR016_008,689496
96386,692,0,CVR016_008,690188
96387,696,0,CVR016_008,690884
96388,696,0,CVR016_008,691580
96389,700,0,CVR016_008,692280
96390,700,0,CVR016_008,692980
96391,696,0,CVR016_008,693676
96392,700,0,CVR016_008,694376
96393,696,0,CVR016_008,695072
96394,700,0,CVR016_008,695772
96395,696,0,CVR016_008,696468
96396,700,0,CVR016_008,697168
96397,692,0,CVR016_008,697860
96398,700,0,CVR016_008,698560
96399,696,0,CVR016_008,699256
96400,692,0,CVR016_008,699948
96401,692,0,CVR016_008,700640
96402,736,1,CVR016_008,701376
96403,644,0,CVR016_008,702020
96404,688,0,CVR016_008,702708
96405,696,0,CVR016_008,703404
96406,684,0,CVR016_008,704088
96407,688,0,CVR016_008,704776
96408,692,0,CVR016_008,705468
96409,684,0,CVR016_008,706152
96410,684,0,CVR016_008,706836
96411,680,0,CVR016_008,707516
96412,680,0,CVR016_008,708196
96413,720,1,CVR016_008,708916
96414,636,0,CVR016_008,709552
96415,676,0,CVR016_008,710228
96416,680,0,CVR016_008,710908
96417,676,0,CVR016_008,711584
96418,676,0,CVR016_008,712260
96419,672,0,CVR016_008,712932
96420,672,0,CVR016_008,713604
96421,672,0,CVR016_008,714276
96422,664,0,CVR016_008,714940
96423,672,0,CVR016_008,715612
96424,672,0,CVR016_008,716284
96425,668,0,CVR016_008,716952
96426,668,0,CVR016_008,717620
96427,664,0,CVR016_008,718284
96428,664,0,CVR016_008,718948
96429,708,0,CVR016_008,719656
96430,616,0,CVR016_008,720272
96431,704,0,CVR016_008,720976
96432,608,0,CVR016_008,721584
96433,1316,0,CVR016_008,722900
96434,656,0,CVR016_008,723556
96435,664,0,CVR016_008,724220
96436,660,0,CVR016_008,724880
96437,652,0,CVR016_008,725532
96438,660,0,CVR016_008,726192
96439,428,0,CVR016_008,726620
96440,900,0,CVR016_008,727520
96441,660,0,CVR016_008,728180
96442,656,0,CVR016_008,728836
96443,656,0,CVR016_008,729492
96444,652,0,CVR016_008,730144
96445,656,0,CVR016_008,730800
96446,496,0,CVR016_008,731296
96447,864,0,CVR016_008,732160
96448,644,0,CVR016_008,732804
96449,604,0,CVR016_008,733408
96450,648,0,CVR016_008,734056
96451,632,0,CVR016_008,734688
96452,668,0,CVR016_008,735356
96453,1308,0,CVR016_008,736664
96454,696,0,CVR016_008,737360
96455,588,0,CVR016_008,737948
96456,660,0,CVR016_008,738608
96457,644,0,CVR016_008,739252
96458,644,0,CVR016_008,739896
96459,1304,0,CVR016_008,741200
96460,648,0,CVR016_008,741848
96461,644,0,CVR016_008,742492
96462,640,0,CVR016_008,743132
96463,636,0,CVR016_008,743768
96464,644,0,CVR016_008,744412
96465,1276,0,CVR016_008,745688
96466,684,0,CVR016_008,746372
96467,632,0,CVR016_008,747004
96468,584,0,CVR016_008,747588
96469,636,0,CVR016_008,748224
96470,632,0,CVR016_008,748856
96471,1312,0,CVR016_008,750168
96472,584,0,CVR016_008,750752
96473,676,0,CVR016_008,751428
96474,632,0,CVR016_008,752060
96475,588,0,CVR016_008,752648
96476,640,0,CVR016_008,753288
96477,448,0,CVR016_008,753736
96478,820,0,CVR016_008,754556
96479,640,0,CVR016_008,755196
96480,644,0,CVR016_008,755840
96481,648,0,CVR016_008,756488
96482,644,0,CVR016_008,757132
96483,648,0,CVR016_008,757780
96484,452,0,CVR016_008,758232
96485,852,0,CVR016_008,759084
96486,652,0,CVR016_008,759736
96487,656,0,CVR016_008,760392
96488,652,0,CVR016_008,761044
96489,656,0,CVR016_008,761700
96490,700,0,CVR016_008,762400
96491,1272,0,CVR016_008,763672
96492,652,0,CVR016_008,764324
96493,656,0,CVR016_008,764980
96494,664,0,CVR016_008,765644
96495,652,0,CVR016_008,766296
96496,656,0,CVR016_008,766952
96497,1356,0,CVR016_008,768308
96498,604,0,CVR016_008,768912
96499,700,0,CVR016_008,769612
96500,608,0,CVR016_008,770220
96501,700,0,CVR016_008,770920
96502,608,0,CVR016_008,771528
96503,1308,0,CVR016_008,772836
96504,648,0,CVR016_008,773484
96505,652,0,CVR016_008,774136
96506,436,0,CVR016_008,774572
96507,868,0,CVR016_008,775440
96508,648,0,CVR016_008,776088
96509,644,0,CVR016_008,776732
96510,644,0,CVR016_008,777376
96511,640,0,CVR016_008,778016
96512,640,0,CVR016_008,778656
96513,536,0,CVR016_008,779192
96514,744,0,CVR016_008,779936
96515,640,0,CVR016_008,780576
96516,1284,0,CVR016_008,781860
96517,640,0,CVR016_008,782500
96518,1280,0,CVR016_008,783780
96519,636,0,CVR016_008,784416
96520,432,0,CVR016_008,784848
96521,852,0,CVR016_008,785700
96522,636,0,CVR016_008,786336
96523,448,0,CVR016_008,786784
96524,844,0,CVR016_008,787628
96525,640,0,CVR016_008,788268
96526,1288,0,CVR016_008,789556
96527,692,0,CVR016_008,790248
96528,592,0,CVR016_008,790840
96529,648,0,CVR016_008,791488
96530,640,0,CVR016_008,792128
96531,644,0,CVR016_008,792772
96532,552,0,CVR016_008,793324
96533,740,0,CVR016_008,794064
96534,648,0,CVR016_008,794712
96535,696,0,CVR016_008,795408
96536,604,0,CVR016_008,796012
96537,652,0,CVR016_008,796664
96538,660,0,CVR016_008,797324
96539,456,0,CVR016_008,797780
96540,852,0,CVR016_008,798632
96541,656,0,CVR016_008,799288
96542,1312,0,CVR016_008,800600
96543,656,0,CVR016_008,801256
96544,652,0,CVR016_008,801908
96545,656,0,CVR016_008,802564
96546,696,0,CVR016_008,803260
96547,600,0,CVR016_008,803860
96548,460,0,CVR016_008,804320
96549,832,0,CVR016_008,805152
96550,648,0,CVR016_008,805800
96551,464,0,CVR016_008,806264
96552,836,0,CVR016_008,807100
96553,648,0,CVR016_008,807748
96554,1308,0,CVR016_008,809056
96555,648,0,CVR016_008,809704
96556,700,0,CVR016_008,810404
96557,1240,0,CVR016_008,811644
96558,648,0,CVR016_008,812292
96559,644,0,CVR016_008,812936
96560,1292,0,CVR016_008,814228
96561,648,0,CVR016_008,814876
96562,640,0,CVR016_008,815516
96563,1296,0,CVR016_008,816812
96564,644,0,CVR016_008,817456
96565,644,0,CVR016_008,818100
96566,1304,0,CVR016_008,819404
96567,640,0,CVR016_008,820044
96568,648,0,CVR016_008,820692
96569,428,0,CVR016_008,821120
96570,872,0,CVR016_008,821992
96571,688,0,CVR016_008,822680
96572,1256,0,CVR016_008,823936
96573,648,0,CVR016_008,824584
96574,648,0,CVR016_008,825232
96575,508,0,CVR016_008,825740
96576,804,0,CVR016_008,826544
96577,652,0,CVR016_008,827196
96578,656,0,CVR016_008,827852
96579,432,0,CVR016_008,828284
96580,888,0,CVR016_008,829172
96581,656,0,CVR016_008,829828
96582,656,0,CVR016_008,830484
96583,436,0,CVR016_008,830920
96584,888,0,CVR016_008,831808
96585,656,0,CVR016_008,832464
96586,708,0,CVR016_008,833172
96587,388,0,CVR016_008,833560
96588,884,0,CVR016_008,834444
96589,652,0,CVR016_008,835096
96590,664,0,CVR016_008,835760
96591,432,0,CVR016_008,836192
96592,892,0,CVR016_008,837084
96593,660,0,CVR016_008,837744
96594,708,0,CVR016_008,838452
96595,392,0,CVR016_008,838844
96596,884,0,CVR016_008,839728
96597,708,0,CVR016_008,840436
96598,612,0,CVR016_008,841048
96599,660,0,CVR016_008,841708
96600,660,0,CVR016_008,842368
96601,660,0,CVR016_008,843028
96602,1332,0,CVR016_008,844360
96603,668,0,CVR016_008,845028
96604,664,0,CVR016_008,845692
96605,1344,0,CVR016_008,847036
96606,664,0,CVR016_008,847700
96607,664,0,CVR016_008,848364
96608,1344,0,CVR016_008,849708
96609,656,0,CVR016_008,850364
96610,672,0,CVR016_008,851036
96611,664,0,CVR016_008,851700
96612,660,0,CVR016_008,852360
96613,712,0,CVR016_008,853072
96614,1268,0,CVR016_008,854340
96615,656,0,CVR016_008,854996
96616,652,0,CVR016_008,855648
96617,1308,0,CVR016_008,856956
96618,644,0,CVR016_008,857600
96619,644,0,CVR016_008,858244
96620,440,0,CVR016_008,858684
96621,860,0,CVR016_008,859544
96622,644,0,CVR016_008,860188
96623,640,0,CVR016_008,860828
96624,1324,0,CVR016_008,862152
96625,632,0,CVR016_008,862784
96626,584,0,CVR016_008,863368
96627,1268,0,CVR016_008,864636
96628,632,0,CVR016_008,865268
96629,472,0,CVR016_008,865740
96630,788,0,CVR016_008,866528
96631,624,0,CVR016_008,867152
96632,480,0,CVR016_008,867632
96633,828,0,CVR016_008,868460
96634,572,0,CVR016_008,869032
96635,492,0,CVR016_008,869524
96636,760,0,CVR016_008,870284
96637,624,0,CVR016_008,870908
96638,1252,0,CVR016_008,872160
96639,628,0,CVR016_008,872788
96640,576,0,CVR016_008,873364
96641,684,0,CVR016_008,874048
96642,628,0,CVR016_008,874676
96643,464,0,CVR016_008,875140
96644,796,0,CVR016_008,875936
96645,632,0,CVR016_008,876568
96646,440,0,CVR016_008,877008
96647,828,0,CVR016_008,877836
96648,636,0,CVR016_008,878472
96649,1272,0,CVR016_008,879744
96650,632,0,CVR016_008,880376
96651,1284,0,CVR016_008,881660
96652,636,0,CVR016_008,882296
96653,1284,0,CVR016_008,883580
96654,640,0,CVR016_008,884220
96655,1284,0,CVR016_008,885504
96656,644,0,CVR016_008,886148
96657,464,0,CVR016_008,886612
96658,828,0,CVR016_008,887440
96659,644,0,CVR016_008,888084
96660,648,0,CVR016_008,888732
96661,1300,0,CVR016_008,890032
96662,648,0,CVR016_008,890680
96663,648,0,CVR016_008,891328
96664,1296,0,CVR016_008,892624
96665,644,0,CVR016_008,893268
96666,652,0,CVR016_008,893920
96667,440,0,CVR016_008,894360
96668,908,0,CVR016_008,895268
96669,648,0,CVR016_008,895916
96670,644,0,CVR016_008,896560
96671,1252,0,CVR016_008,897812
96672,648,0,CVR016_008,898460
96673,644,0,CVR016_008,899104
96674,432,0,CVR016_008,899536
96675,920,0,CVR016_008,900456
96676,596,0,CVR016_008,901052
96677,648,0,CVR016_008,901700
96678,436,0,CVR016_008,902136
96679,908,0,CVR016_008,903044
96680,596,0,CVR016_008,903640
96681,652,0,CVR016_008,904292
96682,436,0,CVR016_008,904728
96683,856,0,CVR016_008,905584
96684,644,0,CVR016_008,906228
96685,648,0,CVR016_008,906876
96686,508,0,CVR016_008,907384
96687,780,0,CVR016_008,908164
96688,648,0,CVR016_008,908812
96689,648,0,CVR016_008,909460
96690,1292,0,CVR016_008,910752
96691,640,0,CVR016_008,911392
96692,644,0,CVR016_008,912036
96693,1284,0,CVR016_008,913320
96694,692,0,CVR016_008,914012
96695,592,0,CVR016_008,914604
96696,1332,0,CVR016_008,915936
96697,596,0,CVR016_008,916532
96698,640,0,CVR016_008,917172
96699,1332,0,CVR016_008,918504
96700,592,0,CVR016_008,919096
96701,1292,0,CVR016_008,920388
96702,644,0,CVR016_008,921032
96703,464,0,CVR016_008,921496
96704,832,0,CVR016_008,922328
96705,644,0,CVR016_008,922972
96706,696,0,CVR016_008,923668
96707,1252,0,CVR016_008,924920
96708,644,0,CVR016_008,925564
96709,652,0,CVR016_008,926216
96710,1304,0,CVR016_008,927520
96711,652,0,CVR016_008,928172
96712,652,0,CVR016_008,928824
96713,432,0,CVR016_008,929256
96714,884,0,CVR016_008,930140
96715,656,0,CVR016_008,930796
96716,676,0,CVR016_008,931472
96717,1324,0,CVR016_008,932796
96718,700,0,CVR016_008,933496
96719,616,0,CVR016_008,934112
96720,436,0,CVR016_008,934548
96721,948,0,CVR016_008,935496
96722,612,0,CVR016_008,936108
96723,672,0,CVR016_008,936780
96724,1188,0,CVR016_008,937968
96725,800,0,CVR016_008,938768
96726,1332,0,CVR016_008,940100
96727,668,0,CVR016_008,940768
96728,716,0,CVR016_008,941484
96729,624,0,CVR016_008,942108
96730,672,0,CVR016_008,942780
96731,720,0,CVR016_008,943500
96732,628,0,CVR016_008,944128
96733,676,0,CVR016_008,944804
96734,572,0,CVR016_008,945376
96735,796,0,CVR016_008,946172
96736,676,0,CVR016_008,946848
96737,680,0,CVR016_008,947528
96738,424,0,CVR016_008,947952
96739,1000,0,CVR016_008,948952
96740,624,0,CVR016_008,949576
96741,676,0,CVR016_008,950252
96742,1348,0,CVR016_008,951600
96743,664,0,CVR016_008,952264
96744,664,0,CVR016_008,952928
96745,428,0,CVR016_008,953356
96746,908,0,CVR016_008,954264
96747,660,0,CVR016_008,954924
96748,660,0,CVR016_008,955584
96749,428,0,CVR016_008,956012
96750,896,0,CVR016_008,956908
96751,656,0,CVR016_008,957564
96752,660,0,CVR016_008,958224
96753,1320,0,CVR016_008,959544
96754,656,0,CVR016_008,960200
96755,656,0,CVR016_008,960856
96756,432,0,CVR016_008,961288
96757,888,0,CVR016_008,962176
96758,660,0,CVR016_008,962836
96759,652,0,CVR016_008,963488
96760,428,0,CVR016_008,963916
96761,888,0,CVR016_008,964804
96762,700,0,CVR016_008,965504
96763,604,0,CVR016_008,966108
96764,428,0,CVR016_008,966536
96765,884,0,CVR016_008,967420
96766,660,0,CVR016_008,968080
96767,652,0,CVR016_008,968732
96768,1312,0,CVR016_008,970044
96769,656,0,CVR016_008,970700
96770,652,0,CVR016_008,971352
96771,1316,0,CVR016_008,972668
96772,656,0,CVR016_008,973324
96773,656,0,CVR016_008,973980
96774,1328,0,CVR016_008,975308
96775,660,0,CVR016_008,975968
96776,708,0,CVR016_008,976676
96777,1272,0,CVR016_008,977948
96778,656,0,CVR016_008,978604
96779,652,0,CVR016_008,979256
96780,1312,0,CVR016_008,980568
96781,652,0,CVR016_008,981220
96782,660,0,CVR016_008,981880
96783,652,0,CVR016_008,982532
96784,648,0,CVR016_008,983180
96785,696,0,CVR016_008,983876
96786,1276,0,CVR016_008,985152
96787,608,0,CVR016_008,985760
96788,648,0,CVR016_008,986408
96789,568,0,CVR016_008,986976
96790,716,0,CVR016_008,987692
96791,656,0,CVR016_008,988348
96792,1312,0,CVR016_008,989660
96793,656,0,CVR016_008,990316
96794,452,0,CVR016_008,990768
96795,736,0,CVR016_009,736
96796,620,0,CVR016_009,1356
96797,628,0,CVR016_009,1984
96798,1272,0,CVR016_009,3256
96799,632,0,CVR016_009,3888
96800,632,0,CVR016_009,4520
96801,1268,0,CVR016_009,5788
96802,624,0,CVR016_009,6412
96803,632,0,CVR016_009,7044
96804,628,0,CVR016_009,7672
96805,628,0,CVR016_009,8300
96806,636,0,CVR016_009,8936
96807,1260,0,CVR016_009,10196
96808,632,0,CVR016_009,10828
96809,628,0,CVR016_009,11456
96810,1260,0,CVR016_009,12716
96811,632,0,CVR016_009,13348
96812,1268,0,CVR016_009,14616
96813,632,0,CVR016_009,15248
96814,628,0,CVR016_009,15876
96815,632,0,CVR016_009,16508
96816,632,0,CVR016_009,17140
96817,636,0,CVR016_009,17776
96818,1316,0,CVR016_009,19092
96819,572,0,CVR016_009,19664
96820,628,0,CVR016_009,20292
96821,632,0,CVR016_009,20924
96822,628,0,CVR016_009,21552
96823,628,0,CVR016_009,22180
96824,1256,0,CVR016_009,23436
96825,628,0,CVR016_009,24064
96826,624,0,CVR016_009,24688
96827,624,0,CVR016_009,25312
96828,1864,0,CVR016_009,27176
96829,1276,0,CVR016_009,28452
96830,628,0,CVR016_009,29080
96831,628,0,CVR016_009,29708
96832,636,0,CVR016_009,30344
96833,1276,0,CVR016_009,31620
96834,632,0,CVR016_009,32252
96835,632,0,CVR016_009,32884
96836,1292,0,CVR016_009,34176
96837,632,0,CVR016_009,34808
96838,640,0,CVR016_009,35448
96839,1284,0,CVR016_009,36732
96840,640,0,CVR016_009,37372
96841,640,0,CVR016_009,38012
96842,1292,0,CVR016_009,39304
96843,636,0,CVR016_009,39940
96844,640,0,CVR016_009,40580
96845,428,0,CVR016_009,41008
96846,848,0,CVR016_009,41856
96847,632,0,CVR016_009,42488
96848,632,0,CVR016_009,43120
96849,1264,0,CVR016_009,44384
96850,632,0,CVR016_009,45016
96851,632,0,CVR016_009,45648
96852,1260,0,CVR016_009,46908
96853,632,0,CVR016_009,47540
96854,488,0,CVR016_009,48028
96855,140,0,CVR016_009,48168
96856,628,0,CVR016_009,48796
96857,1884,0,CVR016_009,50680
96858,640,0,CVR016_009,51320
96859,640,0,CVR016_009,51960
96860,640,0,CVR016_009,52600
96861,636,0,CVR016_009,53236
96862,788,1,CVR016_009,54024
96863,480,0,CVR016_009,54504
96864,628,0,CVR016_009,55132
96865,632,0,CVR016_009,55764
96866,636,0,CVR016_009,56400
96867,632,0,CVR016_009,57032
96868,644,0,CVR016_009,57676
96869,1272,0,CVR016_009,58948
96870,632,0,CVR016_009,59580
96871,640,0,CVR016_009,60220
96872,636,0,CVR016_009,60856
96873,640,0,CVR016_009,61496
96874,636,0,CVR016_009,62132
96875,516,0,CVR016_009,62648
96876,748,0,CVR016_009,63396
96877,628,0,CVR016_009,64024
96878,636,0,CVR016_009,64660
96879,640,0,CVR016_009,65300
96880,636,0,CVR016_009,65936
96881,640,0,CVR016_009,66576
96882,1280,0,CVR016_009,67856
96883,636,0,CVR016_009,68492
96884,640,0,CVR016_009,69132
96885,640,0,CVR016_009,69772
96886,640,0,CVR016_009,70412
96887,1940,0,CVR016_009,72352
96888,640,0,CVR016_009,72992
96889,648,0,CVR016_009,73640
96890,644,0,CVR016_009,74284
96891,648,0,CVR016_009,74932
96892,648,0,CVR016_009,75580
96893,464,0,CVR016_009,76044
96894,840,0,CVR016_009,76884
96895,644,0,CVR016_009,77528
96896,648,0,CVR016_009,78176
96897,652,0,CVR016_009,78828
96898,648,0,CVR016_009,79476
96899,648,0,CVR016_009,80124
96900,1304,0,CVR016_009,81428
96901,1300,0,CVR016_009,82728
96902,652,0,CVR016_009,83380
96903,652,0,CVR016_009,84032
96904,648,0,CVR016_009,84680
96905,1360,0,CVR016_009,86040
96906,596,0,CVR016_009,86636
96907,648,0,CVR016_009,87284
96908,652,0,CVR016_009,87936
96909,656,0,CVR016_009,88592
96910,648,0,CVR016_009,89240
96911,1304,0,CVR016_009,90544
96912,640,0,CVR016_009,91184
96913,652,0,CVR016_009,91836
96914,652,0,CVR016_009,92488
96915,648,0,CVR016_009,93136
96916,648,0,CVR016_009,93784
96917,1940,0,CVR016_009,95724
96918,644,0,CVR016_009,96368
96919,644,0,CVR016_009,97012
96920,644,0,CVR016_009,97656
96921,640,0,CVR016_009,98296
96922,1292,0,CVR016_009,99588
96923,640,0,CVR016_009,100228
96924,644,0,CVR016_009,100872
96925,648,0,CVR016_009,101520
96926,648,0,CVR016_009,102168
96927,640,0,CVR016_009,102808
96928,1940,0,CVR016_009,104748
96929,644,0,CVR016_009,105392
96930,644,0,CVR016_009,106036
96931,640,0,CVR016_009,106676
96932,644,0,CVR016_009,107320
96933,1288,0,CVR016_009,108608
96934,644,0,CVR016_009,109252
96935,640,0,CVR016_009,109892
96936,524,0,CVR016_009,110416
96937,776,0,CVR016_009,111192
96938,644,0,CVR016_009,111836
96939,640,0,CVR016_009,112476
96940,644,0,CVR016_009,113120
96941,644,0,CVR016_009,113764
96942,640,0,CVR016_009,114404
96943,640,0,CVR016_009,115044
96944,640,0,CVR016_009,115684
96945,640,0,CVR016_009,116324
96946,640,0,CVR016_009,116964
96947,640,0,CVR016_009,117604
96948,644,0,CVR016_009,118248
96949,1284,0,CVR016_009,119532
96950,636,0,CVR016_009,120168
96951,644,0,CVR016_009,120812
96952,640,0,CVR016_009,121452
96953,1280,0,CVR016_009,122732
96954,1276,0,CVR016_009,124008
96955,636,0,CVR016_009,124644
96956,632,0,CVR016_009,125276
96957,644,0,CVR016_009,125920
96958,640,0,CVR016_009,126560
96959,636,0,CVR016_009,127196
96960,1284,0,CVR016_009,128480
96961,1916,0,CVR016_009,130396
96962,632,0,CVR016_009,131028
96963,1280,0,CVR016_009,132308
96964,636,0,CVR016_009,132944
96965,636,0,CVR016_009,133580
96966,640,0,CVR016_009,134220
96967,636,0,CVR016_009,134856
96968,640,0,CVR016_009,135496
96969,524,0,CVR016_009,136020
96970,760,0,CVR016_009,136780
96971,632,0,CVR016_009,137412
96972,640,0,CVR016_009,138052
96973,640,0,CVR016_009,138692
96974,632,0,CVR016_009,139324
96975,632,0,CVR016_009,139956
96976,1272,0,CVR016_009,141228
96977,632,0,CVR016_009,141860
96978,1280,0,CVR016_009,143140
96979,632,0,CVR016_009,143772
96980,1284,0,CVR016_009,145056
96981,636,0,CVR016_009,145692
96982,636,0,CVR016_009,146328
96983,640,0,CVR016_009,146968
96984,636,0,CVR016_009,147604
96985,636,0,CVR016_009,148240
96986,1272,0,CVR016_009,149512
96987,632,0,CVR016_009,150144
96988,1272,0,CVR016_009,151416
96989,636,0,CVR016_009,152052
96990,1280,0,CVR016_009,153332
96991,632,0,CVR016_009,153964
96992,1284,0,CVR016_009,155248
96993,632,0,CVR016_009,155880
96994,1280,0,CVR016_009,157160
96995,632,0,CVR016_009,157792
96996,532,0,CVR016_009,158324
96997,748,0,CVR016_009,159072
96998,636,0,CVR016_009,159708
96999,640,0,CVR016_009,160348
97000,644,0,CVR016_009,160992
97001,636,0,CVR016_009,161628
97002,640,0,CVR016_009,162268
97003,548,0,CVR016_009,162816
97004,740,0,CVR016_009,163556
97005,640,0,CVR016_009,164196
97006,1308,0,CVR016_009,165504
97007,644,0,CVR016_009,166148
97008,648,0,CVR016_009,166796
97009,648,0,CVR016_009,167444
97010,644,0,CVR016_009,168088
97011,648,0,CVR016_009,168736
97012,1296,0,CVR016_009,170032
97013,644,0,CVR016_009,170676
97014,1296,0,CVR016_009,171972
97015,648,0,CVR016_009,172620
97016,644,0,CVR016_009,173264
97017,536,0,CVR016_009,173800
97018,760,0,CVR016_009,174560
97019,644,0,CVR016_009,175204
97020,1300,0,CVR016_009,176504
97021,640,0,CVR016_009,177144
97022,644,0,CVR016_009,177788
97023,644,0,CVR016_009,178432
97024,640,0,CVR016_009,179072
97025,636,0,CVR016_009,179708
97026,576,0,CVR016_009,180284
97027,688,0,CVR016_009,180972
97028,632,0,CVR016_009,181604
97029,1272,0,CVR016_009,182876
97030,636,0,CVR016_009,183512
97031,1276,0,CVR016_009,184788
97032,636,0,CVR016_009,185424
97033,1272,0,CVR016_009,186696
97034,636,0,CVR016_009,187332
97035,1268,0,CVR016_009,188600
97036,632,0,CVR016_009,189232
97037,532,0,CVR016_009,189764
97038,736,0,CVR016_009,190500
97039,1900,0,CVR016_009,192400
97040,636,0,CVR016_009,193036
97041,1900,0,CVR016_009,194936
97042,1256,0,CVR016_009,196192
97043,624,0,CVR016_009,196816
97044,1880,0,CVR016_009,198696
97045,548,0,CVR016_009,199244
97046,716,0,CVR016_009,199960
97047,632,0,CVR016_009,200592
97048,640,0,CVR016_009,201232
97049,636,0,CVR016_009,201868
97050,640,0,CVR016_009,202508
97051,640,0,CVR016_009,203148
97052,540,0,CVR016_009,203688
97053,744,0,CVR016_009,204432
97054,644,0,CVR016_009,205076
97055,648,0,CVR016_009,205724
97056,644,0,CVR016_009,206368
97057,644,0,CVR016_009,207012
97058,644,0,CVR016_009,207656
97059,1292,0,CVR016_009,208948
97060,636,0,CVR016_009,209584
97061,524,0,CVR016_009,210108
97062,760,0,CVR016_009,210868
97063,648,0,CVR016_009,211516
97064,644,0,CVR016_009,212160
97065,640,0,CVR016_009,212800
97066,640,0,CVR016_009,213440
97067,1928,0,CVR016_009,215368
97068,644,0,CVR016_009,216012
97069,648,0,CVR016_009,216660
97070,648,0,CVR016_009,217308
97071,648,0,CVR016_009,217956
97072,648,0,CVR016_009,218604
97073,1304,0,CVR016_009,219908
97074,644,0,CVR016_009,220552
97075,648,0,CVR016_009,221200
97076,648,0,CVR016_009,221848
97077,640,0,CVR016_009,222488
97078,1212,0,CVR016_009,223700
97079,712,0,CVR016_009,224412
97080,636,0,CVR016_009,225048
97081,536,0,CVR016_009,225584
97082,760,0,CVR016_009,226344
97083,636,0,CVR016_009,226980
97084,1284,0,CVR016_009,228264
97085,636,0,CVR016_009,228900
97086,536,0,CVR016_009,229436
97087,756,0,CVR016_009,230192
97088,640,0,CVR016_009,230832
97089,636,0,CVR016_009,231468
97090,640,0,CVR016_009,232108
97091,640,0,CVR016_009,232748
97092,636,0,CVR016_009,233384
97093,1300,0,CVR016_009,234684
97094,636,0,CVR016_009,235320
97095,636,0,CVR016_009,235956
97096,640,0,CVR016_009,236596
97097,640,0,CVR016_009,237236
97098,640,0,CVR016_009,237876
97099,1924,0,CVR016_009,239800
97100,1308,0,CVR016_009,241108
97101,640,0,CVR016_009,241748
97102,652,0,CVR016_009,242400
97103,648,0,CVR016_009,243048
97104,648,0,CVR016_009,243696
97105,652,0,CVR016_009,244348
97106,1304,0,CVR016_009,245652
97107,644,0,CVR016_009,246296
97108,1300,0,CVR016_009,247596
97109,652,0,CVR016_009,248248
97110,656,0,CVR016_009,248904
97111,656,0,CVR016_009,249560
97112,656,0,CVR016_009,250216
97113,644,0,CVR016_009,250860
97114,1944,0,CVR016_009,252804
97115,656,0,CVR016_009,253460
97116,656,0,CVR016_009,254116
97117,648,0,CVR016_009,254764
97118,652,0,CVR016_009,255416
97119,1308,0,CVR016_009,256724
97120,652,0,CVR016_009,257376
97121,1312,0,CVR016_009,258688
97122,648,0,CVR016_009,259336
97123,1328,0,CVR016_009,260664
97124,656,0,CVR016_009,261320
97125,660,0,CVR016_009,261980
97126,652,0,CVR016_009,262632
97127,656,0,CVR016_009,263288
97128,648,0,CVR016_009,263936
97129,656,0,CVR016_009,264592
97130,648,0,CVR016_009,265240
97131,648,0,CVR016_009,265888
97132,644,0,CVR016_009,266532
97133,1308,0,CVR016_009,267840
97134,1292,0,CVR016_009,269132
97135,644,0,CVR016_009,269776
97136,644,0,CVR016_009,270420
97137,648,0,CVR016_009,271068
97138,652,0,CVR016_009,271720
97139,576,0,CVR016_009,272296
97140,720,0,CVR016_009,273016
97141,640,0,CVR016_009,273656
97142,640,0,CVR016_009,274296
97143,644,0,CVR016_009,274940
97144,644,0,CVR016_009,275584
97145,1288,0,CVR016_009,276872
97146,640,0,CVR016_009,277512
97147,640,0,CVR016_009,278152
97148,648,0,CVR016_009,278800
97149,644,0,CVR016_009,279444
97150,1292,0,CVR016_009,280736
97151,640,0,CVR016_009,281376
97152,640,0,CVR016_009,282016
97153,640,0,CVR016_009,282656
97154,644,0,CVR016_009,283300
97155,1300,0,CVR016_009,284600
97156,644,0,CVR016_009,285244
97157,648,0,CVR016_009,285892
97158,648,0,CVR016_009,286540
97159,652,0,CVR016_009,287192
97160,644,0,CVR016_009,287836
97161,496,0,CVR016_009,288332
97162,796,0,CVR016_009,289128
97163,644,0,CVR016_009,289772
97164,656,0,CVR016_009,290428
97165,540,0,CVR016_009,290968
97166,752,0,CVR016_009,291720
97167,640,0,CVR016_009,292360
97168,644,0,CVR016_009,293004
97169,644,0,CVR016_009,293648
97170,640,0,CVR016_009,294288
97171,1284,0,CVR016_009,295572
97172,640,0,CVR016_009,296212
97173,640,0,CVR016_009,296852
97174,640,0,CVR016_009,297492
97175,648,0,CVR016_009,298140
97176,1292,0,CVR016_009,299432
97177,636,0,CVR016_009,300068
97178,648,0,CVR016_009,300716
97179,644,0,CVR016_009,301360
97180,644,0,CVR016_009,302004
97181,548,0,CVR016_009,302552
97182,744,0,CVR016_009,303296
97183,644,0,CVR016_009,303940
97184,648,0,CVR016_009,304588
97185,652,0,CVR016_009,305240
97186,644,0,CVR016_009,305884
97187,1948,0,CVR016_009,307832
97188,656,0,CVR016_009,308488
97189,656,0,CVR016_009,309144
97190,656,0,CVR016_009,309800
97191,1308,0,CVR016_009,311108
97192,652,0,CVR016_009,311760
97193,656,0,CVR016_009,312416
97194,656,0,CVR016_009,313072
97195,656,0,CVR016_009,313728
97196,660,0,CVR016_009,314388
97197,656,0,CVR016_009,315044
97198,664,0,CVR016_009,315708
97199,656,0,CVR016_009,316364
97200,1332,0,CVR016_009,317696
97201,656,0,CVR016_009,318352
97202,660,0,CVR016_009,319012
97203,1328,0,CVR016_009,320340
97204,652,0,CVR016_009,320992
97205,1324,0,CVR016_009,322316
97206,652,0,CVR016_009,322968
97207,544,0,CVR016_009,323512
97208,780,0,CVR016_009,324292
97209,652,0,CVR016_009,324944
97210,656,0,CVR016_009,325600
97211,660,0,CVR016_009,326260
97212,648,0,CVR016_009,326908
97213,652,0,CVR016_009,327560
97214,560,0,CVR016_009,328120
97215,736,0,CVR016_009,328856
97216,644,0,CVR016_009,329500
97217,1316,0,CVR016_009,330816
97218,652,0,CVR016_009,331468
97219,1320,0,CVR016_009,332788
97220,648,0,CVR016_009,333436
97221,548,0,CVR016_009,333984
97222,768,0,CVR016_009,334752
97223,648,0,CVR016_009,335400
97224,1308,0,CVR016_009,336708
97225,644,0,CVR016_009,337352
97226,540,0,CVR016_009,337892
97227,760,0,CVR016_009,338652
97228,640,0,CVR016_009,339292
97229,544,0,CVR016_009,339836
97230,744,0,CVR016_009,340580
97231,644,0,CVR016_009,341224
97232,1292,0,CVR016_009,342516
97233,640,0,CVR016_009,343156
97234,1284,0,CVR016_009,344440
97235,636,0,CVR016_009,345076
97236,1284,0,CVR016_009,346360
97237,640,0,CVR016_009,347000
97238,544,0,CVR016_009,347544
97239,740,0,CVR016_009,348284
97240,640,0,CVR016_009,348924
97241,536,0,CVR016_009,349460
97242,1388,0,CVR016_009,350848
97243,1932,0,CVR016_009,352780
97244,544,0,CVR016_009,353324
97245,756,0,CVR016_009,354080
97246,644,0,CVR016_009,354724
97247,552,0,CVR016_009,355276
97248,736,0,CVR016_009,356012
97249,636,0,CVR016_009,356648
97250,488,0,CVR016_009,357136
97251,796,0,CVR016_009,357932
97252,632,0,CVR016_009,358564
97253,544,0,CVR016_009,359108
97254,736,0,CVR016_009,359844
97255,632,0,CVR016_009,360476
97256,1284,0,CVR016_009,361760
97257,640,0,CVR016_009,362400
97258,540,0,CVR016_009,362940
97259,728,0,CVR016_009,363668
97260,636,0,CVR016_009,364304
97261,1280,0,CVR016_009,365584
97262,1264,0,CVR016_009,366848
97263,632,0,CVR016_009,367480
97264,632,0,CVR016_009,368112
97265,632,0,CVR016_009,368744
97266,584,0,CVR016_009,369328
97267,684,0,CVR016_009,370012
97268,636,0,CVR016_009,370648
97269,1296,0,CVR016_009,371944
97270,640,0,CVR016_009,372584
97271,552,0,CVR016_009,373136
97272,740,0,CVR016_009,373876
97273,640,0,CVR016_009,374516
97274,556,0,CVR016_009,375072
97275,736,0,CVR016_009,375808
97276,640,0,CVR016_009,376448
97277,1296,0,CVR016_009,377744
97278,648,0,CVR016_009,378392
97279,1296,0,CVR016_009,379688
97280,644,0,CVR016_009,380332
97281,568,0,CVR016_009,380900
97282,728,0,CVR016_009,381628
97283,644,0,CVR016_009,382272
97284,548,0,CVR016_009,382820
97285,752,0,CVR016_009,383572
97286,1940,0,CVR016_009,385512
97287,648,0,CVR016_009,386160
97288,556,0,CVR016_009,386716
97289,740,0,CVR016_009,387456
97290,648,0,CVR016_009,388104
97291,552,0,CVR016_009,388656
97292,748,0,CVR016_009,389404
97293,644,0,CVR016_009,390048
97294,1304,0,CVR016_009,391352
97295,648,0,CVR016_009,392000
97296,544,0,CVR016_009,392544
97297,740,0,CVR016_009,393284
97298,644,0,CVR016_009,393928
97299,1948,0,CVR016_009,395876
97300,652,0,CVR016_009,396528
97301,1296,0,CVR016_009,397824
97302,648,0,CVR016_009,398472
97303,1296,0,CVR016_009,399768
97304,648,0,CVR016_009,400416
97305,1308,0,CVR016_009,401724
97306,648,0,CVR016_009,402372
97307,568,0,CVR016_009,402940
97308,752,0,CVR016_009,403692
97309,648,0,CVR016_009,404340
97310,1308,0,CVR016_009,405648
97311,652,0,CVR016_009,406300
97312,552,0,CVR016_009,406852
97313,760,0,CVR016_009,407612
97314,1956,0,CVR016_009,409568
97315,644,0,CVR016_009,410212
97316,1316,0,CVR016_009,411528
97317,648,0,CVR016_009,412176
97318,1312,0,CVR016_009,413488
97319,652,0,CVR016_009,414140
97320,1308,0,CVR016_009,415448
97321,652,0,CVR016_009,416100
97322,1316,0,CVR016_009,417416
97323,648,0,CVR016_009,418064
97324,1312,0,CVR016_009,419376
97325,652,0,CVR016_009,420028
97326,1308,0,CVR016_009,421336
97327,648,0,CVR016_009,421984
97328,1304,0,CVR016_009,423288
97329,648,0,CVR016_009,423936
97330,552,0,CVR016_009,424488
97331,1408,0,CVR016_009,425896
97332,1304,0,CVR016_009,427200
97333,652,0,CVR016_009,427852
97334,1304,0,CVR016_009,429156
97335,648,0,CVR016_009,429804
97336,1308,0,CVR016_009,431112
97337,648,0,CVR016_009,431760
97338,1292,0,CVR016_009,433052
97339,644,0,CVR016_009,433696
97340,1308,0,CVR016_009,435004
97341,648,0,CVR016_009,435652
97342,564,0,CVR016_009,436216
97343,752,0,CVR016_009,436968
97344,648,0,CVR016_009,437616
97345,560,0,CVR016_009,438176
97346,748,0,CVR016_009,438924
97347,652,0,CVR016_009,439576
97348,552,0,CVR016_009,440128
97349,736,0,CVR016_009,440864
97350,640,0,CVR016_009,441504
97351,1308,0,CVR016_009,442812
97352,644,0,CVR016_009,443456
97353,1292,0,CVR016_009,444748
97354,640,0,CVR016_009,445388
97355,564,0,CVR016_009,445952
97356,732,0,CVR016_009,446684
97357,640,0,CVR016_009,447324
97358,556,0,CVR016_009,447880
97359,752,0,CVR016_009,448632
97360,644,0,CVR016_009,449276
97361,1288,0,CVR016_009,450564
97362,1204,0,CVR016_009,451768
97363,732,0,CVR016_009,452500
97364,640,0,CVR016_009,453140
97365,1292,0,CVR016_009,454432
97366,652,0,CVR016_009,455084
97367,1292,0,CVR016_009,456376
97368,644,0,CVR016_009,457020
97369,1284,0,CVR016_009,458304
97370,620,0,CVR016_009,458924
97371,564,0,CVR016_009,459488
97372,740,0,CVR016_009,460228
97373,632,0,CVR016_009,460860
97374,1272,0,CVR016_009,462132
97375,632,0,CVR016_009,462764
97376,584,0,CVR016_009,463348
97377,696,0,CVR016_009,464044
97378,628,0,CVR016_009,464672
97379,1244,0,CVR016_009,465916
97380,656,0,CVR016_009,466572
97381,1280,0,CVR016_009,467852
97382,640,0,CVR016_009,468492
97383,576,0,CVR016_009,469068
97384,704,0,CVR016_009,469772
97385,636,0,CVR016_009,470408
97386,1280,0,CVR016_009,471688
97387,620,0,CVR016_009,472308
97388,1316,0,CVR016_009,473624
97389,1944,0,CVR016_009,475568
97390,644,0,CVR016_009,476212
97391,1300,0,CVR016_009,477512
97392,644,0,CVR016_009,478156
97393,556,0,CVR016_009,478712
97394,744,0,CVR016_009,479456
97395,644,0,CVR016_009,480100
97396,1312,0,CVR016_009,481412
97397,644,0,CVR016_009,482056
97398,564,0,CVR016_009,482620
97399,740,0,CVR016_009,483360
97400,648,0,CVR016_009,484008
97401,1304,0,CVR016_009,485312
97402,652,0,CVR016_009,485964
97403,564,0,CVR016_009,486528
97404,1396,0,CVR016_009,487924
97405,1308,0,CVR016_009,489232
97406,648,0,CVR016_009,489880
97407,1308,0,CVR016_009,491188
97408,652,0,CVR016_009,491840
97409,564,0,CVR016_009,492404
97410,744,0,CVR016_009,493148
97411,648,0,CVR016_009,493796
97412,1308,0,CVR016_009,495104
97413,648,0,CVR016_009,495752
97414,504,0,CVR016_009,496256
97415,812,0,CVR016_009,497068
97416,648,0,CVR016_009,497716
97417,1308,0,CVR016_009,499024
97418,652,0,CVR016_009,499676
97419,572,0,CVR016_009,500248
97420,740,0,CVR016_009,500988
97421,648,0,CVR016_009,501636
97422,1312,0,CVR016_009,502948
97423,648,0,CVR016_009,503596
97424,564,0,CVR016_009,504160
97425,748,0,CVR016_009,504908
97426,648,0,CVR016_009,505556
97427,1304,0,CVR016_009,506860
97428,652,0,CVR016_009,507512
97429,560,0,CVR016_009,508072
97430,744,0,CVR016_009,508816
97431,648,0,CVR016_009,509464
97432,568,0,CVR016_009,510032
97433,740,0,CVR016_009,510772
97434,648,0,CVR016_009,511420
97435,1312,0,CVR016_009,512732
97436,648,0,CVR016_009,513380
97437,1308,0,CVR016_009,514688
97438,648,0,CVR016_009,515336
97439,1320,0,CVR016_009,516656
97440,1960,0,CVR016_009,518616
97441,648,0,CVR016_009,519264
97442,1316,0,CVR016_009,520580
97443,648,0,CVR016_009,521228
97444,1312,0,CVR016_009,522540
97445,648,0,CVR016_009,523188
97446,1308,0,CVR016_009,524496
97447,648,0,CVR016_009,525144
97448,564,0,CVR016_009,525708
97449,748,0,CVR016_009,526456
97450,652,0,CVR016_009,527108
97451,1312,0,CVR016_009,528420
97452,652,0,CVR016_009,529072
97453,1316,0,CVR016_009,530388
97454,652,0,CVR016_009,531040
97455,572,0,CVR016_009,531612
97456,744,0,CVR016_009,532356
97457,652,0,CVR016_009,533008
97458,1320,0,CVR016_009,534328
97459,652,0,CVR016_009,534980
97460,1972,0,CVR016_009,536952
97461,1320,0,CVR016_009,538272
97462,652,0,CVR016_009,538924
97463,1972,0,CVR016_009,540896
97464,1320,0,CVR016_009,542216
97465,652,0,CVR016_009,542868
97466,564,0,CVR016_009,543432
97467,748,0,CVR016_009,544180
97468,656,0,CVR016_009,544836
97469,568,0,CVR016_009,545404
97470,740,0,CVR016_009,546144
97471,648,0,CVR016_009,546792
97472,1308,0,CVR016_009,548100
97473,648,0,CVR016_009,548748
97474,1308,0,CVR016_009,550056
97475,648,0,CVR016_009,550704
97476,572,0,CVR016_009,551276
97477,732,0,CVR016_009,552008
97478,648,0,CVR016_009,552656
97479,576,0,CVR016_009,553232
97480,732,0,CVR016_009,553964
97481,648,0,CVR016_009,554612
97482,564,0,CVR016_009,555176
97483,744,0,CVR016_009,555920
97484,648,0,CVR016_009,556568
97485,568,0,CVR016_009,557136
97486,736,0,CVR016_009,557872
97487,648,0,CVR016_009,558520
97488,1308,0,CVR016_009,559828
97489,652,0,CVR016_009,560480
97490,572,0,CVR016_009,561052
97491,736,0,CVR016_009,561788
97492,652,0,CVR016_009,562440
97493,1312,0,CVR016_009,563752
97494,648,0,CVR016_009,564400
97495,1316,0,CVR016_009,565716
97496,648,0,CVR016_009,566364
97497,1312,0,CVR016_009,567676
97498,648,0,CVR016_009,568324
97499,1320,0,CVR016_009,569644
97500,648,0,CVR016_009,570292
97501,564,0,CVR016_009,570856
97502,752,0,CVR016_009,571608
97503,652,0,CVR016_009,572260
97504,1320,0,CVR016_009,573580
97505,652,0,CVR016_009,574232
97506,1304,0,CVR016_009,575536
97507,656,0,CVR016_009,576192
97508,1316,0,CVR016_009,577508
97509,648,0,CVR016_009,578156
97510,1320,0,CVR016_009,579476
97511,648,0,CVR016_009,580124
97512,1324,0,CVR016_009,581448
97513,652,0,CVR016_009,582100
97514,1312,0,CVR016_009,583412
97515,648,0,CVR016_009,584060
97516,1312,0,CVR016_009,585372
97517,648,0,CVR016_009,586020
97518,580,0,CVR016_009,586600
97519,716,0,CVR016_009,587316
97520,652,0,CVR016_009,587968
97521,1952,0,CVR016_009,589920
97522,584,0,CVR016_009,590504
97523,724,0,CVR016_009,591228
97524,648,0,CVR016_009,591876
97525,1308,0,CVR016_009,593184
97526,648,0,CVR016_009,593832
97527,580,0,CVR016_009,594412
97528,728,0,CVR016_009,595140
97529,648,0,CVR016_009,595788
97530,1308,0,CVR016_009,597096
97531,652,0,CVR016_009,597748
97532,1308,0,CVR016_009,599056
97533,648,0,CVR016_009,599704
97534,596,0,CVR016_009,600300
97535,712,0,CVR016_009,601012
97536,648,0,CVR016_009,601660
97537,1304,0,CVR016_009,602964
97538,652,0,CVR016_009,603616
97539,1300,0,CVR016_009,604916
97540,648,0,CVR016_009,605564
97541,1308,0,CVR016_009,606872
97542,652,0,CVR016_009,607524
97543,1308,0,CVR016_009,608832
97544,644,0,CVR016_009,609476
97545,1312,0,CVR016_009,610788
97546,648,0,CVR016_009,611436
97547,1308,0,CVR016_009,612744
97548,648,0,CVR016_009,613392
97549,1300,0,CVR016_009,614692
97550,1252,0,CVR016_009,615944
97551,692,0,CVR016_009,616636
97552,648,0,CVR016_009,617284
97553,1300,0,CVR016_009,618584
97554,648,0,CVR016_009,619232
97555,1300,0,CVR016_009,620532
97556,648,0,CVR016_009,621180
97557,1300,0,CVR016_009,622480
97558,648,0,CVR016_009,623128
97559,1304,0,CVR016_009,624432
97560,648,0,CVR016_009,625080
97561,1300,0,CVR016_009,626380
97562,648,0,CVR016_009,627028
97563,1292,0,CVR016_009,628320
97564,648,0,CVR016_009,628968
97565,648,0,CVR016_009,629616
97566,660,0,CVR016_009,630276
97567,656,0,CVR016_009,630932
97568,656,0,CVR016_009,631588
97569,660,0,CVR016_009,632248
97570,656,0,CVR016_009,632904
97571,656,0,CVR016_009,633560
97572,656,0,CVR016_009,634216
97573,600,0,CVR016_009,634816
97574,716,0,CVR016_009,635532
97575,648,0,CVR016_009,636180
97576,656,0,CVR016_009,636836
97577,656,0,CVR016_009,637492
97578,660,0,CVR016_009,638152
97579,656,0,CVR016_009,638808
97580,648,0,CVR016_009,639456
97581,1300,0,CVR016_009,640756
97582,640,0,CVR016_009,641396
97583,664,0,CVR016_009,642060
97584,656,0,CVR016_009,642716
97585,1296,0,CVR016_009,644012
97586,1932,0,CVR016_009,645944
97587,644,0,CVR016_009,646588
97588,652,0,CVR016_009,647240
97589,644,0,CVR016_009,647884
97590,644,0,CVR016_009,648528
97591,652,0,CVR016_009,649180
97592,640,0,CVR016_009,649820
97593,664,0,CVR016_009,650484
97594,652,0,CVR016_009,651136
97595,656,0,CVR016_009,651792
97596,648,0,CVR016_009,652440
97597,648,0,CVR016_009,653088
97598,652,0,CVR016_009,653740
97599,1292,0,CVR016_009,655032
97600,648,0,CVR016_009,655680
97601,644,0,CVR016_009,656324
97602,640,0,CVR016_009,656964
97603,652,0,CVR016_009,657616
97604,652,0,CVR016_009,658268
97605,656,0,CVR016_009,658924
97606,660,0,CVR016_009,659584
97607,612,0,CVR016_009,660196
97608,704,0,CVR016_009,660900
97609,652,0,CVR016_009,661552
97610,660,0,CVR016_009,662212
97611,660,0,CVR016_009,662872
97612,660,0,CVR016_009,663532
97613,660,0,CVR016_009,664192
97614,664,0,CVR016_009,664856
97615,1316,0,CVR016_009,666172
97616,652,0,CVR016_009,666824
97617,1316,0,CVR016_009,668140
97618,648,0,CVR016_009,668788
97619,664,0,CVR016_009,669452
97620,660,0,CVR016_009,670112
97621,656,0,CVR016_009,670768
97622,660,0,CVR016_009,671428
97623,660,0,CVR016_009,672088
97624,576,0,CVR016_009,672664
97625,736,0,CVR016_009,673400
97626,656,0,CVR016_009,674056
97627,1964,0,CVR016_009,676020
97628,1316,0,CVR016_009,677336
97629,652,0,CVR016_009,677988
97630,1964,0,CVR016_009,679952
97631,1336,0,CVR016_009,681288
97632,656,0,CVR016_009,681944
97633,1324,0,CVR016_009,683268
97634,656,0,CVR016_009,683924
97635,564,0,CVR016_009,684488
97636,756,0,CVR016_009,685244
97637,656,0,CVR016_009,685900
97638,564,0,CVR016_009,686464
97639,752,0,CVR016_009,687216
97640,656,0,CVR016_009,687872
97641,568,0,CVR016_009,688440
97642,748,0,CVR016_009,689188
97643,652,0,CVR016_009,689840
97644,1316,0,CVR016_009,691156
97645,652,0,CVR016_009,691808
97646,1308,0,CVR016_009,693116
97647,652,0,CVR016_009,693768
97648,576,0,CVR016_009,694344
97649,728,0,CVR016_009,695072
97650,652,0,CVR016_009,695724
97651,572,0,CVR016_009,696296
97652,736,0,CVR016_009,697032
97653,640,0,CVR016_009,697672
97654,1312,0,CVR016_009,698984
97655,644,0,CVR016_009,699628
97656,1304,0,CVR016_009,700932
97657,644,0,CVR016_009,701576
97658,564,0,CVR016_009,702140
97659,740,0,CVR016_009,702880
97660,648,0,CVR016_009,703528
97661,1300,0,CVR016_009,704828
97662,644,0,CVR016_009,705472
97663,580,0,CVR016_009,706052
97664,724,0,CVR016_009,706776
97665,648,0,CVR016_009,707424
97666,1304,0,CVR016_009,708728
97667,648,0,CVR016_009,709376
97668,1308,0,CVR016_009,710684
97669,648,0,CVR016_009,711332
97670,572,0,CVR016_009,711904
97671,736,0,CVR016_009,712640
97672,636,0,CVR016_009,713276
97673,580,0,CVR016_009,713856
97674,740,0,CVR016_009,714596
97675,648,0,CVR016_009,715244
97676,1312,0,CVR016_009,716556
97677,648,0,CVR016_009,717204
97678,1312,0,CVR016_009,718516
97679,652,0,CVR016_009,719168
97680,584,0,CVR016_009,719752
97681,728,0,CVR016_009,720480
97682,652,0,CVR016_009,721132
97683,576,0,CVR016_009,721708
97684,760,0,CVR016_009,722468
97685,672,0,CVR016_009,723140
97686,1332,0,CVR016_009,724472
97687,660,0,CVR016_009,725132
97688,1332,0,CVR016_009,726464
97689,660,0,CVR016_009,727124
97690,1328,0,CVR016_009,728452
97691,660,0,CVR016_009,729112
97692,580,0,CVR016_009,729692
97693,752,0,CVR016_009,730444
97694,660,0,CVR016_009,731104
97695,1324,0,CVR016_009,732428
97696,652,0,CVR016_009,733080
97697,1960,0,CVR016_009,735040
97698,1328,0,CVR016_009,736368
97699,652,0,CVR016_009,737020
97700,1312,0,CVR016_009,738332
97701,648,0,CVR016_009,738980
97702,1300,0,CVR016_009,740280
97703,652,0,CVR016_009,740932
97704,608,0,CVR016_009,741540
97705,700,0,CVR016_009,742240
97706,648,0,CVR016_009,742888
97707,604,0,CVR016_009,743492
97708,708,0,CVR016_009,744200
97709,648,0,CVR016_009,744848
97710,1312,0,CVR016_009,746160
97711,652,0,CVR016_009,746812
97712,1316,0,CVR016_009,748128
97713,648,0,CVR016_009,748776
97714,600,0,CVR016_009,749376
97715,704,0,CVR016_009,750080
97716,644,0,CVR016_009,750724
97717,604,0,CVR016_009,751328
97718,696,0,CVR016_009,752024
97719,644,0,CVR016_009,752668
97720,1288,0,CVR016_009,753956
97721,640,0,CVR016_009,754596
97722,648,0,CVR016_009,755244
97723,648,0,CVR016_009,755892
97724,644,0,CVR016_009,756536
97725,644,0,CVR016_009,757180
97726,648,0,CVR016_009,757828
97727,1288,0,CVR016_009,759116
97728,644,0,CVR016_009,759760
97729,1296,0,CVR016_009,761056
97730,648,0,CVR016_009,761704
97731,648,0,CVR016_009,762352
97732,652,0,CVR016_009,763004
97733,648,0,CVR016_009,763652
97734,648,0,CVR016_009,764300
97735,648,0,CVR016_009,764948
97736,644,0,CVR016_009,765592
97737,652,0,CVR016_009,766244
97738,652,0,CVR016_009,766896
97739,648,0,CVR016_009,767544
97740,652,0,CVR016_009,768196
97741,652,0,CVR016_009,768848
97742,652,0,CVR016_009,769500
97743,1300,0,CVR016_009,770800
97744,648,0,CVR016_009,771448
97745,652,0,CVR016_009,772100
97746,648,0,CVR016_009,772748
97747,652,0,CVR016_009,773400
97748,656,0,CVR016_009,774056
97749,648,0,CVR016_009,774704
97750,648,0,CVR016_009,775352
97751,648,0,CVR016_009,776000
97752,644,0,CVR016_009,776644
97753,648,0,CVR016_009,777292
97754,652,0,CVR016_009,777944
97755,648,0,CVR016_009,778592
97756,648,0,CVR016_009,779240
97757,648,0,CVR016_009,779888
97758,648,0,CVR016_009,780536
97759,648,0,CVR016_009,781184
97760,1304,0,CVR016_009,782488
97761,644,0,CVR016_009,783132
97762,648,0,CVR016_009,783780
97763,648,0,CVR016_009,784428
97764,648,0,CVR016_009,785076
97765,648,0,CVR016_009,785724
97766,644,0,CVR016_009,786368
97767,644,0,CVR016_009,787012
97768,648,0,CVR016_009,787660
97769,644,0,CVR016_009,788304
97770,644,0,CVR016_009,788948
97771,648,0,CVR016_009,789596
97772,1288,0,CVR016_009,790884
97773,640,0,CVR016_009,791524
97774,652,0,CVR016_009,792176
97775,648,0,CVR016_009,792824
97776,644,0,CVR016_009,793468
97777,648,0,CVR016_009,794116
97778,652,0,CVR016_009,794768
97779,648,0,CVR016_009,795416
97780,656,0,CVR016_009,796072
97781,652,0,CVR016_009,796724
97782,656,0,CVR016_009,797380
97783,660,0,CVR016_009,798040
97784,656,0,CVR016_009,798696
97785,660,0,CVR016_009,799356
97786,660,0,CVR016_009,800016
97787,660,0,CVR016_009,800676
97788,660,0,CVR016_009,801336
97789,664,0,CVR016_009,802000
97790,664,0,CVR016_009,802664
97791,1332,0,CVR016_009,803996
97792,656,0,CVR016_009,804652
97793,664,0,CVR016_009,805316
97794,668,0,CVR016_009,805984
97795,664,0,CVR016_009,806648
97796,664,0,CVR016_009,807312
97797,664,0,CVR016_009,807976
97798,660,0,CVR016_009,808636
97799,664,0,CVR016_009,809300
97800,664,0,CVR016_009,809964
97801,664,0,CVR016_009,810628
97802,660,0,CVR016_009,811288
97803,668,0,CVR016_009,811956
97804,672,0,CVR016_009,812628
97805,660,0,CVR016_009,813288
97806,660,0,CVR016_009,813948
97807,664,0,CVR016_009,814612
97808,660,0,CVR016_009,815272
97809,1328,0,CVR016_009,816600
97810,660,0,CVR016_009,817260
97811,660,0,CVR016_009,817920
97812,668,0,CVR016_009,818588
97813,664,0,CVR016_009,819252
97814,664,0,CVR016_009,819916
97815,664,0,CVR016_009,820580
97816,668,0,CVR016_009,821248
97817,668,0,CVR016_009,821916
97818,664,0,CVR016_009,822580
97819,576,0,CVR016_009,823156
97820,760,0,CVR016_009,823916
97821,656,0,CVR016_009,824572
97822,596,0,CVR016_009,825168
97823,736,0,CVR016_009,825904
97824,660,0,CVR016_009,826564
97825,596,0,CVR016_009,827160
97826,732,0,CVR016_009,827892
97827,660,0,CVR016_009,828552
97828,604,0,CVR016_009,829156
97829,728,0,CVR016_009,829884
97830,656,0,CVR016_009,830540
97831,1336,0,CVR016_009,831876
97832,660,0,CVR016_009,832536
97833,1328,0,CVR016_009,833864
97834,656,0,CVR016_009,834520
97835,1332,0,CVR016_009,835852
97836,656,0,CVR016_009,836508
97837,1324,0,CVR016_009,837832
97838,656,0,CVR016_009,838488
97839,1328,0,CVR016_009,839816
97840,640,0,CVR016_009,840456
97841,1336,0,CVR016_009,841792
97842,656,0,CVR016_009,842448
97843,576,0,CVR016_009,843024
97844,752,0,CVR016_009,843776
97845,656,0,CVR016_009,844432
97846,576,0,CVR016_009,845008
97847,748,0,CVR016_009,845756
97848,656,0,CVR016_009,846412
97849,1324,0,CVR016_009,847736
97850,640,0,CVR016_009,848376
97851,1328,0,CVR016_009,849704
97852,652,0,CVR016_009,850356
97853,1312,0,CVR016_009,851668
97854,648,0,CVR016_009,852316
97855,580,0,CVR016_009,852896
97856,728,0,CVR016_009,853624
97857,644,0,CVR016_009,854268
97858,588,0,CVR016_009,854856
97859,712,0,CVR016_009,855568
97860,648,0,CVR016_009,856216
97861,1304,0,CVR016_009,857520
97862,652,0,CVR016_009,858172
97863,1312,0,CVR016_009,859484
97864,652,0,CVR016_009,860136
97865,596,0,CVR016_009,860732
97866,720,0,CVR016_009,861452
97867,660,0,CVR016_009,862112
97868,584,0,CVR016_009,862696
97869,740,0,CVR016_009,863436
97870,656,0,CVR016_009,864092
97871,1984,0,CVR016_009,866076
97872,1324,0,CVR016_009,867400
97873,656,0,CVR016_009,868056
97874,1324,0,CVR016_009,869380
97875,656,0,CVR016_009,870036
97876,1320,0,CVR016_009,871356
97877,656,0,CVR016_009,872012
97878,596,0,CVR016_009,872608
97879,720,0,CVR016_009,873328
97880,656,0,CVR016_009,873984
97881,592,0,CVR016_009,874576
97882,724,0,CVR016_009,875300
97883,640,0,CVR016_009,875940
97884,1336,0,CVR016_009,877276
97885,656,0,CVR016_009,877932
97886,1320,0,CVR016_009,879252
97887,660,0,CVR016_009,879912
97888,528,0,CVR016_009,880440
97889,792,0,CVR016_009,881232
97890,656,0,CVR016_009,881888
97891,556,0,CVR016_009,882444
97892,764,0,CVR016_009,883208
97893,656,0,CVR016_009,883864
97894,1320,0,CVR016_009,885184
97895,652,0,CVR016_009,885836
97896,608,0,CVR016_009,886444
97897,716,0,CVR016_009,887160
97898,652,0,CVR016_009,887812
97899,620,0,CVR016_009,888432
97900,704,0,CVR016_009,889136
97901,656,0,CVR016_009,889792
97902,608,0,CVR016_009,890400
97903,712,0,CVR016_009,891112
97904,656,0,CVR016_009,891768
97905,1312,0,CVR016_009,893080
97906,656,0,CVR016_009,893736
97907,660,0,CVR016_009,894396
97908,656,0,CVR016_009,895052
97909,660,0,CVR016_009,895712
97910,664,0,CVR016_009,896376
97911,660,0,CVR016_009,897036
97912,592,0,CVR016_009,897628
97913,732,0,CVR016_009,898360
97914,660,0,CVR016_009,899020
97915,660,0,CVR016_009,899680
97916,672,0,CVR016_009,900352
97917,664,0,CVR016_009,901016
97918,1332,0,CVR016_009,902348
97919,664,0,CVR016_009,903012
97920,664,0,CVR016_009,903676
97921,672,0,CVR016_009,904348
97922,668,0,CVR016_009,905016
97923,664,0,CVR016_009,905680
97924,664,0,CVR016_009,906344
97925,664,0,CVR016_009,907008
97926,668,0,CVR016_009,907676
97927,664,0,CVR016_009,908340
97928,664,0,CVR016_009,909004
97929,668,0,CVR016_009,909672
97930,668,0,CVR016_009,910340
97931,664,0,CVR016_009,911004
97932,664,0,CVR016_009,911668
97933,660,0,CVR016_009,912328
97934,664,0,CVR016_009,912992
97935,660,0,CVR016_009,913652
97936,660,0,CVR016_009,914312
97937,668,0,CVR016_009,914980
97938,664,0,CVR016_009,915644
97939,660,0,CVR016_009,916304
97940,656,0,CVR016_009,916960
97941,660,0,CVR016_009,917620
97942,660,0,CVR016_009,918280
97943,660,0,CVR016_009,918940
97944,648,0,CVR016_009,919588
97945,1284,0,CVR016_009,920872
97946,1292,0,CVR016_009,922164
97947,644,0,CVR016_009,922808
97948,644,0,CVR016_009,923452
97949,644,0,CVR016_009,924096
97950,644,0,CVR016_009,924740
97951,640,0,CVR016_009,925380
97952,644,0,CVR016_009,926024
97953,640,0,CVR016_009,926664
97954,644,0,CVR016_009,927308
97955,640,0,CVR016_009,927948
97956,644,0,CVR016_009,928592
97957,640,0,CVR016_009,929232
97958,640,0,CVR016_009,929872
97959,1280,0,CVR016_009,931152
97960,644,0,CVR016_009,931796
97961,636,0,CVR016_009,932432
97962,640,0,CVR016_009,933072
97963,640,0,CVR016_009,933712
97964,640,0,CVR016_009,934352
97965,644,0,CVR016_009,934996
97966,644,0,CVR016_009,935640
97967,648,0,CVR016_009,936288
97968,644,0,CVR016_009,936932
97969,644,0,CVR016_009,937576
97970,648,0,CVR016_009,938224
97971,652,0,CVR016_009,938876
97972,1308,0,CVR016_009,940184
97973,636,0,CVR016_009,940820
97974,664,0,CVR016_009,941484
97975,656,0,CVR016_009,942140
97976,636,0,CVR016_009,942776
97977,668,0,CVR016_009,943444
97978,652,0,CVR016_009,944096
97979,652,0,CVR016_009,944748
97980,1300,0,CVR016_009,946048
97981,644,0,CVR016_009,946692
97982,648,0,CVR016_009,947340
97983,652,0,CVR016_009,947992
97984,648,0,CVR016_009,948640
97985,648,0,CVR016_009,949288
97986,652,0,CVR016_009,949940
97987,1292,0,CVR016_009,951232
97988,644,0,CVR016_009,951876
97989,648,0,CVR016_009,952524
97990,648,0,CVR016_009,953172
97991,648,0,CVR016_009,953820
97992,648,0,CVR016_009,954468
97993,652,0,CVR016_009,955120
97994,652,0,CVR016_009,955772
97995,652,0,CVR016_009,956424
97996,656,0,CVR016_009,957080
97997,652,0,CVR016_009,957732
97998,556,0,CVR016_009,958288
97999,760,0,CVR016_009,959048
98000,652,0,CVR016_009,959700
98001,656,0,CVR016_009,960356
98002,664,0,CVR016_009,961020
98003,660,0,CVR016_009,961680
98004,608,0,CVR016_009,962288
98005,708,0,CVR016_009,962996
98006,656,0,CVR016_009,963652
98007,1324,0,CVR016_009,964976
98008,656,0,CVR016_009,965632
98009,1328,0,CVR016_009,966960
98010,636,0,CVR016_009,967596
98011,1348,0,CVR016_009,968944
98012,636,0,CVR016_009,969580
98013,1340,0,CVR016_009,970920
98014,652,0,CVR016_009,971572
98015,1320,0,CVR016_009,972892
98016,656,0,CVR016_009,973548
98017,1328,0,CVR016_009,974876
98018,1244,0,CVR016_009,976120
98019,728,0,CVR016_009,976848
98020,652,0,CVR016_009,977500
98021,592,0,CVR016_009,978092
98022,732,0,CVR016_009,978824
98023,656,0,CVR016_009,979480
98024,588,0,CVR016_009,980068
98025,728,0,CVR016_009,980796
98026,652,0,CVR016_009,981448
98027,592,0,CVR016_009,982040
98028,720,0,CVR016_009,982760
98029,628,0,CVR016_009,983388
98030,672,0,CVR016_009,984060
98031,656,0,CVR016_009,984716
98032,660,0,CVR016_009,985376
98033,660,0,CVR016_009,986036
98034,660,0,CVR016_009,986696
98035,652,0,CVR016_009,987348
98036,1312,0,CVR016_009,988660
98037,656,0,CVR016_009,989316
98038,660,0,CVR016_009,989976
98039,660,0,CVR016_009,990636
98040,660,0,CVR016_009,991296
98041,664,0,CVR016_009,991960
98042,656,0,CVR016_009,992616
98043,652,0,CVR016_009,993268
98044,660,0,CVR016_009,993928
98045,656,0,CVR016_009,994584
98046,656,0,CVR016_009,995240
98047,636,0,CVR016_009,995876
98048,1320,0,CVR016_009,997196
98049,652,0,CVR016_009,997848
98050,648,0,CVR016_009,998496
98051,652,0,CVR016_009,999148
98052,652,0,CVR016_009,999800
98053,652,0,CVR016_009,1000452
98054,648,0,CVR016_009,1001100
98055,640,0,CVR016_009,1001740
98056,636,0,CVR016_009,1002376
98057,632,0,CVR016_009,1003008
98058,632,0,CVR016_009,1003640
98059,636,0,CVR016_009,1004276
98060,640,0,CVR016_009,1004916
98061,644,0,CVR016_009,1005560
98062,644,0,CVR016_009,1006204
98063,640,0,CVR016_009,1006844
98064,648,0,CVR016_009,1007492
98065,556,0,CVR016_009,1008048
98066,732,0,CVR016_009,1008780
98067,636,0,CVR016_009,1009416
98068,640,0,CVR016_009,1010056
98069,648,0,CVR016_009,1010704
98070,652,0,CVR016_009,1011356
98071,652,0,CVR016_009,1012008
98072,656,0,CVR016_009,1012664
98073,648,0,CVR016_009,1013312
98074,656,0,CVR016_009,1013968
98075,644,0,CVR016_009,1014612
98076,644,0,CVR016_009,1015256
98077,640,0,CVR016_009,1015896
98078,1284,0,CVR016_009,1017180
98079,672,0,CVR016_009,1017852
98080,652,0,CVR016_009,1018504
98081,648,0,CVR016_009,1019152
98082,648,0,CVR016_009,1019800
98083,648,0,CVR016_009,1020448
98084,1916,0,CVR016_009,1022364
98085,668,0,CVR016_009,1023032
98086,652,0,CVR016_009,1023684
98087,648,0,CVR016_009,1024332
98088,1300,0,CVR016_009,1025632
98089,632,0,CVR016_009,1026264
98090,680,0,CVR016_009,1026944
98091,660,0,CVR016_009,1027604
98092,660,0,CVR016_009,1028264
98093,1320,0,CVR016_009,1029584
98094,632,0,CVR016_009,1030216
98095,668,0,CVR016_009,1030884
98096,664,0,CVR016_009,1031548
98097,668,0,CVR016_009,1032216
98098,664,0,CVR016_009,1032880
98099,668,0,CVR016_009,1033548
98100,668,0,CVR016_009,1034216
98101,664,0,CVR016_009,1034880
98102,668,0,CVR016_009,1035548
98103,572,0,CVR016_009,1036120
98104,756,0,CVR016_009,1036876
98105,644,0,CVR016_009,1037520
98106,680,0,CVR016_009,1038200
98107,672,0,CVR016_009,1038872
98108,664,0,CVR016_009,1039536
98109,596,0,CVR016_009,1040132
98110,736,0,CVR016_009,1040868
98111,652,0,CVR016_009,1041520
98112,612,0,CVR016_009,1042132
98113,732,0,CVR016_009,1042864
98114,652,0,CVR016_009,1043516
98115,1324,0,CVR016_009,1044840
98116,1972,0,CVR016_009,1046812
98117,644,0,CVR016_009,1047456
98118,612,0,CVR016_009,1048068
98119,708,0,CVR016_009,1048776
98120,644,0,CVR016_009,1049420
98121,1296,0,CVR016_009,1050716
98122,640,0,CVR016_009,1051356
98123,624,0,CVR016_009,1051980
98124,652,0,CVR016_009,1052632
98125,636,0,CVR016_009,1053268
98126,1276,0,CVR016_009,1054544
98127,620,0,CVR016_009,1055164
98128,660,0,CVR016_009,1055824
98129,648,0,CVR016_009,1056472
98130,652,0,CVR016_009,1057124
98131,644,0,CVR016_009,1057768
98132,640,0,CVR016_009,1058408
98133,644,0,CVR016_009,1059052
98134,636,0,CVR016_009,1059688
98135,664,0,CVR016_009,1060352
98136,652,0,CVR016_009,1061004
98137,652,0,CVR016_009,1061656
98138,656,0,CVR016_009,1062312
98139,656,0,CVR016_009,1062968
98140,652,0,CVR016_009,1063620
98141,656,0,CVR016_009,1064276
98142,640,0,CVR016_009,1064916
98143,1984,0,CVR016_009,1066900
98144,648,0,CVR016_009,1067548
98145,660,0,CVR016_009,1068208
98146,660,0,CVR016_009,1068868
98147,660,0,CVR016_009,1069528
98148,660,0,CVR016_009,1070188
98149,664,0,CVR016_009,1070852
98150,652,0,CVR016_009,1071504
98151,660,0,CVR016_009,1072164
98152,664,0,CVR016_009,1072828
98153,652,0,CVR016_009,1073480
98154,660,0,CVR016_009,1074140
98155,660,0,CVR016_009,1074800
98156,656,0,CVR016_009,1075456
98157,1312,0,CVR016_009,1076768
98158,656,0,CVR016_009,1077424
98159,668,0,CVR016_009,1078092
98160,652,0,CVR016_009,1078744
98161,676,0,CVR016_009,1079420
98162,656,0,CVR016_009,1080076
98163,656,0,CVR016_009,1080732
98164,656,0,CVR016_009,1081388
98165,656,0,CVR016_009,1082044
98166,648,0,CVR016_009,1082692
98167,648,0,CVR016_009,1083340
98168,644,0,CVR016_009,1083984
98169,648,0,CVR016_009,1084632
98170,644,0,CVR016_009,1085276
98171,640,0,CVR016_009,1085916
98172,1316,0,CVR016_009,1087232
98173,664,0,CVR016_009,1087896
98174,652,0,CVR016_009,1088548
98175,644,0,CVR016_009,1089192
98176,648,0,CVR016_009,1089840
98177,652,0,CVR016_009,1090492
98178,648,0,CVR016_009,1091140
98179,648,0,CVR016_009,1091788
98180,644,0,CVR016_009,1092432
98181,648,0,CVR016_009,1093080
98182,648,0,CVR016_009,1093728
98183,656,0,CVR016_009,1094384
98184,656,0,CVR016_009,1095040
98185,656,0,CVR016_009,1095696
98186,660,0,CVR016_009,1096356
98187,652,0,CVR016_009,1097008
98188,1312,0,CVR016_009,1098320
98189,656,0,CVR016_009,1098976
98190,660,0,CVR016_009,1099636
98191,648,0,CVR016_009,1100284
98192,672,0,CVR016_009,1100956
98193,660,0,CVR016_009,1101616
98194,656,0,CVR016_009,1102272
98195,656,0,CVR016_009,1102928
98196,644,0,CVR016_009,1103572
98197,676,0,CVR016_009,1104248
98198,656,0,CVR016_009,1104904
98199,656,0,CVR016_009,1105560
98200,1304,0,CVR016_009,1106864
98201,644,0,CVR016_009,1107508
98202,648,0,CVR016_009,1108156
98203,648,0,CVR016_009,1108804
98204,636,0,CVR016_009,1109440
98205,668,0,CVR016_009,1110108
98206,652,0,CVR016_009,1110760
98207,648,0,CVR016_009,1111408
98208,552,0,CVR016_009,1111960
98209,748,0,CVR016_009,1112708
98210,644,0,CVR016_009,1113352
98211,648,0,CVR016_009,1114000
98212,656,0,CVR016_009,1114656
98213,648,0,CVR016_009,1115304
98214,644,0,CVR016_009,1115948
98215,648,0,CVR016_009,1116596
98216,1292,0,CVR016_009,1117888
98217,620,0,CVR016_009,1118508
98218,664,0,CVR016_009,1119172
98219,648,0,CVR016_009,1119820
98220,648,0,CVR016_009,1120468
98221,648,0,CVR016_009,1121116
98222,648,0,CVR016_009,1121764
98223,648,0,CVR016_009,1122412
98224,644,0,CVR016_009,1123056
98225,648,0,CVR016_009,1123704
98226,1296,0,CVR016_009,1125000
98227,640,0,CVR016_009,1125640
98228,648,0,CVR016_009,1126288
98229,648,0,CVR016_009,1126936
98230,644,0,CVR016_009,1127580
98231,652,0,CVR016_009,1128232
98232,652,0,CVR016_009,1128884
98233,644,0,CVR016_009,1129528
98234,652,0,CVR016_009,1130180
98235,644,0,CVR016_009,1130824
98236,644,0,CVR016_009,1131468
98237,652,0,CVR016_009,1132120
98238,652,0,CVR016_009,1132772
98239,652,0,CVR016_009,1133424
98240,648,0,CVR016_009,1134072
98241,648,0,CVR016_009,1134720
98242,644,0,CVR016_009,1135364
98243,648,0,CVR016_009,1136012
98244,648,0,CVR016_009,1136660
98245,1296,0,CVR016_009,1137956
98246,648,0,CVR016_009,1138604
98247,632,0,CVR016_009,1139236
98248,668,0,CVR016_009,1139904
98249,656,0,CVR016_009,1140560
98250,648,0,CVR016_009,1141208
98251,652,0,CVR016_009,1141860
98252,652,0,CVR016_009,1142512
98253,652,0,CVR016_009,1143164
98254,652,0,CVR016_009,1143816
98255,660,0,CVR016_009,1144476
98256,660,0,CVR016_009,1145136
98257,644,0,CVR016_009,1145780
98258,668,0,CVR016_009,1146448
98259,664,0,CVR016_009,1147112
98260,652,0,CVR016_009,1147764
98261,664,0,CVR016_009,1148428
98262,656,0,CVR016_009,1149084
98263,656,0,CVR016_009,1149740
98264,660,0,CVR016_009,1150400
98265,660,0,CVR016_009,1151060
98266,1316,0,CVR016_009,1152376
98267,644,0,CVR016_009,1153020
98268,668,0,CVR016_009,1153688
98269,664,0,CVR016_009,1154352
98270,1320,0,CVR016_009,1155672
98271,656,0,CVR016_009,1156328
98272,648,0,CVR016_009,1156976
98273,672,0,CVR016_009,1157648
98274,660,0,CVR016_009,1158308
98275,660,0,CVR016_009,1158968
98276,664,0,CVR016_009,1159632
98277,1328,0,CVR016_009,1160960
98278,644,0,CVR016_009,1161604
98279,1348,0,CVR016_009,1162952
98280,644,0,CVR016_009,1163596
98281,588,0,CVR016_009,1164184
98282,760,0,CVR016_009,1164944
98283,648,0,CVR016_009,1165592
98284,1356,0,CVR016_009,1166948
98285,652,0,CVR016_009,1167600
98286,1352,0,CVR016_009,1168952
98287,652,0,CVR016_009,1169604
98288,1348,0,CVR016_009,1170952
98289,656,0,CVR016_009,1171608
98290,1336,0,CVR016_009,1172944
98291,656,0,CVR016_009,1173600
98292,568,0,CVR016_009,1174168
98293,764,0,CVR016_009,1174932
98294,660,0,CVR016_009,1175592
98295,1328,0,CVR016_009,1176920
98296,1984,0,CVR016_009,1178904
98297,656,0,CVR016_009,1179560
98298,1324,0,CVR016_009,1180884
98299,656,0,CVR016_009,1181540
98300,1324,0,CVR016_009,1182864
98301,660,0,CVR016_009,1183524
98302,1328,0,CVR016_009,1184852
98303,660,0,CVR016_009,1185512
98304,1328,0,CVR016_009,1186840
98305,660,0,CVR016_009,1187500
98306,1332,0,CVR016_009,1188832
98307,656,0,CVR016_009,1189488
98308,1332,0,CVR016_009,1190820
98309,660,0,CVR016_009,1191480
98310,1336,0,CVR016_009,1192816
98311,656,0,CVR016_009,1193472
98312,1336,0,CVR016_009,1194808
98313,652,0,CVR016_009,1195460
98314,604,0,CVR016_009,1196064
98315,732,0,CVR016_009,1196796
98316,656,0,CVR016_009,1197452
98317,584,0,CVR016_009,1198036
98318,744,0,CVR016_009,1198780
98319,660,0,CVR016_009,1199440
98320,1328,0,CVR016_009,1200768
98321,664,0,CVR016_009,1201432
98322,1332,0,CVR016_009,1202764
98323,664,0,CVR016_009,1203428
98324,1332,0,CVR016_009,1204760
98325,652,0,CVR016_009,1205412
98326,608,0,CVR016_009,1206020
98327,732,0,CVR016_009,1206752
98328,652,0,CVR016_009,1207404
98329,1344,0,CVR016_009,1208748
98330,652,0,CVR016_009,1209400
98331,1348,0,CVR016_009,1210748
98332,664,0,CVR016_009,1211412
98333,1340,0,CVR016_009,1212752
98334,668,0,CVR016_009,1213420
98335,1340,0,CVR016_009,1214760
98336,668,0,CVR016_009,1215428
98337,1344,0,CVR016_009,1216772
98338,664,0,CVR016_009,1217436
98339,1344,0,CVR016_009,1218780
98340,668,0,CVR016_009,1219448
98341,1344,0,CVR016_009,1220792
98342,652,0,CVR016_009,1221444
98343,1360,0,CVR016_009,1222804
98344,668,0,CVR016_009,1223472
98345,1352,0,CVR016_009,1224824
98346,664,0,CVR016_009,1225488
98347,596,0,CVR016_009,1226084
98348,752,0,CVR016_009,1226836
98349,660,0,CVR016_009,1227496
98350,600,0,CVR016_009,1228096
98351,728,0,CVR016_009,1228824
98352,656,0,CVR016_009,1229480
98353,1320,0,CVR016_009,1230800
98354,640,0,CVR016_009,1231440
98355,680,0,CVR016_009,1232120
98356,668,0,CVR016_009,1232788
98357,664,0,CVR016_009,1233452
98358,1340,0,CVR016_009,1234792
98359,660,0,CVR016_009,1235452
98360,604,0,CVR016_009,1236056
98361,724,0,CVR016_009,1236780
98362,656,0,CVR016_009,1237436
98363,668,0,CVR016_009,1238104
98364,652,0,CVR016_009,1238756
98365,684,0,CVR016_009,1239440
98366,1324,0,CVR016_009,1240764
98367,660,0,CVR016_009,1241424
98368,696,0,CVR016_009,1242120
98369,664,0,CVR016_009,1242784
98370,664,0,CVR016_009,1243448
98371,664,0,CVR016_009,1244112
98372,1328,0,CVR016_009,1245440
98373,660,0,CVR016_009,1246100
98374,676,0,CVR016_009,1246776
98375,672,0,CVR016_009,1247448
98376,676,0,CVR016_009,1248124
98377,672,0,CVR016_009,1248796
98378,672,0,CVR016_009,1249468
98379,1340,0,CVR016_009,1250808
98380,660,0,CVR016_009,1251468
98381,668,0,CVR016_009,1252136
98382,668,0,CVR016_009,1252804
98383,660,0,CVR016_009,1253464
98384,668,0,CVR016_009,1254132
98385,660,0,CVR016_009,1254792
98386,664,0,CVR016_009,1255456
98387,664,0,CVR016_009,1256120
98388,660,0,CVR016_009,1256780
98389,672,0,CVR016_009,1257452
98390,668,0,CVR016_009,1258120
98391,668,0,CVR016_009,1258788
98392,668,0,CVR016_009,1259456
98393,668,0,CVR016_009,1260124
98394,664,0,CVR016_009,1260788
98395,668,0,CVR016_009,1261456
98396,664,0,CVR016_009,1262120
98397,668,0,CVR016_009,1262788
98398,1328,0,CVR016_009,1264116
98399,660,0,CVR016_009,1264776
98400,668,0,CVR016_009,1265444
98401,668,0,CVR016_009,1266112
98402,1332,0,CVR016_009,1267444
98403,660,0,CVR016_009,1268104
98404,664,0,CVR016_009,1268768
98405,668,0,CVR016_009,1269436
98406,672,0,CVR016_009,1270108
98407,668,0,CVR016_009,1270776
98408,664,0,CVR016_009,1271440
98409,672,0,CVR016_009,1272112
98410,672,0,CVR016_009,1272784
98411,1340,0,CVR016_009,1274124
98412,668,0,CVR016_009,1274792
98413,672,0,CVR016_009,1275464
98414,672,0,CVR016_009,1276136
98415,1348,0,CVR016_009,1277484
98416,660,0,CVR016_009,1278144
98417,676,0,CVR016_009,1278820
98418,672,0,CVR016_009,1279492
98419,672,0,CVR016_009,1280164
98420,672,0,CVR016_009,1280836
98421,672,0,CVR016_009,1281508
98422,672,0,CVR016_009,1282180
98423,672,0,CVR016_009,1282852
98424,672,0,CVR016_009,1283524
98425,1352,0,CVR016_009,1284876
98426,648,0,CVR016_009,1285524
98427,692,0,CVR016_009,1286216
98428,672,0,CVR016_009,1286888
98429,676,0,CVR016_009,1287564
98430,592,0,CVR016_009,1288156
98431,752,0,CVR016_009,1288908
98432,672,0,CVR016_009,1289580
98433,576,0,CVR016_009,1290156
98434,764,0,CVR016_009,1290920
98435,664,0,CVR016_009,1291584
98436,572,0,CVR016_009,1292156
98437,768,0,CVR016_009,1292924
98438,656,0,CVR016_009,1293580
98439,572,0,CVR016_009,1294152
98440,760,0,CVR016_009,1294912
98441,644,0,CVR016_009,1295556
98442,588,0,CVR016_009,1296144
98443,748,0,CVR016_009,1296892
98444,644,0,CVR016_009,1297536
98445,604,0,CVR016_009,1298140
98446,732,0,CVR016_009,1298872
98447,656,0,CVR016_009,1299528
98448,1324,0,CVR016_009,1300852
98449,656,0,CVR016_009,1301508
98450,588,0,CVR016_009,1302096
98451,740,0,CVR016_009,1302836
98452,656,0,CVR016_009,1303492
98453,580,0,CVR016_009,1304072
98454,752,0,CVR016_009,1304824
98455,660,0,CVR016_009,1305484
98456,1332,0,CVR016_009,1306816
98457,664,0,CVR016_009,1307480
98458,1332,0,CVR016_009,1308812
98459,656,0,CVR016_009,1309468
98460,1272,0,CVR016_009,1310740
98461,724,0,CVR016_009,1311464
98462,1332,0,CVR016_009,1312796
98463,640,0,CVR016_009,1313436
98464,1352,0,CVR016_009,1314788
98465,660,0,CVR016_009,1315448
98466,1332,0,CVR016_009,1316780
98467,664,0,CVR016_009,1317444
98468,1324,0,CVR016_009,1318768
98469,656,0,CVR016_009,1319424
98470,1324,0,CVR016_009,1320748
98471,660,0,CVR016_009,1321408
98472,584,0,CVR016_009,1321992
98473,740,0,CVR016_009,1322732
98474,652,0,CVR016_009,1323384
98475,592,0,CVR016_009,1323976
98476,732,0,CVR016_009,1324708
98477,644,0,CVR016_009,1325352
98478,1328,0,CVR016_009,1326680
98479,660,0,CVR016_009,1327340
98480,1324,0,CVR016_009,1328664
98481,652,0,CVR016_009,1329316
98482,1320,0,CVR016_009,1330636
98483,656,0,CVR016_009,1331292
98484,1320,0,CVR016_009,1332612
98485,656,0,CVR016_009,1333268
98486,616,0,CVR016_009,1333884
98487,712,0,CVR016_009,1334596
98488,664,0,CVR016_009,1335260
98489,592,0,CVR016_009,1335852
98490,744,0,CVR016_009,1336596
98491,664,0,CVR016_009,1337260
98492,1332,0,CVR016_009,1338592
98493,664,0,CVR016_009,1339256
98494,1332,0,CVR016_009,1340588
98495,660,0,CVR016_009,1341248
98496,604,0,CVR016_009,1341852
98497,716,0,CVR016_009,1342568
98498,652,0,CVR016_009,1343220
98499,1328,0,CVR016_009,1344548
98500,652,0,CVR016_009,1345200
98501,1316,0,CVR016_009,1346516
98502,652,0,CVR016_009,1347168
98503,612,0,CVR016_009,1347780
98504,704,0,CVR016_009,1348484
98505,652,0,CVR016_009,1349136
98506,548,0,CVR016_009,1349684
98507,764,0,CVR016_009,1350448
98508,656,0,CVR016_009,1351104
98509,1312,0,CVR016_009,1352416
98510,656,0,CVR016_009,1353072
98511,612,0,CVR016_009,1353684
98512,708,0,CVR016_009,1354392
98513,652,0,CVR016_009,1355044
98514,624,0,CVR016_009,1355668
98515,696,0,CVR016_009,1356364
98516,648,0,CVR016_009,1357012
98517,1324,0,CVR016_009,1358336
98518,656,0,CVR016_009,1358992
98519,1324,0,CVR016_009,1360316
98520,656,0,CVR016_009,1360972
98521,1324,0,CVR016_009,1362296
98522,660,0,CVR016_009,1362956
98523,1320,0,CVR016_009,1364276
98524,660,0,CVR016_009,1364936
98525,1324,0,CVR016_009,1366260
98526,656,0,CVR016_009,1366916
98527,1328,0,CVR016_009,1368244
98528,656,0,CVR016_009,1368900
98529,608,0,CVR016_009,1369508
98530,720,0,CVR016_009,1370228
98531,648,0,CVR016_009,1370876
98532,624,0,CVR016_009,1371500
98533,712,0,CVR016_009,1372212
98534,660,0,CVR016_009,1372872
98535,620,0,CVR016_009,1373492
98536,712,0,CVR016_009,1374204
98537,660,0,CVR016_009,1374864
98538,624,0,CVR016_009,1375488
98539,708,0,CVR016_009,1376196
98540,664,0,CVR016_009,1376860
98541,624,0,CVR016_009,1377484
98542,708,0,CVR016_009,1378192
98543,664,0,CVR016_009,1378856
98544,624,0,CVR016_009,1379480
98545,708,0,CVR016_009,1380188
98546,668,0,CVR016_009,1380856
98547,624,0,CVR016_009,1381480
98548,712,0,CVR016_009,1382192
98549,592,0,CVR016_009,1382784
98550,740,0,CVR016_009,1383524
98551,668,0,CVR016_009,1384192
98552,676,0,CVR016_009,1384868
98553,600,0,CVR016_009,1385468
98554,748,0,CVR016_009,1386216
98555,672,0,CVR016_009,1386888
98556,1352,0,CVR016_009,1388240
98557,668,0,CVR016_009,1388908
98558,668,0,CVR016_009,1389576
98559,676,0,CVR016_009,1390252
98560,676,0,CVR016_009,1390928
98561,612,0,CVR016_009,1391540
98562,732,0,CVR016_009,1392272
98563,672,0,CVR016_009,1392944
98564,672,0,CVR016_009,1393616
98565,676,0,CVR016_009,1394292
98566,676,0,CVR016_009,1394968
98567,676,0,CVR016_009,1395644
98568,676,0,CVR016_009,1396320
98569,676,0,CVR016_009,1396996
98570,680,0,CVR016_009,1397676
98571,680,0,CVR016_009,1398356
98572,676,0,CVR016_009,1399032
98573,680,0,CVR016_009,1399712
98574,684,0,CVR016_009,1400396
98575,680,0,CVR016_009,1401076
98576,1364,0,CVR016_009,1402440
98577,684,0,CVR016_009,1403124
98578,684,0,CVR016_009,1403808
98579,684,0,CVR016_009,1404492
98580,684,0,CVR016_009,1405176
98581,680,0,CVR016_009,1405856
98582,684,0,CVR016_009,1406540
98583,684,0,CVR016_009,1407224
98584,680,0,CVR016_009,1407904
98585,1356,0,CVR016_009,1409260
98586,676,0,CVR016_009,1409936
98587,676,0,CVR016_009,1410612
98588,680,0,CVR016_009,1411292
98589,684,0,CVR016_009,1411976
98590,680,0,CVR016_009,1412656
98591,680,0,CVR016_009,1413336
98592,676,0,CVR016_009,1414012
98593,684,0,CVR016_009,1414696
98594,680,0,CVR016_009,1415376
98595,676,0,CVR016_009,1416052
98596,672,0,CVR016_009,1416724
98597,636,0,CVR016_009,1417360
98598,728,0,CVR016_009,1418088
98599,680,0,CVR016_009,1418768
98600,676,0,CVR016_009,1419444
98601,676,0,CVR016_009,1420120
98602,676,0,CVR016_009,1420796
98603,1356,0,CVR016_009,1422152
98604,672,0,CVR016_009,1422824
98605,676,0,CVR016_009,1423500
98606,676,0,CVR016_009,1424176
98607,676,0,CVR016_009,1424852
98608,1356,0,CVR016_009,1426208
98609,676,0,CVR016_009,1426884
98610,1356,0,CVR016_009,1428240
98611,676,0,CVR016_009,1428916
98612,588,0,CVR016_009,1429504
98613,768,0,CVR016_009,1430272
98614,676,0,CVR016_009,1430948
98615,596,0,CVR016_009,1431544
98616,756,0,CVR016_009,1432300
98617,672,0,CVR016_009,1432972
98618,592,0,CVR016_009,1433564
98619,760,0,CVR016_009,1434324
98620,648,0,CVR016_009,1434972
98621,1364,0,CVR016_009,1436336
98622,664,0,CVR016_009,1437000
98623,1348,0,CVR016_009,1438348
98624,664,0,CVR016_009,1439012
98625,1340,0,CVR016_009,1440352
98626,668,0,CVR016_009,1441020
98627,1336,0,CVR016_009,1442356
98628,660,0,CVR016_009,1443016
98629,1336,0,CVR016_009,1444352
98630,644,0,CVR016_009,1444996
98631,1352,0,CVR016_009,1446348
98632,656,0,CVR016_009,1447004
98633,1332,0,CVR016_009,1448336
98634,660,0,CVR016_009,1448996
98635,1332,0,CVR016_009,1450328
98636,660,0,CVR016_009,1450988
98637,596,0,CVR016_009,1451584
98638,736,0,CVR016_009,1452320
98639,664,0,CVR016_009,1452984
98640,592,0,CVR016_009,1453576
98641,740,0,CVR016_009,1454316
98642,664,0,CVR016_009,1454980
98643,596,0,CVR016_009,1455576
98644,736,0,CVR016_009,1456312
98645,660,0,CVR016_009,1456972
98646,1340,0,CVR016_009,1458312
98647,660,0,CVR016_009,1458972
98648,592,0,CVR016_009,1459564
98649,748,0,CVR016_009,1460312
98650,656,0,CVR016_009,1460968
98651,1348,0,CVR016_009,1462316
98652,656,0,CVR016_009,1462972
98653,1348,0,CVR016_009,1464320
98654,648,0,CVR016_009,1464968
98655,688,0,CVR016_009,1465656
98656,672,0,CVR016_009,1466328
98657,672,0,CVR016_009,1467000
98658,676,0,CVR016_009,1467676
98659,672,0,CVR016_009,1468348
98660,676,0,CVR016_009,1469024
98661,1352,0,CVR016_009,1470376
98662,676,0,CVR016_009,1471052
98663,1356,0,CVR016_009,1472408
98664,672,0,CVR016_009,1473080
98665,680,0,CVR016_009,1473760
98666,676,0,CVR016_009,1474436
98667,684,0,CVR016_009,1475120
98668,612,0,CVR016_009,1475732
98669,740,0,CVR016_009,1476472
98670,676,0,CVR016_009,1477148
98671,604,0,CVR016_009,1477752
98672,748,0,CVR016_009,1478500
98673,672,0,CVR016_009,1479172
98674,1352,0,CVR016_009,1480524
98675,668,0,CVR016_009,1481192
98676,676,0,CVR016_009,1481868
98677,676,0,CVR016_009,1482544
98678,668,0,CVR016_009,1483212
98679,1348,0,CVR016_009,1484560
98680,664,0,CVR016_009,1485224
98681,676,0,CVR016_009,1485900
98682,672,0,CVR016_009,1486572
98683,672,0,CVR016_009,1487244
98684,676,0,CVR016_009,1487920
98685,672,0,CVR016_009,1488592
98686,676,0,CVR016_009,1489268
98687,600,0,CVR016_009,1489868
98688,752,0,CVR016_009,1490620
98689,672,0,CVR016_009,1491292
98690,676,0,CVR016_009,1491968
98691,680,0,CVR016_009,1492648
98692,680,0,CVR016_009,1493328
98693,680,0,CVR016_009,1494008
98694,680,0,CVR016_009,1494688
98695,684,0,CVR016_009,1495372
98696,680,0,CVR016_009,1496052
98697,680,0,CVR016_009,1496732
98698,1368,0,CVR016_009,1498100
98699,676,0,CVR016_009,1498776
98700,684,0,CVR016_009,1499460
98701,684,0,CVR016_009,1500144
98702,680,0,CVR016_009,1500824
98703,608,0,CVR016_009,1501432
98704,760,0,CVR016_009,1502192
98705,676,0,CVR016_009,1502868
98706,680,0,CVR016_009,1503548
98707,688,0,CVR016_009,1504236
98708,680,0,CVR016_009,1504916
98709,680,0,CVR016_009,1505596
98710,684,0,CVR016_009,1506280
98711,684,0,CVR016_009,1506964
98712,680,0,CVR016_009,1507644
98713,684,0,CVR016_009,1508328
98714,684,0,CVR016_009,1509012
98715,680,0,CVR016_009,1509692
98716,680,0,CVR016_009,1510372
98717,680,0,CVR016_009,1511052
98718,684,0,CVR016_009,1511736
98719,680,0,CVR016_009,1512416
98720,680,0,CVR016_009,1513096
98721,680,0,CVR016_009,1513776
98722,680,0,CVR016_009,1514456
98723,2032,0,CVR016_009,1516488
98724,676,0,CVR016_009,1517164
98725,680,0,CVR016_009,1517844
98726,680,0,CVR016_009,1518524
98727,680,0,CVR016_009,1519204
98728,676,0,CVR016_009,1519880
98729,680,0,CVR016_009,1520560
98730,680,0,CVR016_009,1521240
98731,676,0,CVR016_009,1521916
98732,1364,0,CVR016_009,1523280
98733,676,0,CVR016_009,1523956
98734,1356,0,CVR016_009,1525312
98735,676,0,CVR016_009,1525988
98736,1348,0,CVR016_009,1527336
98737,668,0,CVR016_009,1528004
98738,604,0,CVR016_009,1528608
98739,744,0,CVR016_009,1529352
98740,668,0,CVR016_009,1530020
98741,592,0,CVR016_009,1530612
98742,748,0,CVR016_009,1531360
98743,664,0,CVR016_009,1532024
98744,1352,0,CVR016_009,1533376
98745,648,0,CVR016_009,1534024
98746,1364,0,CVR016_009,1535388
98747,648,0,CVR016_009,1536036
98748,1368,0,CVR016_009,1537404
98749,668,0,CVR016_009,1538072
98750,1352,0,CVR016_009,1539424
98751,668,0,CVR016_009,1540092
98752,580,0,CVR016_009,1540672
98753,772,0,CVR016_009,1541444
98754,668,0,CVR016_009,1542112
98755,568,0,CVR016_009,1542680
98756,784,0,CVR016_009,1543464
98757,668,0,CVR016_009,1544132
98758,1356,0,CVR016_009,1545488
98759,652,0,CVR016_009,1546140
98760,1364,0,CVR016_009,1547504
98761,672,0,CVR016_009,1548176
98762,1352,0,CVR016_009,1549528
98763,652,0,CVR016_009,1550180
98764,588,0,CVR016_009,1550768
98765,768,0,CVR016_009,1551536
98766,664,0,CVR016_009,1552200
98767,584,0,CVR016_009,1552784
98768,760,0,CVR016_009,1553544
98769,664,0,CVR016_009,1554208
98770,580,0,CVR016_009,1554788
98771,760,0,CVR016_009,1555548
98772,660,0,CVR016_009,1556208
98773,584,0,CVR016_009,1556792
98774,756,0,CVR016_009,1557548
98775,660,0,CVR016_009,1558208
98776,588,0,CVR016_009,1558796
98777,748,0,CVR016_009,1559544
98778,664,0,CVR016_009,1560208
98779,592,0,CVR016_009,1560800
98780,748,0,CVR016_009,1561548
98781,660,0,CVR016_009,1562208
98782,588,0,CVR016_009,1562796
98783,756,0,CVR016_009,1563552
98784,644,0,CVR016_009,1564196
98785,600,0,CVR016_009,1564796
98786,756,0,CVR016_009,1565552
98787,664,0,CVR016_009,1566216
98788,584,0,CVR016_009,1566800
98789,764,0,CVR016_009,1567564
98790,668,0,CVR016_009,1568232
98791,1348,0,CVR016_009,1569580
98792,672,0,CVR016_009,1570252
98793,1344,0,CVR016_009,1571596
98794,672,0,CVR016_009,1572268
98795,1336,0,CVR016_009,1573604
98796,664,0,CVR016_009,1574268
98797,604,0,CVR016_009,1574872
98798,732,0,CVR016_009,1575604
98799,656,0,CVR016_009,1576260
98800,1340,0,CVR016_009,1577600
98801,664,0,CVR016_009,1578264
98802,1328,0,CVR016_009,1579592
98803,660,0,CVR016_009,1580252
98804,664,0,CVR016_009,1580916
98805,672,0,CVR016_009,1581588
98806,668,0,CVR016_009,1582256
98807,1336,0,CVR016_009,1583592
98808,668,0,CVR016_009,1584260
98809,672,0,CVR016_009,1584932
98810,672,0,CVR016_009,1585604
98811,672,0,CVR016_009,1586276
98812,1352,0,CVR016_009,1587628
98813,652,0,CVR016_009,1588280
98814,692,0,CVR016_009,1588972
98815,676,0,CVR016_009,1589648
98816,676,0,CVR016_009,1590324
98817,608,0,CVR016_009,1590932
98818,748,0,CVR016_009,1591680
98819,672,0,CVR016_009,1592352
98820,672,0,CVR016_009,1593024
98821,680,0,CVR016_009,1593704
98822,676,0,CVR016_009,1594380
98823,676,0,CVR016_009,1595056
98824,676,0,CVR016_009,1595732
98825,676,0,CVR016_009,1596408
98826,676,0,CVR016_009,1597084
98827,676,0,CVR016_009,1597760
98828,676,0,CVR016_009,1598436
98829,680,0,CVR016_009,1599116
98830,676,0,CVR016_009,1599792
98831,1356,0,CVR016_009,1601148
98832,672,0,CVR016_009,1601820
98833,680,0,CVR016_009,1602500
98834,680,0,CVR016_009,1603180
98835,680,0,CVR016_009,1603860
98836,1360,0,CVR016_009,1605220
98837,672,0,CVR016_009,1605892
98838,680,0,CVR016_009,1606572
98839,676,0,CVR016_009,1607248
98840,676,0,CVR016_009,1607924
98841,684,0,CVR016_009,1608608
98842,676,0,CVR016_009,1609284
98843,676,0,CVR016_009,1609960
98844,676,0,CVR016_009,1610636
98845,676,0,CVR016_009,1611312
98846,1356,0,CVR016_009,1612668
98847,668,0,CVR016_009,1613336
98848,676,0,CVR016_009,1614012
98849,676,0,CVR016_009,1614688
98850,676,0,CVR016_009,1615364
98851,672,0,CVR016_009,1616036
98852,672,0,CVR016_009,1616708
98853,676,0,CVR016_009,1617384
98854,672,0,CVR016_009,1618056
98855,672,0,CVR016_009,1618728
98856,672,0,CVR016_009,1619400
98857,672,0,CVR016_009,1620072
98858,676,0,CVR016_009,1620748
98859,676,0,CVR016_009,1621424
98860,672,0,CVR016_009,1622096
98861,676,0,CVR016_009,1622772
98862,676,0,CVR016_009,1623448
98863,676,0,CVR016_009,1624124
98864,676,0,CVR016_009,1624800
98865,676,0,CVR016_009,1625476
98866,676,0,CVR016_009,1626152
98867,676,0,CVR016_009,1626828
98868,1352,0,CVR016_009,1628180
98869,1344,0,CVR016_009,1629524
98870,676,0,CVR016_009,1630200
98871,680,0,CVR016_009,1630880
98872,620,0,CVR016_009,1631500
98873,728,0,CVR016_009,1632228
98874,668,0,CVR016_009,1632896
98875,676,0,CVR016_009,1633572
98876,672,0,CVR016_009,1634244
98877,672,0,CVR016_009,1634916
98878,1340,0,CVR016_009,1636256
98879,648,0,CVR016_009,1636904
98880,680,0,CVR016_009,1637584
98881,668,0,CVR016_009,1638252
98882,664,0,CVR016_009,1638916
98883,1324,0,CVR016_009,1640240
98884,656,0,CVR016_009,1640896
98885,1320,0,CVR016_009,1642216
98886,656,0,CVR016_009,1642872
98887,608,0,CVR016_009,1643480
98888,708,0,CVR016_009,1644188
98889,652,0,CVR016_009,1644840
98890,1324,0,CVR016_009,1646164
98891,640,0,CVR016_009,1646804
98892,1336,0,CVR016_009,1648140
98893,640,0,CVR016_009,1648780
98894,1340,0,CVR016_009,1650120
98895,656,0,CVR016_009,1650776
98896,588,0,CVR016_009,1651364
98897,740,0,CVR016_009,1652104
98898,660,0,CVR016_009,1652764
98899,588,0,CVR016_009,1653352
98900,736,0,CVR016_009,1654088
98901,660,0,CVR016_009,1654748
98902,600,0,CVR016_009,1655348
98903,728,0,CVR016_009,1656076
98904,660,0,CVR016_009,1656736
98905,1332,0,CVR016_009,1658068
98906,656,0,CVR016_009,1658724
98907,1340,0,CVR016_009,1660064
98908,640,0,CVR016_009,1660704
98909,1356,0,CVR016_009,1662060
98910,660,0,CVR016_009,1662720
98911,1340,0,CVR016_009,1664060
98912,664,0,CVR016_009,1664724
98913,1332,0,CVR016_009,1666056
98914,660,0,CVR016_009,1666716
98915,588,0,CVR016_009,1667304
98916,740,0,CVR016_009,1668044
98917,660,0,CVR016_009,1668704
98918,600,0,CVR016_009,1669304
98919,724,0,CVR016_009,1670028
98920,660,0,CVR016_009,1670688
98921,1324,0,CVR016_009,1672012
98922,652,0,CVR016_009,1672664
98923,1328,0,CVR016_009,1673992
98924,640,0,CVR016_009,1674632
98925,1336,0,CVR016_009,1675968
98926,660,0,CVR016_009,1676628
98927,608,0,CVR016_009,1677236
98928,720,0,CVR016_009,1677956
98929,656,0,CVR016_009,1678612
98930,1324,0,CVR016_009,1679936
98931,664,0,CVR016_009,1680600
98932,664,0,CVR016_009,1681264
98933,664,0,CVR016_009,1681928
98934,668,0,CVR016_009,1682596
98935,1332,0,CVR016_009,1683928
98936,664,0,CVR016_009,1684592
98937,668,0,CVR016_009,1685260
98938,680,0,CVR016_009,1685940
98939,672,0,CVR016_009,1686612
98940,1344,0,CVR016_009,1687956
98941,652,0,CVR016_009,1688608
98942,692,0,CVR016_009,1689300
98943,680,0,CVR016_009,1689980
98944,676,0,CVR016_009,1690656
98945,604,0,CVR016_009,1691260
98946,756,0,CVR016_009,1692016
98947,676,0,CVR016_009,1692692
98948,684,0,CVR016_009,1693376
98949,676,0,CVR016_009,1694052
98950,684,0,CVR016_009,1694736
98951,1364,0,CVR016_009,1696100
98952,660,0,CVR016_009,1696760
98953,696,0,CVR016_009,1697456
98954,680,0,CVR016_009,1698136
98955,684,0,CVR016_009,1698820
98956,1368,0,CVR016_009,1700188
98957,680,0,CVR016_009,1700868
98958,1368,0,CVR016_009,1702236
98959,680,0,CVR016_009,1702916
98960,684,0,CVR016_009,1703600
98961,684,0,CVR016_009,1704284
98962,684,0,CVR016_009,1704968
98963,1372,0,CVR016_009,1706340
98964,656,0,CVR016_009,1706996
98965,692,0,CVR016_009,1707688
98966,680,0,CVR016_009,1708368
98967,680,0,CVR016_009,1709048
98968,1356,0,CVR016_009,1710404
98969,672,0,CVR016_009,1711076
98970,620,0,CVR016_009,1711696
98971,732,0,CVR016_009,1712428
98972,672,0,CVR016_009,1713100
98973,676,0,CVR016_009,1713776
98974,672,0,CVR016_009,1714448
98975,680,0,CVR016_009,1715128
98976,1352,0,CVR016_009,1716480
98977,668,0,CVR016_009,1717148
98978,684,0,CVR016_009,1717832
98979,676,0,CVR016_009,1718508
98980,680,0,CVR016_009,1719188
98981,680,0,CVR016_009,1719868
98982,680,0,CVR016_009,1720548
98983,680,0,CVR016_009,1721228
98984,604,0,CVR016_009,1721832
98985,764,0,CVR016_009,1722596
98986,676,0,CVR016_009,1723272
98987,680,0,CVR016_009,1723952
98988,680,0,CVR016_009,1724632
98989,684,0,CVR016_009,1725316
98990,556,0,CVR016_009,1725872
98991,800,0,CVR016_009,1726672
98992,668,0,CVR016_009,1727340
98993,684,0,CVR016_009,1728024
98994,680,0,CVR016_009,1728704
98995,676,0,CVR016_009,1729380
98996,1356,0,CVR016_009,1730736
98997,676,0,CVR016_009,1731412
98998,680,0,CVR016_009,1732092
98999,676,0,CVR016_009,1732768
99000,676,0,CVR016_009,1733444
99001,684,0,CVR016_009,1734128
99002,680,0,CVR016_009,1734808
99003,684,0,CVR016_009,1735492
99004,680,0,CVR016_009,1736172
99005,684,0,CVR016_009,1736856
99006,688,0,CVR016_009,1737544
99007,684,0,CVR016_009,1738228
99008,688,0,CVR016_009,1738916
99009,684,0,CVR016_009,1739600
99010,696,0,CVR016_009,1740296
99011,688,0,CVR016_009,1740984
99012,1384,0,CVR016_009,1742368
99013,684,0,CVR016_009,1743052
99014,688,0,CVR016_009,1743740
99015,692,0,CVR016_009,1744432
99016,688,0,CVR016_009,1745120
99017,692,0,CVR016_009,1745812
99018,688,0,CVR016_009,1746500
99019,692,0,CVR016_009,1747192
99020,688,0,CVR016_009,1747880
99021,692,0,CVR016_009,1748572
99022,688,0,CVR016_009,1749260
99023,620,0,CVR016_009,1749880
99024,756,0,CVR016_009,1750636
99025,688,0,CVR016_009,1751324
99026,692,0,CVR016_009,1752016
99027,688,0,CVR016_009,1752704
99028,692,0,CVR016_009,1753396
99029,616,0,CVR016_009,1754012
99030,768,0,CVR016_009,1754780
99031,688,0,CVR016_009,1755468
99032,688,0,CVR016_009,1756156
99033,692,0,CVR016_009,1756848
99034,692,0,CVR016_009,1757540
99035,2068,0,CVR016_009,1759608
99036,688,0,CVR016_009,1760296
99037,692,0,CVR016_009,1760988
99038,688,0,CVR016_009,1761676
99039,692,0,CVR016_009,1762368
99040,692,0,CVR016_009,1763060
99041,692,0,CVR016_009,1763752
99042,588,0,CVR016_009,1764340
99043,796,0,CVR016_009,1765136
99044,684,0,CVR016_009,1765820
99045,688,0,CVR016_009,1766508
99046,688,0,CVR016_009,1767196
99047,692,0,CVR016_009,1767888
99048,1380,0,CVR016_009,1769268
99049,676,0,CVR016_009,1769944
99050,692,0,CVR016_009,1770636
99051,684,0,CVR016_009,1771320
99052,684,0,CVR016_009,1772004
99053,1372,0,CVR016_009,1773376
99054,676,0,CVR016_009,1774052
99055,680,0,CVR016_009,1774732
99056,680,0,CVR016_009,1775412
99057,684,0,CVR016_009,1776096
99058,1356,0,CVR016_009,1777452
99059,668,0,CVR016_009,1778120
99060,676,0,CVR016_009,1778796
99061,680,0,CVR016_009,1779476
99062,672,0,CVR016_009,1780148
99063,1352,0,CVR016_009,1781500
99064,648,0,CVR016_009,1782148
99065,688,0,CVR016_009,1782836
99066,676,0,CVR016_009,1783512
99067,672,0,CVR016_009,1784184
99068,608,0,CVR016_009,1784792
99069,744,0,CVR016_009,1785536
99070,668,0,CVR016_009,1786204
99071,672,0,CVR016_009,1786876
99072,680,0,CVR016_009,1787556
99073,680,0,CVR016_009,1788236
99074,1352,0,CVR016_009,1789588
99075,672,0,CVR016_009,1790260
99076,1356,0,CVR016_009,1791616
99077,680,0,CVR016_009,1792296
99078,608,0,CVR016_009,1792904
99079,760,0,CVR016_009,1793664
99080,668,0,CVR016_009,1794332
99081,688,0,CVR016_009,1795020
99082,688,0,CVR016_009,1795708
99083,680,0,CVR016_009,1796388
99084,692,0,CVR016_009,1797080
99085,688,0,CVR016_009,1797768
99086,688,0,CVR016_009,1798456
99087,592,0,CVR016_009,1799048
99088,792,0,CVR016_009,1799840
99089,684,0,CVR016_009,1800524
99090,684,0,CVR016_009,1801208
99091,696,0,CVR016_009,1801904
99092,684,0,CVR016_009,1802588
99093,2064,0,CVR016_009,1804652
99094,688,0,CVR016_009,1805340
99095,688,0,CVR016_009,1806028
99096,692,0,CVR016_009,1806720
99097,688,0,CVR016_009,1807408
99098,688,0,CVR016_009,1808096
99099,688,0,CVR016_009,1808784
99100,692,0,CVR016_009,1809476
99101,692,0,CVR016_009,1810168
99102,692,0,CVR016_009,1810860
99103,604,0,CVR016_009,1811464
99104,784,0,CVR016_009,1812248
99105,684,0,CVR016_009,1812932
99106,696,0,CVR016_009,1813628
99107,692,0,CVR016_009,1814320
99108,696,0,CVR016_009,1815016
99109,1384,0,CVR016_009,1816400
99110,668,0,CVR016_009,1817068
99111,708,0,CVR016_009,1817776
99112,692,0,CVR016_009,1818468
99113,688,0,CVR016_009,1819156
99114,608,0,CVR016_009,1819764
99115,776,0,CVR016_009,1820540
99116,680,0,CVR016_009,1821220
99117,688,0,CVR016_009,1821908
99118,688,0,CVR016_009,1822596
99119,684,0,CVR016_009,1823280
99120,688,0,CVR016_009,1823968
99121,684,0,CVR016_009,1824652
99122,688,0,CVR016_009,1825340
99123,688,0,CVR016_009,1826028
99124,688,0,CVR016_009,1826716
99125,688,0,CVR016_009,1827404
99126,688,0,CVR016_009,1828092
99127,688,0,CVR016_009,1828780
99128,692,0,CVR016_009,1829472
99129,604,0,CVR016_009,1830076
99130,776,0,CVR016_009,1830852
99131,684,0,CVR016_009,1831536
99132,688,0,CVR016_009,1832224
99133,688,0,CVR016_009,1832912
99134,692,0,CVR016_009,1833604
99135,1380,0,CVR016_009,1834984
99136,676,0,CVR016_009,1835660
99137,692,0,CVR016_009,1836352
99138,684,0,CVR016_009,1837036
99139,688,0,CVR016_009,1837724
99140,612,0,CVR016_009,1838336
99141,764,0,CVR016_009,1839100
99142,676,0,CVR016_009,1839776
99143,688,0,CVR016_009,1840464
99144,684,0,CVR016_009,1841148
99145,692,0,CVR016_009,1841840
99146,688,0,CVR016_009,1842528
99147,688,0,CVR016_009,1843216
99148,684,0,CVR016_009,1843900
99149,1388,0,CVR016_009,1845288
99150,680,0,CVR016_009,1845968
99151,696,0,CVR016_009,1846664
99152,692,0,CVR016_009,1847356
99153,692,0,CVR016_009,1848048
99154,612,0,CVR016_009,1848660
99155,772,0,CVR016_009,1849432
99156,684,0,CVR016_009,1850116
99157,688,0,CVR016_009,1850804
99158,692,0,CVR016_009,1851496
99159,692,0,CVR016_009,1852188
99160,688,0,CVR016_009,1852876
99161,692,0,CVR016_009,1853568
99162,688,0,CVR016_009,1854256
99163,692,0,CVR016_009,1854948
99164,692,0,CVR016_009,1855640
99165,688,0,CVR016_009,1856328
99166,696,0,CVR016_009,1857024
99167,692,0,CVR016_009,1857716
99168,692,0,CVR016_009,1858408
99169,688,0,CVR016_009,1859096
99170,688,0,CVR016_009,1859784
99171,688,0,CVR016_009,1860472
99172,1380,0,CVR016_009,1861852
99173,584,0,CVR016_009,1862436
99174,800,0,CVR016_009,1863236
99175,692,0,CVR016_009,1863928
99176,684,0,CVR016_009,1864612
99177,688,0,CVR016_009,1865300
99178,732,0,CVR016_009,1866032
99179,1320,0,CVR016_009,1867352
99180,672,0,CVR016_009,1868024
99181,688,0,CVR016_009,1868712
99182,680,0,CVR016_009,1869392
99183,680,0,CVR016_009,1870072
99184,1348,0,CVR016_009,1871420
99185,664,0,CVR016_009,1872084
99186,660,0,CVR016_009,1872744
99187,688,0,CVR016_009,1873432
99188,676,0,CVR016_009,1874108
99189,1344,0,CVR016_009,1875452
99190,664,0,CVR016_009,1876116
99191,672,0,CVR016_009,1876788
99192,668,0,CVR016_009,1877456
99193,672,0,CVR016_009,1878128
99194,668,0,CVR016_009,1878796
99195,1348,0,CVR016_009,1880144
99196,664,0,CVR016_009,1880808
99197,672,0,CVR016_009,1881480
99198,672,0,CVR016_009,1882152
99199,676,0,CVR016_009,1882828
99200,676,0,CVR016_009,1883504
99201,676,0,CVR016_009,1884180
99202,672,0,CVR016_009,1884852
99203,1360,0,CVR016_009,1886212
99204,672,0,CVR016_009,1886884
99205,672,0,CVR016_009,1887556
99206,672,0,CVR016_009,1888228
99207,672,0,CVR016_009,1888900
99208,672,0,CVR016_009,1889572
99209,668,0,CVR016_009,1890240
99210,676,0,CVR016_009,1890916
99211,672,0,CVR016_009,1891588
99212,668,0,CVR016_009,1892256
99213,668,0,CVR016_009,1892924
99214,1340,0,CVR016_009,1894264
99215,664,0,CVR016_009,1894928
99216,664,0,CVR016_009,1895592
99217,664,0,CVR016_009,1896256
99218,664,0,CVR016_009,1896920
99219,660,0,CVR016_009,1897580
99220,656,0,CVR016_009,1898236
99221,644,0,CVR016_009,1898880
99222,676,0,CVR016_009,1899556
99223,664,0,CVR016_009,1900220
99224,660,0,CVR016_009,1900880
99225,664,0,CVR016_009,1901544
99226,656,0,CVR016_009,1902200
99227,1936,0,CVR016_009,1904136
99228,672,0,CVR016_009,1904808
99229,656,0,CVR016_009,1905464
99230,652,0,CVR016_009,1906116
99231,652,0,CVR016_009,1906768
99232,652,0,CVR016_009,1907420
99233,660,0,CVR016_009,1908080
99234,1316,0,CVR016_009,1909396
99235,648,0,CVR016_009,1910044
99236,652,0,CVR016_009,1910696
99237,1952,0,CVR016_009,1912648
99238,648,0,CVR016_009,1913296
99239,652,0,CVR016_009,1913948
99240,636,0,CVR016_009,1914584
99241,676,0,CVR016_009,1915260
99242,660,0,CVR016_009,1915920
99243,656,0,CVR016_009,1916576
99244,660,0,CVR016_009,1917236
99245,660,0,CVR016_009,1917896
99246,656,0,CVR016_009,1918552
99247,664,0,CVR016_009,1919216
99248,656,0,CVR016_009,1919872
99249,656,0,CVR016_009,1920528
99250,656,0,CVR016_009,1921184
99251,656,0,CVR016_009,1921840
99252,664,0,CVR016_009,1922504
99253,660,0,CVR016_009,1923164
99254,668,0,CVR016_009,1923832
99255,664,0,CVR016_009,1924496
99256,660,0,CVR016_009,1925156
99257,664,0,CVR016_009,1925820
99258,668,0,CVR016_009,1926488
99259,664,0,CVR016_009,1927152
99260,672,0,CVR016_009,1927824
99261,604,0,CVR016_009,1928428
99262,736,0,CVR016_009,1929164
99263,660,0,CVR016_009,1929824
99264,660,0,CVR016_009,1930484
99265,668,0,CVR016_009,1931152
99266,664,0,CVR016_009,1931816
99267,668,0,CVR016_009,1932484
99268,668,0,CVR016_009,1933152
99269,668,0,CVR016_009,1933820
99270,676,0,CVR016_009,1934496
99271,668,0,CVR016_009,1935164
99272,668,0,CVR016_009,1935832
99273,588,0,CVR016_009,1936420
99274,744,0,CVR016_009,1937164
99275,656,0,CVR016_009,1937820
99276,664,0,CVR016_009,1938484
99277,660,0,CVR016_009,1939144
99278,668,0,CVR016_009,1939812
99279,656,0,CVR016_009,1940468
99280,660,0,CVR016_009,1941128
99281,652,0,CVR016_009,1941780
99282,1300,0,CVR016_009,1943080
99283,656,0,CVR016_009,1943736
99284,652,0,CVR016_009,1944388
99285,652,0,CVR016_009,1945040
99286,656,0,CVR016_009,1945696
99287,656,0,CVR016_009,1946352
99288,656,0,CVR016_009,1947008
99289,652,0,CVR016_009,1947660
99290,652,0,CVR016_009,1948312
99291,584,0,CVR016_009,1948896
99292,716,0,CVR016_009,1949612
99293,644,0,CVR016_009,1950256
99294,644,0,CVR016_009,1950900
99295,652,0,CVR016_009,1951552
99296,636,0,CVR016_009,1952188
99297,672,0,CVR016_009,1952860
99298,656,0,CVR016_009,1953516
99299,656,0,CVR016_009,1954172
99300,616,0,CVR016_009,1954788
99301,688,0,CVR016_009,1955476
99302,648,0,CVR016_009,1956124
99303,652,0,CVR016_009,1956776
99304,660,0,CVR016_009,1957436
99305,656,0,CVR016_009,1958092
99306,656,0,CVR016_009,1958748
99307,1308,0,CVR016_009,1960056
99308,648,0,CVR016_009,1960704
99309,1308,0,CVR016_009,1962012
99310,652,0,CVR016_009,1962664
99311,1308,0,CVR016_009,1963972
99312,648,0,CVR016_009,1964620
99313,648,0,CVR016_009,1965268
99314,668,0,CVR016_009,1965936
99315,688,0,CVR016_009,1966624
99316,616,0,CVR016_009,1967240
99317,704,0,CVR016_009,1967944
99318,652,0,CVR016_009,1968596
99319,656,0,CVR016_009,1969252
99320,664,0,CVR016_009,1969916
99321,672,0,CVR016_009,1970588
99322,668,0,CVR016_009,1971256
99323,664,0,CVR016_009,1971920
99324,660,0,CVR016_009,1972580
99325,668,0,CVR016_009,1973248
99326,664,0,CVR016_009,1973912
99327,1340,0,CVR016_009,1975252
99328,660,0,CVR016_009,1975912
99329,668,0,CVR016_009,1976580
99330,672,0,CVR016_009,1977252
99331,672,0,CVR016_009,1977924
99332,1340,0,CVR016_009,1979264
99333,672,0,CVR016_009,1979936
99334,672,0,CVR016_009,1980608
99335,672,0,CVR016_009,1981280
99336,676,0,CVR016_009,1981956
99337,672,0,CVR016_009,1982628
99338,672,0,CVR016_009,1983300
99339,676,0,CVR016_009,1983976
99340,672,0,CVR016_009,1984648
99341,676,0,CVR016_009,1985324
99342,676,0,CVR016_009,1986000
99343,680,0,CVR016_009,1986680
99344,676,0,CVR016_009,1987356
99345,2048,0,CVR016_009,1989404
99346,672,0,CVR016_009,1990076
99347,684,0,CVR016_009,1990760
99348,688,0,CVR016_009,1991448
99349,688,0,CVR016_009,1992136
99350,680,0,CVR016_009,1992816
99351,680,0,CVR016_009,1993496
99352,680,0,CVR016_009,1994176
99353,684,0,CVR016_009,1994860
99354,684,0,CVR016_009,1995544
99355,688,0,CVR016_009,1996232
99356,684,0,CVR016_009,1996916
99357,684,0,CVR016_009,1997600
99358,1356,0,CVR016_009,1998956
99359,664,0,CVR016_009,1999620
99360,676,0,CVR016_009,2000296
99361,676,0,CVR016_009,2000972
99362,652,0,CVR016_009,2001624
99363,692,0,CVR016_009,2002316
99364,680,0,CVR016_009,2002996
99365,676,0,CVR016_009,2003672
99366,652,0,CVR016_009,2004324
99367,692,0,CVR016_009,2005016
99368,1344,0,CVR016_009,2006360
99369,644,0,CVR016_009,2007004
99370,688,0,CVR016_009,2007692
99371,676,0,CVR016_009,2008368
99372,652,0,CVR016_009,2009020
99373,692,0,CVR016_009,2009712
99374,672,0,CVR016_009,2010384
99375,1340,0,CVR016_009,2011724
99376,676,0,CVR016_009,2012400
99377,672,0,CVR016_009,2013072
99378,668,0,CVR016_009,2013740
99379,676,0,CVR016_009,2014416
99380,676,0,CVR016_009,2015092
99381,672,0,CVR016_009,2015764
99382,672,0,CVR016_009,2016436
99383,680,0,CVR016_009,2017116
99384,676,0,CVR016_009,2017792
99385,656,0,CVR016_009,2018448
99386,1372,0,CVR016_009,2019820
99387,652,0,CVR016_009,2020472
99388,692,0,CVR016_009,2021164
99389,680,0,CVR016_009,2021844
99390,660,0,CVR016_009,2022504
99391,696,0,CVR016_009,2023200
99392,676,0,CVR016_009,2023876
99393,684,0,CVR016_009,2024560
99394,672,0,CVR016_009,2025232
99395,680,0,CVR016_009,2025912
99396,1364,0,CVR016_009,2027276
99397,672,0,CVR016_009,2027948
99398,680,0,CVR016_009,2028628
99399,680,0,CVR016_009,2029308
99400,664,0,CVR016_009,2029972
99401,692,0,CVR016_009,2030664
99402,680,0,CVR016_009,2031344
99403,676,0,CVR016_009,2032020
99404,680,0,CVR016_009,2032700
99405,680,0,CVR016_009,2033380
99406,680,0,CVR016_009,2034060
99407,680,0,CVR016_009,2034740
99408,680,0,CVR016_009,2035420
99409,680,0,CVR016_009,2036100
99410,1364,0,CVR016_009,2037464
99411,556,0,CVR016_009,2038020
99412,808,0,CVR016_009,2038828
99413,680,0,CVR016_009,2039508
99414,680,0,CVR016_009,2040188
99415,684,0,CVR016_009,2040872
99416,688,0,CVR016_009,2041560
99417,680,0,CVR016_009,2042240
99418,688,0,CVR016_009,2042928
99419,684,0,CVR016_009,2043612
99420,592,0,CVR016_009,2044204
99421,788,0,CVR016_009,2044992
99422,684,0,CVR016_009,2045676
99423,684,0,CVR016_009,2046360
99424,688,0,CVR016_009,2047048
99425,684,0,CVR016_009,2047732
99426,1368,0,CVR016_009,2049100
99427,676,0,CVR016_009,2049776
99428,664,0,CVR016_009,2050440
99429,692,0,CVR016_009,2051132
99430,676,0,CVR016_009,2051808
99431,672,0,CVR016_009,2052480
99432,668,0,CVR016_009,2053148
99433,668,0,CVR016_009,2053816
99434,672,0,CVR016_009,2054488
99435,660,0,CVR016_009,2055148
99436,692,0,CVR016_009,2055840
99437,680,0,CVR016_009,2056520
99438,676,0,CVR016_009,2057196
99439,1364,0,CVR016_009,2058560
99440,672,0,CVR016_009,2059232
99441,676,0,CVR016_009,2059908
99442,680,0,CVR016_009,2060588
99443,680,0,CVR016_009,2061268
99444,676,0,CVR016_009,2061944
99445,684,0,CVR016_009,2062628
99446,680,0,CVR016_009,2063308
99447,676,0,CVR016_009,2063984
99448,680,0,CVR016_009,2064664
99449,680,0,CVR016_009,2065344
99450,1356,0,CVR016_009,2066700
99451,672,0,CVR016_009,2067372
99452,680,0,CVR016_009,2068052
99453,684,0,CVR016_009,2068736
99454,676,0,CVR016_009,2069412
99455,684,0,CVR016_009,2070096
99456,680,0,CVR016_009,2070776
99457,676,0,CVR016_009,2071452
99458,684,0,CVR016_009,2072136
99459,680,0,CVR016_009,2072816
99460,684,0,CVR016_009,2073500
99461,676,0,CVR016_009,2074176
99462,688,0,CVR016_009,2074864
99463,684,0,CVR016_009,2075548
99464,684,0,CVR016_009,2076232
99465,684,0,CVR016_009,2076916
99466,680,0,CVR016_009,2077596
99467,688,0,CVR016_009,2078284
99468,684,0,CVR016_009,2078968
99469,680,0,CVR016_009,2079648
99470,1388,0,CVR016_009,2081036
99471,684,0,CVR016_009,2081720
99472,688,0,CVR016_009,2082408
99473,1388,0,CVR016_009,2083796
99474,1384,0,CVR016_009,2085180
99475,684,0,CVR016_009,2085864
99476,692,0,CVR016_009,2086556
99477,688,0,CVR016_009,2087244
99478,696,0,CVR016_009,2087940
99479,588,0,CVR016_009,2088528
99480,800,0,CVR016_009,2089328
99481,688,0,CVR016_009,2090016
99482,1380,0,CVR016_009,2091396
99483,676,0,CVR016_009,2092072
99484,1364,0,CVR016_009,2093436
99485,676,0,CVR016_009,2094112
99486,672,0,CVR016_009,2094784
99487,680,0,CVR016_009,2095464
99488,680,0,CVR016_009,2096144
99489,612,0,CVR016_009,2096756
99490,756,0,CVR016_009,2097512
99491,672,0,CVR016_009,2098184
99492,596,0,CVR016_009,2098780
99493,752,0,CVR016_009,2099532
99494,668,0,CVR016_009,2100200
99495,660,0,CVR016_009,2100860
99496,696,0,CVR016_009,2101556
99497,680,0,CVR016_009,2102236
99498,588,0,CVR016_009,2102824
99499,756,0,CVR016_009,2103580
99500,668,0,CVR016_009,2104248
99501,668,0,CVR016_009,2104916
99502,564,0,CVR016_009,2105480
99503,768,0,CVR016_009,2106248
99504,1340,0,CVR016_009,2107588
99505,652,0,CVR016_009,2108240
99506,688,0,CVR016_009,2108928
99507,672,0,CVR016_009,2109600
99508,660,0,CVR016_009,2110260
99509,1360,0,CVR016_009,2111620
99510,664,0,CVR016_009,2112284
99511,664,0,CVR016_009,2112948
99512,672,0,CVR016_009,2113620
99513,672,0,CVR016_009,2114292
99514,1328,0,CVR016_009,2115620
99515,664,0,CVR016_009,2116284
99516,656,0,CVR016_009,2116940
99517,688,0,CVR016_009,2117628
99518,668,0,CVR016_009,2118296
99519,1336,0,CVR016_009,2119632
99520,656,0,CVR016_009,2120288
99521,656,0,CVR016_009,2120944
99522,684,0,CVR016_009,2121628
99523,672,0,CVR016_009,2122300
99524,668,0,CVR016_009,2122968
99525,668,0,CVR016_009,2123636
99526,680,0,CVR016_009,2124316
99527,668,0,CVR016_009,2124984
99528,668,0,CVR016_009,2125652
99529,604,0,CVR016_009,2126256
99530,724,0,CVR016_009,2126980
99531,664,0,CVR016_009,2127644
99532,664,0,CVR016_009,2128308
99533,668,0,CVR016_009,2128976
99534,664,0,CVR016_009,2129640
99535,668,0,CVR016_009,2130308
99536,668,0,CVR016_009,2130976
99537,672,0,CVR016_009,2131648
99538,672,0,CVR016_009,2132320
99539,672,0,CVR016_009,2132992
99540,668,0,CVR016_009,2133660
99541,680,0,CVR016_009,2134340
99542,672,0,CVR016_009,2135012
99543,672,0,CVR016_009,2135684
99544,672,0,CVR016_009,2136356
99545,676,0,CVR016_009,2137032
99546,676,0,CVR016_009,2137708
99547,672,0,CVR016_009,2138380
99548,656,0,CVR016_009,2139036
99549,696,0,CVR016_009,2139732
99550,668,0,CVR016_009,2140400
99551,672,0,CVR016_009,2141072
99552,664,0,CVR016_009,2141736
99553,672,0,CVR016_009,2142408
99554,676,0,CVR016_009,2143084
99555,676,0,CVR016_009,2143760
99556,2004,0,CVR016_009,2145764
99557,692,0,CVR016_009,2146456
99558,676,0,CVR016_009,2147132
99559,672,0,CVR016_009,2147804
99560,676,0,CVR016_009,2148480
99561,676,0,CVR016_009,2149156
99562,672,0,CVR016_009,2149828
99563,672,0,CVR016_009,2150500
99564,668,0,CVR016_009,2151168
99565,676,0,CVR016_009,2151844
99566,676,0,CVR016_009,2152520
99567,676,0,CVR016_009,2153196
99568,672,0,CVR016_009,2153868
99569,684,0,CVR016_009,2154552
99570,680,0,CVR016_009,2155232
99571,1360,0,CVR016_009,2156592
99572,672,0,CVR016_009,2157264
99573,688,0,CVR016_009,2157952
99574,680,0,CVR016_009,2158632
99575,680,0,CVR016_009,2159312
99576,688,0,CVR016_009,2160000
99577,688,0,CVR016_009,2160688
99578,684,0,CVR016_009,2161372
99579,1368,0,CVR016_009,2162740
99580,672,0,CVR016_009,2163412
99581,572,0,CVR016_009,2163984
99582,788,0,CVR016_009,2164772
99583,676,0,CVR016_009,2165448
99584,1352,0,CVR016_009,2166800
99585,668,0,CVR016_009,2167468
99586,596,0,CVR016_009,2168064
99587,756,0,CVR016_009,2168820
99588,644,0,CVR016_009,2169464
99589,620,0,CVR016_009,2170084
99590,740,0,CVR016_009,2170824
99591,660,0,CVR016_009,2171484
99592,600,0,CVR016_009,2172084
99593,736,0,CVR016_009,2172820
99594,620,0,CVR016_009,2173440
99595,1360,0,CVR016_009,2174800
99596,656,0,CVR016_009,2175456
99597,596,0,CVR016_009,2176052
99598,724,0,CVR016_009,2176776
99599,656,0,CVR016_009,2177432
99600,1320,0,CVR016_009,2178752
99601,660,0,CVR016_009,2179412
99602,1316,0,CVR016_009,2180728
99603,660,0,CVR016_009,2181388
99604,1324,0,CVR016_009,2182712
99605,660,0,CVR016_009,2183372
99606,580,0,CVR016_009,2183952
99607,740,0,CVR016_009,2184692
99608,636,0,CVR016_009,2185328
99609,684,0,CVR016_009,2186012
99610,232,0,CVR016_009,2186244
99611,444,0,CVR016_009,2186688
99612,668,0,CVR016_009,2187356
99613,588,0,CVR016_009,2187944
99614,744,0,CVR016_009,2188688
99615,660,0,CVR016_009,2189348
99616,668,0,CVR016_009,2190016
99617,664,0,CVR016_009,2190680
99618,660,0,CVR016_009,2191340
99619,1324,0,CVR016_009,2192664
99620,656,0,CVR016_009,2193320
99621,652,0,CVR016_009,2193972
99622,676,0,CVR016_009,2194648
99623,672,0,CVR016_009,2195320
99624,596,0,CVR016_009,2195916
99625,736,0,CVR016_009,2196652
99626,656,0,CVR016_009,2197308
99627,648,0,CVR016_009,2197956
99628,676,0,CVR016_009,2198632
99629,660,0,CVR016_009,2199292
99630,620,0,CVR016_009,2199912
99631,692,0,CVR016_009,2200604
99632,652,0,CVR016_009,2201256
99633,660,0,CVR016_009,2201916
99634,664,0,CVR016_009,2202580
99635,656,0,CVR016_009,2203236
99636,660,0,CVR016_009,2203896
99637,656,0,CVR016_009,2204552
99638,656,0,CVR016_009,2205208
99639,652,0,CVR016_009,2205860
99640,660,0,CVR016_009,2206520
99641,660,0,CVR016_009,2207180
99642,660,0,CVR016_009,2207840
99643,608,0,CVR016_009,2208448
99644,700,0,CVR016_009,2209148
99645,1320,0,CVR016_009,2210468
99646,652,0,CVR016_009,2211120
99647,644,0,CVR016_009,2211764
99648,672,0,CVR016_009,2212436
99649,668,0,CVR016_009,2213104
99650,660,0,CVR016_009,2213764
99651,668,0,CVR016_009,2214432
99652,1328,0,CVR016_009,2215760
99653,656,0,CVR016_009,2216416
99654,664,0,CVR016_009,2217080
99655,656,0,CVR016_009,2217736
99656,668,0,CVR016_009,2218404
99657,656,0,CVR016_009,2219060
99658,660,0,CVR016_009,2219720
99659,660,0,CVR016_009,2220380
99660,660,0,CVR016_009,2221040
99661,664,0,CVR016_009,2221704
99662,664,0,CVR016_009,2222368
99663,656,0,CVR016_009,2223024
99664,664,0,CVR016_009,2223688
99665,660,0,CVR016_009,2224348
99666,660,0,CVR016_009,2225008
99667,596,0,CVR016_009,2225604
99668,732,0,CVR016_009,2226336
99669,660,0,CVR016_009,2226996
99670,656,0,CVR016_009,2227652
99671,660,0,CVR016_009,2228312
99672,660,0,CVR016_009,2228972
99673,660,0,CVR016_009,2229632
99674,664,0,CVR016_009,2230296
99675,660,0,CVR016_009,2230956
99676,664,0,CVR016_009,2231620
99677,656,0,CVR016_009,2232276
99678,660,0,CVR016_009,2232936
99679,656,0,CVR016_009,2233592
99680,656,0,CVR016_009,2234248
99681,656,0,CVR016_009,2234904
99682,1300,0,CVR016_009,2236204
99683,648,0,CVR016_009,2236852
99684,652,0,CVR016_009,2237504
99685,652,0,CVR016_009,2238156
99686,656,0,CVR016_009,2238812
99687,656,0,CVR016_009,2239468
99688,660,0,CVR016_009,2240128
99689,656,0,CVR016_009,2240784
99690,660,0,CVR016_009,2241444
99691,660,0,CVR016_009,2242104
99692,1328,0,CVR016_009,2243432
99693,656,0,CVR016_009,2244088
99694,1328,0,CVR016_009,2245416
99695,660,0,CVR016_009,2246076
99696,1332,0,CVR016_009,2247408
99697,660,0,CVR016_009,2248068
99698,1336,0,CVR016_009,2249404
99699,644,0,CVR016_009,2250048
99700,684,0,CVR016_009,2250732
99701,668,0,CVR016_009,2251400
99702,664,0,CVR016_009,2252064
99703,1336,0,CVR016_009,2253400
99704,660,0,CVR016_009,2254060
99705,660,0,CVR016_009,2254720
99706,672,0,CVR016_009,2255392
99707,668,0,CVR016_009,2256060
99708,1328,0,CVR016_009,2257388
99709,660,0,CVR016_009,2258048
99710,1332,0,CVR016_009,2259380
99711,660,0,CVR016_009,2260040
99712,1340,0,CVR016_009,2261380
99713,648,0,CVR016_009,2262028
99714,1348,0,CVR016_009,2263376
99715,656,0,CVR016_009,2264032
99716,1328,0,CVR016_009,2265360
99717,664,0,CVR016_009,2266024
99718,604,0,CVR016_009,2266628
99719,728,0,CVR016_009,2267356
99720,660,0,CVR016_009,2268016
99721,604,0,CVR016_009,2268620
99722,724,0,CVR016_009,2269344
99723,656,0,CVR016_009,2270000
99724,660,0,CVR016_009,2270660
99725,664,0,CVR016_009,2271324
99726,652,0,CVR016_009,2271976
99727,680,0,CVR016_009,2272656
99728,676,0,CVR016_009,2273332
99729,664,0,CVR016_009,2273996
99730,1332,0,CVR016_009,2275328
99731,660,0,CVR016_009,2275988
99732,1328,0,CVR016_009,2277316
99733,652,0,CVR016_009,2277968
99734,680,0,CVR016_009,2278648
99735,672,0,CVR016_009,2279320
99736,660,0,CVR016_009,2279980
99737,1952,0,CVR016_009,2281932
99738,680,0,CVR016_009,2282612
99739,664,0,CVR016_009,2283276
99740,664,0,CVR016_009,2283940
99741,660,0,CVR016_009,2284600
99742,660,0,CVR016_009,2285260
99743,660,0,CVR016_009,2285920
99744,656,0,CVR016_009,2286576
99745,660,0,CVR016_009,2287236
99746,656,0,CVR016_009,2287892
99747,660,0,CVR016_009,2288552
99748,612,0,CVR016_009,2289164
99749,708,0,CVR016_009,2289872
99750,636,0,CVR016_009,2290508
99751,660,0,CVR016_009,2291168
99752,676,0,CVR016_009,2291844
99753,660,0,CVR016_009,2292504
99754,1296,0,CVR016_009,2293800
99755,192,0,CVR016_009,2293992
99756,456,0,CVR016_009,2294448
99757,648,0,CVR016_009,2295096
99758,648,0,CVR016_009,2295744
99759,684,0,CVR017_001,684
99760,700,0,CVR017_001,1384
99761,724,0,CVR017_001,2108
99762,764,0,CVR017_001,2872
99763,1532,0,CVR017_001,4404
99764,776,0,CVR017_001,5180
99765,772,0,CVR017_001,5952
99766,780,0,CVR017_001,6732
99767,772,0,CVR017_001,7504
99768,744,0,CVR017_001,8248
99769,740,0,CVR017_001,8988
99770,744,0,CVR017_001,9732
99771,744,0,CVR017_001,10476
99772,1100,0,CVR017_001,11576
99773,344,0,CVR017_001,11920
99774,836,0,CVR017_001,12756
99775,776,0,CVR017_001,13532
99776,784,0,CVR017_001,14316
99777,780,0,CVR017_001,15096
99778,760,0,CVR017_001,15856
99779,728,0,CVR017_001,16584
99780,720,0,CVR017_001,17304
99781,716,0,CVR017_001,18020
99782,700,0,CVR017_001,18720
99783,696,0,CVR017_001,19416
99784,684,0,CVR017_001,20100
99785,684,0,CVR017_001,20784
99786,692,0,CVR017_001,21476
99787,712,0,CVR017_001,22188
99788,744,0,CVR017_001,22932
99789,768,0,CVR017_001,23700
99790,776,0,CVR017_001,24476
99791,768,0,CVR017_001,25244
99792,756,0,CVR017_001,26000
99793,720,0,CVR017_001,26720
99794,720,0,CVR017_001,27440
99795,716,0,CVR017_001,28156
99796,728,0,CVR017_001,28884
99797,716,0,CVR017_001,29600
99798,716,0,CVR017_001,30316
99799,720,0,CVR017_001,31036
99800,744,0,CVR017_001,31780
99801,744,0,CVR017_001,32524
99802,776,1,CVR017_001,33300
99803,672,0,CVR017_001,33972
99804,732,0,CVR017_001,34704
99805,744,0,CVR017_001,35448
99806,752,0,CVR017_001,36200
99807,720,0,CVR017_001,36920
99808,716,0,CVR017_001,37636
99809,708,0,CVR017_001,38344
99810,720,0,CVR017_001,39064
99811,732,0,CVR017_001,39796
99812,720,0,CVR017_001,40516
99813,704,0,CVR017_001,41220
99814,720,0,CVR017_001,41940
99815,724,0,CVR017_001,42664
99816,736,0,CVR017_001,43400
99817,720,0,CVR017_001,44120
99818,716,0,CVR017_001,44836
99819,712,0,CVR017_001,45548
99820,720,0,CVR017_001,46268
99821,724,0,CVR017_001,46992
99822,716,0,CVR017_001,47708
99823,692,0,CVR017_001,48400
99824,744,1,CVR017_001,49144
99825,636,0,CVR017_001,49780
99826,688,0,CVR017_001,50468
99827,700,0,CVR017_001,51168
99828,696,0,CVR017_001,51864
99829,684,0,CVR017_001,52548
99830,680,0,CVR017_001,53228
99831,692,0,CVR017_001,53920
99832,704,0,CVR017_001,54624
99833,736,0,CVR017_001,55360
99834,764,0,CVR017_001,56124
99835,764,0,CVR017_001,56888
99836,764,0,CVR017_001,57652
99837,732,0,CVR017_001,58384
99838,740,0,CVR017_001,59124
99839,724,0,CVR017_001,59848
99840,704,0,CVR017_001,60552
99841,720,0,CVR017_001,61272
99842,732,0,CVR017_001,62004
99843,756,0,CVR017_001,62760
99844,752,0,CVR017_001,63512
99845,740,0,CVR017_001,64252
99846,764,0,CVR017_001,65016
99847,768,0,CVR017_001,65784
99848,776,0,CVR017_001,66560
99849,756,0,CVR017_001,67316
99850,732,0,CVR017_001,68048
99851,740,0,CVR017_001,68788
99852,624,0,CVR017_001,69412
99853,664,0,CVR017_001,70076
99854,676,0,CVR017_001,70752
99855,692,0,CVR017_001,71444
99856,728,0,CVR017_001,72172
99857,760,0,CVR017_001,72932
99858,744,0,CVR017_001,73676
99859,756,0,CVR017_001,74432
99860,764,0,CVR017_001,75196
99861,776,0,CVR017_001,75972
99862,764,0,CVR017_001,76736
99863,736,0,CVR017_001,77472
99864,732,0,CVR017_001,78204
99865,732,0,CVR017_001,78936
99866,736,0,CVR017_001,79672
99867,740,0,CVR017_001,80412
99868,744,0,CVR017_001,81156
99869,752,0,CVR017_001,81908
99870,748,0,CVR017_001,82656
99871,748,0,CVR017_001,83404
99872,732,0,CVR017_001,84136
99873,740,0,CVR017_001,84876
99874,740,0,CVR017_001,85616
99875,728,0,CVR017_001,86344
99876,736,0,CVR017_001,87080
99877,760,0,CVR017_001,87840
99878,780,0,CVR017_001,88620
99879,808,0,CVR017_001,89428
99880,820,0,CVR017_001,90248
99881,788,0,CVR017_001,91036
99882,768,0,CVR017_001,91804
99883,772,0,CVR017_001,92576
99884,780,0,CVR017_001,93356
99885,788,0,CVR017_001,94144
99886,780,0,CVR017_001,94924
99887,764,0,CVR017_001,95688
99888,744,0,CVR017_001,96432
99889,720,0,CVR017_001,97152
99890,728,0,CVR017_001,97880
99891,732,0,CVR017_001,98612
99892,748,0,CVR017_001,99360
99893,764,0,CVR017_001,100124
99894,768,0,CVR017_001,100892
99895,736,0,CVR017_001,101628
99896,732,0,CVR017_001,102360
99897,732,0,CVR017_001,103092
99898,744,0,CVR017_001,103836
99899,756,0,CVR017_001,104592
99900,744,0,CVR017_001,105336
99901,736,0,CVR017_001,106072
99902,716,0,CVR017_001,106788
99903,720,0,CVR017_001,107508
99904,708,0,CVR017_001,108216
99905,700,0,CVR017_001,108916
99906,704,0,CVR017_001,109620
99907,700,0,CVR017_001,110320
99908,692,0,CVR017_001,111012
99909,688,0,CVR017_001,111700
99910,700,0,CVR017_001,112400
99911,716,0,CVR017_001,113116
99912,732,0,CVR017_001,113848
99913,744,0,CVR017_001,114592
99914,744,0,CVR017_001,115336
99915,744,0,CVR017_001,116080
99916,712,0,CVR017_001,116792
99917,708,0,CVR017_001,117500
99918,700,0,CVR017_001,118200
99919,700,0,CVR017_001,118900
99920,688,0,CVR017_001,119588
99921,688,0,CVR017_001,120276
99922,704,0,CVR017_001,120980
99923,724,0,CVR017_001,121704
99924,760,0,CVR017_001,122464
99925,780,0,CVR017_001,123244
99926,776,0,CVR017_001,124020
99927,768,0,CVR017_001,124788
99928,740,0,CVR017_001,125528
99929,716,0,CVR017_001,126244
99930,704,0,CVR017_001,126948
99931,704,0,CVR017_001,127652
99932,712,0,CVR017_001,128364
99933,724,0,CVR017_001,129088
99934,760,0,CVR017_001,129848
99935,756,0,CVR017_001,130604
99936,752,0,CVR017_001,131356
99937,716,0,CVR017_001,132072
99938,708,0,CVR017_001,132780
99939,704,0,CVR017_001,133484
99940,716,0,CVR017_001,134200
99941,728,0,CVR017_001,134928
99942,744,0,CVR017_001,135672
99943,748,0,CVR017_001,136420
99944,736,0,CVR017_001,137156
99945,732,0,CVR017_001,137888
99946,440,0,CVR017_001,138328
99947,884,0,CVR017_001,139212
99948,684,0,CVR017_001,139896
99949,684,0,CVR017_001,140580
99950,692,0,CVR017_001,141272
99951,696,0,CVR017_001,141968
99952,708,0,CVR017_001,142676
99953,720,0,CVR017_001,143396
99954,736,0,CVR017_001,144132
99955,740,0,CVR017_001,144872
99956,760,0,CVR017_001,145632
99957,760,0,CVR017_001,146392
99958,448,0,CVR017_001,146840
99959,628,0,CVR017_001,147468
99960,292,0,CVR017_001,147760
99961,392,0,CVR017_001,148152
99962,344,0,CVR017_001,148496
99963,836,0,CVR017_001,149332
99964,1172,0,CVR017_001,150504
99965,104,0,CVR017_001,150608
99966,484,0,CVR017_001,151092
99967,552,0,CVR017_001,151644
99968,632,0,CVR017_001,152276
99969,620,0,CVR017_001,152896
99970,612,0,CVR017_001,153508
99971,608,0,CVR017_001,154116
99972,616,0,CVR017_001,154732
99973,628,0,CVR017_001,155360
99974,632,0,CVR017_001,155992
99975,648,0,CVR017_001,156640
99976,656,0,CVR017_001,157296
99977,648,0,CVR017_001,157944
99978,664,0,CVR017_001,158608
99979,736,0,CVR017_001,159344
99980,288,0,CVR017_001,159632
99981,344,0,CVR017_001,159976
99982,688,0,CVR017_001,160664
99983,688,0,CVR017_001,161352
99984,688,0,CVR017_001,162040
99985,696,0,CVR017_001,162736
99986,700,0,CVR017_001,163436
99987,712,0,CVR017_001,164148
99988,728,0,CVR017_001,164876
99989,756,0,CVR017_001,165632
99990,788,0,CVR017_001,166420
99991,796,0,CVR017_001,167216
99992,784,0,CVR017_001,168000
99993,800,0,CVR017_001,168800
99994,816,0,CVR017_001,169616
99995,792,0,CVR017_001,170408
99996,784,0,CVR017_001,171192
99997,796,0,CVR017_001,171988
99998,796,0,CVR017_001,172784
99999,804,0,CVR017_001,173588
100000,796,0,CVR017_001,174384
100001,820,0,CVR017_001,175204
100002,828,0,CVR017_001,176032
100003,812,0,CVR017_001,176844
100004,812,0,CVR017_001,177656
100005,816,0,CVR017_001,178472
100006,828,0,CVR017_001,179300
100007,812,0,CVR017_001,180112
100008,800,0,CVR017_001,180912
100009,796,0,CVR017_001,181708
100010,796,0,CVR017_001,182504
100011,812,0,CVR017_001,183316
100012,1656,0,CVR017_001,184972
100013,832,0,CVR017_001,185804
100014,828,0,CVR017_001,186632
100015,828,0,CVR017_001,187460
100016,852,0,CVR017_001,188312
100017,868,0,CVR017_001,189180
100018,860,0,CVR017_001,190040
100019,844,0,CVR017_001,190884
100020,828,0,CVR017_001,191712
100021,816,0,CVR017_001,192528
100022,804,0,CVR017_001,193332
100023,816,0,CVR017_001,194148
100024,832,0,CVR017_001,194980
100025,836,0,CVR017_001,195816
100026,804,0,CVR017_001,196620
100027,804,0,CVR017_001,197424
100028,804,0,CVR017_001,198228
100029,816,0,CVR017_001,199044
100030,820,0,CVR017_001,199864
100031,804,0,CVR017_001,200668
100032,792,0,CVR017_001,201460
100033,808,0,CVR017_001,202268
100034,824,0,CVR017_001,203092
100035,840,0,CVR017_001,203932
100036,844,0,CVR017_001,204776
100037,832,0,CVR017_001,205608
100038,816,0,CVR017_001,206424
100039,784,0,CVR017_001,207208
100040,788,0,CVR017_001,207996
100041,796,0,CVR017_001,208792
100042,796,0,CVR017_001,209588
100043,800,0,CVR017_001,210388
100044,788,0,CVR017_001,211176
100045,776,0,CVR017_001,211952
100046,756,0,CVR017_001,212708
100047,756,0,CVR017_001,213464
100048,784,0,CVR017_001,214248
100049,784,0,CVR017_001,215032
100050,800,0,CVR017_001,215832
100051,784,0,CVR017_001,216616
100052,780,0,CVR017_001,217396
100053,1548,0,CVR017_001,218944
100054,760,0,CVR017_001,219704
100055,748,0,CVR017_001,220452
100056,752,0,CVR017_001,221204
100057,768,0,CVR017_001,221972
100058,780,0,CVR017_001,222752
100059,800,0,CVR017_001,223552
100060,788,0,CVR017_001,224340
100061,776,0,CVR017_001,225116
100062,788,0,CVR017_001,225904
100063,792,0,CVR017_001,226696
100064,772,0,CVR017_001,227468
100065,764,0,CVR017_001,228232
100066,740,0,CVR017_001,228972
100067,696,0,CVR017_001,229668
100068,704,0,CVR017_001,230372
100069,708,0,CVR017_001,231080
100070,732,0,CVR017_001,231812
100071,744,0,CVR017_001,232556
100072,756,0,CVR017_001,233312
100073,756,0,CVR017_001,234068
100074,772,0,CVR017_001,234840
100075,756,0,CVR017_001,235596
100076,744,0,CVR017_001,236340
100077,740,0,CVR017_001,237080
100078,732,0,CVR017_001,237812
100079,732,0,CVR017_001,238544
100080,744,0,CVR017_001,239288
100081,760,0,CVR017_001,240048
100082,760,0,CVR017_001,240808
100083,748,0,CVR017_001,241556
100084,760,0,CVR017_001,242316
100085,756,0,CVR017_001,243072
100086,760,0,CVR017_001,243832
100087,756,0,CVR017_001,244588
100088,768,0,CVR017_001,245356
100089,780,0,CVR017_001,246136
100090,788,0,CVR017_001,246924
100091,784,0,CVR017_001,247708
100092,412,0,CVR017_001,248120
100093,948,0,CVR017_001,249068
100094,732,0,CVR017_001,249800
100095,728,0,CVR017_001,250528
100096,728,0,CVR017_001,251256
100097,732,0,CVR017_001,251988
100098,728,0,CVR017_001,252716
100099,420,0,CVR017_001,253136
100100,932,0,CVR017_001,254068
100101,712,0,CVR017_001,254780
100102,724,0,CVR017_001,255504
100103,736,0,CVR017_001,256240
100104,760,0,CVR017_001,257000
100105,768,0,CVR017_001,257768
100106,788,0,CVR017_001,258556
100107,812,0,CVR017_001,259368
100108,796,0,CVR017_001,260164
100109,416,0,CVR017_001,260580
100110,1012,0,CVR017_001,261592
100111,752,0,CVR017_001,262344
100112,748,0,CVR017_001,263092
100113,760,0,CVR017_001,263852
100114,768,0,CVR017_001,264620
100115,776,0,CVR017_001,265396
100116,772,0,CVR017_001,266168
100117,788,0,CVR017_001,266956
100118,768,0,CVR017_001,267724
100119,772,0,CVR017_001,268496
100120,752,0,CVR017_001,269248
100121,760,0,CVR017_001,270008
100122,500,0,CVR017_001,270508
100123,976,0,CVR017_001,271484
100124,740,0,CVR017_001,272224
100125,516,0,CVR017_001,272740
100126,952,0,CVR017_001,273692
100127,732,0,CVR017_001,274424
100128,736,0,CVR017_001,275160
100129,732,0,CVR017_001,275892
100130,752,0,CVR017_001,276644
100131,764,0,CVR017_001,277408
100132,772,0,CVR017_001,278180
100133,780,0,CVR017_001,278960
100134,768,0,CVR017_001,279728
100135,760,0,CVR017_001,280488
100136,768,0,CVR017_001,281256
100137,772,0,CVR017_001,282028
100138,780,0,CVR017_001,282808
100139,772,0,CVR017_001,283580
100140,768,0,CVR017_001,284348
100141,760,0,CVR017_001,285108
100142,752,0,CVR017_001,285860
100143,744,0,CVR017_001,286604
100144,740,0,CVR017_001,287344
100145,744,0,CVR017_001,288088
100146,756,0,CVR017_001,288844
100147,772,0,CVR017_001,289616
100148,772,0,CVR017_001,290388
100149,780,0,CVR017_001,291168
100150,784,0,CVR017_001,291952
100151,776,0,CVR017_001,292728
100152,764,0,CVR017_001,293492
100153,756,0,CVR017_001,294248
100154,748,0,CVR017_001,294996
100155,748,0,CVR017_001,295744
100156,732,0,CVR017_001,296476
100157,748,0,CVR017_001,297224
100158,768,0,CVR017_001,297992
100159,788,0,CVR017_001,298780
100160,844,0,CVR017_001,299624
100161,852,0,CVR017_001,300476
100162,848,0,CVR017_001,301324
100163,820,0,CVR017_001,302144
100164,820,0,CVR017_001,302964
100165,808,0,CVR017_001,303772
100166,176,0,CVR017_001,303948
100167,664,0,CVR017_001,304612
100168,700,0,CVR017_001,305312
100169,764,0,CVR017_001,306076
100170,724,0,CVR017_001,306800
100171,828,0,CVR017_001,307628
100172,772,0,CVR017_001,308400
100173,768,0,CVR017_001,309168
100174,764,0,CVR017_001,309932
100175,760,0,CVR017_001,310692
100176,548,0,CVR017_001,311240
100177,28,0,CVR017_001,311268
100178,348,0,CVR017_001,311616
100179,616,0,CVR017_001,312232
100180,712,0,CVR017_001,312944
100181,712,0,CVR017_001,313656
100182,696,0,CVR017_001,314352
100183,688,0,CVR017_001,315040
100184,696,0,CVR017_001,315736
100185,696,0,CVR017_001,316432
100186,692,0,CVR017_001,317124
100187,676,0,CVR017_001,317800
100188,684,0,CVR017_001,318484
100189,700,0,CVR017_001,319184
100190,716,0,CVR017_001,319900
100191,752,0,CVR017_001,320652
100192,752,0,CVR017_001,321404
100193,760,0,CVR017_001,322164
100194,756,0,CVR017_001,322920
100195,780,0,CVR017_001,323700
100196,808,0,CVR017_001,324508
100197,824,0,CVR017_001,325332
100198,824,0,CVR017_001,326156
100199,824,0,CVR017_001,326980
100200,828,0,CVR017_001,327808
100201,832,0,CVR017_001,328640
100202,820,0,CVR017_001,329460
100203,820,0,CVR017_001,330280
100204,812,0,CVR017_001,331092
100205,792,0,CVR017_001,331884
100206,796,0,CVR017_001,332680
100207,800,0,CVR017_001,333480
100208,812,0,CVR017_001,334292
100209,804,0,CVR017_001,335096
100210,804,0,CVR017_001,335900
100211,808,0,CVR017_001,336708
100212,808,0,CVR017_001,337516
100213,804,0,CVR017_001,338320
100214,828,0,CVR017_001,339148
100215,840,0,CVR017_001,339988
100216,832,0,CVR017_001,340820
100217,840,0,CVR017_001,341660
100218,828,0,CVR017_001,342488
100219,820,0,CVR017_001,343308
100220,796,0,CVR017_001,344104
100221,760,0,CVR017_001,344864
100222,768,0,CVR017_001,345632
100223,768,0,CVR017_001,346400
100224,788,0,CVR017_001,347188
100225,804,0,CVR017_001,347992
100226,824,0,CVR017_001,348816
100227,856,0,CVR017_001,349672
100228,888,0,CVR017_001,350560
100229,908,0,CVR017_001,351468
100230,892,0,CVR017_001,352360
100231,896,0,CVR017_001,353256
100232,880,0,CVR017_001,354136
100233,888,0,CVR017_001,355024
100234,864,0,CVR017_001,355888
100235,892,0,CVR017_001,356780
100236,912,0,CVR017_001,357692
100237,912,0,CVR017_001,358604
100238,884,0,CVR017_001,359488
100239,876,0,CVR017_001,360364
100240,892,0,CVR017_001,361256
100241,884,0,CVR017_001,362140
100242,896,0,CVR017_001,363036
100243,864,0,CVR017_001,363900
100244,840,0,CVR017_001,364740
100245,840,0,CVR017_001,365580
100246,800,0,CVR017_001,366380
100247,756,0,CVR017_001,367136
100248,756,0,CVR017_001,367892
100249,788,0,CVR017_001,368680
100250,840,0,CVR017_001,369520
100251,856,0,CVR017_001,370376
100252,1740,0,CVR017_001,372116
100253,844,0,CVR017_001,372960
100254,848,0,CVR017_001,373808
100255,844,0,CVR017_001,374652
100256,848,0,CVR017_001,375500
100257,864,0,CVR017_001,376364
100258,844,0,CVR017_001,377208
100259,852,0,CVR017_001,378060
100260,888,0,CVR017_001,378948
100261,892,0,CVR017_001,379840
100262,876,0,CVR017_001,380716
100263,876,0,CVR017_001,381592
100264,876,0,CVR017_001,382468
100265,864,0,CVR017_001,383332
100266,840,0,CVR017_001,384172
100267,864,0,CVR017_001,385036
100268,864,0,CVR017_001,385900
100269,840,0,CVR017_001,386740
100270,848,0,CVR017_001,387588
100271,864,0,CVR017_001,388452
100272,888,0,CVR017_001,389340
100273,888,0,CVR017_001,390228
100274,892,0,CVR017_001,391120
100275,892,0,CVR017_001,392012
100276,884,0,CVR017_001,392896
100277,864,0,CVR017_001,393760
100278,896,0,CVR017_001,394656
100279,884,0,CVR017_001,395540
100280,860,0,CVR017_001,396400
100281,824,0,CVR017_001,397224
100282,832,0,CVR017_001,398056
100283,848,0,CVR017_001,398904
100284,844,0,CVR017_001,399748
100285,820,0,CVR017_001,400568
100286,792,0,CVR017_001,401360
100287,812,0,CVR017_001,402172
100288,860,0,CVR017_001,403032
100289,864,0,CVR017_001,403896
100290,856,0,CVR017_001,404752
100291,848,0,CVR017_001,405600
100292,836,0,CVR017_001,406436
100293,812,0,CVR017_001,407248
100294,844,0,CVR017_001,408092
100295,880,0,CVR017_001,408972
100296,876,0,CVR017_001,409848
100297,880,0,CVR017_001,410728
100298,876,0,CVR017_001,411604
100299,888,0,CVR017_001,412492
100300,884,0,CVR017_001,413376
100301,884,0,CVR017_001,414260
100302,860,0,CVR017_001,415120
100303,844,0,CVR017_001,415964
100304,828,0,CVR017_001,416792
100305,808,0,CVR017_001,417600
100306,820,0,CVR017_001,418420
100307,436,0,CVR017_001,418856
100308,1060,0,CVR017_001,419916
100309,812,0,CVR017_001,420728
100310,812,0,CVR017_001,421540
100311,804,0,CVR017_001,422344
100312,800,0,CVR017_001,423144
100313,824,0,CVR017_001,423968
100314,864,0,CVR017_001,424832
100315,452,0,CVR017_001,425284
100316,1088,0,CVR017_001,426372
100317,840,0,CVR017_001,427212
100318,816,0,CVR017_001,428028
100319,820,0,CVR017_001,428848
100320,832,0,CVR017_001,429680
100321,856,0,CVR017_001,430536
100322,844,0,CVR017_001,431380
100323,848,0,CVR017_001,432228
100324,864,0,CVR017_001,433092
100325,868,0,CVR017_001,433960
100326,864,0,CVR017_001,434824
100327,856,0,CVR017_001,435680
100328,856,0,CVR017_001,436536
100329,836,0,CVR017_001,437372
100330,860,0,CVR017_001,438232
100331,844,0,CVR017_001,439076
100332,848,0,CVR017_001,439924
100333,828,0,CVR017_001,440752
100334,824,0,CVR017_001,441576
100335,816,0,CVR017_001,442392
100336,828,0,CVR017_001,443220
100337,836,0,CVR017_001,444056
100338,844,0,CVR017_001,444900
100339,856,0,CVR017_001,445756
100340,844,0,CVR017_001,446600
100341,828,0,CVR017_001,447428
100342,816,0,CVR017_001,448244
100343,800,0,CVR017_001,449044
100344,804,0,CVR017_001,449848
100345,824,0,CVR017_001,450672
100346,852,0,CVR017_001,451524
100347,848,0,CVR017_001,452372
100348,856,0,CVR017_001,453228
100349,852,0,CVR017_001,454080
100350,860,0,CVR017_001,454940
100351,892,0,CVR017_001,455832
100352,880,0,CVR017_001,456712
100353,864,0,CVR017_001,457576
100354,856,0,CVR017_001,458432
100355,864,0,CVR017_001,459296
100356,868,0,CVR017_001,460164
100357,876,0,CVR017_001,461040
100358,852,0,CVR017_001,461892
100359,852,0,CVR017_001,462744
100360,864,0,CVR017_001,463608
100361,872,0,CVR017_001,464480
100362,868,0,CVR017_001,465348
100363,856,0,CVR017_001,466204
100364,844,0,CVR017_001,467048
100365,872,0,CVR017_001,467920
100366,896,0,CVR017_001,468816
100367,920,0,CVR017_001,469736
100368,888,0,CVR017_001,470624
100369,852,0,CVR017_001,471476
100370,844,0,CVR017_001,472320
100371,876,0,CVR017_001,473196
100372,880,0,CVR017_001,474076
100373,888,0,CVR017_001,474964
100374,864,0,CVR017_001,475828
100375,840,0,CVR017_001,476668
100376,844,0,CVR017_001,477512
100377,880,0,CVR017_001,478392
100378,904,0,CVR017_001,479296
100379,928,0,CVR017_001,480224
100380,896,0,CVR017_001,481120
100381,860,0,CVR017_001,481980
100382,892,0,CVR017_001,482872
100383,908,0,CVR017_001,483780
100384,912,0,CVR017_001,484692
100385,916,0,CVR017_001,485608
100386,864,0,CVR017_001,486472
100387,852,0,CVR017_001,487324
100388,852,0,CVR017_001,488176
100389,892,0,CVR017_001,489068
100390,904,0,CVR017_001,489972
100391,896,0,CVR017_001,490868
100392,868,0,CVR017_001,491736
100393,832,0,CVR017_001,492568
100394,788,0,CVR017_001,493356
100395,752,0,CVR017_001,494108
100396,748,0,CVR017_001,494856
100397,764,0,CVR017_001,495620
100398,796,0,CVR017_001,496416
100399,852,0,CVR017_001,497268
100400,860,0,CVR017_001,498128
100401,888,0,CVR017_001,499016
100402,848,0,CVR017_001,499864
100403,832,0,CVR017_001,500696
100404,844,0,CVR017_001,501540
100405,836,0,CVR017_001,502376
100406,836,0,CVR017_001,503212
100407,852,0,CVR017_001,504064
100408,848,0,CVR017_001,504912
100409,820,0,CVR017_001,505732
100410,812,0,CVR017_001,506544
100411,812,0,CVR017_001,507356
100412,824,0,CVR017_001,508180
100413,864,0,CVR017_001,509044
100414,880,0,CVR017_001,509924
100415,880,0,CVR017_001,510804
100416,864,0,CVR017_001,511668
100417,832,0,CVR017_001,512500
100418,828,0,CVR017_001,513328
100419,824,0,CVR017_001,514152
100420,844,0,CVR017_001,514996
100421,844,0,CVR017_001,515840
100422,840,0,CVR017_001,516680
100423,840,0,CVR017_001,517520
100424,864,0,CVR017_001,518384
100425,888,0,CVR017_001,519272
100426,868,0,CVR017_001,520140
100427,840,0,CVR017_001,520980
100428,836,0,CVR017_001,521816
100429,868,0,CVR017_001,522684
100430,880,0,CVR017_001,523564
100431,880,0,CVR017_001,524444
100432,900,0,CVR017_001,525344
100433,864,0,CVR017_001,526208
100434,852,0,CVR017_001,527060
100435,876,0,CVR017_001,527936
100436,900,0,CVR017_001,528836
100437,896,0,CVR017_001,529732
100438,888,0,CVR017_001,530620
100439,836,0,CVR017_001,531456
100440,836,0,CVR017_001,532292
100441,840,0,CVR017_001,533132
100442,864,0,CVR017_001,533996
100443,884,0,CVR017_001,534880
100444,864,0,CVR017_001,535744
100445,860,0,CVR017_001,536604
100446,816,0,CVR017_001,537420
100447,800,0,CVR017_001,538220
100448,516,0,CVR017_001,538736
100449,1140,0,CVR017_001,539876
100450,880,0,CVR017_001,540756
100451,856,0,CVR017_001,541612
100452,844,0,CVR017_001,542456
100453,860,0,CVR017_001,543316
100454,864,0,CVR017_001,544180
100455,860,0,CVR017_001,545040
100456,840,0,CVR017_001,545880
100457,836,0,CVR017_001,546716
100458,832,0,CVR017_001,547548
100459,844,0,CVR017_001,548392
100460,844,0,CVR017_001,549236
100461,836,0,CVR017_001,550072
100462,844,0,CVR017_001,550916
100463,876,0,CVR017_001,551792
100464,876,0,CVR017_001,552668
100465,836,0,CVR017_001,553504
100466,824,0,CVR017_001,554328
100467,828,0,CVR017_001,555156
100468,828,0,CVR017_001,555984
100469,804,0,CVR017_001,556788
100470,804,0,CVR017_001,557592
100471,808,0,CVR017_001,558400
100472,832,0,CVR017_001,559232
100473,840,0,CVR017_001,560072
100474,840,0,CVR017_001,560912
100475,824,0,CVR017_001,561736
100476,832,0,CVR017_001,562568
100477,828,0,CVR017_001,563396
100478,836,0,CVR017_001,564232
100479,828,0,CVR017_001,565060
100480,876,0,CVR017_001,565936
100481,876,0,CVR017_001,566812
100482,864,0,CVR017_001,567676
100483,852,0,CVR017_001,568528
100484,828,0,CVR017_001,569356
100485,860,0,CVR017_001,570216
100486,912,0,CVR017_001,571128
100487,888,0,CVR017_001,572016
100488,888,0,CVR017_001,572904
100489,828,0,CVR017_001,573732
100490,796,0,CVR017_001,574528
100491,796,0,CVR017_001,575324
100492,816,0,CVR017_001,576140
100493,840,0,CVR017_001,576980
100494,856,0,CVR017_001,577836
100495,816,0,CVR017_001,578652
100496,812,0,CVR017_001,579464
100497,808,0,CVR017_001,580272
100498,808,0,CVR017_001,581080
100499,804,0,CVR017_001,581884
100500,796,0,CVR017_001,582680
100501,800,0,CVR017_001,583480
100502,824,0,CVR017_001,584304
100503,832,0,CVR017_001,585136
100504,844,0,CVR017_001,585980
100505,836,0,CVR017_001,586816
100506,832,0,CVR017_001,587648
100507,852,0,CVR017_001,588500
100508,888,0,CVR017_001,589388
100509,900,0,CVR017_001,590288
100510,872,0,CVR017_001,591160
100511,844,0,CVR017_001,592004
100512,844,0,CVR017_001,592848
100513,876,0,CVR017_001,593724
100514,856,0,CVR017_001,594580
100515,828,0,CVR017_001,595408
100516,824,0,CVR017_001,596232
100517,840,0,CVR017_001,597072
100518,840,0,CVR017_001,597912
100519,820,0,CVR017_001,598732
100520,820,0,CVR017_001,599552
100521,824,0,CVR017_001,600376
100522,844,0,CVR017_001,601220
100523,860,0,CVR017_001,602080
100524,868,0,CVR017_001,602948
100525,840,0,CVR017_001,603788
100526,820,0,CVR017_001,604608
100527,820,0,CVR017_001,605428
100528,832,0,CVR017_001,606260
100529,836,0,CVR017_001,607096
100530,812,0,CVR017_001,607908
100531,804,0,CVR017_001,608712
100532,820,0,CVR017_001,609532
100533,848,0,CVR017_001,610380
100534,848,0,CVR017_001,611228
100535,836,0,CVR017_001,612064
100536,824,0,CVR017_001,612888
100537,864,0,CVR017_001,613752
100538,880,0,CVR017_001,614632
100539,920,0,CVR017_001,615552
100540,900,0,CVR017_001,616452
100541,884,0,CVR017_001,617336
100542,848,0,CVR017_001,618184
100543,860,0,CVR017_001,619044
100544,868,0,CVR017_001,619912
100545,884,0,CVR017_001,620796
100546,852,0,CVR017_001,621648
100547,844,0,CVR017_001,622492
100548,840,0,CVR017_001,623332
100549,852,0,CVR017_001,624184
100550,848,0,CVR017_001,625032
100551,836,0,CVR017_001,625868
100552,820,0,CVR017_001,626688
100553,820,0,CVR017_001,627508
100554,820,0,CVR017_001,628328
100555,824,0,CVR017_001,629152
100556,844,0,CVR017_001,629996
100557,856,0,CVR017_001,630852
100558,840,0,CVR017_001,631692
100559,840,0,CVR017_001,632532
100560,812,0,CVR017_001,633344
100561,800,0,CVR017_001,634144
100562,808,0,CVR017_001,634952
100563,832,0,CVR017_001,635784
100564,844,0,CVR017_001,636628
100565,844,0,CVR017_001,637472
100566,848,0,CVR017_001,638320
100567,876,0,CVR017_001,639196
100568,892,0,CVR017_001,640088
100569,908,0,CVR017_001,640996
100570,892,0,CVR017_001,641888
100571,852,0,CVR017_001,642740
100572,832,0,CVR017_001,643572
100573,840,0,CVR017_001,644412
100574,836,0,CVR017_001,645248
100575,836,0,CVR017_001,646084
100576,820,0,CVR017_001,646904
100577,816,0,CVR017_001,647720
100578,832,0,CVR017_001,648552
100579,900,1,CVR017_001,649452
100580,788,0,CVR017_001,650240
100581,856,0,CVR017_001,651096
100582,864,0,CVR017_001,651960
100583,840,0,CVR017_001,652800
100584,836,0,CVR017_001,653636
100585,852,0,CVR017_001,654488
100586,840,0,CVR017_001,655328
100587,852,0,CVR017_001,656180
100588,852,0,CVR017_001,657032
100589,832,0,CVR017_001,657864
100590,820,0,CVR017_001,658684
100591,828,0,CVR017_001,659512
100592,852,0,CVR017_001,660364
100593,852,0,CVR017_001,661216
100594,844,0,CVR017_001,662060
100595,836,0,CVR017_001,662896
100596,816,0,CVR017_001,663712
100597,496,0,CVR017_001,664208
100598,1100,0,CVR017_001,665308
100599,816,0,CVR017_001,666124
100600,816,0,CVR017_001,666940
100601,796,0,CVR017_001,667736
100602,804,0,CVR017_001,668540
100603,484,0,CVR017_001,669024
100604,1140,0,CVR017_001,670164
100605,880,0,CVR017_001,671044
100606,856,0,CVR017_001,671900
100607,836,0,CVR017_001,672736
100608,828,0,CVR017_001,673564
100609,832,0,CVR017_001,674396
100610,844,0,CVR017_001,675240
100611,860,0,CVR017_001,676100
100612,848,0,CVR017_001,676948
100613,844,0,CVR017_001,677792
100614,880,0,CVR017_001,678672
100615,872,0,CVR017_001,679544
100616,868,0,CVR017_001,680412
100617,828,0,CVR017_001,681240
100618,808,0,CVR017_001,682048
100619,828,0,CVR017_001,682876
100620,840,0,CVR017_001,683716
100621,824,0,CVR017_001,684540
100622,816,0,CVR017_001,685356
100623,808,0,CVR017_001,686164
100624,824,0,CVR017_001,686988
100625,832,0,CVR017_001,687820
100626,832,0,CVR017_001,688652
100627,828,0,CVR017_001,689480
100628,820,0,CVR017_001,690300
100629,832,0,CVR017_001,691132
100630,848,0,CVR017_001,691980
100631,836,0,CVR017_001,692816
100632,836,0,CVR017_001,693652
100633,816,0,CVR017_001,694468
100634,820,0,CVR017_001,695288
100635,844,0,CVR017_001,696132
100636,828,0,CVR017_001,696960
100637,816,0,CVR017_001,697776
100638,816,0,CVR017_001,698592
100639,832,0,CVR017_001,699424
100640,836,0,CVR017_001,700260
100641,840,0,CVR017_001,701100
100642,812,0,CVR017_001,701912
100643,808,0,CVR017_001,702720
100644,828,0,CVR017_001,703548
100645,844,0,CVR017_001,704392
100646,848,0,CVR017_001,705240
100647,828,0,CVR017_001,706068
100648,812,0,CVR017_001,706880
100649,812,0,CVR017_001,707692
100650,824,0,CVR017_001,708516
100651,844,0,CVR017_001,709360
100652,860,0,CVR017_001,710220
100653,832,0,CVR017_001,711052
100654,816,0,CVR017_001,711868
100655,812,0,CVR017_001,712680
100656,824,0,CVR017_001,713504
100657,848,0,CVR017_001,714352
100658,868,0,CVR017_001,715220
100659,880,0,CVR017_001,716100
100660,832,0,CVR017_001,716932
100661,804,0,CVR017_001,717736
100662,808,0,CVR017_001,718544
100663,820,0,CVR017_001,719364
100664,828,0,CVR017_001,720192
100665,828,0,CVR017_001,721020
100666,816,0,CVR017_001,721836
100667,816,0,CVR017_001,722652
100668,820,0,CVR017_001,723472
100669,844,0,CVR017_001,724316
100670,840,0,CVR017_001,725156
100671,804,0,CVR017_001,725960
100672,780,0,CVR017_001,726740
100673,796,0,CVR017_001,727536
100674,796,0,CVR017_001,728332
100675,800,0,CVR017_001,729132
100676,800,0,CVR017_001,729932
100677,792,0,CVR017_001,730724
100678,796,0,CVR017_001,731520
100679,812,0,CVR017_001,732332
100680,824,0,CVR017_001,733156
100681,824,0,CVR017_001,733980
100682,820,0,CVR017_001,734800
100683,808,0,CVR017_001,735608
100684,804,0,CVR017_001,736412
100685,812,0,CVR017_001,737224
100686,828,0,CVR017_001,738052
100687,824,0,CVR017_001,738876
100688,804,0,CVR017_001,739680
100689,804,0,CVR017_001,740484
100690,816,0,CVR017_001,741300
100691,812,0,CVR017_001,742112
100692,808,0,CVR017_001,742920
100693,800,0,CVR017_001,743720
100694,808,0,CVR017_001,744528
100695,836,0,CVR017_001,745364
100696,860,0,CVR017_001,746224
100697,872,0,CVR017_001,747096
100698,852,0,CVR017_001,747948
100699,836,0,CVR017_001,748784
100700,860,0,CVR017_001,749644
100701,864,0,CVR017_001,750508
100702,876,0,CVR017_001,751384
100703,852,0,CVR017_001,752236
100704,836,0,CVR017_001,753072
100705,848,0,CVR017_001,753920
100706,872,0,CVR017_001,754792
100707,868,0,CVR017_001,755660
100708,844,0,CVR017_001,756504
100709,828,0,CVR017_001,757332
100710,820,0,CVR017_001,758152
100711,840,0,CVR017_001,758992
100712,852,0,CVR017_001,759844
100713,848,0,CVR017_001,760692
100714,832,0,CVR017_001,761524
100715,828,0,CVR017_001,762352
100716,864,0,CVR017_001,763216
100717,872,0,CVR017_001,764088
100718,868,0,CVR017_001,764956
100719,836,0,CVR017_001,765792
100720,828,0,CVR017_001,766620
100721,812,0,CVR017_001,767432
100722,836,0,CVR017_001,768268
100723,848,0,CVR017_001,769116
100724,848,0,CVR017_001,769964
100725,832,0,CVR017_001,770796
100726,828,0,CVR017_001,771624
100727,824,0,CVR017_001,772448
100728,868,0,CVR017_001,773316
100729,880,0,CVR017_001,774196
100730,900,0,CVR017_001,775096
100731,860,0,CVR017_001,775956
100732,836,0,CVR017_001,776792
100733,840,0,CVR017_001,777632
100734,860,0,CVR017_001,778492
100735,872,0,CVR017_001,779364
100736,872,0,CVR017_001,780236
100737,832,0,CVR017_001,781068
100738,832,0,CVR017_001,781900
100739,840,0,CVR017_001,782740
100740,864,0,CVR017_001,783604
100741,876,0,CVR017_001,784480
100742,852,0,CVR017_001,785332
100743,844,0,CVR017_001,786176
100744,828,0,CVR017_001,787004
100745,844,0,CVR017_001,787848
100746,840,0,CVR017_001,788688
100747,840,0,CVR017_001,789528
100748,812,0,CVR017_001,790340
100749,800,0,CVR017_001,791140
100750,788,0,CVR017_001,791928
100751,792,0,CVR017_001,792720
100752,800,0,CVR017_001,793520
100753,808,0,CVR017_001,794328
100754,788,0,CVR017_001,795116
100755,784,0,CVR017_001,795900
100756,784,0,CVR017_001,796684
100757,792,0,CVR017_001,797476
100758,812,0,CVR017_001,798288
100759,816,0,CVR017_001,799104
100760,812,0,CVR017_001,799916
100761,784,0,CVR017_001,800700
100762,776,0,CVR017_001,801476
100763,452,0,CVR017_001,801928
100764,1048,0,CVR017_001,802976
100765,796,0,CVR017_001,803772
100766,828,0,CVR017_001,804600
100767,844,0,CVR017_001,805444
100768,524,0,CVR017_001,805968
100769,1104,0,CVR017_001,807072
100770,876,0,CVR017_001,807948
100771,456,0,CVR017_001,808404
100772,1128,0,CVR017_001,809532
100773,872,0,CVR017_001,810404
100774,848,0,CVR017_001,811252
100775,856,0,CVR017_001,812108
100776,904,0,CVR017_001,813012
100777,912,0,CVR017_001,813924
100778,916,0,CVR017_001,814840
100779,880,0,CVR017_001,815720
100780,864,0,CVR017_001,816584
100781,888,0,CVR017_001,817472
100782,916,0,CVR017_001,818388
100783,908,0,CVR017_001,819296
100784,864,0,CVR017_001,820160
100785,836,0,CVR017_001,820996
100786,892,0,CVR017_001,821888
100787,864,0,CVR017_001,822752
100788,856,0,CVR017_001,823608
100789,808,0,CVR017_001,824416
100790,804,0,CVR017_001,825220
100791,804,0,CVR017_001,826024
100792,808,0,CVR017_001,826832
100793,812,0,CVR017_001,827644
100794,808,0,CVR017_001,828452
100795,820,0,CVR017_001,829272
100796,848,0,CVR017_001,830120
100797,844,0,CVR017_001,830964
100798,820,0,CVR017_001,831784
100799,820,0,CVR017_001,832604
100800,840,0,CVR017_001,833444
100801,840,0,CVR017_001,834284
100802,836,0,CVR017_001,835120
100803,832,0,CVR017_001,835952
100804,828,0,CVR017_001,836780
100805,844,0,CVR017_001,837624
100806,872,0,CVR017_001,838496
100807,868,0,CVR017_001,839364
100808,832,0,CVR017_001,840196
100809,824,0,CVR017_001,841020
100810,820,0,CVR017_001,841840
100811,824,0,CVR017_001,842664
100812,832,0,CVR017_001,843496
100813,832,0,CVR017_001,844328
100814,816,0,CVR017_001,845144
100815,840,0,CVR017_001,845984
100816,856,0,CVR017_001,846840
100817,852,0,CVR017_001,847692
100818,844,0,CVR017_001,848536
100819,848,0,CVR017_001,849384
100820,860,0,CVR017_001,850244
100821,868,0,CVR017_001,851112
100822,856,0,CVR017_001,851968
100823,836,0,CVR017_001,852804
100824,828,0,CVR017_001,853632
100825,852,0,CVR017_001,854484
100826,852,0,CVR017_001,855336
100827,840,0,CVR017_001,856176
100828,820,0,CVR017_001,856996
100829,816,0,CVR017_001,857812
100830,820,0,CVR017_001,858632
100831,836,0,CVR017_001,859468
100832,848,0,CVR017_001,860316
100833,816,0,CVR017_001,861132
100834,816,0,CVR017_001,861948
100835,828,0,CVR017_001,862776
100836,836,0,CVR017_001,863612
100837,840,0,CVR017_001,864452
100838,840,0,CVR017_001,865292
100839,824,0,CVR017_001,866116
100840,852,0,CVR017_001,866968
100841,848,0,CVR017_001,867816
100842,816,0,CVR017_001,868632
100843,820,0,CVR017_001,869452
100844,820,0,CVR017_001,870272
100845,840,0,CVR017_001,871112
100846,828,0,CVR017_001,871940
100847,808,0,CVR017_001,872748
100848,812,0,CVR017_001,873560
100849,820,0,CVR017_001,874380
100850,816,0,CVR017_001,875196
100851,808,0,CVR017_001,876004
100852,820,0,CVR017_001,876824
100853,832,0,CVR017_001,877656
100854,852,0,CVR017_001,878508
100855,860,0,CVR017_001,879368
100856,832,0,CVR017_001,880200
100857,824,0,CVR017_001,881024
100858,812,0,CVR017_001,881836
100859,792,0,CVR017_001,882628
100860,812,0,CVR017_001,883440
100861,836,0,CVR017_001,884276
100862,828,0,CVR017_001,885104
100863,836,0,CVR017_001,885940
100864,836,0,CVR017_001,886776
100865,824,0,CVR017_001,887600
100866,808,0,CVR017_001,888408
100867,824,0,CVR017_001,889232
100868,840,0,CVR017_001,890072
100869,876,0,CVR017_001,890948
100870,888,0,CVR017_001,891836
100871,880,0,CVR017_001,892716
100872,876,0,CVR017_001,893592
100873,900,0,CVR017_001,894492
100874,920,0,CVR017_001,895412
100875,896,0,CVR017_001,896308
100876,892,0,CVR017_001,897200
100877,852,0,CVR017_001,898052
100878,844,0,CVR017_001,898896
100879,852,0,CVR017_001,899748
100880,872,0,CVR017_001,900620
100881,868,0,CVR017_001,901488
100882,860,0,CVR017_001,902348
100883,844,0,CVR017_001,903192
100884,820,0,CVR017_001,904012
100885,808,0,CVR017_001,904820
100886,812,0,CVR017_001,905632
100887,844,0,CVR017_001,906476
100888,876,0,CVR017_001,907352
100889,860,0,CVR017_001,908212
100890,872,0,CVR017_001,909084
100891,832,0,CVR017_001,909916
100892,820,0,CVR017_001,910736
100893,832,0,CVR017_001,911568
100894,860,0,CVR017_001,912428
100895,876,0,CVR017_001,913304
100896,860,0,CVR017_001,914164
100897,864,0,CVR017_001,915028
100898,880,0,CVR017_001,915908
100899,884,0,CVR017_001,916792
100900,884,0,CVR017_001,917676
100901,868,0,CVR017_001,918544
100902,852,0,CVR017_001,919396
100903,840,0,CVR017_001,920236
100904,868,0,CVR017_001,921104
100905,876,0,CVR017_001,921980
100906,872,0,CVR017_001,922852
100907,872,0,CVR017_001,923724
100908,836,0,CVR017_001,924560
100909,832,0,CVR017_001,925392
100910,852,0,CVR017_001,926244
100911,852,0,CVR017_001,927096
100912,872,0,CVR017_001,927968
100913,856,0,CVR017_001,928824
100914,840,0,CVR017_001,929664
100915,844,0,CVR017_001,930508
100916,860,0,CVR017_001,931368
100917,856,0,CVR017_001,932224
100918,836,0,CVR017_001,933060
100919,840,0,CVR017_001,933900
100920,860,0,CVR017_001,934760
100921,884,0,CVR017_001,935644
100922,944,0,CVR017_001,936588
100923,800,0,CVR017_001,937388
100924,840,0,CVR017_001,938228
100925,868,0,CVR017_001,939096
100926,896,0,CVR017_001,939992
100927,860,0,CVR017_001,940852
100928,820,0,CVR017_001,941672
100929,512,0,CVR017_001,942184
100930,1100,0,CVR017_001,943284
100931,836,0,CVR017_001,944120
100932,836,0,CVR017_001,944956
100933,484,0,CVR017_001,945440
100934,1072,0,CVR017_001,946512
100935,820,0,CVR017_001,947332
100936,840,0,CVR017_001,948172
100937,456,0,CVR017_001,948628
100938,1060,0,CVR017_001,949688
100939,788,0,CVR017_001,950476
100940,824,0,CVR017_001,951300
100941,852,0,CVR017_001,952152
100942,876,0,CVR017_001,953028
100943,872,0,CVR017_001,953900
100944,876,0,CVR017_001,954776
100945,908,0,CVR017_001,955684
100946,928,0,CVR017_001,956612
100947,916,0,CVR017_001,957528
100948,872,0,CVR017_001,958400
100949,872,0,CVR017_001,959272
100950,888,0,CVR017_001,960160
100951,896,0,CVR017_001,961056
100952,868,0,CVR017_001,961924
100953,840,0,CVR017_001,962764
100954,820,0,CVR017_001,963584
100955,816,0,CVR017_001,964400
100956,840,0,CVR017_001,965240
100957,852,0,CVR017_001,966092
100958,888,0,CVR017_001,966980
100959,868,0,CVR017_001,967848
100960,840,0,CVR017_001,968688
100961,832,0,CVR017_001,969520
100962,848,0,CVR017_001,970368
100963,828,0,CVR017_001,971196
100964,824,0,CVR017_001,972020
100965,836,0,CVR017_001,972856
100966,868,0,CVR017_001,973724
100967,888,0,CVR017_001,974612
100968,884,0,CVR017_001,975496
100969,860,0,CVR017_001,976356
100970,832,0,CVR017_001,977188
100971,836,0,CVR017_001,978024
100972,840,0,CVR017_001,978864
100973,852,0,CVR017_001,979716
100974,832,0,CVR017_001,980548
100975,828,0,CVR017_001,981376
100976,832,0,CVR017_001,982208
100977,872,0,CVR017_001,983080
100978,876,0,CVR017_001,983956
100979,856,0,CVR017_001,984812
100980,824,0,CVR017_001,985636
100981,808,0,CVR017_001,986444
100982,832,0,CVR017_001,987276
100983,844,0,CVR017_001,988120
100984,836,0,CVR017_001,988956
100985,812,0,CVR017_001,989768
100986,800,0,CVR017_001,990568
100987,816,0,CVR017_001,991384
100988,840,0,CVR017_001,992224
100989,832,0,CVR017_001,993056
100990,816,0,CVR017_001,993872
100991,812,0,CVR017_001,994684
100992,836,0,CVR017_001,995520
100993,856,0,CVR017_001,996376
100994,852,0,CVR017_001,997228
100995,820,0,CVR017_001,998048
100996,808,0,CVR017_001,998856
100997,816,0,CVR017_001,999672
100998,836,0,CVR017_001,1000508
100999,816,0,CVR017_001,1001324
101000,800,0,CVR017_001,1002124
101001,812,0,CVR017_001,1002936
101002,832,0,CVR017_001,1003768
101003,860,0,CVR017_001,1004628
101004,852,0,CVR017_001,1005480
101005,836,0,CVR017_001,1006316
101006,816,0,CVR017_001,1007132
101007,836,0,CVR017_001,1007968
101008,856,0,CVR017_001,1008824
101009,852,0,CVR017_001,1009676
101010,808,0,CVR017_001,1010484
101011,804,0,CVR017_001,1011288
101012,808,0,CVR017_001,1012096
101013,812,0,CVR017_001,1012908
101014,820,0,CVR017_001,1013728
101015,808,0,CVR017_001,1014536
101016,808,0,CVR017_001,1015344
101017,820,0,CVR017_001,1016164
101018,836,0,CVR017_001,1017000
101019,828,0,CVR017_001,1017828
101020,808,0,CVR017_001,1018636
101021,808,0,CVR017_001,1019444
101022,820,0,CVR017_001,1020264
101023,824,0,CVR017_001,1021088
101024,800,0,CVR017_001,1021888
101025,804,0,CVR017_001,1022692
101026,812,0,CVR017_001,1023504
101027,848,0,CVR017_001,1024352
101028,872,0,CVR017_001,1025224
101029,880,0,CVR017_001,1026104
101030,864,0,CVR017_001,1026968
101031,856,0,CVR017_001,1027824
101032,828,0,CVR017_001,1028652
101033,808,0,CVR017_001,1029460
101034,804,0,CVR017_001,1030264
101035,820,0,CVR017_001,1031084
101036,832,0,CVR017_001,1031916
101037,824,0,CVR017_001,1032740
101038,816,0,CVR017_001,1033556
101039,804,0,CVR017_001,1034360
101040,808,0,CVR017_001,1035168
101041,820,0,CVR017_001,1035988
101042,808,0,CVR017_001,1036796
101043,788,0,CVR017_001,1037584
101044,792,0,CVR017_001,1038376
101045,804,0,CVR017_001,1039180
101046,800,0,CVR017_001,1039980
101047,804,0,CVR017_001,1040784
101048,796,0,CVR017_001,1041580
101049,808,0,CVR017_001,1042388
101050,804,0,CVR017_001,1043192
101051,820,0,CVR017_001,1044012
101052,832,0,CVR017_001,1044844
101053,828,0,CVR017_001,1045672
101054,812,0,CVR017_001,1046484
101055,816,0,CVR017_001,1047300
101056,832,0,CVR017_001,1048132
101057,848,0,CVR017_001,1048980
101058,860,0,CVR017_001,1049840
101059,844,0,CVR017_001,1050684
101060,848,0,CVR017_001,1051532
101061,856,0,CVR017_001,1052388
101062,868,0,CVR017_001,1053256
101063,872,0,CVR017_001,1054128
101064,880,0,CVR017_001,1055008
101065,848,0,CVR017_001,1055856
101066,852,0,CVR017_001,1056708
101067,844,0,CVR017_001,1057552
101068,840,0,CVR017_001,1058392
101069,820,0,CVR017_001,1059212
101070,808,0,CVR017_001,1060020
101071,804,0,CVR017_001,1060824
101072,816,0,CVR017_001,1061640
101073,828,0,CVR017_001,1062468
101074,828,0,CVR017_001,1063296
101075,812,0,CVR017_001,1064108
101076,808,0,CVR017_001,1064916
101077,824,0,CVR017_001,1065740
101078,824,0,CVR017_001,1066564
101079,820,0,CVR017_001,1067384
101080,808,0,CVR017_001,1068192
101081,788,0,CVR017_001,1068980
101082,784,0,CVR017_001,1069764
101083,796,0,CVR017_001,1070560
101084,812,0,CVR017_001,1071372
101085,792,0,CVR017_001,1072164
101086,796,0,CVR017_001,1072960
101087,804,0,CVR017_001,1073764
101088,820,0,CVR017_001,1074584
101089,848,0,CVR017_001,1075432
101090,836,0,CVR017_001,1076268
101091,824,0,CVR017_001,1077092
101092,652,0,CVR017_001,1077744
101093,1076,0,CVR017_001,1078820
101094,820,0,CVR017_001,1079640
101095,448,0,CVR017_001,1080088
101096,1036,0,CVR017_001,1081124
101097,760,0,CVR017_001,1081884
101098,776,0,CVR017_001,1082660
101099,796,0,CVR017_001,1083456
101100,784,0,CVR017_001,1084240
101101,804,0,CVR017_001,1085044
101102,840,0,CVR017_001,1085884
101103,900,0,CVR017_001,1086784
101104,924,0,CVR017_001,1087708
101105,908,0,CVR017_001,1088616
101106,872,0,CVR017_001,1089488
101107,864,0,CVR017_001,1090352
101108,880,0,CVR017_001,1091232
101109,892,0,CVR017_001,1092124
101110,900,0,CVR017_001,1093024
101111,856,0,CVR017_001,1093880
101112,836,0,CVR017_001,1094716
101113,844,0,CVR017_001,1095560
101114,852,0,CVR017_001,1096412
101115,864,0,CVR017_001,1097276
101116,856,0,CVR017_001,1098132
101117,848,0,CVR017_001,1098980
101118,844,0,CVR017_001,1099824
101119,864,0,CVR017_001,1100688
101120,880,0,CVR017_001,1101568
101121,844,0,CVR017_001,1102412
101122,832,0,CVR017_001,1103244
101123,844,0,CVR017_001,1104088
101124,796,0,CVR017_001,1104884
101125,756,0,CVR017_001,1105640
101126,784,0,CVR017_001,1106424
101127,816,0,CVR017_001,1107240
101128,812,0,CVR017_001,1108052
101129,844,0,CVR017_001,1108896
101130,860,0,CVR017_001,1109756
101131,876,0,CVR017_001,1110632
101132,840,0,CVR017_001,1111472
101133,816,0,CVR017_001,1112288
101134,828,0,CVR017_001,1113116
101135,844,0,CVR017_001,1113960
101136,844,0,CVR017_001,1114804
101137,820,0,CVR017_001,1115624
101138,804,0,CVR017_001,1116428
101139,828,0,CVR017_001,1117256
101140,844,0,CVR017_001,1118100
101141,884,0,CVR017_001,1118984
101142,840,0,CVR017_001,1119824
101143,836,0,CVR017_001,1120660
101144,840,0,CVR017_001,1121500
101145,864,0,CVR017_001,1122364
101146,860,0,CVR017_001,1123224
101147,836,0,CVR017_001,1124060
101148,808,0,CVR017_001,1124868
101149,820,0,CVR017_001,1125688
101150,840,0,CVR017_001,1126528
101151,864,0,CVR017_001,1127392
101152,844,0,CVR017_001,1128236
101153,832,0,CVR017_001,1129068
101154,836,0,CVR017_001,1129904
101155,876,0,CVR017_001,1130780
101156,876,0,CVR017_001,1131656
101157,828,0,CVR017_001,1132484
101158,816,0,CVR017_001,1133300
101159,832,0,CVR017_001,1134132
101160,856,0,CVR017_001,1134988
101161,860,0,CVR017_001,1135848
101162,832,0,CVR017_001,1136680
101163,820,0,CVR017_001,1137500
101164,868,0,CVR017_001,1138368
101165,880,0,CVR017_001,1139248
101166,864,0,CVR017_001,1140112
101167,824,0,CVR017_001,1140936
101168,824,0,CVR017_001,1141760
101169,852,0,CVR017_001,1142612
101170,876,0,CVR017_001,1143488
101171,848,0,CVR017_001,1144336
101172,832,0,CVR017_001,1145168
101173,848,0,CVR017_001,1146016
101174,864,0,CVR017_001,1146880
101175,876,0,CVR017_001,1147756
101176,844,0,CVR017_001,1148600
101177,820,0,CVR017_001,1149420
101178,828,0,CVR017_001,1150248
101179,844,0,CVR017_001,1151092
101180,860,0,CVR017_001,1151952
101181,836,0,CVR017_001,1152788
101182,828,0,CVR017_001,1153616
101183,840,0,CVR017_001,1154456
101184,856,0,CVR017_001,1155312
101185,844,0,CVR017_001,1156156
101186,820,0,CVR017_001,1156976
101187,816,0,CVR017_001,1157792
101188,828,0,CVR017_001,1158620
101189,840,0,CVR017_001,1159460
101190,812,0,CVR017_001,1160272
101191,816,0,CVR017_001,1161088
101192,840,0,CVR017_001,1161928
101193,852,0,CVR017_001,1162780
101194,848,0,CVR017_001,1163628
101195,820,0,CVR017_001,1164448
101196,804,0,CVR017_001,1165252
101197,824,0,CVR017_001,1166076
101198,840,0,CVR017_001,1166916
101199,856,0,CVR017_001,1167772
101200,844,0,CVR017_001,1168616
101201,824,0,CVR017_001,1169440
101202,832,0,CVR017_001,1170272
101203,828,0,CVR017_001,1171100
101204,820,0,CVR017_001,1171920
101205,808,0,CVR017_001,1172728
101206,800,0,CVR017_001,1173528
101207,808,0,CVR017_001,1174336
101208,824,0,CVR017_001,1175160
101209,812,0,CVR017_001,1175972
101210,800,0,CVR017_001,1176772
101211,804,0,CVR017_001,1177576
101212,812,0,CVR017_001,1178388
101213,844,0,CVR017_001,1179232
101214,856,0,CVR017_001,1180088
101215,852,0,CVR017_001,1180940
101216,836,0,CVR017_001,1181776
101217,844,0,CVR017_001,1182620
101218,852,0,CVR017_001,1183472
101219,860,0,CVR017_001,1184332
101220,812,0,CVR017_001,1185144
101221,800,0,CVR017_001,1185944
101222,812,0,CVR017_001,1186756
101223,816,0,CVR017_001,1187572
101224,824,0,CVR017_001,1188396
101225,820,0,CVR017_001,1189216
101226,804,0,CVR017_001,1190020
101227,824,0,CVR017_001,1190844
101228,840,0,CVR017_001,1191684
101229,852,0,CVR017_001,1192536
101230,872,0,CVR017_001,1193408
101231,840,0,CVR017_001,1194248
101232,832,0,CVR017_001,1195080
101233,844,0,CVR017_001,1195924
101234,852,0,CVR017_001,1196776
101235,844,0,CVR017_001,1197620
101236,820,0,CVR017_001,1198440
101237,792,0,CVR017_001,1199232
101238,804,0,CVR017_001,1200036
101239,812,0,CVR017_001,1200848
101240,884,1,CVR017_001,1201732
101241,756,0,CVR017_001,1202488
101242,808,0,CVR017_001,1203296
101243,820,0,CVR017_001,1204116
101244,848,0,CVR017_001,1204964
101245,876,0,CVR017_001,1205840
101246,844,0,CVR017_001,1206684
101247,816,0,CVR017_001,1207500
101248,796,0,CVR017_001,1208296
101249,828,0,CVR017_001,1209124
101250,868,0,CVR017_001,1209992
101251,868,0,CVR017_001,1210860
101252,832,0,CVR017_001,1211692
101253,812,0,CVR017_001,1212504
101254,832,0,CVR017_001,1213336
101255,836,0,CVR017_001,1214172
101256,820,0,CVR017_001,1214992
101257,800,0,CVR017_001,1215792
101258,804,0,CVR017_001,1216596
101259,812,0,CVR017_001,1217408
101260,836,0,CVR017_001,1218244
101261,852,0,CVR017_001,1219096
101262,844,0,CVR017_001,1219940
101263,820,0,CVR017_001,1220760
101264,820,0,CVR017_001,1221580
101265,832,0,CVR017_001,1222412
101266,848,0,CVR017_001,1223260
101267,844,0,CVR017_001,1224104
101268,824,0,CVR017_001,1224928
101269,820,0,CVR017_001,1225748
101270,840,0,CVR017_001,1226588
101271,856,0,CVR017_001,1227444
101272,860,0,CVR017_001,1228304
101273,812,0,CVR017_001,1229116
101274,804,0,CVR017_001,1229920
101275,796,0,CVR017_001,1230716
101276,804,0,CVR017_001,1231520
101277,812,0,CVR017_001,1232332
101278,804,0,CVR017_001,1233136
101279,800,0,CVR017_001,1233936
101280,832,0,CVR017_001,1234768
101281,868,0,CVR017_001,1235636
101282,848,0,CVR017_001,1236484
101283,824,0,CVR017_001,1237308
101284,824,0,CVR017_001,1238132
101285,824,0,CVR017_001,1238956
101286,844,0,CVR017_001,1239800
101287,808,0,CVR017_001,1240608
101288,796,0,CVR017_001,1241404
101289,820,0,CVR017_001,1242224
101290,828,0,CVR017_001,1243052
101291,816,0,CVR017_001,1243868
101292,796,0,CVR017_001,1244664
101293,804,0,CVR017_001,1245468
101294,808,0,CVR017_001,1246276
101295,824,0,CVR017_001,1247100
101296,800,0,CVR017_001,1247900
101297,808,0,CVR017_001,1248708
101298,800,0,CVR017_001,1249508
101299,824,0,CVR017_001,1250332
101300,832,0,CVR017_001,1251164
101301,796,0,CVR017_001,1251960
101302,804,0,CVR017_001,1252764
101303,812,0,CVR017_001,1253576
101304,828,0,CVR017_001,1254404
101305,844,0,CVR017_001,1255248
101306,816,0,CVR017_001,1256064
101307,796,0,CVR017_001,1256860
101308,812,0,CVR017_001,1257672
101309,840,0,CVR017_001,1258512
101310,840,0,CVR017_001,1259352
101311,828,0,CVR017_001,1260180
101312,824,0,CVR017_001,1261004
101313,852,0,CVR017_001,1261856
101314,864,0,CVR017_001,1262720
101315,844,0,CVR017_001,1263564
101316,816,0,CVR017_001,1264380
101317,816,0,CVR017_001,1265196
101318,832,0,CVR017_001,1266028
101319,856,0,CVR017_001,1266884
101320,848,0,CVR017_001,1267732
101321,824,0,CVR017_001,1268556
101322,820,0,CVR017_001,1269376
101323,836,0,CVR017_001,1270212
101324,832,0,CVR017_001,1271044
101325,828,0,CVR017_001,1271872
101326,820,0,CVR017_001,1272692
101327,800,0,CVR017_001,1273492
101328,816,0,CVR017_001,1274308
101329,836,0,CVR017_001,1275144
101330,852,0,CVR017_001,1275996
101331,832,0,CVR017_001,1276828
101332,820,0,CVR017_001,1277648
101333,824,0,CVR017_001,1278472
101334,856,0,CVR017_001,1279328
101335,860,0,CVR017_001,1280188
101336,836,0,CVR017_001,1281024
101337,836,0,CVR017_001,1281860
101338,832,0,CVR017_001,1282692
101339,864,0,CVR017_001,1283556
101340,836,0,CVR017_001,1284392
101341,828,0,CVR017_001,1285220
101342,844,0,CVR017_001,1286064
101343,852,0,CVR017_001,1286916
101344,848,0,CVR017_001,1287764
101345,820,0,CVR017_001,1288584
101346,808,0,CVR017_001,1289392
101347,808,0,CVR017_001,1290200
101348,832,0,CVR017_001,1291032
101349,828,0,CVR017_001,1291860
101350,812,0,CVR017_001,1292672
101351,812,0,CVR017_001,1293484
101352,836,0,CVR017_001,1294320
101353,848,0,CVR017_001,1295168
101354,824,0,CVR017_001,1295992
101355,808,0,CVR017_001,1296800
101356,820,0,CVR017_001,1297620
101357,828,0,CVR017_001,1298448
101358,844,0,CVR017_001,1299292
101359,816,0,CVR017_001,1300108
101360,808,0,CVR017_001,1300916
101361,824,0,CVR017_001,1301740
101362,832,0,CVR017_001,1302572
101363,856,0,CVR017_001,1303428
101364,824,0,CVR017_001,1304252
101365,820,0,CVR017_001,1305072
101366,816,0,CVR017_001,1305888
101367,836,0,CVR017_001,1306724
101368,848,0,CVR017_001,1307572
101369,836,0,CVR017_001,1308408
101370,812,0,CVR017_001,1309220
101371,812,0,CVR017_001,1310032
101372,844,0,CVR017_001,1310876
101373,848,0,CVR017_001,1311724
101374,852,0,CVR017_001,1312576
101375,836,0,CVR017_001,1313412
101376,840,0,CVR017_001,1314252
101377,872,0,CVR017_001,1315124
101378,892,0,CVR017_001,1316016
101379,860,0,CVR017_001,1316876
101380,832,0,CVR017_001,1317708
101381,820,0,CVR017_001,1318528
101382,820,0,CVR017_001,1319348
101383,820,0,CVR017_001,1320168
101384,816,0,CVR017_001,1320984
101385,804,0,CVR017_001,1321788
101386,808,0,CVR017_001,1322596
101387,836,0,CVR017_001,1323432
101388,828,0,CVR017_001,1324260
101389,804,0,CVR017_001,1325064
101390,800,0,CVR017_001,1325864
101391,800,0,CVR017_001,1326664
101392,812,0,CVR017_001,1327476
101393,828,0,CVR017_001,1328304
101394,796,0,CVR017_001,1329100
101395,788,0,CVR017_001,1329888
101396,800,0,CVR017_001,1330688
101397,816,0,CVR017_001,1331504
101398,820,0,CVR017_001,1332324
101399,800,0,CVR017_001,1333124
101400,788,0,CVR017_001,1333912
101401,784,0,CVR017_001,1334696
101402,796,0,CVR017_001,1335492
101403,824,0,CVR017_001,1336316
101404,832,0,CVR017_001,1337148
101405,820,0,CVR017_001,1337968
101406,624,0,CVR017_001,1338592
101407,1072,0,CVR017_001,1339664
101408,836,0,CVR017_001,1340500
101409,460,0,CVR017_001,1340960
101410,1112,0,CVR017_001,1342072
101411,820,0,CVR017_001,1342892
101412,664,0,CVR017_001,1343556
101413,980,0,CVR017_001,1344536
101414,820,0,CVR017_001,1345356
101415,840,0,CVR017_001,1346196
101416,816,0,CVR017_001,1347012
101417,832,0,CVR017_001,1347844
101418,860,0,CVR017_001,1348704
101419,888,0,CVR017_001,1349592
101420,868,0,CVR017_001,1350460
101421,896,0,CVR017_001,1351356
101422,880,0,CVR017_001,1352236
101423,836,0,CVR017_001,1353072
101424,816,0,CVR017_001,1353888
101425,836,0,CVR017_001,1354724
101426,852,0,CVR017_001,1355576
101427,872,0,CVR017_001,1356448
101428,852,0,CVR017_001,1357300
101429,828,0,CVR017_001,1358128
101430,840,0,CVR017_001,1358968
101431,852,0,CVR017_001,1359820
101432,872,0,CVR017_001,1360692
101433,844,0,CVR017_001,1361536
101434,836,0,CVR017_001,1362372
101435,840,0,CVR017_001,1363212
101436,872,0,CVR017_001,1364084
101437,900,0,CVR017_001,1364984
101438,912,0,CVR017_001,1365896
101439,872,0,CVR017_001,1366768
101440,860,0,CVR017_001,1367628
101441,868,0,CVR017_001,1368496
101442,876,0,CVR017_001,1369372
101443,852,0,CVR017_001,1370224
101444,832,0,CVR017_001,1371056
101445,848,0,CVR017_001,1371904
101446,872,0,CVR017_001,1372776
101447,884,0,CVR017_001,1373660
101448,864,0,CVR017_001,1374524
101449,844,0,CVR017_001,1375368
101450,836,0,CVR017_001,1376204
101451,832,0,CVR017_001,1377036
101452,836,0,CVR017_001,1377872
101453,832,0,CVR017_001,1378704
101454,808,0,CVR017_001,1379512
101455,812,0,CVR017_001,1380324
101456,824,0,CVR017_001,1381148
101457,844,0,CVR017_001,1381992
101458,848,0,CVR017_001,1382840
101459,820,0,CVR017_001,1383660
101460,812,0,CVR017_001,1384472
101461,824,0,CVR017_001,1385296
101462,844,0,CVR017_001,1386140
101463,848,0,CVR017_001,1386988
101464,856,0,CVR017_001,1387844
101465,820,0,CVR017_001,1388664
101466,812,0,CVR017_001,1389476
101467,820,0,CVR017_001,1390296
101468,836,0,CVR017_001,1391132
101469,844,0,CVR017_001,1391976
101470,852,0,CVR017_001,1392828
101471,828,0,CVR017_001,1393656
101472,812,0,CVR017_001,1394468
101473,820,0,CVR017_001,1395288
101474,824,0,CVR017_001,1396112
101475,836,0,CVR017_001,1396948
101476,820,0,CVR017_001,1397768
101477,828,0,CVR017_001,1398596
101478,840,0,CVR017_001,1399436
101479,876,0,CVR017_001,1400312
101480,896,0,CVR017_001,1401208
101481,880,0,CVR017_001,1402088
101482,868,0,CVR017_001,1402956
101483,868,0,CVR017_001,1403824
101484,856,0,CVR017_001,1404680
101485,824,0,CVR017_001,1405504
101486,820,0,CVR017_001,1406324
101487,848,0,CVR017_001,1407172
101488,872,0,CVR017_001,1408044
101489,868,0,CVR017_001,1408912
101490,840,0,CVR017_001,1409752
101491,824,0,CVR017_001,1410576
101492,792,0,CVR017_001,1411368
101493,816,0,CVR017_001,1412184
101494,828,0,CVR017_001,1413012
101495,844,0,CVR017_001,1413856
101496,856,0,CVR017_001,1414712
101497,844,0,CVR017_001,1415556
101498,832,0,CVR017_001,1416388
101499,864,0,CVR017_001,1417252
101500,900,0,CVR017_001,1418152
101501,932,0,CVR017_001,1419084
101502,888,0,CVR017_001,1419972
101503,896,0,CVR017_001,1420868
101504,932,0,CVR017_001,1421800
101505,948,0,CVR017_001,1422748
101506,940,0,CVR017_001,1423688
101507,948,0,CVR017_001,1424636
101508,932,0,CVR017_001,1425568
101509,904,0,CVR017_001,1426472
101510,908,0,CVR017_001,1427380
101511,916,0,CVR017_001,1428296
101512,884,0,CVR017_001,1429180
101513,888,0,CVR017_001,1430068
101514,868,0,CVR017_001,1430936
101515,844,0,CVR017_001,1431780
101516,816,0,CVR017_001,1432596
101517,828,0,CVR017_001,1433424
101518,848,0,CVR017_001,1434272
101519,880,0,CVR017_001,1435152
101520,864,0,CVR017_001,1436016
101521,840,0,CVR017_001,1436856
101522,812,0,CVR017_001,1437668
101523,820,0,CVR017_001,1438488
101524,852,0,CVR017_001,1439340
101525,856,0,CVR017_001,1440196
101526,884,0,CVR017_001,1441080
101527,880,0,CVR017_001,1441960
101528,852,0,CVR017_001,1442812
101529,852,0,CVR017_001,1443664
101530,876,0,CVR017_001,1444540
101531,880,0,CVR017_001,1445420
101532,840,0,CVR017_001,1446260
101533,816,0,CVR017_001,1447076
101534,816,0,CVR017_001,1447892
101535,828,0,CVR017_001,1448720
101536,856,0,CVR017_001,1449576
101537,872,0,CVR017_001,1450448
101538,876,0,CVR017_001,1451324
101539,840,0,CVR017_001,1452164
101540,856,0,CVR017_001,1453020
101541,872,0,CVR017_001,1453892
101542,864,0,CVR017_001,1454756
101543,840,0,CVR017_001,1455596
101544,804,0,CVR017_001,1456400
101545,808,0,CVR017_001,1457208
101546,828,0,CVR017_001,1458036
101547,852,0,CVR017_001,1458888
101548,884,0,CVR017_001,1459772
101549,860,0,CVR017_001,1460632
101550,848,0,CVR017_001,1461480
101551,868,0,CVR017_001,1462348
101552,868,0,CVR017_001,1463216
101553,824,0,CVR017_001,1464040
101554,812,0,CVR017_001,1464852
101555,856,0,CVR017_001,1465708
101556,868,0,CVR017_001,1466576
101557,852,0,CVR017_001,1467428
101558,808,0,CVR017_001,1468236
101559,788,0,CVR017_001,1469024
101560,772,0,CVR017_001,1469796
101561,780,0,CVR017_001,1470576
101562,780,0,CVR017_001,1471356
101563,784,0,CVR017_001,1472140
101564,788,0,CVR017_001,1472928
101565,784,0,CVR017_001,1473712
101566,780,0,CVR017_001,1474492
101567,800,0,CVR017_001,1475292
101568,824,0,CVR017_001,1476116
101569,836,0,CVR017_001,1476952
101570,832,0,CVR017_001,1477784
101571,828,0,CVR017_001,1478612
101572,824,0,CVR017_001,1479436
101573,840,0,CVR017_001,1480276
101574,864,0,CVR017_001,1481140
101575,864,0,CVR017_001,1482004
101576,844,0,CVR017_001,1482848
101577,840,0,CVR017_001,1483688
101578,444,0,CVR017_001,1484132
101579,1104,0,CVR017_001,1485236
101580,892,0,CVR017_001,1486128
101581,840,0,CVR017_001,1486968
101582,824,0,CVR017_001,1487792
101583,840,0,CVR017_001,1488632
101584,528,0,CVR017_001,1489160
101585,1128,0,CVR017_001,1490288
101586,904,0,CVR017_001,1491192
101587,828,0,CVR017_001,1492020
101588,804,0,CVR017_001,1492824
101589,796,0,CVR017_001,1493620
101590,800,0,CVR017_001,1494420
101591,804,0,CVR017_001,1495224
101592,796,0,CVR017_001,1496020
101593,800,0,CVR017_001,1496820
101594,820,0,CVR017_001,1497640
101595,828,0,CVR017_001,1498468
101596,836,0,CVR017_001,1499304
101597,832,0,CVR017_001,1500136
101598,820,0,CVR017_001,1500956
101599,824,0,CVR017_001,1501780
101600,836,0,CVR017_001,1502616
101601,808,0,CVR017_001,1503424
101602,800,0,CVR017_001,1504224
101603,800,0,CVR017_001,1505024
101604,816,0,CVR017_001,1505840
101605,828,0,CVR017_001,1506668
101606,816,0,CVR017_001,1507484
101607,816,0,CVR017_001,1508300
101608,804,0,CVR017_001,1509104
101609,828,0,CVR017_001,1509932
101610,836,0,CVR017_001,1510768
101611,852,0,CVR017_001,1511620
101612,832,0,CVR017_001,1512452
101613,812,0,CVR017_001,1513264
101614,828,0,CVR017_001,1514092
101615,840,0,CVR017_001,1514932
101616,868,0,CVR017_001,1515800
101617,864,0,CVR017_001,1516664
101618,824,0,CVR017_001,1517488
101619,808,0,CVR017_001,1518296
101620,816,0,CVR017_001,1519112
101621,824,0,CVR017_001,1519936
101622,848,0,CVR017_001,1520784
101623,844,0,CVR017_001,1521628
101624,864,0,CVR017_001,1522492
101625,844,0,CVR017_001,1523336
101626,820,0,CVR017_001,1524156
101627,820,0,CVR017_001,1524976
101628,820,0,CVR017_001,1525796
101629,836,0,CVR017_001,1526632
101630,852,0,CVR017_001,1527484
101631,832,0,CVR017_001,1528316
101632,820,0,CVR017_001,1529136
101633,844,0,CVR017_001,1529980
101634,908,0,CVR017_001,1530888
101635,812,0,CVR017_001,1531700
101636,852,0,CVR017_001,1532552
101637,816,0,CVR017_001,1533368
101638,812,0,CVR017_001,1534180
101639,832,0,CVR017_001,1535012
101640,832,0,CVR017_001,1535844
101641,816,0,CVR017_001,1536660
101642,808,0,CVR017_001,1537468
101643,804,0,CVR017_001,1538272
101644,784,0,CVR017_001,1539056
101645,832,0,CVR017_001,1539888
101646,816,0,CVR017_001,1540704
101647,820,0,CVR017_001,1541524
101648,796,0,CVR017_001,1542320
101649,804,0,CVR017_001,1543124
101650,844,0,CVR017_001,1543968
101651,932,0,CVR017_001,1544900
101652,868,0,CVR017_001,1545768
101653,916,0,CVR017_001,1546684
101654,852,0,CVR017_001,1547536
101655,844,0,CVR017_001,1548380
101656,848,0,CVR017_001,1549228
101657,864,0,CVR017_001,1550092
101658,868,0,CVR017_001,1550960
101659,880,0,CVR017_001,1551840
101660,872,0,CVR017_001,1552712
101661,856,0,CVR017_001,1553568
101662,852,0,CVR017_001,1554420
101663,840,0,CVR017_001,1555260
101664,836,0,CVR017_001,1556096
101665,820,0,CVR017_001,1556916
101666,824,0,CVR017_001,1557740
101667,824,0,CVR017_001,1558564
101668,844,0,CVR017_001,1559408
101669,852,0,CVR017_001,1560260
101670,812,0,CVR017_001,1561072
101671,804,0,CVR017_001,1561876
101672,812,0,CVR017_001,1562688
101673,816,0,CVR017_001,1563504
101674,816,0,CVR017_001,1564320
101675,800,0,CVR017_001,1565120
101676,792,0,CVR017_001,1565912
101677,796,0,CVR017_001,1566708
101678,800,0,CVR017_001,1567508
101679,816,0,CVR017_001,1568324
101680,812,0,CVR017_001,1569136
101681,796,0,CVR017_001,1569932
101682,800,0,CVR017_001,1570732
101683,800,0,CVR017_001,1571532
101684,808,0,CVR017_001,1572340
101685,796,0,CVR017_001,1573136
101686,784,0,CVR017_001,1573920
101687,780,0,CVR017_001,1574700
101688,784,0,CVR017_001,1575484
101689,788,0,CVR017_001,1576272
101690,796,0,CVR017_001,1577068
101691,800,0,CVR017_001,1577868
101692,796,0,CVR017_001,1578664
101693,808,0,CVR017_001,1579472
101694,816,0,CVR017_001,1580288
101695,816,0,CVR017_001,1581104
101696,804,0,CVR017_001,1581908
101697,792,0,CVR017_001,1582700
101698,804,0,CVR017_001,1583504
101699,820,0,CVR017_001,1584324
101700,808,0,CVR017_001,1585132
101701,800,0,CVR017_001,1585932
101702,812,0,CVR017_001,1586744
101703,832,0,CVR017_001,1587576
101704,852,0,CVR017_001,1588428
101705,832,0,CVR017_001,1589260
101706,804,0,CVR017_001,1590064
101707,780,0,CVR017_001,1590844
101708,788,0,CVR017_001,1591632
101709,792,0,CVR017_001,1592424
101710,800,0,CVR017_001,1593224
101711,808,0,CVR017_001,1594032
101712,792,0,CVR017_001,1594824
101713,804,0,CVR017_001,1595628
101714,824,0,CVR017_001,1596452
101715,836,0,CVR017_001,1597288
101716,828,0,CVR017_001,1598116
101717,816,0,CVR017_001,1598932
101718,812,0,CVR017_001,1599744
101719,816,0,CVR017_001,1600560
101720,812,0,CVR017_001,1601372
101721,804,0,CVR017_001,1602176
101722,792,0,CVR017_001,1602968
101723,452,0,CVR017_001,1603420
101724,1064,0,CVR017_001,1604484
101725,804,0,CVR017_001,1605288
101726,784,0,CVR017_001,1606072
101727,512,0,CVR017_001,1606584
101728,1064,0,CVR017_001,1607648
101729,800,0,CVR017_001,1608448
101730,804,0,CVR017_001,1609252
101731,792,0,CVR017_001,1610044
101732,796,0,CVR017_001,1610840
101733,808,0,CVR017_001,1611648
101734,840,0,CVR017_001,1612488
101735,824,0,CVR017_001,1613312
101736,832,0,CVR017_001,1614144
101737,832,0,CVR017_001,1614976
101738,856,0,CVR017_001,1615832
101739,860,0,CVR017_001,1616692
101740,864,0,CVR017_001,1617556
101741,836,0,CVR017_001,1618392
101742,832,0,CVR017_001,1619224
101743,836,0,CVR017_001,1620060
101744,832,0,CVR017_001,1620892
101745,848,0,CVR017_001,1621740
101746,812,0,CVR017_001,1622552
101747,828,0,CVR017_001,1623380
101748,824,0,CVR017_001,1624204
101749,832,0,CVR017_001,1625036
101750,820,0,CVR017_001,1625856
101751,816,0,CVR017_001,1626672
101752,836,0,CVR017_001,1627508
101753,848,0,CVR017_001,1628356
101754,836,0,CVR017_001,1629192
101755,816,0,CVR017_001,1630008
101756,816,0,CVR017_001,1630824
101757,824,0,CVR017_001,1631648
101758,816,0,CVR017_001,1632464
101759,824,0,CVR017_001,1633288
101760,796,0,CVR017_001,1634084
101761,800,0,CVR017_001,1634884
101762,784,0,CVR017_001,1635668
101763,792,0,CVR017_001,1636460
101764,784,0,CVR017_001,1637244
101765,800,0,CVR017_001,1638044
101766,808,0,CVR017_001,1638852
101767,800,0,CVR017_001,1639652
101768,792,0,CVR017_001,1640444
101769,800,0,CVR017_001,1641244
101770,824,0,CVR017_001,1642068
101771,812,0,CVR017_001,1642880
101772,804,0,CVR017_001,1643684
101773,792,0,CVR017_001,1644476
101774,772,0,CVR017_001,1645248
101775,760,0,CVR017_001,1646008
101776,768,0,CVR017_001,1646776
101777,780,0,CVR017_001,1647556
101778,784,0,CVR017_001,1648340
101779,780,0,CVR017_001,1649120
101780,788,0,CVR017_001,1649908
101781,812,0,CVR017_001,1650720
101782,824,0,CVR017_001,1651544
101783,828,0,CVR017_001,1652372
101784,820,0,CVR017_001,1653192
101785,828,0,CVR017_001,1654020
101786,832,0,CVR017_001,1654852
101787,828,0,CVR017_001,1655680
101788,804,0,CVR017_001,1656484
101789,816,0,CVR017_001,1657300
101790,816,0,CVR017_001,1658116
101791,844,0,CVR017_001,1658960
101792,828,0,CVR017_001,1659788
101793,840,0,CVR017_001,1660628
101794,848,0,CVR017_001,1661476
101795,848,0,CVR017_001,1662324
101796,836,0,CVR017_001,1663160
101797,828,0,CVR017_001,1663988
101798,852,0,CVR017_001,1664840
101799,852,0,CVR017_001,1665692
101800,828,0,CVR017_001,1666520
101801,840,0,CVR017_001,1667360
101802,836,0,CVR017_001,1668196
101803,824,0,CVR017_001,1669020
101804,808,0,CVR017_001,1669828
101805,804,0,CVR017_001,1670632
101806,808,0,CVR017_001,1671440
101807,812,0,CVR017_001,1672252
101808,808,0,CVR017_001,1673060
101809,808,0,CVR017_001,1673868
101810,808,0,CVR017_001,1674676
101811,820,0,CVR017_001,1675496
101812,820,0,CVR017_001,1676316
101813,848,0,CVR017_001,1677164
101814,856,0,CVR017_001,1678020
101815,844,0,CVR017_001,1678864
101816,840,0,CVR017_001,1679704
101817,852,0,CVR017_001,1680556
101818,832,0,CVR017_001,1681388
101819,840,0,CVR017_001,1682228
101820,852,0,CVR017_001,1683080
101821,856,0,CVR017_001,1683936
101822,848,0,CVR017_001,1684784
101823,844,0,CVR017_001,1685628
101824,840,0,CVR017_001,1686468
101825,836,0,CVR017_001,1687304
101826,820,0,CVR017_001,1688124
101827,832,0,CVR017_001,1688956
101828,832,0,CVR017_001,1689788
101829,836,0,CVR017_001,1690624
101830,820,0,CVR017_001,1691444
101831,832,0,CVR017_001,1692276
101832,848,0,CVR017_001,1693124
101833,864,0,CVR017_001,1693988
101834,856,0,CVR017_001,1694844
101835,836,0,CVR017_001,1695680
101836,828,0,CVR017_001,1696508
101837,808,0,CVR017_001,1697316
101838,784,0,CVR017_001,1698100
101839,788,0,CVR017_001,1698888
101840,788,0,CVR017_001,1699676
101841,800,0,CVR017_001,1700476
101842,784,0,CVR017_001,1701260
101843,796,0,CVR017_001,1702056
101844,808,0,CVR017_001,1702864
101845,828,0,CVR017_001,1703692
101846,804,0,CVR017_001,1704496
101847,788,0,CVR017_001,1705284
101848,788,0,CVR017_001,1706072
101849,796,0,CVR017_001,1706868
101850,796,0,CVR017_001,1707664
101851,780,0,CVR017_001,1708444
101852,784,0,CVR017_001,1709228
101853,792,0,CVR017_001,1710020
101854,816,0,CVR017_001,1710836
101855,840,0,CVR017_001,1711676
101856,824,0,CVR017_001,1712500
101857,828,0,CVR017_001,1713328
101858,840,0,CVR017_001,1714168
101859,824,0,CVR017_001,1714992
101860,820,0,CVR017_001,1715812
101861,796,0,CVR017_001,1716608
101862,812,0,CVR017_001,1717420
101863,824,0,CVR017_001,1718244
101864,832,0,CVR017_001,1719076
101865,816,0,CVR017_001,1719892
101866,824,0,CVR017_001,1720716
101867,824,0,CVR017_001,1721540
101868,840,0,CVR017_001,1722380
101869,828,0,CVR017_001,1723208
101870,816,0,CVR017_001,1724024
101871,820,0,CVR017_001,1724844
101872,828,0,CVR017_001,1725672
101873,828,0,CVR017_001,1726500
101874,816,0,CVR017_001,1727316
101875,812,0,CVR017_001,1728128
101876,804,0,CVR017_001,1728932
101877,792,0,CVR017_001,1729724
101878,792,0,CVR017_001,1730516
101879,796,0,CVR017_001,1731312
101880,824,0,CVR017_001,1732136
101881,844,0,CVR017_001,1732980
101882,820,0,CVR017_001,1733800
101883,808,0,CVR017_001,1734608
101884,824,0,CVR017_001,1735432
101885,824,0,CVR017_001,1736256
101886,828,0,CVR017_001,1737084
101887,812,0,CVR017_001,1737896
101888,824,0,CVR017_001,1738720
101889,836,0,CVR017_001,1739556
101890,852,0,CVR017_001,1740408
101891,832,0,CVR017_001,1741240
101892,832,0,CVR017_001,1742072
101893,848,0,CVR017_001,1742920
101894,860,0,CVR017_001,1743780
101895,848,0,CVR017_001,1744628
101896,840,0,CVR017_001,1745468
101897,516,0,CVR017_001,1745984
101898,1116,0,CVR017_001,1747100
101899,836,0,CVR017_001,1747936
101900,824,0,CVR017_001,1748760
101901,520,0,CVR017_001,1749280
101902,1096,0,CVR017_001,1750376
101903,864,0,CVR017_001,1751240
101904,852,0,CVR017_001,1752092
101905,556,0,CVR017_001,1752648
101906,1108,0,CVR017_001,1753756
101907,852,0,CVR017_001,1754608
101908,856,0,CVR017_001,1755464
101909,836,0,CVR017_001,1756300
101910,816,0,CVR017_001,1757116
101911,772,0,CVR017_001,1757888
101912,788,0,CVR017_001,1758676
101913,792,0,CVR017_001,1759468
101914,812,0,CVR017_001,1760280
101915,812,0,CVR017_001,1761092
101916,816,0,CVR017_001,1761908
101917,824,0,CVR017_001,1762732
101918,840,0,CVR017_001,1763572
101919,836,0,CVR017_001,1764408
101920,840,0,CVR017_001,1765248
101921,832,0,CVR017_001,1766080
101922,804,0,CVR017_001,1766884
101923,832,0,CVR017_001,1767716
101924,800,0,CVR017_001,1768516
101925,1172,0,CVR017_001,1769688
101926,152,0,CVR017_001,1769840
101927,156,0,CVR017_001,1769996
101928,716,0,CVR017_001,1770712
101929,1212,0,CVR017_001,1771924
101930,288,0,CVR017_001,1772212
101931,172,0,CVR017_001,1772384
101932,452,0,CVR017_001,1772836
101933,256,0,CVR017_001,1773092
101934,220,0,CVR017_001,1773312
101935,764,0,CVR017_001,1774076
101936,1280,0,CVR017_001,1775356
101937,588,0,CVR017_001,1775944
101938,48,0,CVR017_001,1775992
101939,680,0,CVR017_001,1776672
101940,564,0,CVR017_001,1777236
101941,336,0,CVR017_001,1777572
101942,280,0,CVR017_001,1777852
101943,608,0,CVR017_001,1778460
101944,612,0,CVR017_001,1779072
101945,564,0,CVR017_001,1779636
101946,40,0,CVR017_001,1779676
101947,300,0,CVR017_001,1779976
101948,304,0,CVR017_001,1780280
101949,168,0,CVR017_001,1780448
101950,440,0,CVR017_001,1780888
101951,612,0,CVR017_001,1781500
101952,616,0,CVR017_001,1782116
101953,1280,0,CVR017_001,1783396
101954,680,0,CVR017_001,1784076
101955,740,0,CVR017_001,1784816
101956,756,0,CVR017_001,1785572
101957,440,0,CVR017_001,1786012
101958,1200,0,CVR017_001,1787212
101959,864,0,CVR017_001,1788076
101960,852,0,CVR017_001,1788928
101961,888,0,CVR017_001,1789816
101962,888,0,CVR017_001,1790704
101963,888,0,CVR017_001,1791592
101964,892,0,CVR017_001,1792484
101965,876,0,CVR017_001,1793360
101966,904,0,CVR017_001,1794264
101967,720,0,CVR017_001,1794984
101968,756,0,CVR017_001,1795740
101969,716,0,CVR017_001,1796456
101970,692,0,CVR017_001,1797148
101971,700,0,CVR017_001,1797848
101972,756,0,CVR017_001,1798604
101973,812,0,CVR017_001,1799416
101974,852,0,CVR017_001,1800268
101975,812,0,CVR017_001,1801080
101976,808,0,CVR017_001,1801888
101977,812,0,CVR017_001,1802700
101978,824,0,CVR017_001,1803524
101979,776,0,CVR017_001,1804300
101980,764,0,CVR017_001,1805064
101981,784,0,CVR017_001,1805848
101982,796,0,CVR017_001,1806644
101983,820,0,CVR017_001,1807464
101984,784,0,CVR017_001,1808248
101985,788,0,CVR017_001,1809036
101986,672,0,CVR017_001,1809708
101987,724,0,CVR017_001,1810432
101988,2324,0,CVR017_001,1812756
101989,812,0,CVR017_001,1813568
101990,808,0,CVR017_001,1814376
101991,800,0,CVR017_001,1815176
101992,780,0,CVR017_001,1815956
101993,788,0,CVR017_001,1816744
101994,816,0,CVR017_001,1817560
101995,836,0,CVR017_001,1818396
101996,860,0,CVR017_001,1819256
101997,844,0,CVR017_001,1820100
101998,576,0,CVR017_001,1820676
101999,240,0,CVR017_001,1820916
102000,820,0,CVR017_001,1821736
102001,820,0,CVR017_001,1822556
102002,824,0,CVR017_001,1823380
102003,824,0,CVR017_001,1824204
102004,800,0,CVR017_001,1825004
102005,780,0,CVR017_001,1825784
102006,784,0,CVR017_001,1826568
102007,772,0,CVR017_001,1827340
102008,760,0,CVR017_001,1828100
102009,732,0,CVR017_001,1828832
102010,740,0,CVR017_001,1829572
102011,752,0,CVR017_001,1830324
102012,776,0,CVR017_001,1831100
102013,792,0,CVR017_001,1831892
102014,788,0,CVR017_001,1832680
102015,772,0,CVR017_001,1833452
102016,812,0,CVR017_001,1834264
102017,824,0,CVR017_001,1835088
102018,820,0,CVR017_001,1835908
102019,812,0,CVR017_001,1836720
102020,808,0,CVR017_001,1837528
102021,780,0,CVR017_001,1838308
102022,780,0,CVR017_001,1839088
102023,780,0,CVR017_001,1839868
102024,784,0,CVR017_001,1840652
102025,784,0,CVR017_001,1841436
102026,780,0,CVR017_001,1842216
102027,836,1,CVR017_001,1843052
102028,716,0,CVR017_001,1843768
102029,796,0,CVR017_001,1844564
102030,796,0,CVR017_001,1845360
102031,808,0,CVR017_001,1846168
102032,784,0,CVR017_001,1846952
102033,756,0,CVR017_001,1847708
102034,724,0,CVR017_001,1848432
102035,716,0,CVR017_001,1849148
102036,724,0,CVR017_001,1849872
102037,800,0,CVR017_001,1850672
102038,696,0,CVR017_001,1851368
102039,776,0,CVR017_001,1852144
102040,772,0,CVR017_001,1852916
102041,760,0,CVR017_001,1853676
102042,788,0,CVR017_001,1854464
102043,780,0,CVR017_001,1855244
102044,784,0,CVR017_001,1856028
102045,788,0,CVR017_001,1856816
102046,828,0,CVR017_001,1857644
102047,740,0,CVR017_001,1858384
102048,804,0,CVR017_001,1859188
102049,860,0,CVR017_001,1860048
102050,720,0,CVR017_001,1860768
102051,724,0,CVR017_001,1861492
102052,720,0,CVR017_001,1862212
102053,708,0,CVR017_001,1862920
102054,716,0,CVR017_001,1863636
102055,736,0,CVR017_001,1864372
102056,740,0,CVR017_001,1865112
102057,764,0,CVR017_001,1865876
102058,780,0,CVR017_001,1866656
102059,732,0,CVR017_001,1867388
102060,256,0,CVR017_001,1867644
102061,648,0,CVR017_001,1868292
102062,416,0,CVR017_001,1868708
102063,276,0,CVR017_001,1868984
102064,416,0,CVR017_001,1869400
102065,404,0,CVR017_001,1869804
102066,640,0,CVR017_001,1870444
102067,216,0,CVR017_001,1870660
102068,368,0,CVR017_001,1871028
102069,312,0,CVR017_001,1871340
102070,644,0,CVR017_001,1871984
102071,684,0,CVR017_001,1872668
102072,1312,0,CVR017_001,1873980
102073,396,0,CVR017_001,1874376
102074,900,0,CVR017_001,1875276
102075,448,0,CVR017_001,1875724
102076,384,0,CVR017_001,1876108
102077,464,0,CVR017_001,1876572
102078,212,0,CVR017_001,1876784
102079,712,0,CVR017_001,1877496
102080,528,0,CVR017_001,1878024
102081,856,0,CVR017_005,856
102082,744,0,CVR017_005,1600
102083,1584,0,CVR017_005,3184
102084,808,0,CVR017_005,3992
102085,820,0,CVR017_005,4812
102086,784,0,CVR017_005,5596
102087,768,0,CVR017_005,6364
102088,764,0,CVR017_005,7128
102089,736,0,CVR017_005,7864
102090,728,0,CVR017_005,8592
102091,740,0,CVR017_005,9332
102092,756,0,CVR017_005,10088
102093,784,0,CVR017_005,10872
102094,800,0,CVR017_005,11672
102095,776,0,CVR017_005,12448
102096,780,0,CVR017_005,13228
102097,800,0,CVR017_005,14028
102098,792,0,CVR017_005,14820
102099,792,0,CVR017_005,15612
102100,808,0,CVR017_005,16420
102101,812,0,CVR017_005,17232
102102,804,0,CVR017_005,18036
102103,776,0,CVR017_005,18812
102104,772,0,CVR017_005,19584
102105,772,0,CVR017_005,20356
102106,772,0,CVR017_005,21128
102107,748,0,CVR017_005,21876
102108,744,0,CVR017_005,22620
102109,764,0,CVR017_005,23384
102110,780,0,CVR017_005,24164
102111,792,0,CVR017_005,24956
102112,780,0,CVR017_005,25736
102113,828,1,CVR017_005,26564
102114,736,0,CVR017_005,27300
102115,788,0,CVR017_005,28088
102116,796,0,CVR017_005,28884
102117,784,0,CVR017_005,29668
102118,752,0,CVR017_005,30420
102119,748,0,CVR017_005,31168
102120,748,0,CVR017_005,31916
102121,748,0,CVR017_005,32664
102122,732,0,CVR017_005,33396
102123,736,0,CVR017_005,34132
102124,740,0,CVR017_005,34872
102125,736,0,CVR017_005,35608
102126,732,0,CVR017_005,36340
102127,720,0,CVR017_005,37060
102128,724,0,CVR017_005,37784
102129,740,0,CVR017_005,38524
102130,752,0,CVR017_005,39276
102131,752,0,CVR017_005,40028
102132,740,0,CVR017_005,40768
102133,796,1,CVR017_005,41564
102134,688,0,CVR017_005,42252
102135,752,0,CVR017_005,43004
102136,752,0,CVR017_005,43756
102137,736,0,CVR017_005,44492
102138,740,0,CVR017_005,45232
102139,748,0,CVR017_005,45980
102140,760,0,CVR017_005,46740
102141,828,1,CVR017_005,47568
102142,724,0,CVR017_005,48292
102143,756,0,CVR017_005,49048
102144,740,0,CVR017_005,49788
102145,792,1,CVR017_005,50580
102146,696,0,CVR017_005,51276
102147,748,0,CVR017_005,52024
102148,756,0,CVR017_005,52780
102149,1480,0,CVR017_005,54260
102150,724,0,CVR017_005,54984
102151,720,0,CVR017_005,55704
102152,732,0,CVR017_005,56436
102153,748,0,CVR017_005,57184
102154,772,0,CVR017_005,57956
102155,776,0,CVR017_005,58732
102156,748,0,CVR017_005,59480
102157,748,0,CVR017_005,60228
102158,756,0,CVR017_005,60984
102159,768,0,CVR017_005,61752
102160,1516,0,CVR017_005,63268
102161,744,0,CVR017_005,64012
102162,744,0,CVR017_005,64756
102163,744,0,CVR017_005,65500
102164,744,0,CVR017_005,66244
102165,728,0,CVR017_005,66972
102166,720,0,CVR017_005,67692
102167,732,0,CVR017_005,68424
102168,756,0,CVR017_005,69180
102169,772,0,CVR017_005,69952
102170,772,0,CVR017_005,70724
102171,768,0,CVR017_005,71492
102172,748,0,CVR017_005,72240
102173,736,0,CVR017_005,72976
102174,740,0,CVR017_005,73716
102175,736,0,CVR017_005,74452
102176,744,0,CVR017_005,75196
102177,744,0,CVR017_005,75940
102178,724,0,CVR017_005,76664
102179,720,0,CVR017_005,77384
102180,728,0,CVR017_005,78112
102181,740,0,CVR017_005,78852
102182,752,0,CVR017_005,79604
102183,756,0,CVR017_005,80360
102184,744,0,CVR017_005,81104
102185,752,0,CVR017_005,81856
102186,752,0,CVR017_005,82608
102187,756,0,CVR017_005,83364
102188,744,0,CVR017_005,84108
102189,732,0,CVR017_005,84840
102190,724,0,CVR017_005,85564
102191,740,0,CVR017_005,86304
102192,764,0,CVR017_005,87068
102193,760,0,CVR017_005,87828
102194,724,0,CVR017_005,88552
102195,712,0,CVR017_005,89264
102196,712,0,CVR017_005,89976
102197,720,0,CVR017_005,90696
102198,720,0,CVR017_005,91416
102199,720,0,CVR017_005,92136
102200,720,0,CVR017_005,92856
102201,704,0,CVR017_005,93560
102202,696,0,CVR017_005,94256
102203,696,0,CVR017_005,94952
102204,528,0,CVR017_005,95480
102205,868,0,CVR017_005,96348
102206,700,0,CVR017_005,97048
102207,704,0,CVR017_005,97752
102208,716,0,CVR017_005,98468
102209,724,0,CVR017_005,99192
102210,736,0,CVR017_005,99928
102211,744,0,CVR017_005,100672
102212,744,0,CVR017_005,101416
102213,768,0,CVR017_005,102184
102214,436,0,CVR017_005,102620
102215,1708,0,CVR017_005,104328
102216,748,0,CVR017_005,105076
102217,520,0,CVR017_005,105596
102218,912,0,CVR017_005,106508
102219,744,0,CVR017_005,107252
102220,752,0,CVR017_005,108004
102221,744,0,CVR017_005,108748
102222,756,0,CVR017_005,109504
102223,772,0,CVR017_005,110276
102224,820,0,CVR017_005,111096
102225,840,0,CVR017_005,111936
102226,820,0,CVR017_005,112756
102227,824,0,CVR017_005,113580
102228,816,0,CVR017_005,114396
102229,840,0,CVR017_005,115236
102230,800,0,CVR017_005,116036
102231,780,0,CVR017_005,116816
102232,792,0,CVR017_005,117608
102233,780,0,CVR017_005,118388
102234,760,0,CVR017_005,119148
102235,764,0,CVR017_005,119912
102236,768,0,CVR017_005,120680
102237,772,0,CVR017_005,121452
102238,788,0,CVR017_005,122240
102239,396,0,CVR017_005,122636
102240,384,0,CVR017_005,123020
102241,744,0,CVR017_005,123764
102242,752,0,CVR017_005,124516
102243,732,0,CVR017_005,125248
102244,728,0,CVR017_005,125976
102245,732,0,CVR017_005,126708
102246,720,0,CVR017_005,127428
102247,704,0,CVR017_005,128132
102248,696,0,CVR017_005,128828
102249,680,0,CVR017_005,129508
102250,716,1,CVR017_005,130224
102251,608,0,CVR017_005,130832
102252,648,0,CVR017_005,131480
102253,644,0,CVR017_005,132124
102254,692,0,CVR017_005,132816
102255,172,0,CVR017_005,132988
102256,400,0,CVR017_005,133388
102257,628,0,CVR017_005,134016
102258,684,0,CVR017_005,134700
102259,568,0,CVR017_005,135268
102260,628,0,CVR017_005,135896
102261,628,0,CVR017_005,136524
102262,624,0,CVR017_005,137148
102263,624,0,CVR017_005,137772
102264,624,0,CVR017_005,138396
102265,640,0,CVR017_005,139036
102266,644,0,CVR017_005,139680
102267,660,0,CVR017_005,140340
102268,672,0,CVR017_005,141012
102269,688,0,CVR017_005,141700
102270,712,0,CVR017_005,142412
102271,744,0,CVR017_005,143156
102272,744,0,CVR017_005,143900
102273,764,0,CVR017_005,144664
102274,824,0,CVR017_005,145488
102275,844,0,CVR017_005,146332
102276,880,0,CVR017_005,147212
102277,888,0,CVR017_005,148100
102278,856,0,CVR017_005,148956
102279,840,0,CVR017_005,149796
102280,836,0,CVR017_005,150632
102281,856,0,CVR017_005,151488
102282,864,0,CVR017_005,152352
102283,844,0,CVR017_005,153196
102284,832,0,CVR017_005,154028
102285,836,0,CVR017_005,154864
102286,836,0,CVR017_005,155700
102287,828,0,CVR017_005,156528
102288,820,0,CVR017_005,157348
102289,800,0,CVR017_005,158148
102290,816,0,CVR017_005,158964
102291,812,0,CVR017_005,159776
102292,796,0,CVR017_005,160572
102293,780,0,CVR017_005,161352
102294,800,0,CVR017_005,162152
102295,804,0,CVR017_005,162956
102296,788,0,CVR017_005,163744
102297,776,0,CVR017_005,164520
102298,804,0,CVR017_005,165324
102299,796,0,CVR017_005,166120
102300,780,0,CVR017_005,166900
102301,764,0,CVR017_005,167664
102302,772,0,CVR017_005,168436
102303,804,0,CVR017_005,169240
102304,788,0,CVR017_005,170028
102305,780,0,CVR017_005,170808
102306,792,0,CVR017_005,171600
102307,808,0,CVR017_005,172408
102308,796,0,CVR017_005,173204
102309,804,0,CVR017_005,174008
102310,812,0,CVR017_005,174820
102311,804,0,CVR017_005,175624
102312,808,0,CVR017_005,176432
102313,824,0,CVR017_005,177256
102314,808,0,CVR017_005,178064
102315,820,0,CVR017_005,178884
102316,828,0,CVR017_005,179712
102317,812,0,CVR017_005,180524
102318,816,0,CVR017_005,181340
102319,824,0,CVR017_005,182164
102320,804,0,CVR017_005,182968
102321,796,0,CVR017_005,183764
102322,788,0,CVR017_005,184552
102323,780,0,CVR017_005,185332
102324,776,0,CVR017_005,186108
102325,784,0,CVR017_005,186892
102326,788,0,CVR017_005,187680
102327,832,1,CVR017_005,188512
102328,712,0,CVR017_005,189224
102329,760,0,CVR017_005,189984
102330,764,0,CVR017_005,190748
102331,776,0,CVR017_005,191524
102332,796,0,CVR017_005,192320
102333,784,0,CVR017_005,193104
102334,792,0,CVR017_005,193896
102335,804,0,CVR017_005,194700
102336,800,0,CVR017_005,195500
102337,808,0,CVR017_005,196308
102338,824,0,CVR017_005,197132
102339,832,0,CVR017_005,197964
102340,820,0,CVR017_005,198784
102341,820,0,CVR017_005,199604
102342,856,0,CVR017_005,200460
102343,868,0,CVR017_005,201328
102344,840,0,CVR017_005,202168
102345,832,0,CVR017_005,203000
102346,804,0,CVR017_005,203804
102347,768,0,CVR017_005,204572
102348,772,0,CVR017_005,205344
102349,820,0,CVR017_005,206164
102350,836,0,CVR017_005,207000
102351,836,0,CVR017_005,207836
102352,852,0,CVR017_005,208688
102353,856,0,CVR017_005,209544
102354,840,0,CVR017_005,210384
102355,820,0,CVR017_005,211204
102356,808,0,CVR017_005,212012
102357,808,0,CVR017_005,212820
102358,808,0,CVR017_005,213628
102359,840,0,CVR017_005,214468
102360,832,0,CVR017_005,215300
102361,816,0,CVR017_005,216116
102362,824,0,CVR017_005,216940
102363,872,0,CVR017_005,217812
102364,892,0,CVR017_005,218704
102365,908,0,CVR017_005,219612
102366,896,0,CVR017_005,220508
102367,836,0,CVR017_005,221344
102368,812,0,CVR017_005,222156
102369,808,0,CVR017_005,222964
102370,836,0,CVR017_005,223800
102371,848,0,CVR017_005,224648
102372,844,0,CVR017_005,225492
102373,832,0,CVR017_005,226324
102374,852,0,CVR017_005,227176
102375,872,0,CVR017_005,228048
102376,900,0,CVR017_005,228948
102377,876,0,CVR017_005,229824
102378,880,0,CVR017_005,230704
102379,876,0,CVR017_005,231580
102380,900,0,CVR017_005,232480
102381,848,0,CVR017_005,233328
102382,808,0,CVR017_005,234136
102383,812,0,CVR017_005,234948
102384,820,0,CVR017_005,235768
102385,812,0,CVR017_005,236580
102386,800,0,CVR017_005,237380
102387,788,0,CVR017_005,238168
102388,804,0,CVR017_005,238972
102389,820,0,CVR017_005,239792
102390,832,0,CVR017_005,240624
102391,812,0,CVR017_005,241436
102392,804,0,CVR017_005,242240
102393,812,0,CVR017_005,243052
102394,788,0,CVR017_005,243840
102395,740,0,CVR017_005,244580
102396,756,0,CVR017_005,245336
102397,768,0,CVR017_005,246104
102398,788,0,CVR017_005,246892
102399,804,0,CVR017_005,247696
102400,832,0,CVR017_005,248528
102401,840,0,CVR017_005,249368
102402,812,0,CVR017_005,250180
102403,796,0,CVR017_005,250976
102404,424,0,CVR017_005,251400
102405,1060,0,CVR017_005,252460
102406,808,0,CVR017_005,253268
102407,796,0,CVR017_005,254064
102408,496,0,CVR017_005,254560
102409,1096,0,CVR017_005,255656
102410,864,0,CVR017_005,256520
102411,864,0,CVR017_005,257384
102412,844,0,CVR017_005,258228
102413,848,0,CVR017_005,259076
102414,876,0,CVR017_005,259952
102415,908,0,CVR017_005,260860
102416,896,0,CVR017_005,261756
102417,920,0,CVR017_005,262676
102418,780,0,CVR017_005,263456
102419,856,0,CVR017_005,264312
102420,860,0,CVR017_005,265172
102421,872,0,CVR017_005,266044
102422,828,0,CVR017_005,266872
102423,828,0,CVR017_005,267700
102424,808,0,CVR017_005,268508
102425,812,0,CVR017_005,269320
102426,844,0,CVR017_005,270164
102427,852,0,CVR017_005,271016
102428,840,0,CVR017_005,271856
102429,828,0,CVR017_005,272684
102430,868,0,CVR017_005,273552
102431,880,0,CVR017_005,274432
102432,860,0,CVR017_005,275292
102433,856,0,CVR017_005,276148
102434,844,0,CVR017_005,276992
102435,852,0,CVR017_005,277844
102436,856,0,CVR017_005,278700
102437,824,0,CVR017_005,279524
102438,820,0,CVR017_005,280344
102439,836,0,CVR017_005,281180
102440,856,0,CVR017_005,282036
102441,864,0,CVR017_005,282900
102442,848,0,CVR017_005,283748
102443,832,0,CVR017_005,284580
102444,868,0,CVR017_005,285448
102445,888,0,CVR017_005,286336
102446,892,0,CVR017_005,287228
102447,880,0,CVR017_005,288108
102448,844,0,CVR017_005,288952
102449,848,0,CVR017_005,289800
102450,860,0,CVR017_005,290660
102451,860,0,CVR017_005,291520
102452,840,0,CVR017_005,292360
102453,828,0,CVR017_005,293188
102454,848,0,CVR017_005,294036
102455,864,0,CVR017_005,294900
102456,892,0,CVR017_005,295792
102457,900,0,CVR017_005,296692
102458,768,0,CVR017_005,297460
102459,820,0,CVR017_005,298280
102460,848,0,CVR017_005,299128
102461,844,0,CVR017_005,299972
102462,832,0,CVR017_005,300804
102463,804,0,CVR017_005,301608
102464,804,0,CVR017_005,302412
102465,820,0,CVR017_005,303232
102466,828,0,CVR017_005,304060
102467,852,0,CVR017_005,304912
102468,824,0,CVR017_005,305736
102469,812,0,CVR017_005,306548
102470,812,0,CVR017_005,307360
102471,828,0,CVR017_005,308188
102472,840,0,CVR017_005,309028
102473,864,0,CVR017_005,309892
102474,844,0,CVR017_005,310736
102475,844,0,CVR017_005,311580
102476,844,0,CVR017_005,312424
102477,852,0,CVR017_005,313276
102478,836,0,CVR017_005,314112
102479,840,0,CVR017_005,314952
102480,872,0,CVR017_005,315824
102481,884,0,CVR017_005,316708
102482,892,0,CVR017_005,317600
102483,852,0,CVR017_005,318452
102484,860,0,CVR017_005,319312
102485,872,0,CVR017_005,320184
102486,836,0,CVR017_005,321020
102487,840,0,CVR017_005,321860
102488,848,0,CVR017_005,322708
102489,864,0,CVR017_005,323572
102490,884,0,CVR017_005,324456
102491,868,0,CVR017_005,325324
102492,868,0,CVR017_005,326192
102493,884,0,CVR017_005,327076
102494,896,0,CVR017_005,327972
102495,888,0,CVR017_005,328860
102496,856,0,CVR017_005,329716
102497,868,0,CVR017_005,330584
102498,876,0,CVR017_005,331460
102499,868,0,CVR017_005,332328
102500,836,0,CVR017_005,333164
102501,824,0,CVR017_005,333988
102502,860,0,CVR017_005,334848
102503,876,0,CVR017_005,335724
102504,844,0,CVR017_005,336568
102505,848,0,CVR017_005,337416
102506,892,0,CVR017_005,338308
102507,888,0,CVR017_005,339196
102508,908,0,CVR017_005,340104
102509,900,0,CVR017_005,341004
102510,880,0,CVR017_005,341884
102511,896,0,CVR017_005,342780
102512,936,0,CVR017_005,343716
102513,824,0,CVR017_005,344540
102514,840,0,CVR017_005,345380
102515,828,0,CVR017_005,346208
102516,860,0,CVR017_005,347068
102517,864,0,CVR017_005,347932
102518,872,0,CVR017_005,348804
102519,828,0,CVR017_005,349632
102520,820,0,CVR017_005,350452
102521,820,0,CVR017_005,351272
102522,828,0,CVR017_005,352100
102523,804,0,CVR017_005,352904
102524,788,0,CVR017_005,353692
102525,828,0,CVR017_005,354520
102526,840,0,CVR017_005,355360
102527,800,0,CVR017_005,356160
102528,784,0,CVR017_005,356944
102529,788,0,CVR017_005,357732
102530,816,0,CVR017_005,358548
102531,828,0,CVR017_005,359376
102532,824,0,CVR017_005,360200
102533,816,0,CVR017_005,361016
102534,824,0,CVR017_005,361840
102535,844,0,CVR017_005,362684
102536,876,0,CVR017_005,363560
102537,864,0,CVR017_005,364424
102538,848,0,CVR017_005,365272
102539,868,0,CVR017_005,366140
102540,904,0,CVR017_005,367044
102541,916,0,CVR017_005,367960
102542,940,0,CVR017_005,368900
102543,908,0,CVR017_005,369808
102544,916,0,CVR017_005,370724
102545,1024,0,CVR017_005,371748
102546,888,0,CVR017_005,372636
102547,956,0,CVR017_005,373592
102548,928,0,CVR017_005,374520
102549,916,0,CVR017_005,375436
102550,916,0,CVR017_005,376352
102551,940,0,CVR017_005,377292
102552,940,0,CVR017_005,378232
102553,952,0,CVR017_005,379184
102554,924,0,CVR017_005,380108
102555,872,0,CVR017_005,380980
102556,848,0,CVR017_005,381828
102557,920,0,CVR017_005,382748
102558,828,0,CVR017_005,383576
102559,880,0,CVR017_005,384456
102560,840,0,CVR017_005,385296
102561,824,0,CVR017_005,386120
102562,812,0,CVR017_005,386932
102563,816,0,CVR017_005,387748
102564,852,0,CVR017_005,388600
102565,908,0,CVR017_005,389508
102566,840,0,CVR017_005,390348
102567,836,0,CVR017_005,391184
102568,864,0,CVR017_005,392048
102569,884,0,CVR017_005,392932
102570,868,0,CVR017_005,393800
102571,852,0,CVR017_005,394652
102572,840,0,CVR017_005,395492
102573,860,0,CVR017_005,396352
102574,852,0,CVR017_005,397204
102575,856,0,CVR017_005,398060
102576,864,0,CVR017_005,398924
102577,880,0,CVR017_005,399804
102578,872,0,CVR017_005,400676
102579,856,0,CVR017_005,401532
102580,836,0,CVR017_005,402368
102581,848,0,CVR017_005,403216
102582,860,0,CVR017_005,404076
102583,856,0,CVR017_005,404932
102584,832,0,CVR017_005,405764
102585,820,0,CVR017_005,406584
102586,820,0,CVR017_005,407404
102587,840,0,CVR017_005,408244
102588,852,0,CVR017_005,409096
102589,824,0,CVR017_005,409920
102590,808,0,CVR017_005,410728
102591,820,0,CVR017_005,411548
102592,828,0,CVR017_005,412376
102593,832,0,CVR017_005,413208
102594,816,0,CVR017_005,414024
102595,820,0,CVR017_005,414844
102596,828,0,CVR017_005,415672
102597,868,0,CVR017_005,416540
102598,880,0,CVR017_005,417420
102599,888,0,CVR017_005,418308
102600,876,0,CVR017_005,419184
102601,884,0,CVR017_005,420068
102602,924,0,CVR017_005,420992
102603,944,0,CVR017_005,421936
102604,932,0,CVR017_005,422868
102605,872,0,CVR017_005,423740
102606,848,0,CVR017_005,424588
102607,876,0,CVR017_005,425464
102608,880,0,CVR017_005,426344
102609,884,0,CVR017_005,427228
102610,840,0,CVR017_005,428068
102611,840,0,CVR017_005,428908
102612,860,0,CVR017_005,429768
102613,872,0,CVR017_005,430640
102614,880,0,CVR017_005,431520
102615,840,0,CVR017_005,432360
102616,824,0,CVR017_005,433184
102617,848,0,CVR017_005,434032
102618,832,0,CVR017_005,434864
102619,828,0,CVR017_005,435692
102620,840,0,CVR017_005,436532
102621,880,0,CVR017_005,437412
102622,916,0,CVR017_005,438328
102623,872,0,CVR017_005,439200
102624,848,0,CVR017_005,440048
102625,820,0,CVR017_005,440868
102626,824,0,CVR017_005,441692
102627,856,0,CVR017_005,442548
102628,868,0,CVR017_005,443416
102629,844,0,CVR017_005,444260
102630,804,0,CVR017_005,445064
102631,800,0,CVR017_005,445864
102632,828,0,CVR017_005,446692
102633,864,0,CVR017_005,447556
102634,860,0,CVR017_005,448416
102635,816,0,CVR017_005,449232
102636,804,0,CVR017_005,450036
102637,808,0,CVR017_005,450844
102638,824,0,CVR017_005,451668
102639,804,0,CVR017_005,452472
102640,804,0,CVR017_005,453276
102641,796,0,CVR017_005,454072
102642,824,0,CVR017_005,454896
102643,840,0,CVR017_005,455736
102644,832,0,CVR017_005,456568
102645,800,0,CVR017_005,457368
102646,808,0,CVR017_005,458176
102647,828,0,CVR017_005,459004
102648,852,0,CVR017_005,459856
102649,856,0,CVR017_005,460712
102650,828,0,CVR017_005,461540
102651,824,0,CVR017_005,462364
102652,820,0,CVR017_005,463184
102653,848,0,CVR017_005,464032
102654,864,0,CVR017_005,464896
102655,816,0,CVR017_005,465712
102656,832,0,CVR017_005,466544
102657,848,0,CVR017_005,467392
102658,864,0,CVR017_005,468256
102659,872,0,CVR017_005,469128
102660,880,0,CVR017_005,470008
102661,848,0,CVR017_005,470856
102662,828,0,CVR017_005,471684
102663,844,0,CVR017_005,472528
102664,868,0,CVR017_005,473396
102665,888,0,CVR017_005,474284
102666,864,0,CVR017_005,475148
102667,848,0,CVR017_005,475996
102668,876,0,CVR017_005,476872
102669,888,0,CVR017_005,477760
102670,904,0,CVR017_005,478664
102671,848,0,CVR017_005,479512
102672,840,0,CVR017_005,480352
102673,860,0,CVR017_005,481212
102674,868,0,CVR017_005,482080
102675,884,0,CVR017_005,482964
102676,876,0,CVR017_005,483840
102677,860,0,CVR017_005,484700
102678,884,0,CVR017_005,485584
102679,908,0,CVR017_005,486492
102680,916,0,CVR017_005,487408
102681,892,0,CVR017_005,488300
102682,872,0,CVR017_005,489172
102683,872,0,CVR017_005,490044
102684,892,0,CVR017_005,490936
102685,908,0,CVR017_005,491844
102686,940,1,CVR017_005,492784
102687,800,0,CVR017_005,493584
102688,840,0,CVR017_005,494424
102689,852,0,CVR017_005,495276
102690,860,0,CVR017_005,496136
102691,872,0,CVR017_005,497008
102692,864,0,CVR017_005,497872
102693,844,0,CVR017_005,498716
102694,872,0,CVR017_005,499588
102695,876,0,CVR017_005,500464
102696,876,0,CVR017_005,501340
102697,888,0,CVR017_005,502228
102698,856,0,CVR017_005,503084
102699,856,0,CVR017_005,503940
102700,880,0,CVR017_005,504820
102701,892,0,CVR017_005,505712
102702,884,0,CVR017_005,506596
102703,848,0,CVR017_005,507444
102704,868,0,CVR017_005,508312
102705,856,0,CVR017_005,509168
102706,884,0,CVR017_005,510052
102707,880,0,CVR017_005,510932
102708,856,0,CVR017_005,511788
102709,844,0,CVR017_005,512632
102710,860,0,CVR017_005,513492
102711,872,0,CVR017_005,514364
102712,864,0,CVR017_005,515228
102713,844,0,CVR017_005,516072
102714,828,0,CVR017_005,516900
102715,848,0,CVR017_005,517748
102716,860,0,CVR017_005,518608
102717,876,0,CVR017_005,519484
102718,876,0,CVR017_005,520360
102719,856,0,CVR017_005,521216
102720,856,0,CVR017_005,522072
102721,880,0,CVR017_005,522952
102722,888,0,CVR017_005,523840
102723,892,0,CVR017_005,524732
102724,872,0,CVR017_005,525604
102725,860,0,CVR017_005,526464
102726,888,0,CVR017_005,527352
102727,904,0,CVR017_005,528256
102728,888,0,CVR017_005,529144
102729,868,0,CVR017_005,530012
102730,856,0,CVR017_005,530868
102731,880,0,CVR017_005,531748
102732,856,0,CVR017_005,532604
102733,832,0,CVR017_005,533436
102734,812,0,CVR017_005,534248
102735,456,0,CVR017_005,534704
102736,1108,0,CVR017_005,535812
102737,836,0,CVR017_005,536648
102738,848,0,CVR017_005,537496
102739,840,0,CVR017_005,538336
102740,828,0,CVR017_005,539164
102741,444,0,CVR017_005,539608
102742,1128,0,CVR017_005,540736
102743,860,0,CVR017_005,541596
102744,832,0,CVR017_005,542428
102745,824,0,CVR017_005,543252
102746,556,0,CVR017_005,543808
102747,1148,0,CVR017_005,544956
102748,876,0,CVR017_005,545832
102749,896,0,CVR017_005,546728
102750,876,0,CVR017_005,547604
102751,592,0,CVR017_005,548196
102752,1156,0,CVR017_005,549352
102753,916,0,CVR017_005,550268
102754,912,0,CVR017_005,551180
102755,520,0,CVR017_005,551700
102756,1152,0,CVR017_005,552852
102757,924,0,CVR017_005,553776
102758,920,0,CVR017_005,554696
102759,520,0,CVR017_005,555216
102760,1156,0,CVR017_005,556372
102761,864,0,CVR017_005,557236
102762,436,0,CVR017_005,557672
102763,1124,0,CVR017_005,558796
102764,832,0,CVR017_005,559628
102765,848,0,CVR017_005,560476
102766,824,0,CVR017_005,561300
102767,828,0,CVR017_005,562128
102768,864,0,CVR017_005,562992
102769,876,0,CVR017_005,563868
102770,872,0,CVR017_005,564740
102771,852,0,CVR017_005,565592
102772,832,0,CVR017_005,566424
102773,852,0,CVR017_005,567276
102774,864,0,CVR017_005,568140
102775,864,0,CVR017_005,569004
102776,852,0,CVR017_005,569856
102777,820,0,CVR017_005,570676
102778,812,0,CVR017_005,571488
102779,828,0,CVR017_005,572316
102780,844,0,CVR017_005,573160
102781,856,0,CVR017_005,574016
102782,848,0,CVR017_005,574864
102783,844,0,CVR017_005,575708
102784,872,0,CVR017_005,576580
102785,876,0,CVR017_005,577456
102786,880,0,CVR017_005,578336
102787,840,0,CVR017_005,579176
102788,848,0,CVR017_005,580024
102789,848,0,CVR017_005,580872
102790,820,0,CVR017_005,581692
102791,816,0,CVR017_005,582508
102792,816,0,CVR017_005,583324
102793,828,0,CVR017_005,584152
102794,816,0,CVR017_005,584968
102795,800,0,CVR017_005,585768
102796,756,0,CVR017_005,586524
102797,740,0,CVR017_005,587264
102798,740,0,CVR017_005,588004
102799,744,0,CVR017_005,588748
102800,748,0,CVR017_005,589496
102801,748,0,CVR017_005,590244
102802,736,0,CVR017_005,590980
102803,776,0,CVR017_005,591756
102804,812,0,CVR017_005,592568
102805,820,0,CVR017_005,593388
102806,1604,0,CVR017_005,594992
102807,764,0,CVR017_005,595756
102808,780,0,CVR017_005,596536
102809,772,0,CVR017_005,597308
102810,768,0,CVR017_005,598076
102811,780,0,CVR017_005,598856
102812,812,0,CVR017_005,599668
102813,820,0,CVR017_005,600488
102814,812,0,CVR017_005,601300
102815,828,0,CVR017_005,602128
102816,824,0,CVR017_005,602952
102817,816,0,CVR017_005,603768
102818,828,0,CVR017_005,604596
102819,812,0,CVR017_005,605408
102820,808,0,CVR017_005,606216
102821,804,0,CVR017_005,607020
102822,808,0,CVR017_005,607828
102823,796,0,CVR017_005,608624
102824,780,0,CVR017_005,609404
102825,788,0,CVR017_005,610192
102826,772,0,CVR017_005,610964
102827,756,0,CVR017_005,611720
102828,776,0,CVR017_005,612496
102829,772,0,CVR017_005,613268
102830,768,0,CVR017_005,614036
102831,816,1,CVR017_005,614852
102832,708,0,CVR017_005,615560
102833,756,0,CVR017_005,616316
102834,760,0,CVR017_005,617076
102835,756,0,CVR017_005,617832
102836,764,0,CVR017_005,618596
102837,760,0,CVR017_005,619356
102838,744,0,CVR017_005,620100
102839,748,0,CVR017_005,620848
102840,752,0,CVR017_005,621600
102841,756,0,CVR017_005,622356
102842,752,0,CVR017_005,623108
102843,760,0,CVR017_005,623868
102844,776,0,CVR017_005,624644
102845,784,0,CVR017_005,625428
102846,784,0,CVR017_005,626212
102847,788,0,CVR017_005,627000
102848,816,0,CVR017_005,627816
102849,836,0,CVR017_005,628652
102850,820,0,CVR017_005,629472
102851,820,0,CVR017_005,630292
102852,820,0,CVR017_005,631112
102853,832,0,CVR017_005,631944
102854,836,0,CVR017_005,632780
102855,832,0,CVR017_005,633612
102856,852,0,CVR017_005,634464
102857,880,0,CVR017_005,635344
102858,848,0,CVR017_005,636192
102859,844,0,CVR017_005,637036
102860,876,0,CVR017_005,637912
102861,852,0,CVR017_005,638764
102862,828,0,CVR017_005,639592
102863,836,0,CVR017_005,640428
102864,836,0,CVR017_005,641264
102865,820,0,CVR017_005,642084
102866,792,0,CVR017_005,642876
102867,824,0,CVR017_005,643700
102868,800,0,CVR017_005,644500
102869,784,0,CVR017_005,645284
102870,808,0,CVR017_005,646092
102871,808,0,CVR017_005,646900
102872,804,0,CVR017_005,647704
102873,804,0,CVR017_005,648508
102874,816,0,CVR017_005,649324
102875,832,0,CVR017_005,650156
102876,812,0,CVR017_005,650968
102877,800,0,CVR017_005,651768
102878,816,0,CVR017_005,652584
102879,848,0,CVR017_005,653432
102880,852,0,CVR017_005,654284
102881,840,0,CVR017_005,655124
102882,848,0,CVR017_005,655972
102883,896,0,CVR017_005,656868
102884,904,0,CVR017_005,657772
102885,876,0,CVR017_005,658648
102886,860,0,CVR017_005,659508
102887,884,0,CVR017_005,660392
102888,892,0,CVR017_005,661284
102889,872,0,CVR017_005,662156
102890,856,0,CVR017_005,663012
102891,856,0,CVR017_005,663868
102892,880,0,CVR017_005,664748
102893,880,0,CVR017_005,665628
102894,828,0,CVR017_005,666456
102895,816,0,CVR017_005,667272
102896,828,0,CVR017_005,668100
102897,812,0,CVR017_005,668912
102898,812,0,CVR017_005,669724
102899,816,0,CVR017_005,670540
102900,816,0,CVR017_005,671356
102901,828,0,CVR017_005,672184
102902,808,0,CVR017_005,672992
102903,792,0,CVR017_005,673784
102904,800,0,CVR017_005,674584
102905,784,0,CVR017_005,675368
102906,776,0,CVR017_005,676144
102907,788,0,CVR017_005,676932
102908,800,0,CVR017_005,677732
102909,804,0,CVR017_005,678536
102910,780,0,CVR017_005,679316
102911,788,0,CVR017_005,680104
102912,804,0,CVR017_005,680908
102913,784,0,CVR017_005,681692
102914,804,0,CVR017_005,682496
102915,812,0,CVR017_005,683308
102916,840,0,CVR017_005,684148
102917,804,0,CVR017_005,684952
102918,804,0,CVR017_005,685756
102919,820,0,CVR017_005,686576
102920,820,0,CVR017_005,687396
102921,840,0,CVR017_005,688236
102922,820,0,CVR017_005,689056
102923,812,0,CVR017_005,689868
102924,828,0,CVR017_005,690696
102925,856,0,CVR017_005,691552
102926,824,0,CVR017_005,692376
102927,816,0,CVR017_005,693192
102928,832,0,CVR017_005,694024
102929,840,0,CVR017_005,694864
102930,832,0,CVR017_005,695696
102931,824,0,CVR017_005,696520
102932,820,0,CVR017_005,697340
102933,820,0,CVR017_005,698160
102934,844,0,CVR017_005,699004
102935,824,0,CVR017_005,699828
102936,820,0,CVR017_005,700648
102937,808,0,CVR017_005,701456
102938,820,0,CVR017_005,702276
102939,808,0,CVR017_005,703084
102940,800,0,CVR017_005,703884
102941,800,0,CVR017_005,704684
102942,812,0,CVR017_005,705496
102943,808,0,CVR017_005,706304
102944,804,0,CVR017_005,707108
102945,820,0,CVR017_005,707928
102946,824,0,CVR017_005,708752
102947,836,0,CVR017_005,709588
102948,808,0,CVR017_005,710396
102949,812,0,CVR017_005,711208
102950,464,0,CVR017_005,711672
102951,1084,0,CVR017_005,712756
102952,812,0,CVR017_005,713568
102953,780,0,CVR017_005,714348
102954,784,0,CVR017_005,715132
102955,780,0,CVR017_005,715912
102956,784,0,CVR017_005,716696
102957,780,0,CVR017_005,717476
102958,780,0,CVR017_005,718256
102959,772,0,CVR017_005,719028
102960,760,0,CVR017_005,719788
102961,748,0,CVR017_005,720536
102962,760,0,CVR017_005,721296
102963,768,0,CVR017_005,722064
102964,764,0,CVR017_005,722828
102965,772,0,CVR017_005,723600
102966,772,0,CVR017_005,724372
102967,780,0,CVR017_005,725152
102968,812,0,CVR017_005,725964
102969,792,0,CVR017_005,726756
102970,780,0,CVR017_005,727536
102971,780,0,CVR017_005,728316
102972,760,0,CVR017_005,729076
102973,776,0,CVR017_005,729852
102974,776,0,CVR017_005,730628
102975,788,0,CVR017_005,731416
102976,780,0,CVR017_005,732196
102977,784,0,CVR017_005,732980
102978,792,0,CVR017_005,733772
102979,804,0,CVR017_005,734576
102980,840,0,CVR017_005,735416
102981,832,0,CVR017_005,736248
102982,800,0,CVR017_005,737048
102983,788,0,CVR017_005,737836
102984,784,0,CVR017_005,738620
102985,812,0,CVR017_005,739432
102986,824,0,CVR017_005,740256
102987,812,0,CVR017_005,741068
102988,812,0,CVR017_005,741880
102989,792,0,CVR017_005,742672
102990,796,0,CVR017_005,743468
102991,780,0,CVR017_005,744248
102992,772,0,CVR017_005,745020
102993,784,0,CVR017_005,745804
102994,776,0,CVR017_005,746580
102995,768,0,CVR017_005,747348
102996,756,0,CVR017_005,748104
102997,756,0,CVR017_005,748860
102998,760,0,CVR017_005,749620
102999,788,0,CVR017_005,750408
103000,804,0,CVR017_005,751212
103001,808,0,CVR017_005,752020
103002,796,0,CVR017_005,752816
103003,788,0,CVR017_005,753604
103004,788,0,CVR017_005,754392
103005,808,0,CVR017_005,755200
103006,800,0,CVR017_005,756000
103007,796,0,CVR017_005,756796
103008,784,0,CVR017_005,757580
103009,788,0,CVR017_005,758368
103010,796,0,CVR017_005,759164
103011,808,0,CVR017_005,759972
103012,788,0,CVR017_005,760760
103013,792,0,CVR017_005,761552
103014,824,0,CVR017_005,762376
103015,812,0,CVR017_005,763188
103016,804,0,CVR017_005,763992
103017,788,0,CVR017_005,764780
103018,776,0,CVR017_005,765556
103019,776,0,CVR017_005,766332
103020,776,0,CVR017_005,767108
103021,776,0,CVR017_005,767884
103022,788,0,CVR017_005,768672
103023,804,0,CVR017_005,769476
103024,812,0,CVR017_005,770288
103025,804,0,CVR017_005,771092
103026,776,0,CVR017_005,771868
103027,780,0,CVR017_005,772648
103028,792,0,CVR017_005,773440
103029,816,0,CVR017_005,774256
103030,800,0,CVR017_005,775056
103031,776,0,CVR017_005,775832
103032,768,0,CVR017_005,776600
103033,740,0,CVR017_005,777340
103034,752,0,CVR017_005,778092
103035,764,0,CVR017_005,778856
103036,744,0,CVR017_005,779600
103037,736,0,CVR017_005,780336
103038,292,0,CVR017_005,780628
103039,140,0,CVR017_005,780768
103040,264,0,CVR017_005,781032
103041,1440,0,CVR017_005,782472
103042,608,0,CVR017_005,783080
103043,652,0,CVR017_005,783732
103044,664,0,CVR017_005,784396
103045,648,0,CVR017_005,785044
103046,632,0,CVR017_005,785676
103047,1256,0,CVR017_005,786932
103048,616,0,CVR017_005,787548
103049,608,0,CVR017_005,788156
103050,608,0,CVR017_005,788764
103051,604,0,CVR017_005,789368
103052,724,0,CVR017_007,724
103053,728,0,CVR017_007,1452
103054,736,0,CVR017_007,2188
103055,736,0,CVR017_007,2924
103056,2200,0,CVR017_007,5124
103057,2836,0,CVR017_007,7960
103058,728,0,CVR017_007,8688
103059,724,0,CVR017_007,9412
103060,728,0,CVR017_007,10140
103061,728,0,CVR017_007,10868
103062,716,0,CVR017_007,11584
103063,712,0,CVR017_007,12296
103064,700,0,CVR017_007,12996
103065,688,0,CVR017_007,13684
103066,688,0,CVR017_007,14372
103067,696,0,CVR017_007,15068
103068,756,0,CVR017_007,15824
103069,652,0,CVR017_007,16476
103070,740,0,CVR017_007,17216
103071,644,0,CVR017_007,17860
103072,712,0,CVR017_007,18572
103073,736,0,CVR017_007,19308
103074,744,0,CVR017_007,20052
103075,740,0,CVR017_007,20792
103076,732,0,CVR017_007,21524
103077,704,0,CVR017_007,22228
103078,696,0,CVR017_007,22924
103079,688,0,CVR017_007,23612
103080,676,0,CVR017_007,24288
103081,684,0,CVR017_007,24972
103082,676,0,CVR017_007,25648
103083,680,0,CVR017_007,26328
103084,684,0,CVR017_007,27012
103085,696,0,CVR017_007,27708
103086,700,0,CVR017_007,28408
103087,408,0,CVR017_007,28816
103088,924,0,CVR017_007,29740
103089,712,0,CVR017_007,30452
103090,1444,0,CVR017_007,31896
103091,436,0,CVR017_007,32332
103092,904,0,CVR017_007,33236
103093,700,0,CVR017_007,33936
103094,724,0,CVR017_007,34660
103095,752,0,CVR017_007,35412
103096,808,1,CVR017_007,36220
103097,704,0,CVR017_007,36924
103098,760,0,CVR017_007,37684
103099,756,0,CVR017_007,38440
103100,816,1,CVR017_007,39256
103101,684,0,CVR017_007,39940
103102,736,0,CVR017_007,40676
103103,744,0,CVR017_007,41420
103104,736,0,CVR017_007,42156
103105,732,0,CVR017_007,42888
103106,728,0,CVR017_007,43616
103107,728,0,CVR017_007,44344
103108,728,0,CVR017_007,45072
103109,736,0,CVR017_007,45808
103110,736,0,CVR017_007,46544
103111,732,0,CVR017_007,47276
103112,716,0,CVR017_007,47992
103113,488,0,CVR017_007,48480
103114,868,0,CVR017_007,49348
103115,464,0,CVR017_007,49812
103116,804,0,CVR017_007,50616
103117,680,0,CVR017_007,51296
103118,676,0,CVR017_007,51972
103119,456,0,CVR017_007,52428
103120,916,0,CVR017_007,53344
103121,716,0,CVR017_007,54060
103122,408,0,CVR017_007,54468
103123,964,0,CVR017_007,55432
103124,796,0,CVR017_007,56228
103125,712,0,CVR017_007,56940
103126,416,0,CVR017_007,57356
103127,944,0,CVR017_007,58300
103128,724,0,CVR017_007,59024
103129,732,0,CVR017_007,59756
103130,748,0,CVR017_007,60504
103131,756,0,CVR017_007,61260
103132,764,0,CVR017_007,62024
103133,740,0,CVR017_007,62764
103134,756,0,CVR017_007,63520
103135,748,0,CVR017_007,64268
103136,748,0,CVR017_007,65016
103137,764,0,CVR017_007,65780
103138,772,0,CVR017_007,66552
103139,784,0,CVR017_007,67336
103140,772,0,CVR017_007,68108
103141,740,0,CVR017_007,68848
103142,720,0,CVR017_007,69568
103143,700,0,CVR017_007,70268
103144,740,0,CVR017_007,71008
103145,628,0,CVR017_007,71636
103146,1288,0,CVR017_007,72924
103147,624,0,CVR017_007,73548
103148,640,0,CVR017_007,74188
103149,672,1,CVR017_007,74860
103150,544,0,CVR017_007,75404
103151,600,0,CVR017_007,76004
103152,600,0,CVR017_007,76604
103153,648,1,CVR017_007,77252
103154,532,0,CVR017_007,77784
103155,596,0,CVR017_007,78380
103156,592,0,CVR017_007,78972
103157,588,0,CVR017_007,79560
103158,596,0,CVR017_007,80156
103159,612,0,CVR017_007,80768
103160,640,0,CVR017_007,81408
103161,660,0,CVR017_007,82068
103162,676,0,CVR017_007,82744
103163,700,0,CVR017_007,83444
103164,724,0,CVR017_007,84168
103165,740,0,CVR017_007,84908
103166,732,0,CVR017_007,85640
103167,728,0,CVR017_007,86368
103168,752,0,CVR017_007,87120
103169,764,0,CVR017_007,87884
103170,788,0,CVR017_007,88672
103171,808,0,CVR017_007,89480
103172,812,0,CVR017_007,90292
103173,792,0,CVR017_007,91084
103174,780,0,CVR017_007,91864
103175,784,0,CVR017_007,92648
103176,784,0,CVR017_007,93432
103177,832,1,CVR017_007,94264
103178,708,0,CVR017_007,94972
103179,752,0,CVR017_007,95724
103180,764,0,CVR017_007,96488
103181,772,0,CVR017_007,97260
103182,760,0,CVR017_007,98020
103183,768,0,CVR017_007,98788
103184,784,0,CVR017_007,99572
103185,792,0,CVR017_007,100364
103186,796,0,CVR017_007,101160
103187,804,0,CVR017_007,101964
103188,800,0,CVR017_007,102764
103189,796,0,CVR017_007,103560
103190,796,0,CVR017_007,104356
103191,784,0,CVR017_007,105140
103192,776,0,CVR017_007,105916
103193,780,0,CVR017_007,106696
103194,792,0,CVR017_007,107488
103195,784,0,CVR017_007,108272
103196,788,0,CVR017_007,109060
103197,808,0,CVR017_007,109868
103198,800,0,CVR017_007,110668
103199,800,0,CVR017_007,111468
103200,832,0,CVR017_007,112300
103201,832,0,CVR017_007,113132
103202,828,0,CVR017_007,113960
103203,848,0,CVR017_007,114808
103204,856,0,CVR017_007,115664
103205,836,0,CVR017_007,116500
103206,844,0,CVR017_007,117344
103207,852,0,CVR017_007,118196
103208,852,0,CVR017_007,119048
103209,832,0,CVR017_007,119880
103210,832,0,CVR017_007,120712
103211,852,0,CVR017_007,121564
103212,852,0,CVR017_007,122416
103213,832,0,CVR017_007,123248
103214,848,0,CVR017_007,124096
103215,860,0,CVR017_007,124956
103216,856,0,CVR017_007,125812
103217,832,0,CVR017_007,126644
103218,836,0,CVR017_007,127480
103219,848,0,CVR017_007,128328
103220,820,0,CVR017_007,129148
103221,824,0,CVR017_007,129972
103222,824,0,CVR017_007,130796
103223,836,0,CVR017_007,131632
103224,808,0,CVR017_007,132440
103225,812,0,CVR017_007,133252
103226,824,0,CVR017_007,134076
103227,824,0,CVR017_007,134900
103228,816,0,CVR017_007,135716
103229,820,0,CVR017_007,136536
103230,844,0,CVR017_007,137380
103231,816,0,CVR017_007,138196
103232,824,0,CVR017_007,139020
103233,840,0,CVR017_007,139860
103234,824,0,CVR017_007,140684
103235,824,0,CVR017_007,141508
103236,840,0,CVR017_007,142348
103237,832,0,CVR017_007,143180
103238,820,0,CVR017_007,144000
103239,828,0,CVR017_007,144828
103240,844,0,CVR017_007,145672
103241,840,0,CVR017_007,146512
103242,820,0,CVR017_007,147332
103243,832,0,CVR017_007,148164
103244,836,0,CVR017_007,149000
103245,828,0,CVR017_007,149828
103246,796,0,CVR017_007,150624
103247,796,0,CVR017_007,151420
103248,792,0,CVR017_007,152212
103249,800,0,CVR017_007,153012
103250,796,0,CVR017_007,153808
103251,812,0,CVR017_007,154620
103252,828,0,CVR017_007,155448
103253,824,0,CVR017_007,156272
103254,840,0,CVR017_007,157112
103255,848,0,CVR017_007,157960
103256,856,0,CVR017_007,158816
103257,824,0,CVR017_007,159640
103258,812,0,CVR017_007,160452
103259,816,0,CVR017_007,161268
103260,824,0,CVR017_007,162092
103261,804,0,CVR017_007,162896
103262,800,0,CVR017_007,163696
103263,816,0,CVR017_007,164512
103264,832,0,CVR017_007,165344
103265,800,0,CVR017_007,166144
103266,812,0,CVR017_007,166956
103267,816,0,CVR017_007,167772
103268,820,0,CVR017_007,168592
103269,804,0,CVR017_007,169396
103270,792,0,CVR017_007,170188
103271,796,0,CVR017_007,170984
103272,788,0,CVR017_007,171772
103273,804,0,CVR017_007,172576
103274,812,0,CVR017_007,173388
103275,800,0,CVR017_007,174188
103276,804,0,CVR017_007,174992
103277,816,0,CVR017_007,175808
103278,812,0,CVR017_007,176620
103279,808,0,CVR017_007,177428
103280,868,1,CVR017_007,178296
103281,760,0,CVR017_007,179056
103282,800,0,CVR017_007,179856
103283,796,0,CVR017_007,180652
103284,812,0,CVR017_007,181464
103285,808,0,CVR017_007,182272
103286,784,0,CVR017_007,183056
103287,800,0,CVR017_007,183856
103288,808,0,CVR017_007,184664
103289,808,0,CVR017_007,185472
103290,800,0,CVR017_007,186272
103291,808,0,CVR017_007,187080
103292,820,0,CVR017_007,187900
103293,816,0,CVR017_007,188716
103294,824,0,CVR017_007,189540
103295,816,0,CVR017_007,190356
103296,816,0,CVR017_007,191172
103297,888,1,CVR017_007,192060
103298,756,0,CVR017_007,192816
103299,792,0,CVR017_007,193608
103300,812,0,CVR017_007,194420
103301,884,1,CVR017_007,195304
103302,768,0,CVR017_007,196072
103303,800,0,CVR017_007,196872
103304,812,0,CVR017_007,197684
103305,828,0,CVR017_007,198512
103306,848,0,CVR017_007,199360
103307,828,0,CVR017_007,200188
103308,828,0,CVR017_007,201016
103309,852,0,CVR017_007,201868
103310,840,0,CVR017_007,202708
103311,836,0,CVR017_007,203544
103312,804,0,CVR017_007,204348
103313,816,0,CVR017_007,205164
103314,428,0,CVR017_007,205592
103315,1036,0,CVR017_007,206628
103316,780,0,CVR017_007,207408
103317,776,0,CVR017_007,208184
103318,788,0,CVR017_007,208972
103319,820,0,CVR017_007,209792
103320,832,0,CVR017_007,210624
103321,840,0,CVR017_007,211464
103322,852,0,CVR017_007,212316
103323,868,0,CVR017_007,213184
103324,836,0,CVR017_007,214020
103325,852,0,CVR017_007,214872
103326,860,0,CVR017_007,215732
103327,840,0,CVR017_007,216572
103328,496,0,CVR017_007,217068
103329,1088,0,CVR017_007,218156
103330,848,0,CVR017_007,219004
103331,432,0,CVR017_007,219436
103332,1032,0,CVR017_007,220468
103333,780,0,CVR017_007,221248
103334,600,0,CVR017_007,221848
103335,1084,0,CVR017_007,222932
103336,796,0,CVR017_007,223728
103337,804,0,CVR017_007,224532
103338,824,0,CVR017_007,225356
103339,860,0,CVR017_007,226216
103340,844,0,CVR017_007,227060
103341,840,0,CVR017_007,227900
103342,848,0,CVR017_007,228748
103343,844,0,CVR017_007,229592
103344,804,0,CVR017_007,230396
103345,788,0,CVR017_007,231184
103346,828,0,CVR017_007,232012
103347,1680,0,CVR017_007,233692
103348,828,0,CVR017_007,234520
103349,832,0,CVR017_007,235352
103350,860,0,CVR017_007,236212
103351,868,0,CVR017_007,237080
103352,852,0,CVR017_007,237932
103353,828,0,CVR017_007,238760
103354,832,0,CVR017_007,239592
103355,840,0,CVR017_007,240432
103356,824,0,CVR017_007,241256
103357,828,0,CVR017_007,242084
103358,820,0,CVR017_007,242904
103359,812,0,CVR017_007,243716
103360,800,0,CVR017_007,244516
103361,808,0,CVR017_007,245324
103362,824,0,CVR017_007,246148
103363,848,0,CVR017_007,246996
103364,832,0,CVR017_007,247828
103365,844,0,CVR017_007,248672
103366,844,0,CVR017_007,249516
103367,852,0,CVR017_007,250368
103368,828,0,CVR017_007,251196
103369,824,0,CVR017_007,252020
103370,832,0,CVR017_007,252852
103371,848,0,CVR017_007,253700
103372,832,0,CVR017_007,254532
103373,840,0,CVR017_007,255372
103374,872,0,CVR017_007,256244
103375,876,0,CVR017_007,257120
103376,860,0,CVR017_007,257980
103377,840,0,CVR017_007,258820
103378,852,0,CVR017_007,259672
103379,860,0,CVR017_007,260532
103380,844,0,CVR017_007,261376
103381,824,0,CVR017_007,262200
103382,856,0,CVR017_007,263056
103383,868,0,CVR017_007,263924
103384,844,0,CVR017_007,264768
103385,836,0,CVR017_007,265604
103386,852,0,CVR017_007,266456
103387,864,0,CVR017_007,267320
103388,844,0,CVR017_007,268164
103389,824,0,CVR017_007,268988
103390,824,0,CVR017_007,269812
103391,816,0,CVR017_007,270628
103392,792,0,CVR017_007,271420
103393,788,0,CVR017_007,272208
103394,796,0,CVR017_007,273004
103395,808,0,CVR017_007,273812
103396,804,0,CVR017_007,274616
103397,804,0,CVR017_007,275420
103398,820,0,CVR017_007,276240
103399,840,0,CVR017_007,277080
103400,820,0,CVR017_007,277900
103401,820,0,CVR017_007,278720
103402,832,0,CVR017_007,279552
103403,832,0,CVR017_007,280384
103404,808,0,CVR017_007,281192
103405,812,0,CVR017_007,282004
103406,820,0,CVR017_007,282824
103407,832,0,CVR017_007,283656
103408,820,0,CVR017_007,284476
103409,808,0,CVR017_007,285284
103410,816,0,CVR017_007,286100
103411,828,0,CVR017_007,286928
103412,808,0,CVR017_007,287736
103413,812,0,CVR017_007,288548
103414,820,0,CVR017_007,289368
103415,824,0,CVR017_007,290192
103416,820,0,CVR017_007,291012
103417,812,0,CVR017_007,291824
103418,824,0,CVR017_007,292648
103419,824,0,CVR017_007,293472
103420,800,0,CVR017_007,294272
103421,800,0,CVR017_007,295072
103422,816,0,CVR017_007,295888
103423,824,0,CVR017_007,296712
103424,816,0,CVR017_007,297528
103425,804,0,CVR017_007,298332
103426,812,0,CVR017_007,299144
103427,832,0,CVR017_007,299976
103428,820,0,CVR017_007,300796
103429,812,0,CVR017_007,301608
103430,816,0,CVR017_007,302424
103431,828,0,CVR017_007,303252
103432,816,0,CVR017_007,304068
103433,784,0,CVR017_007,304852
103434,784,0,CVR017_007,305636
103435,784,0,CVR017_007,306420
103436,780,0,CVR017_007,307200
103437,780,0,CVR017_007,307980
103438,800,0,CVR017_007,308780
103439,820,0,CVR017_007,309600
103440,824,0,CVR017_007,310424
103441,824,0,CVR017_007,311248
103442,832,0,CVR017_007,312080
103443,832,0,CVR017_007,312912
103444,808,0,CVR017_007,313720
103445,804,0,CVR017_007,314524
103446,820,0,CVR017_007,315344
103447,824,0,CVR017_007,316168
103448,836,0,CVR017_007,317004
103449,812,0,CVR017_007,317816
103450,808,0,CVR017_007,318624
103451,824,0,CVR017_007,319448
103452,824,0,CVR017_007,320272
103453,824,0,CVR017_007,321096
103454,804,0,CVR017_007,321900
103455,808,0,CVR017_007,322708
103456,816,0,CVR017_007,323524
103457,868,1,CVR017_007,324392
103458,764,0,CVR017_007,325156
103459,844,0,CVR017_007,326000
103460,844,0,CVR017_007,326844
103461,856,0,CVR017_007,327700
103462,828,0,CVR017_007,328528
103463,820,0,CVR017_007,329348
103464,840,0,CVR017_007,330188
103465,840,0,CVR017_007,331028
103466,836,0,CVR017_007,331864
103467,816,0,CVR017_007,332680
103468,820,0,CVR017_007,333500
103469,840,0,CVR017_007,334340
103470,860,0,CVR017_007,335200
103471,864,0,CVR017_007,336064
103472,848,0,CVR017_007,336912
103473,840,0,CVR017_007,337752
103474,844,0,CVR017_007,338596
103475,840,0,CVR017_007,339436
103476,824,0,CVR017_007,340260
103477,816,0,CVR017_007,341076
103478,832,0,CVR017_007,341908
103479,836,0,CVR017_007,342744
103480,832,0,CVR017_007,343576
103481,808,0,CVR017_007,344384
103482,816,0,CVR017_007,345200
103483,812,0,CVR017_007,346012
103484,816,0,CVR017_007,346828
103485,820,0,CVR017_007,347648
103486,816,0,CVR017_007,348464
103487,840,0,CVR017_007,349304
103488,860,0,CVR017_007,350164
103489,864,0,CVR017_007,351028
103490,864,0,CVR017_007,351892
103491,844,0,CVR017_007,352736
103492,824,0,CVR017_007,353560
103493,852,0,CVR017_007,354412
103494,864,0,CVR017_007,355276
103495,876,0,CVR017_007,356152
103496,860,0,CVR017_007,357012
103497,852,0,CVR017_007,357864
103498,876,0,CVR017_007,358740
103499,880,0,CVR017_007,359620
103500,888,0,CVR017_007,360508
103501,892,0,CVR017_007,361400
103502,856,0,CVR017_007,362256
103503,864,0,CVR017_007,363120
103504,868,0,CVR017_007,363988
103505,884,0,CVR017_007,364872
103506,860,0,CVR017_007,365732
103507,820,0,CVR017_007,366552
103508,824,0,CVR017_007,367376
103509,840,0,CVR017_007,368216
103510,848,0,CVR017_007,369064
103511,832,0,CVR017_007,369896
103512,824,0,CVR017_007,370720
103513,832,0,CVR017_007,371552
103514,864,1,CVR017_007,372416
103515,728,0,CVR017_007,373144
103516,808,0,CVR017_007,373952
103517,792,0,CVR017_007,374744
103518,780,0,CVR017_007,375524
103519,784,0,CVR017_007,376308
103520,800,0,CVR017_007,377108
103521,828,0,CVR017_007,377936
103522,816,0,CVR017_007,378752
103523,800,0,CVR017_007,379552
103524,852,1,CVR017_007,380404
103525,756,0,CVR017_007,381160
103526,820,0,CVR017_007,381980
103527,832,0,CVR017_007,382812
103528,816,0,CVR017_007,383628
103529,816,0,CVR017_007,384444
103530,832,0,CVR017_007,385276
103531,428,0,CVR017_007,385704
103532,1080,0,CVR017_007,386784
103533,860,0,CVR017_007,387644
103534,820,0,CVR017_007,388464
103535,808,0,CVR017_007,389272
103536,564,0,CVR017_007,389836
103537,1132,0,CVR017_007,390968
103538,848,0,CVR017_007,391816
103539,832,0,CVR017_007,392648
103540,444,0,CVR017_007,393092
103541,1100,0,CVR017_007,394192
103542,840,0,CVR017_007,395032
103543,848,0,CVR017_007,395880
103544,848,0,CVR017_007,396728
103545,832,0,CVR017_007,397560
103546,456,0,CVR017_007,398016
103547,1136,0,CVR017_007,399152
103548,880,0,CVR017_007,400032
103549,852,0,CVR017_007,400884
103550,488,0,CVR017_007,401372
103551,1144,0,CVR017_007,402516
103552,900,0,CVR017_007,403416
103553,900,0,CVR017_007,404316
103554,844,0,CVR017_007,405160
103555,844,0,CVR017_007,406004
103556,872,0,CVR017_007,406876
103557,892,0,CVR017_007,407768
103558,892,0,CVR017_007,408660
103559,884,0,CVR017_007,409544
103560,876,0,CVR017_007,410420
103561,904,0,CVR017_007,411324
103562,932,0,CVR017_007,412256
103563,940,0,CVR017_007,413196
103564,920,0,CVR017_007,414116
103565,876,0,CVR017_007,414992
103566,856,0,CVR017_007,415848
103567,872,0,CVR017_007,416720
103568,872,0,CVR017_007,417592
103569,880,0,CVR017_007,418472
103570,868,0,CVR017_007,419340
103571,852,0,CVR017_007,420192
103572,836,0,CVR017_007,421028
103573,844,0,CVR017_007,421872
103574,868,0,CVR017_007,422740
103575,864,0,CVR017_007,423604
103576,848,0,CVR017_007,424452
103577,848,0,CVR017_007,425300
103578,880,0,CVR017_007,426180
103579,872,0,CVR017_007,427052
103580,868,0,CVR017_007,427920
103581,844,0,CVR017_007,428764
103582,828,0,CVR017_007,429592
103583,840,0,CVR017_007,430432
103584,848,0,CVR017_007,431280
103585,860,0,CVR017_007,432140
103586,844,0,CVR017_007,432984
103587,856,0,CVR017_007,433840
103588,872,0,CVR017_007,434712
103589,860,0,CVR017_007,435572
103590,840,0,CVR017_007,436412
103591,820,0,CVR017_007,437232
103592,808,0,CVR017_007,438040
103593,808,0,CVR017_007,438848
103594,832,0,CVR017_007,439680
103595,852,0,CVR017_007,440532
103596,832,0,CVR017_007,441364
103597,820,0,CVR017_007,442184
103598,796,0,CVR017_007,442980
103599,820,0,CVR017_007,443800
103600,848,0,CVR017_007,444648
103601,844,0,CVR017_007,445492
103602,856,0,CVR017_007,446348
103603,828,0,CVR017_007,447176
103604,832,0,CVR017_007,448008
103605,852,0,CVR017_007,448860
103606,888,0,CVR017_007,449748
103607,892,0,CVR017_007,450640
103608,872,0,CVR017_007,451512
103609,852,0,CVR017_007,452364
103610,880,0,CVR017_007,453244
103611,896,0,CVR017_007,454140
103612,900,0,CVR017_007,455040
103613,900,0,CVR017_007,455940
103614,880,0,CVR017_007,456820
103615,880,0,CVR017_007,457700
103616,892,0,CVR017_007,458592
103617,892,0,CVR017_007,459484
103618,876,0,CVR017_007,460360
103619,836,0,CVR017_007,461196
103620,852,0,CVR017_007,462048
103621,864,0,CVR017_007,462912
103622,864,0,CVR017_007,463776
103623,888,0,CVR017_007,464664
103624,904,0,CVR017_007,465568
103625,876,0,CVR017_007,466444
103626,848,0,CVR017_007,467292
103627,860,0,CVR017_007,468152
103628,876,0,CVR017_007,469028
103629,876,0,CVR017_007,469904
103630,848,0,CVR017_007,470752
103631,856,0,CVR017_007,471608
103632,844,0,CVR017_007,472452
103633,824,0,CVR017_007,473276
103634,820,0,CVR017_007,474096
103635,828,0,CVR017_007,474924
103636,852,0,CVR017_007,475776
103637,880,0,CVR017_007,476656
103638,844,0,CVR017_007,477500
103639,824,0,CVR017_007,478324
103640,848,0,CVR017_007,479172
103641,860,0,CVR017_007,480032
103642,848,0,CVR017_007,480880
103643,832,0,CVR017_007,481712
103644,844,0,CVR017_007,482556
103645,924,0,CVR017_007,483480
103646,824,0,CVR017_007,484304
103647,864,0,CVR017_007,485168
103648,844,0,CVR017_007,486012
103649,868,0,CVR017_007,486880
103650,888,0,CVR017_007,487768
103651,892,0,CVR017_007,488660
103652,864,0,CVR017_007,489524
103653,868,0,CVR017_007,490392
103654,892,0,CVR017_007,491284
103655,872,0,CVR017_007,492156
103656,840,0,CVR017_007,492996
103657,844,0,CVR017_007,493840
103658,860,0,CVR017_007,494700
103659,872,0,CVR017_007,495572
103660,888,0,CVR017_007,496460
103661,768,0,CVR017_007,497228
103662,816,0,CVR017_007,498044
103663,840,0,CVR017_007,498884
103664,864,0,CVR017_007,499748
103665,828,0,CVR017_007,500576
103666,812,0,CVR017_007,501388
103667,832,0,CVR017_007,502220
103668,856,0,CVR017_007,503076
103669,856,0,CVR017_007,503932
103670,824,0,CVR017_007,504756
103671,820,0,CVR017_007,505576
103672,900,0,CVR017_007,506476
103673,796,0,CVR017_007,507272
103674,860,0,CVR017_007,508132
103675,864,0,CVR017_007,508996
103676,864,0,CVR017_007,509860
103677,884,0,CVR017_007,510744
103678,896,0,CVR017_007,511640
103679,932,0,CVR017_007,512572
103680,912,0,CVR017_007,513484
103681,864,0,CVR017_007,514348
103682,844,0,CVR017_007,515192
103683,880,0,CVR017_007,516072
103684,876,0,CVR017_007,516948
103685,928,0,CVR017_007,517876
103686,948,0,CVR017_007,518824
103687,944,0,CVR017_007,519768
103688,976,0,CVR017_007,520744
103689,932,0,CVR017_007,521676
103690,920,0,CVR017_007,522596
103691,944,0,CVR017_007,523540
103692,948,0,CVR017_007,524488
103693,896,0,CVR017_007,525384
103694,860,0,CVR017_007,526244
103695,844,0,CVR017_007,527088
103696,860,0,CVR017_007,527948
103697,872,0,CVR017_007,528820
103698,904,0,CVR017_007,529724
103699,892,0,CVR017_007,530616
103700,868,0,CVR017_007,531484
103701,896,0,CVR017_007,532380
103702,896,0,CVR017_007,533276
103703,900,0,CVR017_007,534176
103704,888,0,CVR017_007,535064
103705,868,0,CVR017_007,535932
103706,852,0,CVR017_007,536784
103707,836,0,CVR017_007,537620
103708,856,0,CVR017_007,538476
103709,868,0,CVR017_007,539344
103710,868,0,CVR017_007,540212
103711,856,0,CVR017_007,541068
103712,848,0,CVR017_007,541916
103713,872,0,CVR017_007,542788
103714,868,0,CVR017_007,543656
103715,844,0,CVR017_007,544500
103716,836,0,CVR017_007,545336
103717,868,0,CVR017_007,546204
103718,892,0,CVR017_007,547096
103719,916,0,CVR017_007,548012
103720,876,0,CVR017_007,548888
103721,872,0,CVR017_007,549760
103722,888,0,CVR017_007,550648
103723,448,0,CVR017_007,551096
103724,1104,0,CVR017_007,552200
103725,820,0,CVR017_007,553020
103726,796,0,CVR017_007,553816
103727,452,0,CVR017_007,554268
103728,1076,0,CVR017_007,555344
103729,796,0,CVR017_007,556140
103730,824,0,CVR017_007,556964
103731,844,0,CVR017_007,557808
103732,832,0,CVR017_007,558640
103733,444,0,CVR017_007,559084
103734,1100,0,CVR017_007,560184
103735,880,0,CVR017_007,561064
103736,876,0,CVR017_007,561940
103737,852,0,CVR017_007,562792
103738,876,0,CVR017_007,563668
103739,452,0,CVR017_007,564120
103740,1152,0,CVR017_007,565272
103741,912,0,CVR017_007,566184
103742,884,0,CVR017_007,567068
103743,880,0,CVR017_007,567948
103744,920,0,CVR017_007,568868
103745,944,0,CVR017_007,569812
103746,956,0,CVR017_007,570768
103747,960,0,CVR017_007,571728
103748,936,0,CVR017_007,572664
103749,892,0,CVR017_007,573556
103750,868,0,CVR017_007,574424
103751,900,0,CVR017_007,575324
103752,908,0,CVR017_007,576232
103753,908,0,CVR017_007,577140
103754,908,0,CVR017_007,578048
103755,876,0,CVR017_007,578924
103756,856,0,CVR017_007,579780
103757,820,0,CVR017_007,580600
103758,824,0,CVR017_007,581424
103759,844,0,CVR017_007,582268
103760,880,0,CVR017_007,583148
103761,868,0,CVR017_007,584016
103762,852,0,CVR017_007,584868
103763,828,0,CVR017_007,585696
103764,856,0,CVR017_007,586552
103765,884,0,CVR017_007,587436
103766,876,0,CVR017_007,588312
103767,852,0,CVR017_007,589164
103768,872,0,CVR017_007,590036
103769,916,0,CVR017_007,590952
103770,932,0,CVR017_007,591884
103771,904,0,CVR017_007,592788
103772,868,0,CVR017_007,593656
103773,872,0,CVR017_007,594528
103774,840,0,CVR017_007,595368
103775,832,0,CVR017_007,596200
103776,840,0,CVR017_007,597040
103777,880,0,CVR017_007,597920
103778,900,0,CVR017_007,598820
103779,884,0,CVR017_007,599704
103780,896,0,CVR017_007,600600
103781,924,0,CVR017_007,601524
103782,908,0,CVR017_007,602432
103783,884,0,CVR017_007,603316
103784,864,0,CVR017_007,604180
103785,860,0,CVR017_007,605040
103786,864,0,CVR017_007,605904
103787,884,0,CVR017_007,606788
103788,888,0,CVR017_007,607676
103789,868,0,CVR017_007,608544
103790,864,0,CVR017_007,609408
103791,908,0,CVR017_007,610316
103792,920,0,CVR017_007,611236
103793,908,0,CVR017_007,612144
103794,892,0,CVR017_007,613036
103795,852,0,CVR017_007,613888
103796,860,0,CVR017_007,614748
103797,884,0,CVR017_007,615632
103798,900,0,CVR017_007,616532
103799,864,0,CVR017_007,617396
103800,848,0,CVR017_007,618244
103801,856,0,CVR017_007,619100
103802,864,0,CVR017_007,619964
103803,860,0,CVR017_007,620824
103804,844,0,CVR017_007,621668
103805,820,0,CVR017_007,622488
103806,816,0,CVR017_007,623304
103807,836,0,CVR017_007,624140
103808,864,0,CVR017_007,625004
103809,856,0,CVR017_007,625860
103810,824,0,CVR017_007,626684
103811,820,0,CVR017_007,627504
103812,808,0,CVR017_007,628312
103813,820,0,CVR017_007,629132
103814,848,0,CVR017_007,629980
103815,828,0,CVR017_007,630808
103816,836,0,CVR017_007,631644
103817,848,0,CVR017_007,632492
103818,860,0,CVR017_007,633352
103819,864,0,CVR017_007,634216
103820,844,0,CVR017_007,635060
103821,836,0,CVR017_007,635896
103822,860,0,CVR017_007,636756
103823,884,0,CVR017_007,637640
103824,860,0,CVR017_007,638500
103825,848,0,CVR017_007,639348
103826,848,0,CVR017_007,640196
103827,840,0,CVR017_007,641036
103828,856,0,CVR017_007,641892
103829,872,0,CVR017_007,642764
103830,904,0,CVR017_007,643668
103831,872,0,CVR017_007,644540
103832,864,0,CVR017_007,645404
103833,876,0,CVR017_007,646280
103834,852,0,CVR017_007,647132
103835,844,0,CVR017_007,647976
103836,832,0,CVR017_007,648808
103837,864,0,CVR017_007,649672
103838,860,0,CVR017_007,650532
103839,868,0,CVR017_007,651400
103840,860,0,CVR017_007,652260
103841,876,0,CVR017_007,653136
103842,876,0,CVR017_007,654012
103843,848,0,CVR017_007,654860
103844,876,0,CVR017_007,655736
103845,848,0,CVR017_007,656584
103846,832,0,CVR017_007,657416
103847,832,0,CVR017_007,658248
103848,828,0,CVR017_007,659076
103849,840,0,CVR017_007,659916
103850,852,0,CVR017_007,660768
103851,820,0,CVR017_007,661588
103852,816,0,CVR017_007,662404
103853,836,0,CVR017_007,663240
103854,848,0,CVR017_007,664088
103855,832,0,CVR017_007,664920
103856,808,0,CVR017_007,665728
103857,812,0,CVR017_007,666540
103858,844,0,CVR017_007,667384
103859,860,0,CVR017_007,668244
103860,868,0,CVR017_007,669112
103861,884,0,CVR017_007,669996
103862,868,0,CVR017_007,670864
103863,868,0,CVR017_007,671732
103864,868,0,CVR017_007,672600
103865,948,1,CVR017_007,673548
103866,848,0,CVR017_007,674396
103867,912,0,CVR017_007,675308
103868,900,0,CVR017_007,676208
103869,900,0,CVR017_007,677108
103870,932,0,CVR017_007,678040
103871,944,0,CVR017_007,678984
103872,952,0,CVR017_007,679936
103873,952,0,CVR017_007,680888
103874,948,0,CVR017_007,681836
103875,964,0,CVR017_007,682800
103876,952,0,CVR017_007,683752
103877,928,0,CVR017_007,684680
103878,920,0,CVR017_007,685600
103879,960,1,CVR017_007,686560
103880,840,0,CVR017_007,687400
103881,900,0,CVR017_007,688300
103882,884,0,CVR017_007,689184
103883,872,0,CVR017_007,690056
103884,880,0,CVR017_007,690936
103885,880,0,CVR017_007,691816
103886,860,0,CVR017_007,692676
103887,904,1,CVR017_007,693580
103888,760,0,CVR017_007,694340
103889,816,0,CVR017_007,695156
103890,836,0,CVR017_007,695992
103891,816,0,CVR017_007,696808
103892,820,0,CVR017_007,697628
103893,856,0,CVR017_007,698484
103894,848,0,CVR017_007,699332
103895,864,0,CVR017_007,700196
103896,856,0,CVR017_007,701052
103897,880,0,CVR017_007,701932
103898,916,0,CVR017_007,702848
103899,920,0,CVR017_007,703768
103900,924,0,CVR017_007,704692
103901,916,0,CVR017_007,705608
103902,1816,0,CVR017_007,707424
103903,920,0,CVR017_007,708344
103904,920,0,CVR017_007,709264
103905,904,0,CVR017_007,710168
103906,928,0,CVR017_007,711096
103907,940,0,CVR017_007,712036
103908,944,0,CVR017_007,712980
103909,932,0,CVR017_007,713912
103910,916,0,CVR017_007,714828
103911,940,0,CVR017_007,715768
103912,944,0,CVR017_007,716712
103913,972,0,CVR017_007,717684
103914,948,0,CVR017_007,718632
103915,864,0,CVR017_007,719496
103916,880,0,CVR017_007,720376
103917,928,0,CVR017_007,721304
103918,924,0,CVR017_007,722228
103919,892,0,CVR017_007,723120
103920,896,0,CVR017_007,724016
103921,916,0,CVR017_007,724932
103922,904,0,CVR017_007,725836
103923,912,0,CVR017_007,726748
103924,864,0,CVR017_007,727612
103925,832,0,CVR017_007,728444
103926,832,0,CVR017_007,729276
103927,840,0,CVR017_007,730116
103928,876,0,CVR017_007,730992
103929,912,0,CVR017_007,731904
103930,892,0,CVR017_007,732796
103931,872,0,CVR017_007,733668
103932,848,0,CVR017_007,734516
103933,872,0,CVR017_007,735388
103934,844,0,CVR017_007,736232
103935,828,0,CVR017_007,737060
103936,824,0,CVR017_007,737884
103937,840,0,CVR017_007,738724
103938,852,0,CVR017_007,739576
103939,840,0,CVR017_007,740416
103940,856,0,CVR017_007,741272
103941,884,0,CVR017_007,742156
103942,896,0,CVR017_007,743052
103943,860,0,CVR017_007,743912
103944,848,0,CVR017_007,744760
103945,860,0,CVR017_007,745620
103946,868,0,CVR017_007,746488
103947,860,0,CVR017_007,747348
103948,828,0,CVR017_007,748176
103949,820,0,CVR017_007,748996
103950,828,0,CVR017_007,749824
103951,860,0,CVR017_007,750684
103952,880,0,CVR017_007,751564
103953,836,0,CVR017_007,752400
103954,856,0,CVR017_007,753256
103955,1516,0,CVR017_007,754772
103956,848,0,CVR017_007,755620
103957,840,0,CVR017_007,756460
103958,816,0,CVR017_007,757276
103959,488,0,CVR017_007,757764
103960,1196,0,CVR017_007,758960
103961,768,0,CVR017_007,759728
103962,880,0,CVR017_007,760608
103963,780,0,CVR017_007,761388
103964,852,0,CVR017_007,762240
103965,848,0,CVR017_007,763088
103966,824,0,CVR017_007,763912
103967,828,0,CVR017_007,764740
103968,844,0,CVR017_007,765584
103969,824,0,CVR017_007,766408
103970,816,0,CVR017_007,767224
103971,840,0,CVR017_007,768064
103972,844,0,CVR017_007,768908
103973,828,0,CVR017_007,769736
103974,824,0,CVR017_007,770560
103975,840,0,CVR017_007,771400
103976,844,0,CVR017_007,772244
103977,820,0,CVR017_007,773064
103978,808,0,CVR017_007,773872
103979,804,0,CVR017_007,774676
103980,840,0,CVR017_007,775516
103981,852,0,CVR017_007,776368
103982,868,0,CVR017_007,777236
103983,856,0,CVR017_007,778092
103984,856,0,CVR017_007,778948
103985,872,0,CVR017_007,779820
103986,900,0,CVR017_007,780720
103987,936,0,CVR017_007,781656
103988,960,0,CVR017_007,782616
103989,812,0,CVR017_007,783428
103990,856,0,CVR017_007,784284
103991,884,0,CVR017_007,785168
103992,900,0,CVR017_007,786068
103993,912,0,CVR017_007,786980
103994,908,0,CVR017_007,787888
103995,868,0,CVR017_007,788756
103996,888,0,CVR017_007,789644
103997,880,0,CVR017_007,790524
103998,876,0,CVR017_007,791400
103999,856,0,CVR017_007,792256
104000,848,0,CVR017_007,793104
104001,940,0,CVR017_007,794044
104002,828,0,CVR017_007,794872
104003,900,0,CVR017_007,795772
104004,860,0,CVR017_007,796632
104005,840,0,CVR017_007,797472
104006,832,0,CVR017_007,798304
104007,852,0,CVR017_007,799156
104008,888,0,CVR017_007,800044
104009,892,0,CVR017_007,800936
104010,860,0,CVR017_007,801796
104011,848,0,CVR017_007,802644
104012,856,0,CVR017_007,803500
104013,864,0,CVR017_007,804364
104014,836,0,CVR017_007,805200
104015,824,0,CVR017_007,806024
104016,832,0,CVR017_007,806856
104017,848,0,CVR017_007,807704
104018,840,0,CVR017_007,808544
104019,832,0,CVR017_007,809376
104020,820,0,CVR017_007,810196
104021,836,0,CVR017_007,811032
104022,848,0,CVR017_007,811880
104023,860,0,CVR017_007,812740
104024,852,0,CVR017_007,813592
104025,852,0,CVR017_007,814444
104026,844,0,CVR017_007,815288
104027,856,0,CVR017_007,816144
104028,844,0,CVR017_007,816988
104029,832,0,CVR017_007,817820
104030,820,0,CVR017_007,818640
104031,840,0,CVR017_007,819480
104032,856,0,CVR017_007,820336
104033,868,0,CVR017_007,821204
104034,844,0,CVR017_007,822048
104035,836,0,CVR017_007,822884
104036,856,0,CVR017_007,823740
104037,860,0,CVR017_007,824600
104038,852,0,CVR017_007,825452
104039,860,0,CVR017_007,826312
104040,844,0,CVR017_007,827156
104041,848,0,CVR017_007,828004
104042,860,0,CVR017_007,828864
104043,864,0,CVR017_007,829728
104044,876,0,CVR017_007,830604
104045,852,0,CVR017_007,831456
104046,844,0,CVR017_007,832300
104047,864,0,CVR017_007,833164
104048,876,0,CVR017_007,834040
104049,888,0,CVR017_007,834928
104050,860,0,CVR017_007,835788
104051,856,0,CVR017_007,836644
104052,848,0,CVR017_007,837492
104053,824,0,CVR017_007,838316
104054,788,0,CVR017_007,839104
104055,776,0,CVR017_007,839880
104056,796,0,CVR017_007,840676
104057,812,0,CVR017_007,841488
104058,816,0,CVR017_007,842304
104059,868,0,CVR017_007,843172
104060,868,0,CVR017_007,844040
104061,840,0,CVR017_007,844880
104062,832,0,CVR017_007,845712
104063,848,0,CVR017_007,846560
104064,856,0,CVR017_007,847416
104065,860,0,CVR017_007,848276
104066,820,0,CVR017_007,849096
104067,816,0,CVR017_007,849912
104068,836,0,CVR017_007,850748
104069,908,1,CVR017_007,851656
104070,812,0,CVR017_007,852468
104071,856,0,CVR017_007,853324
104072,844,0,CVR017_007,854168
104073,856,0,CVR017_007,855024
104074,884,0,CVR017_007,855908
104075,904,0,CVR017_007,856812
104076,896,0,CVR017_007,857708
104077,860,0,CVR017_007,858568
104078,860,0,CVR017_007,859428
104079,836,0,CVR017_007,860264
104080,816,0,CVR017_007,861080
104081,828,0,CVR017_007,861908
104082,836,0,CVR017_007,862744
104083,908,1,CVR017_007,863652
104084,768,0,CVR017_007,864420
104085,820,0,CVR017_007,865240
104086,828,0,CVR017_007,866068
104087,832,0,CVR017_007,866900
104088,844,0,CVR017_007,867744
104089,824,0,CVR017_007,868568
104090,812,0,CVR017_007,869380
104091,804,0,CVR017_007,870184
104092,816,0,CVR017_007,871000
104093,836,0,CVR017_007,871836
104094,924,1,CVR017_007,872760
104095,796,0,CVR017_007,873556
104096,844,0,CVR017_007,874400
104097,864,0,CVR017_007,875264
104098,884,0,CVR017_007,876148
104099,856,0,CVR017_007,877004
104100,844,0,CVR017_007,877848
104101,864,0,CVR017_007,878712
104102,868,0,CVR017_007,879580
104103,892,0,CVR017_007,880472
104104,856,0,CVR017_007,881328
104105,848,0,CVR017_007,882176
104106,860,0,CVR017_007,883036
104107,860,0,CVR017_007,883896
104108,832,0,CVR017_007,884728
104109,832,0,CVR017_007,885560
104110,820,0,CVR017_007,886380
104111,844,0,CVR017_007,887224
104112,844,0,CVR017_007,888068
104113,820,0,CVR017_007,888888
104114,812,0,CVR017_007,889700
104115,824,0,CVR017_007,890524
104116,796,0,CVR017_007,891320
104117,784,0,CVR017_007,892104
104118,780,0,CVR017_007,892884
104119,800,0,CVR017_007,893684
104120,832,0,CVR017_007,894516
104121,848,0,CVR017_007,895364
104122,828,0,CVR017_007,896192
104123,832,0,CVR017_007,897024
104124,828,0,CVR017_007,897852
104125,860,0,CVR017_007,898712
104126,880,0,CVR017_007,899592
104127,900,0,CVR017_007,900492
104128,896,0,CVR017_007,901388
104129,880,0,CVR017_007,902268
104130,872,0,CVR017_007,903140
104131,900,0,CVR017_007,904040
104132,932,0,CVR017_007,904972
104133,936,0,CVR017_007,905908
104134,944,0,CVR017_007,906852
104135,948,0,CVR017_007,907800
104136,908,0,CVR017_007,908708
104137,884,0,CVR017_007,909592
104138,904,0,CVR017_007,910496
104139,884,0,CVR017_007,911380
104140,884,0,CVR017_007,912264
104141,868,0,CVR017_007,913132
104142,860,0,CVR017_007,913992
104143,868,0,CVR017_007,914860
104144,892,0,CVR017_007,915752
104145,936,0,CVR017_007,916688
104146,816,0,CVR017_007,917504
104147,908,0,CVR017_007,918412
104148,848,0,CVR017_007,919260
104149,464,0,CVR017_007,919724
104150,1100,0,CVR017_007,920824
104151,872,0,CVR017_007,921696
104152,796,0,CVR017_007,922492
104153,872,0,CVR017_007,923364
104154,852,0,CVR017_007,924216
104155,840,0,CVR017_007,925056
104156,880,0,CVR017_007,925936
104157,916,0,CVR017_007,926852
104158,956,0,CVR017_007,927808
104159,908,0,CVR017_007,928716
104160,960,0,CVR017_007,929676
104161,876,0,CVR017_007,930552
104162,940,0,CVR017_007,931492
104163,924,0,CVR017_007,932416
104164,880,0,CVR017_007,933296
104165,848,0,CVR017_007,934144
104166,872,0,CVR017_007,935016
104167,880,0,CVR017_007,935896
104168,896,0,CVR017_007,936792
104169,908,0,CVR017_007,937700
104170,804,0,CVR017_007,938504
104171,896,0,CVR017_007,939400
104172,884,0,CVR017_007,940284
104173,864,0,CVR017_007,941148
104174,856,0,CVR017_007,942004
104175,844,0,CVR017_007,942848
104176,820,0,CVR017_007,943668
104177,848,0,CVR017_007,944516
104178,868,0,CVR017_007,945384
104179,876,0,CVR017_007,946260
104180,844,0,CVR017_007,947104
104181,844,0,CVR017_007,947948
104182,860,0,CVR017_007,948808
104183,880,0,CVR017_007,949688
104184,872,0,CVR017_007,950560
104185,848,0,CVR017_007,951408
104186,840,0,CVR017_007,952248
104187,876,0,CVR017_007,953124
104188,884,0,CVR017_007,954008
104189,840,0,CVR017_007,954848
104190,832,0,CVR017_007,955680
104191,832,0,CVR017_007,956512
104192,848,0,CVR017_007,957360
104193,868,0,CVR017_007,958228
104194,848,0,CVR017_007,959076
104195,836,0,CVR017_007,959912
104196,864,0,CVR017_007,960776
104197,932,1,CVR017_007,961708
104198,788,0,CVR017_007,962496
104199,840,0,CVR017_007,963336
104200,816,0,CVR017_007,964152
104201,824,0,CVR017_007,964976
104202,848,0,CVR017_007,965824
104203,880,0,CVR017_007,966704
104204,880,0,CVR017_007,967584
104205,864,0,CVR017_007,968448
104206,852,0,CVR017_007,969300
104207,888,0,CVR017_007,970188
104208,892,0,CVR017_007,971080
104209,896,0,CVR017_007,971976
104210,852,0,CVR017_007,972828
104211,884,0,CVR017_007,973712
104212,768,0,CVR017_007,974480
104213,856,0,CVR017_007,975336
104214,872,0,CVR017_007,976208
104215,872,0,CVR017_007,977080
104216,840,0,CVR017_007,977920
104217,820,0,CVR017_007,978740
104218,812,0,CVR017_007,979552
104219,828,0,CVR017_007,980380
104220,868,0,CVR017_007,981248
104221,824,0,CVR017_007,982072
104222,836,0,CVR017_007,982908
104223,876,0,CVR017_007,983784
104224,904,0,CVR017_007,984688
104225,916,0,CVR017_007,985604
104226,864,0,CVR017_007,986468
104227,828,0,CVR017_007,987296
104228,816,0,CVR017_007,988112
104229,820,0,CVR017_007,988932
104230,812,0,CVR017_007,989744
104231,812,0,CVR017_007,990556
104232,784,0,CVR017_007,991340
104233,784,0,CVR017_007,992124
104234,804,0,CVR017_007,992928
104235,828,0,CVR017_007,993756
104236,832,0,CVR017_007,994588
104237,836,0,CVR017_007,995424
104238,840,0,CVR017_007,996264
104239,876,0,CVR017_007,997140
104240,912,0,CVR017_007,998052
104241,920,0,CVR017_007,998972
104242,884,0,CVR017_007,999856
104243,884,0,CVR017_007,1000740
104244,904,0,CVR017_007,1001644
104245,916,0,CVR017_007,1002560
104246,932,0,CVR017_007,1003492
104247,884,0,CVR017_007,1004376
104248,864,0,CVR017_007,1005240
104249,880,0,CVR017_007,1006120
104250,884,0,CVR017_007,1007004
104251,892,0,CVR017_007,1007896
104252,860,0,CVR017_007,1008756
104253,852,0,CVR017_007,1009608
104254,864,0,CVR017_007,1010472
104255,868,0,CVR017_007,1011340
104256,828,0,CVR017_007,1012168
104257,804,0,CVR017_007,1012972
104258,800,0,CVR017_007,1013772
104259,824,0,CVR017_007,1014596
104260,872,0,CVR017_007,1015468
104261,884,0,CVR017_007,1016352
104262,856,0,CVR017_007,1017208
104263,848,0,CVR017_007,1018056
104264,864,0,CVR017_007,1018920
104265,896,0,CVR017_007,1019816
104266,904,0,CVR017_007,1020720
104267,880,0,CVR017_007,1021600
104268,872,0,CVR017_007,1022472
104269,896,0,CVR017_007,1023368
104270,896,0,CVR017_007,1024264
104271,864,0,CVR017_007,1025128
104272,856,0,CVR017_007,1025984
104273,880,0,CVR017_007,1026864
104274,872,0,CVR017_007,1027736
104275,848,0,CVR017_007,1028584
104276,832,0,CVR017_007,1029416
104277,864,0,CVR017_007,1030280
104278,868,0,CVR017_007,1031148
104279,832,0,CVR017_007,1031980
104280,820,0,CVR017_007,1032800
104281,832,0,CVR017_007,1033632
104282,836,0,CVR017_007,1034468
104283,816,0,CVR017_007,1035284
104284,816,0,CVR017_007,1036100
104285,804,0,CVR017_007,1036904
104286,804,0,CVR017_007,1037708
104287,812,0,CVR017_007,1038520
104288,820,0,CVR017_007,1039340
104289,808,0,CVR017_007,1040148
104290,792,0,CVR017_007,1040940
104291,820,0,CVR017_007,1041760
104292,840,0,CVR017_007,1042600
104293,840,0,CVR017_007,1043440
104294,852,0,CVR017_007,1044292
104295,840,0,CVR017_007,1045132
104296,840,0,CVR017_007,1045972
104297,868,0,CVR017_007,1046840
104298,900,0,CVR017_007,1047740
104299,912,0,CVR017_007,1048652
104300,920,0,CVR017_007,1049572
104301,900,0,CVR017_007,1050472
104302,924,0,CVR017_007,1051396
104303,940,0,CVR017_007,1052336
104304,936,0,CVR017_007,1053272
104305,936,0,CVR017_007,1054208
104306,916,0,CVR017_007,1055124
104307,908,0,CVR017_007,1056032
104308,892,0,CVR017_007,1056924
104309,880,0,CVR017_007,1057804
104310,940,0,CVR017_007,1058744
104311,808,0,CVR017_007,1059552
104312,440,0,CVR017_007,1059992
104313,1084,0,CVR017_007,1061076
104314,828,0,CVR017_007,1061904
104315,872,0,CVR017_007,1062776
104316,768,0,CVR017_007,1063544
104317,452,0,CVR017_007,1063996
104318,1120,0,CVR017_007,1065116
104319,804,0,CVR017_007,1065920
104320,796,0,CVR017_007,1066716
104321,824,0,CVR017_007,1067540
104322,860,0,CVR017_007,1068400
104323,888,0,CVR017_007,1069288
104324,904,0,CVR017_007,1070192
104325,864,0,CVR017_007,1071056
104326,900,0,CVR017_007,1071956
104327,936,0,CVR017_007,1072892
104328,932,0,CVR017_007,1073824
104329,936,0,CVR017_007,1074760
104330,808,0,CVR017_007,1075568
104331,880,0,CVR017_007,1076448
104332,880,0,CVR017_007,1077328
104333,888,0,CVR017_007,1078216
104334,864,0,CVR017_007,1079080
104335,876,0,CVR017_007,1079956
104336,888,0,CVR017_007,1080844
104337,904,0,CVR017_007,1081748
104338,912,0,CVR017_007,1082660
104339,880,0,CVR017_007,1083540
104340,856,0,CVR017_007,1084396
104341,868,0,CVR017_007,1085264
104342,884,0,CVR017_007,1086148
104343,888,0,CVR017_007,1087036
104344,876,0,CVR017_007,1087912
104345,872,0,CVR017_007,1088784
104346,888,0,CVR017_007,1089672
104347,908,0,CVR017_007,1090580
104348,908,0,CVR017_007,1091488
104349,880,0,CVR017_007,1092368
104350,864,0,CVR017_007,1093232
104351,848,0,CVR017_007,1094080
104352,868,0,CVR017_007,1094948
104353,880,0,CVR017_007,1095828
104354,860,0,CVR017_007,1096688
104355,836,0,CVR017_007,1097524
104356,868,0,CVR017_007,1098392
104357,928,1,CVR017_007,1099320
104358,788,0,CVR017_007,1100108
104359,848,0,CVR017_007,1100956
104360,868,0,CVR017_007,1101824
104361,868,0,CVR017_007,1102692
104362,884,0,CVR017_007,1103576
104363,900,0,CVR017_007,1104476
104364,848,0,CVR017_007,1105324
104365,828,0,CVR017_007,1106152
104366,852,0,CVR017_007,1107004
104367,836,0,CVR017_007,1107840
104368,844,0,CVR017_007,1108684
104369,828,0,CVR017_007,1109512
104370,824,0,CVR017_007,1110336
104371,844,0,CVR017_007,1111180
104372,876,0,CVR017_007,1112056
104373,896,0,CVR017_007,1112952
104374,860,0,CVR017_007,1113812
104375,868,0,CVR017_007,1114680
104376,876,0,CVR017_007,1115556
104377,896,0,CVR017_007,1116452
104378,888,0,CVR017_007,1117340
104379,852,0,CVR017_007,1118192
104380,864,0,CVR017_007,1119056
104381,876,0,CVR017_007,1119932
104382,888,0,CVR017_007,1120820
104383,860,0,CVR017_007,1121680
104384,860,0,CVR017_007,1122540
104385,892,0,CVR017_007,1123432
104386,900,0,CVR017_007,1124332
104387,868,0,CVR017_007,1125200
104388,840,0,CVR017_007,1126040
104389,824,0,CVR017_007,1126864
104390,840,0,CVR017_007,1127704
104391,848,0,CVR017_007,1128552
104392,868,0,CVR017_007,1129420
104393,864,0,CVR017_007,1130284
104394,836,0,CVR017_007,1131120
104395,820,0,CVR017_007,1131940
104396,820,0,CVR017_007,1132760
104397,836,0,CVR017_007,1133596
104398,836,0,CVR017_007,1134432
104399,824,0,CVR017_007,1135256
104400,832,0,CVR017_007,1136088
104401,836,0,CVR017_007,1136924
104402,856,0,CVR017_007,1137780
104403,872,0,CVR017_007,1138652
104404,840,0,CVR017_007,1139492
104405,836,0,CVR017_007,1140328
104406,844,0,CVR017_007,1141172
104407,872,0,CVR017_007,1142044
104408,884,0,CVR017_007,1142928
104409,868,0,CVR017_007,1143796
104410,848,0,CVR017_007,1144644
104411,864,0,CVR017_007,1145508
104412,860,0,CVR017_007,1146368
104413,868,0,CVR017_007,1147236
104414,840,0,CVR017_007,1148076
104415,840,0,CVR017_007,1148916
104416,860,0,CVR017_007,1149776
104417,864,0,CVR017_007,1150640
104418,876,0,CVR017_007,1151516
104419,860,0,CVR017_007,1152376
104420,860,0,CVR017_007,1153236
104421,860,0,CVR017_007,1154096
104422,880,0,CVR017_007,1154976
104423,872,0,CVR017_007,1155848
104424,828,0,CVR017_007,1156676
104425,832,0,CVR017_007,1157508
104426,836,0,CVR017_007,1158344
104427,840,0,CVR017_007,1159184
104428,812,0,CVR017_007,1159996
104429,812,0,CVR017_007,1160808
104430,832,0,CVR017_007,1161640
104431,820,0,CVR017_007,1162460
104432,792,0,CVR017_007,1163252
104433,780,0,CVR017_007,1164032
104434,776,0,CVR017_007,1164808
104435,772,0,CVR017_007,1165580
104436,776,0,CVR017_007,1166356
104437,768,0,CVR017_007,1167124
104438,780,0,CVR017_007,1167904
104439,776,0,CVR017_007,1168680
104440,812,0,CVR017_007,1169492
104441,820,0,CVR017_007,1170312
104442,800,0,CVR017_007,1171112
104443,788,0,CVR017_007,1171900
104444,788,0,CVR017_007,1172688
104445,792,0,CVR017_007,1173480
104446,808,0,CVR017_007,1174288
104447,808,0,CVR017_007,1175096
104448,804,0,CVR017_007,1175900
104449,808,0,CVR017_007,1176708
104450,832,0,CVR017_007,1177540
104451,856,0,CVR017_007,1178396
104452,876,0,CVR017_007,1179272
104453,872,0,CVR017_007,1180144
104454,872,0,CVR017_007,1181016
104455,904,0,CVR017_007,1181920
104456,900,0,CVR017_007,1182820
104457,908,0,CVR017_007,1183728
104458,916,0,CVR017_007,1184644
104459,872,0,CVR017_007,1185516
104460,860,0,CVR017_007,1186376
104461,876,0,CVR017_007,1187252
104462,876,0,CVR017_007,1188128
104463,860,0,CVR017_007,1188988
104464,840,0,CVR017_007,1189828
104465,852,0,CVR017_007,1190680
104466,856,0,CVR017_007,1191536
104467,856,0,CVR017_007,1192392
104468,836,0,CVR017_007,1193228
104469,816,0,CVR017_007,1194044
104470,836,0,CVR017_007,1194880
104471,812,0,CVR017_007,1195692
104472,804,0,CVR017_007,1196496
104473,788,0,CVR017_007,1197284
104474,780,0,CVR017_007,1198064
104475,792,0,CVR017_007,1198856
104476,800,0,CVR017_007,1199656
104477,796,0,CVR017_007,1200452
104478,800,0,CVR017_007,1201252
104479,788,0,CVR017_007,1202040
104480,804,0,CVR017_007,1202844
104481,816,0,CVR017_007,1203660
104482,816,0,CVR017_007,1204476
104483,804,0,CVR017_007,1205280
104484,816,0,CVR017_007,1206096
104485,832,0,CVR017_007,1206928
104486,820,0,CVR017_007,1207748
104487,824,0,CVR017_007,1208572
104488,824,0,CVR017_007,1209396
104489,812,0,CVR017_007,1210208
104490,820,0,CVR017_007,1211028
104491,848,0,CVR017_007,1211876
104492,848,0,CVR017_007,1212724
104493,864,0,CVR017_007,1213588
104494,844,0,CVR017_007,1214432
104495,844,0,CVR017_007,1215276
104496,848,0,CVR017_007,1216124
104497,848,0,CVR017_007,1216972
104498,844,0,CVR017_007,1217816
104499,836,0,CVR017_007,1218652
104500,820,0,CVR017_007,1219472
104501,816,0,CVR017_007,1220288
104502,440,0,CVR017_007,1220728
104503,1072,0,CVR017_007,1221800
104504,808,0,CVR017_007,1222608
104505,792,0,CVR017_007,1223400
104506,784,0,CVR017_007,1224184
104507,800,0,CVR017_007,1224984
104508,828,0,CVR017_007,1225812
104509,840,0,CVR017_007,1226652
104510,852,0,CVR017_007,1227504
104511,844,0,CVR017_007,1228348
104512,844,0,CVR017_007,1229192
104513,856,0,CVR017_007,1230048
104514,844,0,CVR017_007,1230892
104515,820,0,CVR017_007,1231712
104516,868,1,CVR017_007,1232580
104517,752,0,CVR017_007,1233332
104518,808,0,CVR017_007,1234140
104519,812,0,CVR017_007,1234952
104520,808,0,CVR017_007,1235760
104521,796,0,CVR017_007,1236556
104522,796,0,CVR017_007,1237352
104523,800,0,CVR017_007,1238152
104524,812,0,CVR017_007,1238964
104525,900,1,CVR017_007,1239864
104526,780,0,CVR017_007,1240644
104527,816,0,CVR017_007,1241460
104528,820,0,CVR017_007,1242280
104529,840,0,CVR017_007,1243120
104530,856,0,CVR017_007,1243976
104531,868,0,CVR017_007,1244844
104532,856,0,CVR017_007,1245700
104533,820,0,CVR017_007,1246520
104534,796,0,CVR017_007,1247316
104535,808,0,CVR017_007,1248124
104536,808,0,CVR017_007,1248932
104537,804,0,CVR017_007,1249736
104538,812,0,CVR017_007,1250548
104539,808,0,CVR017_007,1251356
104540,796,0,CVR017_007,1252152
104541,804,0,CVR017_007,1252956
104542,812,0,CVR017_007,1253768
104543,824,0,CVR017_007,1254592
104544,828,0,CVR017_007,1255420
104545,812,0,CVR017_007,1256232
104546,804,0,CVR017_007,1257036
104547,804,0,CVR017_007,1257840
104548,812,0,CVR017_007,1258652
104549,820,0,CVR017_007,1259472
104550,828,0,CVR017_007,1260300
104551,832,0,CVR017_007,1261132
104552,816,0,CVR017_007,1261948
104553,812,0,CVR017_007,1262760
104554,804,0,CVR017_007,1263564
104555,812,0,CVR017_007,1264376
104556,808,0,CVR017_007,1265184
104557,840,0,CVR017_007,1266024
104558,816,0,CVR017_007,1266840
104559,816,0,CVR017_007,1267656
104560,820,0,CVR017_007,1268476
104561,824,0,CVR017_007,1269300
104562,808,0,CVR017_007,1270108
104563,800,0,CVR017_007,1270908
104564,796,0,CVR017_007,1271704
104565,804,0,CVR017_007,1272508
104566,820,0,CVR017_007,1273328
104567,812,0,CVR017_007,1274140
104568,808,0,CVR017_007,1274948
104569,784,0,CVR017_007,1275732
104570,788,0,CVR017_007,1276520
104571,796,0,CVR017_007,1277316
104572,796,0,CVR017_007,1278112
104573,800,0,CVR017_007,1278912
104574,788,0,CVR017_007,1279700
104575,780,0,CVR017_007,1280480
104576,796,0,CVR017_007,1281276
104577,804,0,CVR017_007,1282080
104578,804,0,CVR017_007,1282884
104579,820,0,CVR017_007,1283704
104580,788,0,CVR017_007,1284492
104581,772,0,CVR017_007,1285264
104582,776,0,CVR017_007,1286040
104583,828,1,CVR017_007,1286868
104584,704,0,CVR017_007,1287572
104585,764,0,CVR017_007,1288336
104586,780,0,CVR017_007,1289116
104587,780,0,CVR017_007,1289896
104588,784,0,CVR017_007,1290680
104589,780,0,CVR017_007,1291460
104590,776,0,CVR017_007,1292236
104591,772,0,CVR017_007,1293008
104592,768,0,CVR017_007,1293776
104593,764,0,CVR017_007,1294540
104594,748,0,CVR017_007,1295288
104595,748,0,CVR017_007,1296036
104596,748,0,CVR017_007,1296784
104597,764,0,CVR017_007,1297548
104598,776,0,CVR017_007,1298324
104599,776,0,CVR017_007,1299100
104600,772,0,CVR017_007,1299872
104601,792,0,CVR017_007,1300664
104602,812,0,CVR017_007,1301476
104603,812,0,CVR017_007,1302288
104604,796,0,CVR017_007,1303084
104605,788,0,CVR017_007,1303872
104606,784,0,CVR017_007,1304656
104607,796,0,CVR017_007,1305452
104608,784,0,CVR017_007,1306236
104609,804,0,CVR017_007,1307040
104610,784,0,CVR017_007,1307824
104611,776,0,CVR017_007,1308600
104612,780,0,CVR017_007,1309380
104613,796,0,CVR017_007,1310176
104614,800,0,CVR017_007,1310976
104615,788,0,CVR017_007,1311764
104616,788,0,CVR017_007,1312552
104617,784,0,CVR017_007,1313336
104618,792,0,CVR017_007,1314128
104619,796,0,CVR017_007,1314924
104620,804,0,CVR017_007,1315728
104621,784,0,CVR017_007,1316512
104622,780,0,CVR017_007,1317292
104623,784,0,CVR017_007,1318076
104624,796,0,CVR017_007,1318872
104625,804,0,CVR017_007,1319676
104626,812,0,CVR017_007,1320488
104627,816,0,CVR017_007,1321304
104628,812,0,CVR017_007,1322116
104629,808,0,CVR017_007,1322924
104630,820,0,CVR017_007,1323744
104631,820,0,CVR017_007,1324564
104632,824,0,CVR017_007,1325388
104633,792,0,CVR017_007,1326180
104634,784,0,CVR017_007,1326964
104635,792,0,CVR017_007,1327756
104636,792,0,CVR017_007,1328548
104637,784,0,CVR017_007,1329332
104638,776,0,CVR017_007,1330108
104639,768,0,CVR017_007,1330876
104640,772,0,CVR017_007,1331648
104641,780,0,CVR017_007,1332428
104642,768,0,CVR017_007,1333196
104643,752,0,CVR017_007,1333948
104644,748,0,CVR017_007,1334696
104645,752,0,CVR017_007,1335448
104646,764,0,CVR017_007,1336212
104647,768,0,CVR017_007,1336980
104648,768,0,CVR017_007,1337748
104649,760,0,CVR017_007,1338508
104650,760,0,CVR017_007,1339268
104651,768,0,CVR017_007,1340036
104652,764,0,CVR017_007,1340800
104653,776,0,CVR017_007,1341576
104654,776,0,CVR017_007,1342352
104655,780,0,CVR017_007,1343132
104656,764,0,CVR017_007,1343896
104657,740,0,CVR017_007,1344636
104658,724,0,CVR017_007,1345360
104659,712,0,CVR017_007,1346072
104660,720,0,CVR017_007,1346792
104661,728,0,CVR017_007,1347520
104662,772,0,CVR017_007,1348292
104663,792,0,CVR017_007,1349084
104664,820,0,CVR017_007,1349904
104665,800,0,CVR017_007,1350704
104666,780,0,CVR017_007,1351484
104667,772,0,CVR017_007,1352256
104668,760,0,CVR017_007,1353016
104669,768,0,CVR017_007,1353784
104670,772,0,CVR017_007,1354556
104671,736,0,CVR017_007,1355292
104672,720,0,CVR017_007,1356012
104673,704,0,CVR017_007,1356716
104674,700,0,CVR017_007,1357416
104675,716,0,CVR017_007,1358132
104676,740,0,CVR017_007,1358872
104677,820,0,CVR017_007,1359692
104678,844,0,CVR017_007,1360536
104679,792,0,CVR017_007,1361328
104680,768,0,CVR017_007,1362096
104681,464,0,CVR017_007,1362560
104682,1000,0,CVR017_007,1363560
104683,732,0,CVR017_007,1364292
104684,720,0,CVR017_007,1365012
104685,704,0,CVR017_007,1365716
104686,700,0,CVR017_007,1366416
104687,708,0,CVR017_007,1367124
104688,796,1,CVR017_007,1367920
104689,672,0,CVR017_007,1368592
104690,736,0,CVR017_007,1369328
104691,764,0,CVR017_007,1370092
104692,824,1,CVR017_007,1370916
104693,720,0,CVR017_007,1371636
104694,780,0,CVR017_007,1372416
104695,792,0,CVR017_007,1373208
104696,780,0,CVR017_007,1373988
104697,740,0,CVR017_007,1374728
104698,728,0,CVR017_007,1375456
104699,704,0,CVR017_007,1376160
104700,760,1,CVR017_007,1376920
104701,636,0,CVR017_007,1377556
104702,704,0,CVR017_007,1378260
104703,716,0,CVR017_007,1378976
104704,740,0,CVR017_007,1379716
104705,776,0,CVR017_007,1380492
104706,836,0,CVR017_007,1381328
104707,820,0,CVR017_007,1382148
104708,812,0,CVR017_007,1382960
104709,804,0,CVR017_007,1383764
104710,804,0,CVR017_007,1384568
104711,820,0,CVR017_007,1385388
104712,816,0,CVR017_007,1386204
104713,808,0,CVR017_007,1387012
104714,804,0,CVR017_007,1387816
104715,816,0,CVR017_007,1388632
104716,828,0,CVR017_007,1389460
104717,828,0,CVR017_007,1390288
104718,804,0,CVR017_007,1391092
104719,808,0,CVR017_007,1391900
104720,820,0,CVR017_007,1392720
104721,820,0,CVR017_007,1393540
104722,824,0,CVR017_007,1394364
104723,804,0,CVR017_007,1395168
104724,820,0,CVR017_007,1395988
104725,832,0,CVR017_007,1396820
104726,840,0,CVR017_007,1397660
104727,816,0,CVR017_007,1398476
104728,796,0,CVR017_007,1399272
104729,808,0,CVR017_007,1400080
104730,860,1,CVR017_007,1400940
104731,764,0,CVR017_007,1401704
104732,812,0,CVR017_007,1402516
104733,800,0,CVR017_007,1403316
104734,808,0,CVR017_007,1404124
104735,824,0,CVR017_007,1404948
104736,828,0,CVR017_007,1405776
104737,804,0,CVR017_007,1406580
104738,804,0,CVR017_007,1407384
104739,812,0,CVR017_007,1408196
104740,820,0,CVR017_007,1409016
104741,828,0,CVR017_007,1409844
104742,812,0,CVR017_007,1410656
104743,808,0,CVR017_007,1411464
104744,824,0,CVR017_007,1412288
104745,832,0,CVR017_007,1413120
104746,812,0,CVR017_007,1413932
104747,808,0,CVR017_007,1414740
104748,820,0,CVR017_007,1415560
104749,820,0,CVR017_007,1416380
104750,824,0,CVR017_007,1417204
104751,808,0,CVR017_007,1418012
104752,792,0,CVR017_007,1418804
104753,796,0,CVR017_007,1419600
104754,796,0,CVR017_007,1420396
104755,824,0,CVR017_007,1421220
104756,816,0,CVR017_007,1422036
104757,816,0,CVR017_007,1422852
104758,832,0,CVR017_007,1423684
104759,844,0,CVR017_007,1424528
104760,856,0,CVR017_007,1425384
104761,832,0,CVR017_007,1426216
104762,820,0,CVR017_007,1427036
104763,820,0,CVR017_007,1427856
104764,848,0,CVR017_007,1428704
104765,856,0,CVR017_007,1429560
104766,820,0,CVR017_007,1430380
104767,820,0,CVR017_007,1431200
104768,820,0,CVR017_007,1432020
104769,828,0,CVR017_007,1432848
104770,832,0,CVR017_007,1433680
104771,800,0,CVR017_007,1434480
104772,792,0,CVR017_007,1435272
104773,800,0,CVR017_007,1436072
104774,796,0,CVR017_007,1436868
104775,812,0,CVR017_007,1437680
104776,788,0,CVR017_007,1438468
104777,784,0,CVR017_007,1439252
104778,796,0,CVR017_007,1440048
104779,800,0,CVR017_007,1440848
104780,776,0,CVR017_007,1441624
104781,780,0,CVR017_007,1442404
104782,792,0,CVR017_007,1443196
104783,792,0,CVR017_007,1443988
104784,784,0,CVR017_007,1444772
104785,784,0,CVR017_007,1445556
104786,784,0,CVR017_007,1446340
104787,780,0,CVR017_007,1447120
104788,836,1,CVR017_007,1447956
104789,728,0,CVR017_007,1448684
104790,768,0,CVR017_007,1449452
104791,768,0,CVR017_007,1450220
104792,784,0,CVR017_007,1451004
104793,776,0,CVR017_007,1451780
104794,780,0,CVR017_007,1452560
104795,776,0,CVR017_007,1453336
104796,780,0,CVR017_007,1454116
104797,844,1,CVR017_007,1454960
104798,728,0,CVR017_007,1455688
104799,796,0,CVR017_007,1456484
104800,808,0,CVR017_007,1457292
104801,792,0,CVR017_007,1458084
104802,796,0,CVR017_007,1458880
104803,808,0,CVR017_007,1459688
104804,820,0,CVR017_007,1460508
104805,796,0,CVR017_007,1461304
104806,800,0,CVR017_007,1462104
104807,812,0,CVR017_007,1462916
104808,828,0,CVR017_007,1463744
104809,796,0,CVR017_007,1464540
104810,804,0,CVR017_007,1465344
104811,812,0,CVR017_007,1466156
104812,812,0,CVR017_007,1466968
104813,824,0,CVR017_007,1467792
104814,804,0,CVR017_007,1468596
104815,804,0,CVR017_007,1469400
104816,800,0,CVR017_007,1470200
104817,800,0,CVR017_007,1471000
104818,812,0,CVR017_007,1471812
104819,792,0,CVR017_007,1472604
104820,776,0,CVR017_007,1473380
104821,776,0,CVR017_007,1474156
104822,808,0,CVR017_007,1474964
104823,840,0,CVR017_007,1475804
104824,848,0,CVR017_007,1476652
104825,836,0,CVR017_007,1477488
104826,824,0,CVR017_007,1478312
104827,804,0,CVR017_007,1479116
104828,812,0,CVR017_007,1479928
104829,812,0,CVR017_007,1480740
104830,808,0,CVR017_007,1481548
104831,808,0,CVR017_007,1482356
104832,800,0,CVR017_007,1483156
104833,800,0,CVR017_007,1483956
104834,804,0,CVR017_007,1484760
104835,812,0,CVR017_007,1485572
104836,808,0,CVR017_007,1486380
104837,804,0,CVR017_007,1487184
104838,796,0,CVR017_007,1487980
104839,800,0,CVR017_007,1488780
104840,812,0,CVR017_007,1489592
104841,808,0,CVR017_007,1490400
104842,800,0,CVR017_007,1491200
104843,784,0,CVR017_007,1491984
104844,772,0,CVR017_007,1492756
104845,768,0,CVR017_007,1493524
104846,772,0,CVR017_007,1494296
104847,776,0,CVR017_007,1495072
104848,780,0,CVR017_007,1495852
104849,784,0,CVR017_007,1496636
104850,776,0,CVR017_007,1497412
104851,768,0,CVR017_007,1498180
104852,436,0,CVR017_007,1498616
104853,1024,0,CVR017_007,1499640
104854,748,0,CVR017_007,1500388
104855,756,0,CVR017_007,1501144
104856,764,0,CVR017_007,1501908
104857,800,0,CVR017_007,1502708
104858,800,0,CVR017_007,1503508
104859,804,0,CVR017_007,1504312
104860,784,0,CVR017_007,1505096
104861,796,0,CVR017_007,1505892
104862,488,0,CVR017_007,1506380
104863,1092,0,CVR017_007,1507472
104864,820,0,CVR017_007,1508292
104865,812,0,CVR017_007,1509104
104866,808,0,CVR017_007,1509912
104867,588,0,CVR017_007,1510500
104868,1084,0,CVR017_007,1511584
104869,816,0,CVR017_007,1512400
104870,440,0,CVR017_007,1512840
104871,1064,0,CVR017_007,1513904
104872,780,0,CVR017_007,1514684
104873,748,0,CVR017_007,1515432
104874,760,0,CVR017_007,1516192
104875,812,1,CVR017_007,1517004
104876,676,0,CVR017_007,1517680
104877,740,0,CVR017_007,1518420
104878,776,0,CVR017_007,1519196
104879,792,0,CVR017_007,1519988
104880,792,0,CVR017_007,1520780
104881,796,0,CVR017_007,1521576
104882,832,0,CVR017_007,1522408
104883,836,0,CVR017_007,1523244
104884,832,0,CVR017_007,1524076
104885,808,0,CVR017_007,1524884
104886,796,0,CVR017_007,1525680
104887,780,0,CVR017_007,1526460
104888,808,0,CVR017_007,1527268
104889,788,0,CVR017_007,1528056
104890,776,0,CVR017_007,1528832
104891,784,0,CVR017_007,1529616
104892,796,0,CVR017_007,1530412
104893,800,0,CVR017_007,1531212
104894,792,0,CVR017_007,1532004
104895,788,0,CVR017_007,1532792
104896,812,0,CVR017_007,1533604
104897,796,0,CVR017_007,1534400
104898,800,0,CVR017_007,1535200
104899,784,0,CVR017_007,1535984
104900,776,0,CVR017_007,1536760
104901,756,0,CVR017_007,1537516
104902,756,0,CVR017_007,1538272
104903,752,0,CVR017_007,1539024
104904,752,0,CVR017_007,1539776
104905,764,0,CVR017_007,1540540
104906,756,0,CVR017_007,1541296
104907,756,0,CVR017_007,1542052
104908,764,0,CVR017_007,1542816
104909,764,0,CVR017_007,1543580
104910,776,0,CVR017_007,1544356
104911,780,0,CVR017_007,1545136
104912,776,0,CVR017_007,1545912
104913,788,0,CVR017_007,1546700
104914,788,0,CVR017_007,1547488
104915,796,0,CVR017_007,1548284
104916,776,0,CVR017_007,1549060
104917,772,0,CVR017_007,1549832
104918,764,0,CVR017_007,1550596
104919,768,0,CVR017_007,1551364
104920,784,0,CVR017_007,1552148
104921,776,0,CVR017_007,1552924
104922,772,0,CVR017_007,1553696
104923,752,0,CVR017_007,1554448
104924,744,0,CVR017_007,1555192
104925,740,0,CVR017_007,1555932
104926,732,0,CVR017_007,1556664
104927,728,0,CVR017_007,1557392
104928,728,0,CVR017_007,1558120
104929,732,0,CVR017_007,1558852
104930,736,0,CVR017_007,1559588
104931,728,0,CVR017_007,1560316
104932,732,0,CVR017_007,1561048
104933,740,0,CVR017_007,1561788
104934,740,0,CVR017_007,1562528
104935,724,0,CVR017_007,1563252
104936,724,0,CVR017_007,1563976
104937,728,0,CVR017_007,1564704
104938,716,0,CVR017_007,1565420
104939,740,0,CVR017_007,1566160
104940,756,0,CVR017_007,1566916
104941,772,0,CVR017_007,1567688
104942,764,0,CVR017_007,1568452
104943,776,0,CVR017_007,1569228
104944,796,0,CVR017_007,1570024
104945,804,0,CVR017_007,1570828
104946,812,0,CVR017_007,1571640
104947,804,0,CVR017_007,1572444
104948,816,0,CVR017_007,1573260
104949,836,0,CVR017_007,1574096
104950,840,0,CVR017_007,1574936
104951,852,0,CVR017_007,1575788
104952,836,0,CVR017_007,1576624
104953,848,0,CVR017_007,1577472
104954,868,0,CVR017_007,1578340
104955,884,0,CVR017_007,1579224
104956,892,0,CVR017_007,1580116
104957,884,0,CVR017_007,1581000
104958,860,0,CVR017_007,1581860
104959,840,0,CVR017_007,1582700
104960,856,0,CVR017_007,1583556
104961,852,0,CVR017_007,1584408
104962,832,0,CVR017_007,1585240
104963,828,0,CVR017_007,1586068
104964,836,0,CVR017_007,1586904
104965,844,0,CVR017_007,1587748
104966,832,0,CVR017_007,1588580
104967,828,0,CVR017_007,1589408
104968,852,0,CVR017_007,1590260
104969,860,0,CVR017_007,1591120
104970,824,0,CVR017_007,1591944
104971,840,0,CVR017_007,1592784
104972,848,0,CVR017_007,1593632
104973,852,0,CVR017_007,1594484
104974,864,0,CVR017_007,1595348
104975,840,0,CVR017_007,1596188
104976,824,0,CVR017_007,1597012
104977,840,0,CVR017_007,1597852
104978,844,0,CVR017_007,1598696
104979,848,0,CVR017_007,1599544
104980,828,0,CVR017_007,1600372
104981,832,0,CVR017_007,1601204
104982,852,0,CVR017_007,1602056
104983,860,0,CVR017_007,1602916
104984,856,0,CVR017_007,1603772
104985,840,0,CVR017_007,1604612
104986,836,0,CVR017_007,1605448
104987,844,0,CVR017_007,1606292
104988,852,0,CVR017_007,1607144
104989,844,0,CVR017_007,1607988
104990,820,0,CVR017_007,1608808
104991,824,0,CVR017_007,1609632
104992,812,0,CVR017_007,1610444
104993,820,0,CVR017_007,1611264
104994,804,0,CVR017_007,1612068
104995,796,0,CVR017_007,1612864
104996,808,0,CVR017_007,1613672
104997,804,0,CVR017_007,1614476
104998,808,0,CVR017_007,1615284
104999,796,0,CVR017_007,1616080
105000,792,0,CVR017_007,1616872
105001,780,0,CVR017_007,1617652
105002,772,0,CVR017_007,1618424
105003,772,0,CVR017_007,1619196
105004,764,0,CVR017_007,1619960
105005,776,0,CVR017_007,1620736
105006,768,0,CVR017_007,1621504
105007,772,0,CVR017_007,1622276
105008,764,0,CVR017_007,1623040
105009,752,0,CVR017_007,1623792
105010,744,0,CVR017_007,1624536
105011,752,0,CVR017_007,1625288
105012,752,0,CVR017_007,1626040
105013,760,0,CVR017_007,1626800
105014,744,0,CVR017_007,1627544
105015,752,0,CVR017_007,1628296
105016,764,0,CVR017_007,1629060
105017,772,0,CVR017_007,1629832
105018,780,0,CVR017_007,1630612
105019,764,0,CVR017_007,1631376
105020,768,0,CVR017_007,1632144
105021,780,0,CVR017_007,1632924
105022,796,0,CVR017_007,1633720
105023,800,0,CVR017_007,1634520
105024,792,0,CVR017_007,1635312
105025,788,0,CVR017_007,1636100
105026,796,0,CVR017_007,1636896
105027,808,0,CVR017_007,1637704
105028,804,0,CVR017_007,1638508
105029,796,0,CVR017_007,1639304
105030,804,0,CVR017_007,1640108
105031,808,0,CVR017_007,1640916
105032,820,0,CVR017_007,1641736
105033,800,0,CVR017_007,1642536
105034,800,0,CVR017_007,1643336
105035,796,0,CVR017_007,1644132
105036,816,0,CVR017_007,1644948
105037,808,0,CVR017_007,1645756
105038,800,0,CVR017_007,1646556
105039,796,0,CVR017_007,1647352
105040,796,0,CVR017_007,1648148
105041,796,0,CVR017_007,1648944
105042,784,0,CVR017_007,1649728
105043,792,0,CVR017_007,1650520
105044,804,0,CVR017_007,1651324
105045,808,0,CVR017_007,1652132
105046,800,0,CVR017_007,1652932
105047,800,0,CVR017_007,1653732
105048,808,0,CVR017_007,1654540
105049,804,0,CVR017_007,1655344
105050,812,0,CVR017_007,1656156
105051,796,0,CVR017_007,1656952
105052,800,0,CVR017_007,1657752
105053,808,0,CVR017_007,1658560
105054,812,0,CVR017_007,1659372
105055,816,0,CVR017_007,1660188
105056,864,1,CVR017_007,1661052
105057,764,0,CVR017_007,1661816
105058,832,0,CVR017_007,1662648
105059,844,0,CVR017_007,1663492
105060,844,0,CVR017_007,1664336
105061,832,0,CVR017_007,1665168
105062,896,0,CVR017_007,1666064
105063,440,0,CVR017_007,1666504
105064,1112,0,CVR017_007,1667616
105065,808,0,CVR017_007,1668424
105066,792,0,CVR017_007,1669216
105067,856,1,CVR017_007,1670072
105068,756,0,CVR017_007,1670828
105069,808,0,CVR017_007,1671636
105070,820,0,CVR017_007,1672456
105071,840,0,CVR017_007,1673296
105072,872,0,CVR017_007,1674168
105073,864,0,CVR017_007,1675032
105074,832,0,CVR017_007,1675864
105075,836,0,CVR017_007,1676700
105076,848,0,CVR017_007,1677548
105077,848,0,CVR017_007,1678396
105078,824,0,CVR017_007,1679220
105079,816,0,CVR017_007,1680036
105080,820,0,CVR017_007,1680856
105081,820,0,CVR017_007,1681676
105082,792,0,CVR017_007,1682468
105083,792,0,CVR017_007,1683260
105084,796,0,CVR017_007,1684056
105085,804,0,CVR017_007,1684860
105086,824,0,CVR017_007,1685684
105087,812,0,CVR017_007,1686496
105088,832,0,CVR017_007,1687328
105089,848,0,CVR017_007,1688176
105090,908,0,CVR017_007,1689084
105091,784,0,CVR017_007,1689868
105092,364,0,CVR017_008,364
105093,828,0,CVR017_008,1192
105094,628,0,CVR017_008,1820
105095,616,0,CVR017_008,2436
105096,616,0,CVR017_008,3052
105097,616,0,CVR017_008,3668
105098,616,0,CVR017_008,4284
105099,628,0,CVR017_008,4912
105100,360,0,CVR017_008,5272
105101,816,0,CVR017_008,6088
105102,616,0,CVR017_008,6704
105103,616,0,CVR017_008,7320
105104,612,0,CVR017_008,7932
105105,620,0,CVR017_008,8552
105106,360,0,CVR017_008,8912
105107,1420,0,CVR017_008,10332
105108,604,0,CVR017_008,10936
105109,400,0,CVR017_008,11336
105110,1376,0,CVR017_008,12712
105111,596,0,CVR017_008,13308
105112,600,0,CVR017_008,13908
105113,600,0,CVR017_008,14508
105114,360,0,CVR017_008,14868
105115,812,0,CVR017_008,15680
105116,612,0,CVR017_008,16292
105117,616,0,CVR017_008,16908
105118,368,0,CVR017_008,17276
105119,796,0,CVR017_008,18072
105120,612,0,CVR017_008,18684
105121,608,0,CVR017_008,19292
105122,364,0,CVR017_008,19656
105123,796,0,CVR017_008,20452
105124,604,0,CVR017_008,21056
105125,596,0,CVR017_008,21652
105126,408,0,CVR017_008,22060
105127,772,0,CVR017_008,22832
105128,600,0,CVR017_008,23432
105129,600,0,CVR017_008,24032
105130,608,0,CVR017_008,24640
105131,620,0,CVR017_008,25260
105132,628,0,CVR017_008,25888
105133,632,0,CVR017_008,26520
105134,644,0,CVR017_008,27164
105135,644,0,CVR017_008,27808
105136,664,0,CVR017_008,28472
105137,660,0,CVR017_008,29132
105138,656,0,CVR017_008,29788
105139,664,0,CVR017_008,30452
105140,448,0,CVR017_008,30900
105141,840,0,CVR017_008,31740
105142,656,0,CVR017_008,32396
105143,656,0,CVR017_008,33052
105144,660,0,CVR017_008,33712
105145,652,0,CVR017_008,34364
105146,408,0,CVR017_008,34772
105147,832,0,CVR017_008,35604
105148,1276,0,CVR017_008,36880
105149,664,0,CVR017_008,37544
105150,680,0,CVR017_008,38224
105151,716,0,CVR017_008,38940
105152,756,0,CVR017_008,39696
105153,760,0,CVR017_008,40456
105154,768,0,CVR017_008,41224
105155,756,0,CVR017_008,41980
105156,744,0,CVR017_008,42724
105157,728,0,CVR017_008,43452
105158,728,0,CVR017_008,44180
105159,736,0,CVR017_008,44916
105160,760,0,CVR017_008,45676
105161,776,0,CVR017_008,46452
105162,848,1,CVR017_008,47300
105163,712,0,CVR017_008,48012
105164,764,0,CVR017_008,48776
105165,744,0,CVR017_008,49520
105166,748,0,CVR017_008,50268
105167,756,0,CVR017_008,51024
105168,768,0,CVR017_008,51792
105169,776,0,CVR017_008,52568
105170,764,0,CVR017_008,53332
105171,756,0,CVR017_008,54088
105172,732,0,CVR017_008,54820
105173,732,0,CVR017_008,55552
105174,788,1,CVR017_008,56340
105175,672,0,CVR017_008,57012
105176,740,0,CVR017_008,57752
105177,748,0,CVR017_008,58500
105178,732,0,CVR017_008,59232
105179,724,0,CVR017_008,59956
105180,712,0,CVR017_008,60668
105181,720,0,CVR017_008,61388
105182,736,0,CVR017_008,62124
105183,728,0,CVR017_008,62852
105184,720,0,CVR017_008,63572
105185,772,1,CVR017_008,64344
105186,652,0,CVR017_008,64996
105187,720,0,CVR017_008,65716
105188,728,0,CVR017_008,66444
105189,728,0,CVR017_008,67172
105190,724,0,CVR017_008,67896
105191,712,0,CVR017_008,68608
105192,708,0,CVR017_008,69316
105193,708,0,CVR017_008,70024
105194,704,0,CVR017_008,70728
105195,712,0,CVR017_008,71440
105196,700,0,CVR017_008,72140
105197,704,0,CVR017_008,72844
105198,700,0,CVR017_008,73544
105199,704,0,CVR017_008,74248
105200,724,0,CVR017_008,74972
105201,712,0,CVR017_008,75684
105202,700,0,CVR017_008,76384
105203,700,0,CVR017_008,77084
105204,692,0,CVR017_008,77776
105205,696,0,CVR017_008,78472
105206,696,0,CVR017_008,79168
105207,688,0,CVR017_008,79856
105208,688,0,CVR017_008,80544
105209,688,0,CVR017_008,81232
105210,680,0,CVR017_008,81912
105211,692,0,CVR017_008,82604
105212,696,0,CVR017_008,83300
105213,700,0,CVR017_008,84000
105214,692,0,CVR017_008,84692
105215,688,0,CVR017_008,85380
105216,692,0,CVR017_008,86072
105217,704,0,CVR017_008,86776
105218,700,0,CVR017_008,87476
105219,700,0,CVR017_008,88176
105220,700,0,CVR017_008,88876
105221,700,0,CVR017_008,89576
105222,760,1,CVR017_008,90336
105223,640,0,CVR017_008,90976
105224,700,0,CVR017_008,91676
105225,692,0,CVR017_008,92368
105226,684,0,CVR017_008,93052
105227,684,0,CVR017_008,93736
105228,680,0,CVR017_008,94416
105229,688,0,CVR017_008,95104
105230,688,0,CVR017_008,95792
105231,680,0,CVR017_008,96472
105232,684,0,CVR017_008,97156
105233,676,0,CVR017_008,97832
105234,684,0,CVR017_008,98516
105235,688,0,CVR017_008,99204
105236,692,0,CVR017_008,99896
105237,688,0,CVR017_008,100584
105238,1368,0,CVR017_008,101952
105239,700,0,CVR017_008,102652
105240,720,0,CVR017_008,103372
105241,716,0,CVR017_008,104088
105242,708,0,CVR017_008,104796
105243,704,0,CVR017_008,105500
105244,732,0,CVR017_008,106232
105245,712,0,CVR017_008,106944
105246,708,0,CVR017_008,107652
105247,708,0,CVR017_008,108360
105248,700,0,CVR017_008,109060
105249,708,0,CVR017_008,109768
105250,716,0,CVR017_008,110484
105251,720,0,CVR017_008,111204
105252,724,0,CVR017_008,111928
105253,728,0,CVR017_008,112656
105254,728,0,CVR017_008,113384
105255,728,0,CVR017_008,114112
105256,708,0,CVR017_008,114820
105257,680,0,CVR017_008,115500
105258,672,0,CVR017_008,116172
105259,668,0,CVR017_008,116840
105260,676,0,CVR017_008,117516
105261,684,0,CVR017_008,118200
105262,696,0,CVR017_008,118896
105263,704,0,CVR017_008,119600
105264,752,1,CVR017_008,120352
105265,628,0,CVR017_008,120980
105266,684,0,CVR017_008,121664
105267,692,0,CVR017_008,122356
105268,688,0,CVR017_008,123044
105269,692,0,CVR017_008,123736
105270,692,0,CVR017_008,124428
105271,688,0,CVR017_008,125116
105272,680,0,CVR017_008,125796
105273,680,0,CVR017_008,126476
105274,680,0,CVR017_008,127156
105275,688,0,CVR017_008,127844
105276,692,0,CVR017_008,128536
105277,692,0,CVR017_008,129228
105278,692,0,CVR017_008,129920
105279,692,0,CVR017_008,130612
105280,692,0,CVR017_008,131304
105281,712,0,CVR017_008,132016
105282,712,0,CVR017_008,132728
105283,708,0,CVR017_008,133436
105284,696,0,CVR017_008,134132
105285,684,0,CVR017_008,134816
105286,696,0,CVR017_008,135512
105287,692,0,CVR017_008,136204
105288,688,0,CVR017_008,136892
105289,684,0,CVR017_008,137576
105290,672,0,CVR017_008,138248
105291,660,0,CVR017_008,138908
105292,668,0,CVR017_008,139576
105293,660,0,CVR017_008,140236
105294,664,0,CVR017_008,140900
105295,676,0,CVR017_008,141576
105296,672,0,CVR017_008,142248
105297,664,0,CVR017_008,142912
105298,664,0,CVR017_008,143576
105299,676,0,CVR017_008,144252
105300,672,0,CVR017_008,144924
105301,688,0,CVR017_008,145612
105302,1388,0,CVR017_008,147000
105303,688,0,CVR017_008,147688
105304,696,0,CVR017_008,148384
105305,704,0,CVR017_008,149088
105306,704,0,CVR017_008,149792
105307,708,0,CVR017_008,150500
105308,712,0,CVR017_008,151212
105309,704,0,CVR017_008,151916
105310,712,0,CVR017_008,152628
105311,724,0,CVR017_008,153352
105312,728,0,CVR017_008,154080
105313,732,0,CVR017_008,154812
105314,728,0,CVR017_008,155540
105315,724,0,CVR017_008,156264
105316,720,0,CVR017_008,156984
105317,740,0,CVR017_008,157724
105318,748,0,CVR017_008,158472
105319,752,0,CVR017_008,159224
105320,756,0,CVR017_008,159980
105321,732,0,CVR017_008,160712
105322,732,0,CVR017_008,161444
105323,736,0,CVR017_008,162180
105324,752,0,CVR017_008,162932
105325,752,0,CVR017_008,163684
105326,752,0,CVR017_008,164436
105327,736,0,CVR017_008,165172
105328,732,0,CVR017_008,165904
105329,736,0,CVR017_008,166640
105330,756,0,CVR017_008,167396
105331,756,0,CVR017_008,168152
105332,756,0,CVR017_008,168908
105333,740,0,CVR017_008,169648
105334,736,0,CVR017_008,170384
105335,748,0,CVR017_008,171132
105336,752,0,CVR017_008,171884
105337,752,0,CVR017_008,172636
105338,736,0,CVR017_008,173372
105339,712,0,CVR017_008,174084
105340,716,0,CVR017_008,174800
105341,716,0,CVR017_008,175516
105342,724,0,CVR017_008,176240
105343,728,0,CVR017_008,176968
105344,700,0,CVR017_008,177668
105345,684,0,CVR017_008,178352
105346,692,0,CVR017_008,179044
105347,692,0,CVR017_008,179736
105348,708,0,CVR017_008,180444
105349,720,0,CVR017_008,181164
105350,736,0,CVR017_008,181900
105351,740,0,CVR017_008,182640
105352,724,0,CVR017_008,183364
105353,720,0,CVR017_008,184084
105354,728,0,CVR017_008,184812
105355,728,0,CVR017_008,185540
105356,744,0,CVR017_008,186284
105357,720,0,CVR017_008,187004
105358,724,0,CVR017_008,187728
105359,732,0,CVR017_008,188460
105360,736,0,CVR017_008,189196
105361,740,0,CVR017_008,189936
105362,728,0,CVR017_008,190664
105363,720,0,CVR017_008,191384
105364,716,0,CVR017_008,192100
105365,724,0,CVR017_008,192824
105366,720,0,CVR017_008,193544
105367,716,0,CVR017_008,194260
105368,720,0,CVR017_008,194980
105369,732,0,CVR017_008,195712
105370,740,0,CVR017_008,196452
105371,736,0,CVR017_008,197188
105372,720,0,CVR017_008,197908
105373,712,0,CVR017_008,198620
105374,724,0,CVR017_008,199344
105375,716,0,CVR017_008,200060
105376,712,0,CVR017_008,200772
105377,708,0,CVR017_008,201480
105378,712,0,CVR017_008,202192
105379,708,0,CVR017_008,202900
105380,704,0,CVR017_008,203604
105381,388,0,CVR017_008,203992
105382,904,0,CVR017_008,204896
105383,672,0,CVR017_008,205568
105384,664,0,CVR017_008,206232
105385,672,0,CVR017_008,206904
105386,688,0,CVR017_008,207592
105387,692,0,CVR017_008,208284
105388,692,0,CVR017_008,208976
105389,708,0,CVR017_008,209684
105390,436,0,CVR017_008,210120
105391,976,0,CVR017_008,211096
105392,728,0,CVR017_008,211824
105393,708,0,CVR017_008,212532
105394,716,0,CVR017_008,213248
105395,728,0,CVR017_008,213976
105396,452,0,CVR017_008,214428
105397,996,0,CVR017_008,215424
105398,716,0,CVR017_008,216140
105399,708,0,CVR017_008,216848
105400,592,0,CVR017_008,217440
105401,1616,0,CVR017_008,219056
105402,744,0,CVR017_008,219800
105403,732,0,CVR017_008,220532
105404,728,0,CVR017_008,221260
105405,404,0,CVR017_008,221664
105406,968,0,CVR017_008,222632
105407,1412,0,CVR017_008,224044
105408,696,0,CVR017_008,224740
105409,708,0,CVR017_008,225448
105410,712,0,CVR017_008,226160
105411,736,0,CVR017_008,226896
105412,756,0,CVR017_008,227652
105413,748,0,CVR017_008,228400
105414,736,0,CVR017_008,229136
105415,728,0,CVR017_008,229864
105416,724,0,CVR017_008,230588
105417,728,0,CVR017_008,231316
105418,724,0,CVR017_008,232040
105419,712,0,CVR017_008,232752
105420,708,0,CVR017_008,233460
105421,708,0,CVR017_008,234168
105422,708,0,CVR017_008,234876
105423,724,0,CVR017_008,235600
105424,712,0,CVR017_008,236312
105425,712,0,CVR017_008,237024
105426,716,0,CVR017_008,237740
105427,732,0,CVR017_008,238472
105428,728,0,CVR017_008,239200
105429,732,0,CVR017_008,239932
105430,708,0,CVR017_008,240640
105431,788,0,CVR017_008,241428
105432,340,0,CVR017_008,241768
105433,944,0,CVR017_008,242712
105434,708,0,CVR017_008,243420
105435,684,0,CVR017_008,244104
105436,692,0,CVR017_008,244796
105437,692,0,CVR017_008,245488
105438,716,0,CVR017_008,246204
105439,736,0,CVR017_008,246940
105440,764,0,CVR017_008,247704
105441,748,0,CVR017_008,248452
105442,396,0,CVR017_008,248848
105443,988,0,CVR017_008,249836
105444,740,0,CVR017_008,250576
105445,728,0,CVR017_008,251304
105446,712,0,CVR017_008,252016
105447,720,0,CVR017_008,252736
105448,404,0,CVR017_008,253140
105449,960,0,CVR017_008,254100
105450,708,0,CVR017_008,254808
105451,700,0,CVR017_008,255508
105452,708,0,CVR017_008,256216
105453,724,0,CVR017_008,256940
105454,736,0,CVR017_008,257676
105455,736,0,CVR017_008,258412
105456,740,0,CVR017_008,259152
105457,748,0,CVR017_008,259900
105458,772,0,CVR017_008,260672
105459,760,0,CVR017_008,261432
105460,744,0,CVR017_008,262176
105461,748,0,CVR017_008,262924
105462,732,0,CVR017_008,263656
105463,716,0,CVR017_008,264372
105464,712,0,CVR017_008,265084
105465,720,0,CVR017_008,265804
105466,716,0,CVR017_008,266520
105467,716,0,CVR017_008,267236
105468,724,0,CVR017_008,267960
105469,716,0,CVR017_008,268676
105470,732,0,CVR017_008,269408
105471,736,0,CVR017_008,270144
105472,744,0,CVR017_008,270888
105473,756,0,CVR017_008,271644
105474,752,0,CVR017_008,272396
105475,756,0,CVR017_008,273152
105476,772,0,CVR017_008,273924
105477,780,0,CVR017_008,274704
105478,792,0,CVR017_008,275496
105479,792,0,CVR017_008,276288
105480,780,0,CVR017_008,277068
105481,784,0,CVR017_008,277852
105482,776,0,CVR017_008,278628
105483,828,1,CVR017_008,279456
105484,700,0,CVR017_008,280156
105485,768,0,CVR017_008,280924
105486,772,0,CVR017_008,281696
105487,768,0,CVR017_008,282464
105488,768,0,CVR017_008,283232
105489,772,0,CVR017_008,284004
105490,768,0,CVR017_008,284772
105491,748,0,CVR017_008,285520
105492,756,0,CVR017_008,286276
105493,748,0,CVR017_008,287024
105494,732,0,CVR017_008,287756
105495,724,0,CVR017_008,288480
105496,720,0,CVR017_008,289200
105497,732,0,CVR017_008,289932
105498,748,0,CVR017_008,290680
105499,748,0,CVR017_008,291428
105500,732,0,CVR017_008,292160
105501,736,0,CVR017_008,292896
105502,712,0,CVR017_008,293608
105503,716,0,CVR017_008,294324
105504,716,0,CVR017_008,295040
105505,716,0,CVR017_008,295756
105506,704,0,CVR017_008,296460
105507,700,0,CVR017_008,297160
105508,1412,0,CVR017_008,298572
105509,716,0,CVR017_008,299288
105510,732,0,CVR017_008,300020
105511,728,0,CVR017_008,300748
105512,732,0,CVR017_008,301480
105513,740,0,CVR017_008,302220
105514,752,0,CVR017_008,302972
105515,760,0,CVR017_008,303732
105516,756,0,CVR017_008,304488
105517,752,0,CVR017_008,305240
105518,752,0,CVR017_008,305992
105519,748,0,CVR017_008,306740
105520,748,0,CVR017_008,307488
105521,752,0,CVR017_008,308240
105522,764,0,CVR017_008,309004
105523,764,0,CVR017_008,309768
105524,772,0,CVR017_008,310540
105525,772,0,CVR017_008,311312
105526,760,0,CVR017_008,312072
105527,744,0,CVR017_008,312816
105528,732,0,CVR017_008,313548
105529,720,0,CVR017_008,314268
105530,724,0,CVR017_008,314992
105531,724,0,CVR017_008,315716
105532,728,0,CVR017_008,316444
105533,724,0,CVR017_008,317168
105534,736,0,CVR017_008,317904
105535,724,0,CVR017_008,318628
105536,728,0,CVR017_008,319356
105537,736,0,CVR017_008,320092
105538,732,0,CVR017_008,320824
105539,708,0,CVR017_008,321532
105540,716,0,CVR017_008,322248
105541,704,0,CVR017_008,322952
105542,696,0,CVR017_008,323648
105543,708,0,CVR017_008,324356
105544,712,0,CVR017_008,325068
105545,708,0,CVR017_008,325776
105546,700,0,CVR017_008,326476
105547,704,0,CVR017_008,327180
105548,712,0,CVR017_008,327892
105549,708,0,CVR017_008,328600
105550,716,0,CVR017_008,329316
105551,712,0,CVR017_008,330028
105552,700,0,CVR017_008,330728
105553,712,0,CVR017_008,331440
105554,712,0,CVR017_008,332152
105555,728,0,CVR017_008,332880
105556,724,0,CVR017_008,333604
105557,748,0,CVR017_008,334352
105558,724,0,CVR017_008,335076
105559,732,0,CVR017_008,335808
105560,744,0,CVR017_008,336552
105561,748,0,CVR017_008,337300
105562,744,0,CVR017_008,338044
105563,1496,0,CVR017_008,339540
105564,732,0,CVR017_008,340272
105565,724,0,CVR017_008,340996
105566,736,0,CVR017_008,341732
105567,728,0,CVR017_008,342460
105568,724,0,CVR017_008,343184
105569,728,0,CVR017_008,343912
105570,716,0,CVR017_008,344628
105571,704,0,CVR017_008,345332
105572,700,0,CVR017_008,346032
105573,700,0,CVR017_008,346732
105574,716,0,CVR017_008,347448
105575,716,0,CVR017_008,348164
105576,716,0,CVR017_008,348880
105577,712,0,CVR017_008,349592
105578,700,0,CVR017_008,350292
105579,704,0,CVR017_008,350996
105580,700,0,CVR017_008,351696
105581,772,1,CVR017_008,352468
105582,644,0,CVR017_008,353112
105583,704,0,CVR017_008,353816
105584,700,0,CVR017_008,354516
105585,688,0,CVR017_008,355204
105586,692,0,CVR017_008,355896
105587,692,0,CVR017_008,356588
105588,700,0,CVR017_008,357288
105589,704,0,CVR017_008,357992
105590,708,0,CVR017_008,358700
105591,684,0,CVR017_008,359384
105592,700,0,CVR017_008,360084
105593,696,0,CVR017_008,360780
105594,700,0,CVR017_008,361480
105595,716,0,CVR017_008,362196
105596,700,0,CVR017_008,362896
105597,708,0,CVR017_008,363604
105598,708,0,CVR017_008,364312
105599,708,0,CVR017_008,365020
105600,708,0,CVR017_008,365728
105601,764,1,CVR017_008,366492
105602,640,0,CVR017_008,367132
105603,704,0,CVR017_008,367836
105604,704,0,CVR017_008,368540
105605,708,0,CVR017_008,369248
105606,712,0,CVR017_008,369960
105607,704,0,CVR017_008,370664
105608,704,0,CVR017_008,371368
105609,692,0,CVR017_008,372060
105610,704,0,CVR017_008,372764
105611,704,0,CVR017_008,373468
105612,708,0,CVR017_008,374176
105613,704,0,CVR017_008,374880
105614,708,0,CVR017_008,375588
105615,704,0,CVR017_008,376292
105616,712,0,CVR017_008,377004
105617,720,0,CVR017_008,377724
105618,776,1,CVR017_008,378500
105619,664,0,CVR017_008,379164
105620,712,0,CVR017_008,379876
105621,716,0,CVR017_008,380592
105622,716,0,CVR017_008,381308
105623,728,0,CVR017_008,382036
105624,724,0,CVR017_008,382760
105625,720,0,CVR017_008,383480
105626,716,0,CVR017_008,384196
105627,720,0,CVR017_008,384916
105628,716,0,CVR017_008,385632
105629,716,0,CVR017_008,386348
105630,716,0,CVR017_008,387064
105631,700,0,CVR017_008,387764
105632,696,0,CVR017_008,388460
105633,692,0,CVR017_008,389152
105634,704,0,CVR017_008,389856
105635,704,0,CVR017_008,390560
105636,708,0,CVR017_008,391268
105637,700,0,CVR017_008,391968
105638,708,0,CVR017_008,392676
105639,708,0,CVR017_008,393384
105640,712,0,CVR017_008,394096
105641,716,0,CVR017_008,394812
105642,716,0,CVR017_008,395528
105643,704,0,CVR017_008,396232
105644,708,0,CVR017_008,396940
105645,700,0,CVR017_008,397640
105646,708,0,CVR017_008,398348
105647,708,0,CVR017_008,399056
105648,700,0,CVR017_008,399756
105649,684,0,CVR017_008,400440
105650,688,0,CVR017_008,401128
105651,684,0,CVR017_008,401812
105652,688,0,CVR017_008,402500
105653,696,0,CVR017_008,403196
105654,692,0,CVR017_008,403888
105655,688,0,CVR017_008,404576
105656,684,0,CVR017_008,405260
105657,688,0,CVR017_008,405948
105658,696,0,CVR017_008,406644
105659,696,0,CVR017_008,407340
105660,696,0,CVR017_008,408036
105661,688,0,CVR017_008,408724
105662,692,0,CVR017_008,409416
105663,704,0,CVR017_008,410120
105664,708,0,CVR017_008,410828
105665,716,0,CVR017_008,411544
105666,700,0,CVR017_008,412244
105667,696,0,CVR017_008,412940
105668,692,0,CVR017_008,413632
105669,688,0,CVR017_008,414320
105670,688,0,CVR017_008,415008
105671,688,0,CVR017_008,415696
105672,692,0,CVR017_008,416388
105673,676,0,CVR017_008,417064
105674,684,0,CVR017_008,417748
105675,676,0,CVR017_008,418424
105676,696,0,CVR017_008,419120
105677,704,0,CVR017_008,419824
105678,708,0,CVR017_008,420532
105679,700,0,CVR017_008,421232
105680,696,0,CVR017_008,421928
105681,700,0,CVR017_008,422628
105682,704,0,CVR017_008,423332
105683,712,0,CVR017_008,424044
105684,720,0,CVR017_008,424764
105685,712,0,CVR017_008,425476
105686,704,0,CVR017_008,426180
105687,708,0,CVR017_008,426888
105688,708,0,CVR017_008,427596
105689,712,0,CVR017_008,428308
105690,716,0,CVR017_008,429024
105691,712,0,CVR017_008,429736
105692,1396,0,CVR017_008,431132
105693,696,0,CVR017_008,431828
105694,692,0,CVR017_008,432520
105695,704,0,CVR017_008,433224
105696,704,0,CVR017_008,433928
105697,708,0,CVR017_008,434636
105698,708,0,CVR017_008,435344
105699,704,0,CVR017_008,436048
105700,692,0,CVR017_008,436740
105701,696,0,CVR017_008,437436
105702,708,0,CVR017_008,438144
105703,720,0,CVR017_008,438864
105704,712,0,CVR017_008,439576
105705,708,0,CVR017_008,440284
105706,700,0,CVR017_008,440984
105707,700,0,CVR017_008,441684
105708,704,0,CVR017_008,442388
105709,708,0,CVR017_008,443096
105710,708,0,CVR017_008,443804
105711,704,0,CVR017_008,444508
105712,704,0,CVR017_008,445212
105713,692,0,CVR017_008,445904
105714,696,0,CVR017_008,446600
105715,708,0,CVR017_008,447308
105716,728,0,CVR017_008,448036
105717,740,0,CVR017_008,448776
105718,736,0,CVR017_008,449512
105719,720,0,CVR017_008,450232
105720,728,0,CVR017_008,450960
105721,736,0,CVR017_008,451696
105722,732,0,CVR017_008,452428
105723,728,0,CVR017_008,453156
105724,728,0,CVR017_008,453884
105725,716,0,CVR017_008,454600
105726,712,0,CVR017_008,455312
105727,712,0,CVR017_008,456024
105728,716,0,CVR017_008,456740
105729,772,1,CVR017_008,457512
105730,648,0,CVR017_008,458160
105731,704,0,CVR017_008,458864
105732,708,0,CVR017_008,459572
105733,704,0,CVR017_008,460276
105734,712,0,CVR017_008,460988
105735,700,0,CVR017_008,461688
105736,696,0,CVR017_008,462384
105737,700,0,CVR017_008,463084
105738,696,0,CVR017_008,463780
105739,696,0,CVR017_008,464476
105740,680,0,CVR017_008,465156
105741,688,0,CVR017_008,465844
105742,680,0,CVR017_008,466524
105743,692,0,CVR017_008,467216
105744,688,0,CVR017_008,467904
105745,696,0,CVR017_008,468600
105746,696,0,CVR017_008,469296
105747,688,0,CVR017_008,469984
105748,676,0,CVR017_008,470660
105749,680,0,CVR017_008,471340
105750,680,0,CVR017_008,472020
105751,692,0,CVR017_008,472712
105752,688,0,CVR017_008,473400
105753,680,0,CVR017_008,474080
105754,680,0,CVR017_008,474760
105755,680,0,CVR017_008,475440
105756,692,0,CVR017_008,476132
105757,696,0,CVR017_008,476828
105758,692,0,CVR017_008,477520
105759,680,0,CVR017_008,478200
105760,684,0,CVR017_008,478884
105761,684,0,CVR017_008,479568
105762,688,0,CVR017_008,480256
105763,708,0,CVR017_008,480964
105764,696,0,CVR017_008,481660
105765,692,0,CVR017_008,482352
105766,692,0,CVR017_008,483044
105767,700,0,CVR017_008,483744
105768,708,0,CVR017_008,484452
105769,716,0,CVR017_008,485168
105770,716,0,CVR017_008,485884
105771,704,0,CVR017_008,486588
105772,704,0,CVR017_008,487292
105773,712,0,CVR017_008,488004
105774,716,0,CVR017_008,488720
105775,720,0,CVR017_008,489440
105776,708,0,CVR017_008,490148
105777,700,0,CVR017_008,490848
105778,700,0,CVR017_008,491548
105779,704,0,CVR017_008,492252
105780,708,0,CVR017_008,492960
105781,716,0,CVR017_008,493676
105782,720,0,CVR017_008,494396
105783,716,0,CVR017_008,495112
105784,708,0,CVR017_008,495820
105785,704,0,CVR017_008,496524
105786,716,0,CVR017_008,497240
105787,724,0,CVR017_008,497964
105788,728,0,CVR017_008,498692
105789,740,0,CVR017_008,499432
105790,704,0,CVR017_008,500136
105791,708,0,CVR017_008,500844
105792,708,0,CVR017_008,501552
105793,712,0,CVR017_008,502264
105794,716,0,CVR017_008,502980
105795,700,0,CVR017_008,503680
105796,696,0,CVR017_008,504376
105797,696,0,CVR017_008,505072
105798,696,0,CVR017_008,505768
105799,696,0,CVR017_008,506464
105800,700,0,CVR017_008,507164
105801,688,0,CVR017_008,507852
105802,692,0,CVR017_008,508544
105803,692,0,CVR017_008,509236
105804,696,0,CVR017_008,509932
105805,708,0,CVR017_008,510640
105806,704,0,CVR017_008,511344
105807,696,0,CVR017_008,512040
105808,696,0,CVR017_008,512736
105809,696,0,CVR017_008,513432
105810,688,0,CVR017_008,514120
105811,708,0,CVR017_008,514828
105812,716,0,CVR017_008,515544
105813,712,0,CVR017_008,516256
105814,708,0,CVR017_008,516964
105815,700,0,CVR017_008,517664
105816,700,0,CVR017_008,518364
105817,688,0,CVR017_008,519052
105818,692,0,CVR017_008,519744
105819,676,0,CVR017_008,520420
105820,688,0,CVR017_008,521108
105821,688,0,CVR017_008,521796
105822,668,0,CVR017_008,522464
105823,664,0,CVR017_008,523128
105824,660,0,CVR017_008,523788
105825,652,0,CVR017_008,524440
105826,640,0,CVR017_008,525080
105827,644,0,CVR017_008,525724
105828,640,0,CVR017_008,526364
105829,644,0,CVR017_008,527008
105830,640,0,CVR017_008,527648
105831,640,0,CVR017_008,528288
105832,644,0,CVR017_008,528932
105833,644,0,CVR017_008,529576
105834,648,0,CVR017_008,530224
105835,644,0,CVR017_008,530868
105836,648,0,CVR017_008,531516
105837,652,0,CVR017_008,532168
105838,656,0,CVR017_008,532824
105839,660,0,CVR017_008,533484
105840,668,0,CVR017_008,534152
105841,664,0,CVR017_008,534816
105842,656,0,CVR017_008,535472
105843,660,0,CVR017_008,536132
105844,664,0,CVR017_008,536796
105845,656,0,CVR017_008,537452
105846,664,0,CVR017_008,538116
105847,660,0,CVR017_008,538776
105848,676,0,CVR017_008,539452
105849,672,0,CVR017_008,540124
105850,680,0,CVR017_008,540804
105851,752,1,CVR017_008,541556
105852,628,0,CVR017_008,542184
105853,696,0,CVR017_008,542880
105854,696,0,CVR017_008,543576
105855,704,0,CVR017_008,544280
105856,708,0,CVR017_008,544988
105857,708,0,CVR017_008,545696
105858,720,0,CVR017_008,546416
105859,716,0,CVR017_008,547132
105860,708,0,CVR017_008,547840
105861,708,0,CVR017_008,548548
105862,696,0,CVR017_008,549244
105863,704,0,CVR017_008,549948
105864,700,0,CVR017_008,550648
105865,696,0,CVR017_008,551344
105866,684,0,CVR017_008,552028
105867,684,0,CVR017_008,552712
105868,684,0,CVR017_008,553396
105869,696,0,CVR017_008,554092
105870,700,0,CVR017_008,554792
105871,680,0,CVR017_008,555472
105872,680,0,CVR017_008,556152
105873,672,0,CVR017_008,556824
105874,668,0,CVR017_008,557492
105875,680,0,CVR017_008,558172
105876,664,0,CVR017_008,558836
105877,1348,0,CVR017_008,560184
105878,684,0,CVR017_008,560868
105879,696,0,CVR017_008,561564
105880,688,0,CVR017_008,562252
105881,692,0,CVR017_008,562944
105882,696,0,CVR017_008,563640
105883,700,0,CVR017_008,564340
105884,696,0,CVR017_008,565036
105885,684,0,CVR017_008,565720
105886,696,0,CVR017_008,566416
105887,688,0,CVR017_008,567104
105888,696,0,CVR017_008,567800
105889,680,0,CVR017_008,568480
105890,676,0,CVR017_008,569156
105891,684,0,CVR017_008,569840
105892,1380,0,CVR017_008,571220
105893,680,0,CVR017_008,571900
105894,684,0,CVR017_008,572584
105895,680,0,CVR017_008,573264
105896,668,0,CVR017_008,573932
105897,664,0,CVR017_008,574596
105898,656,0,CVR017_008,575252
105899,660,0,CVR017_008,575912
105900,664,0,CVR017_008,576576
105901,656,0,CVR017_008,577232
105902,664,0,CVR017_008,577896
105903,664,0,CVR017_008,578560
105904,652,0,CVR017_008,579212
105905,648,0,CVR017_008,579860
105906,1304,0,CVR017_008,581164
105907,644,0,CVR017_008,581808
105908,644,0,CVR017_008,582452
105909,640,0,CVR017_008,583092
105910,636,0,CVR017_008,583728
105911,632,0,CVR017_008,584360
105912,628,0,CVR017_008,584988
105913,632,0,CVR017_008,585620
105914,628,0,CVR017_008,586248
105915,632,0,CVR017_008,586880
105916,700,1,CVR017_008,587580
105917,596,0,CVR017_008,588176
105918,660,0,CVR017_008,588836
105919,668,0,CVR017_008,589504
105920,680,0,CVR017_008,590184
105921,692,0,CVR017_008,590876
105922,696,0,CVR017_008,591572
105923,692,0,CVR017_008,592264
105924,696,0,CVR017_008,592960
105925,696,0,CVR017_008,593656
105926,704,0,CVR017_008,594360
105927,716,0,CVR017_008,595076
105928,724,0,CVR017_008,595800
105929,1444,0,CVR017_008,597244
105930,712,0,CVR017_008,597956
105931,724,0,CVR017_008,598680
105932,724,0,CVR017_008,599404
105933,720,0,CVR017_008,600124
105934,720,0,CVR017_008,600844
105935,712,0,CVR017_008,601556
105936,712,0,CVR017_008,602268
105937,428,0,CVR017_008,602696
105938,944,0,CVR017_008,603640
105939,700,0,CVR017_008,604340
105940,696,0,CVR017_008,605036
105941,708,0,CVR017_008,605744
105942,740,0,CVR017_008,606484
105943,740,0,CVR017_008,607224
105944,744,0,CVR017_008,607968
105945,740,0,CVR017_008,608708
105946,740,0,CVR017_008,609448
105947,752,0,CVR017_008,610200
105948,740,0,CVR017_008,610940
105949,740,0,CVR017_008,611680
105950,724,0,CVR017_008,612404
105951,716,0,CVR017_008,613120
105952,720,0,CVR017_008,613840
105953,732,0,CVR017_008,614572
105954,724,0,CVR017_008,615296
105955,716,0,CVR017_008,616012
105956,720,0,CVR017_008,616732
105957,408,0,CVR017_008,617140
105958,932,0,CVR017_008,618072
105959,692,0,CVR017_008,618764
105960,684,0,CVR017_008,619448
105961,680,0,CVR017_008,620128
105962,400,0,CVR017_008,620528
105963,904,0,CVR017_008,621432
105964,676,0,CVR017_008,622108
105965,668,0,CVR017_008,622776
105966,680,0,CVR017_008,623456
105967,700,0,CVR017_008,624156
105968,720,0,CVR017_008,624876
105969,772,0,CVR017_008,625648
105970,788,0,CVR017_008,626436
105971,776,0,CVR017_008,627212
105972,772,0,CVR017_008,627984
105973,772,0,CVR017_008,628756
105974,760,0,CVR017_008,629516
105975,748,0,CVR017_008,630264
105976,736,0,CVR017_008,631000
105977,728,0,CVR017_008,631728
105978,428,0,CVR017_008,632156
105979,928,0,CVR017_008,633084
105980,684,0,CVR017_008,633768
105981,672,0,CVR017_008,634440
105982,676,0,CVR017_008,635116
105983,664,0,CVR017_008,635780
105984,660,0,CVR017_008,636440
105985,664,0,CVR017_008,637104
105986,408,0,CVR017_008,637512
105987,872,0,CVR017_008,638384
105988,644,0,CVR017_008,639028
105989,640,0,CVR017_008,639668
105990,648,0,CVR017_008,640316
105991,640,0,CVR017_008,640956
105992,644,0,CVR017_008,641600
105993,660,0,CVR017_008,642260
105994,676,0,CVR017_008,642936
105995,688,0,CVR017_008,643624
105996,712,0,CVR017_008,644336
105997,712,0,CVR017_008,645048
105998,708,0,CVR017_008,645756
105999,704,0,CVR017_008,646460
106000,692,0,CVR017_008,647152
106001,688,0,CVR017_008,647840
106002,688,0,CVR017_008,648528
106003,680,0,CVR017_008,649208
106004,680,0,CVR017_008,649888
106005,692,0,CVR017_008,650580
106006,684,0,CVR017_008,651264
106007,1216,0,CVR017_008,652480
106008,160,0,CVR017_008,652640
106009,672,0,CVR017_008,653312
106010,708,0,CVR017_008,654020
106011,612,0,CVR017_008,654632
106012,1272,0,CVR017_008,655904
106013,620,0,CVR017_008,656524
106014,616,0,CVR017_008,657140
106015,1216,0,CVR017_008,658356
106016,596,0,CVR017_008,658952
106017,656,0,CVR017_008,659608
106018,540,0,CVR017_008,660148
106019,588,0,CVR017_008,660736
106020,580,0,CVR017_008,661316
106021,580,0,CVR017_008,661896
106022,572,0,CVR017_008,662468
106023,564,0,CVR017_008,663032
106024,564,0,CVR017_008,663596
106025,560,0,CVR017_008,664156
106026,552,0,CVR017_008,664708
106027,548,0,CVR017_008,665256
106028,548,0,CVR017_008,665804
106029,544,0,CVR017_008,666348
106030,544,0,CVR017_008,666892
106031,544,0,CVR017_008,667436
106032,540,0,CVR017_008,667976
106033,544,0,CVR017_008,668520
106034,552,0,CVR017_008,669072
106035,556,0,CVR017_008,669628
106036,572,0,CVR017_008,670200
106037,568,0,CVR017_008,670768
106038,568,0,CVR017_008,671336
106039,584,0,CVR017_008,671920
106040,600,0,CVR017_008,672520
106041,624,0,CVR017_008,673144
106042,632,0,CVR017_008,673776
106043,620,0,CVR017_008,674396
106044,624,0,CVR017_008,675020
106045,620,0,CVR017_008,675640
106046,616,0,CVR017_008,676256
106047,604,0,CVR017_008,676860
106048,604,0,CVR017_008,677464
106049,600,0,CVR017_008,678064
106050,604,0,CVR017_008,678668
106051,600,0,CVR017_008,679268
106052,608,0,CVR017_008,679876
106053,600,0,CVR017_008,680476
106054,604,0,CVR017_008,681080
106055,588,0,CVR017_008,681668
106056,596,0,CVR017_008,682264
106057,600,0,CVR017_008,682864
106058,604,0,CVR017_008,683468
106059,612,0,CVR017_008,684080
106060,604,0,CVR017_008,684684
106061,608,0,CVR017_008,685292
106062,612,0,CVR017_008,685904
106063,624,0,CVR017_008,686528
106064,616,0,CVR017_008,687144
106065,628,0,CVR017_008,687772
106066,632,0,CVR017_008,688404
106067,616,0,CVR017_008,689020
106068,628,0,CVR017_008,689648
106069,616,0,CVR017_008,690264
106070,1224,0,CVR017_008,691488
106071,612,0,CVR017_008,692100
106072,612,0,CVR017_008,692712
106073,612,0,CVR017_008,693324
106074,616,0,CVR017_008,693940
106075,612,0,CVR017_008,694552
106076,612,0,CVR017_008,695164
106077,620,0,CVR017_008,695784
106078,608,0,CVR017_008,696392
106079,600,0,CVR017_008,696992
106080,1188,0,CVR017_008,698180
106081,596,0,CVR017_008,698776
106082,592,0,CVR017_008,699368
106083,596,0,CVR017_008,699964
106084,1208,0,CVR017_008,701172
106085,604,0,CVR017_008,701776
106086,612,0,CVR017_008,702388
106087,612,0,CVR017_008,703000
106088,620,0,CVR017_008,703620
106089,616,0,CVR017_008,704236
106090,616,0,CVR017_008,704852
106091,612,0,CVR017_008,705464
106092,612,0,CVR017_008,706076
106093,608,0,CVR017_008,706684
106094,604,0,CVR017_008,707288
106095,604,0,CVR017_008,707892
106096,608,0,CVR017_008,708500
106097,608,0,CVR017_008,709108
106098,600,0,CVR017_008,709708
106099,600,0,CVR017_008,710308
106100,612,0,CVR017_008,710920
106101,620,0,CVR017_008,711540
106102,624,0,CVR017_008,712164
106103,624,0,CVR017_008,712788
106104,628,0,CVR017_008,713416
106105,1256,0,CVR017_008,714672
106106,624,0,CVR017_008,715296
106107,620,0,CVR017_008,715916
106108,608,0,CVR017_008,716524
106109,604,0,CVR017_008,717128
106110,604,0,CVR017_008,717732
106111,596,0,CVR017_008,718328
106112,592,0,CVR017_008,718920
106113,600,0,CVR017_008,719520
106114,608,0,CVR017_008,720128
106115,608,0,CVR017_008,720736
106116,612,0,CVR017_008,721348
106117,628,0,CVR017_008,721976
106118,1264,0,CVR017_008,723240
106119,624,0,CVR017_008,723864
106120,624,0,CVR017_008,724488
106121,616,0,CVR017_008,725104
106122,608,0,CVR017_008,725712
106123,604,0,CVR017_008,726316
106124,608,0,CVR017_008,726924
106125,608,0,CVR017_008,727532
106126,612,0,CVR017_008,728144
106127,620,0,CVR017_008,728764
106128,636,0,CVR017_008,729400
106129,644,0,CVR017_008,730044
106130,648,0,CVR017_008,730692
106131,600,0,CVR017_008,731292
106132,52,0,CVR017_008,731344
106133,936,0,CVR017_008,732280
106134,364,0,CVR017_008,732644
106135,644,0,CVR017_008,733288
106136,64,0,CVR017_008,733352
106137,576,0,CVR017_008,733928
106138,1268,0,CVR017_008,735196
106139,1092,0,CVR017_008,736288
106140,40,0,CVR017_008,736328
106141,900,0,CVR017_008,737228
106142,340,0,CVR017_008,737568
106143,408,0,CVR017_008,737976
106144,240,0,CVR017_008,738216
106145,264,0,CVR017_008,738480
106146,56,0,CVR017_008,738536
106147,264,0,CVR017_008,738800
106148,496,0,CVR017_008,739296
106149,472,0,CVR017_008,739768
106150,20,0,CVR017_008,739788
106151,304,0,CVR017_008,740092
106152,476,0,CVR017_008,740568
106153,404,0,CVR017_008,740972
106154,156,0,CVR017_008,741128
106155,444,0,CVR017_008,741572
106156,636,0,CVR017_008,742208
106157,460,0,CVR017_008,742668
106158,140,0,CVR017_008,742808
106159,660,0,CVR017_008,743468
106160,220,0,CVR017_008,743688
106161,280,0,CVR017_008,743968
106162,164,0,CVR017_008,744132
106163,196,0,CVR017_008,744328
106164,160,0,CVR017_008,744488
106165,400,0,CVR017_008,744888
106166,564,0,CVR017_008,745452
106167,180,0,CVR017_008,745632
106168,220,0,CVR017_008,745852
106169,140,0,CVR017_008,745992
106170,340,0,CVR017_008,746332
106171,320,0,CVR017_008,746652
106172,160,0,CVR017_008,746812
106173,360,0,CVR017_008,747172
106174,180,0,CVR017_008,747352
106175,180,0,CVR017_008,747532
106176,1440,0,CVR017_008,748972
106177,804,0,CVR018_001,804
106178,796,0,CVR018_001,1600
106179,792,0,CVR018_001,2392
106180,780,0,CVR018_001,3172
106181,780,0,CVR018_001,3952
106182,776,0,CVR018_001,4728
106183,776,0,CVR018_001,5504
106184,768,0,CVR018_001,6272
106185,756,0,CVR018_001,7028
106186,756,0,CVR018_001,7784
106187,748,0,CVR018_001,8532
106188,752,0,CVR018_001,9284
106189,744,0,CVR018_001,10028
106190,736,0,CVR018_001,10764
106191,744,0,CVR018_001,11508
106192,748,0,CVR018_001,12256
106193,760,0,CVR018_001,13016
106194,756,0,CVR018_001,13772
106195,768,0,CVR018_001,14540
106196,784,0,CVR018_001,15324
106197,788,0,CVR018_001,16112
106198,788,0,CVR018_001,16900
106199,792,0,CVR018_001,17692
106200,776,0,CVR018_001,18468
106201,784,0,CVR018_001,19252
106202,776,0,CVR018_001,20028
106203,760,0,CVR018_001,20788
106204,760,0,CVR018_001,21548
106205,764,0,CVR018_001,22312
106206,764,0,CVR018_001,23076
106207,764,0,CVR018_001,23840
106208,768,0,CVR018_001,24608
106209,764,0,CVR018_001,25372
106210,772,0,CVR018_001,26144
106211,760,0,CVR018_001,26904
106212,756,0,CVR018_001,27660
106213,756,0,CVR018_001,28416
106214,748,0,CVR018_001,29164
106215,752,0,CVR018_001,29916
106216,756,0,CVR018_001,30672
106217,768,0,CVR018_001,31440
106218,780,0,CVR018_001,32220
106219,788,0,CVR018_001,33008
106220,72283,0,CVR018_001,105291
106221,788,0,CVR018_001,106079
106222,380,0,CVR018_001,106459
106223,412,0,CVR018_001,106871
106224,796,0,CVR018_001,107667
106225,804,0,CVR018_001,108471
106226,812,0,CVR018_001,109283
106227,820,0,CVR018_001,110103
106228,808,0,CVR018_001,110911
106229,808,0,CVR018_001,111719
106230,796,0,CVR018_001,112515
106231,792,0,CVR018_001,113307
106232,784,0,CVR018_001,114091
106233,788,0,CVR018_001,114879
106234,772,0,CVR018_001,115651
106235,776,0,CVR018_001,116427
106236,776,0,CVR018_001,117203
106237,784,0,CVR018_001,117987
106238,784,0,CVR018_001,118771
106239,788,0,CVR018_001,119559
106240,792,0,CVR018_001,120351
106241,792,0,CVR018_001,121143
106242,796,0,CVR018_001,121939
106243,796,0,CVR018_001,122735
106244,792,0,CVR018_001,123527
106245,796,0,CVR018_001,124323
106246,792,0,CVR018_001,125115
106247,804,0,CVR018_001,125919
106248,804,0,CVR018_001,126723
106249,808,0,CVR018_001,127531
106250,800,0,CVR018_001,128331
106251,796,0,CVR018_001,129127
106252,780,0,CVR018_001,129907
106253,780,0,CVR018_001,130687
106254,772,0,CVR018_001,131459
106255,764,0,CVR018_001,132223
106256,768,0,CVR018_001,132991
106257,768,0,CVR018_001,133759
106258,780,0,CVR018_001,134539
106259,788,0,CVR018_001,135327
106260,784,0,CVR018_001,136111
106261,792,0,CVR018_001,136903
106262,796,0,CVR018_001,137699
106263,812,0,CVR018_001,138511
106264,808,0,CVR018_001,139319
106265,792,0,CVR018_001,140111
106266,796,0,CVR018_001,140907
106267,784,0,CVR018_001,141691
106268,776,0,CVR018_001,142467
106269,776,0,CVR018_001,143243
106270,764,0,CVR018_001,144007
106271,764,0,CVR018_001,144771
106272,764,0,CVR018_001,145535
106273,760,0,CVR018_001,146295
106274,768,0,CVR018_001,147063
106275,772,0,CVR018_001,147835
106276,776,0,CVR018_001,148611
106277,784,0,CVR018_001,149395
106278,784,0,CVR018_001,150179
106279,792,0,CVR018_001,150971
106280,788,0,CVR018_001,151759
106281,796,0,CVR018_001,152555
106282,788,0,CVR018_001,153343
106283,792,0,CVR018_001,154135
106284,792,0,CVR018_001,154927
106285,792,0,CVR018_001,155719
106286,784,0,CVR018_001,156503
106287,788,0,CVR018_001,157291
106288,776,0,CVR018_001,158067
106289,772,0,CVR018_001,158839
106290,772,0,CVR018_001,159611
106291,768,0,CVR018_001,160379
106292,768,0,CVR018_001,161147
106293,772,0,CVR018_001,161919
106294,772,0,CVR018_001,162691
106295,780,0,CVR018_001,163471
106296,784,0,CVR018_001,164255
106297,780,0,CVR018_001,165035
106298,784,0,CVR018_001,165819
106299,780,0,CVR018_001,166599
106300,780,0,CVR018_001,167379
106301,776,0,CVR018_001,168155
106302,780,0,CVR018_001,168935
106303,768,0,CVR018_001,169703
106304,768,0,CVR018_001,170471
106305,764,0,CVR018_001,171235
106306,764,0,CVR018_001,171999
106307,768,0,CVR018_001,172767
106308,760,0,CVR018_001,173527
106309,756,0,CVR018_001,174283
106310,760,0,CVR018_001,175043
106311,756,0,CVR018_001,175799
106312,760,0,CVR018_001,176559
106313,764,0,CVR018_001,177323
106314,756,0,CVR018_001,178079
106315,768,0,CVR018_001,178847
106316,768,0,CVR018_001,179615
106317,780,0,CVR018_001,180395
106318,784,0,CVR018_001,181179
106319,792,0,CVR018_001,181971
106320,792,0,CVR018_001,182763
106321,788,0,CVR018_001,183551
106322,776,0,CVR018_001,184327
106323,776,0,CVR018_001,185103
106324,772,0,CVR018_001,185875
106325,768,0,CVR018_001,186643
106326,760,0,CVR018_001,187403
106327,768,0,CVR018_001,188171
106328,768,0,CVR018_001,188939
106329,768,0,CVR018_001,189707
106330,764,0,CVR018_001,190471
106331,772,0,CVR018_001,191243
106332,772,0,CVR018_001,192015
106333,772,0,CVR018_001,192787
106334,764,0,CVR018_001,193551
106335,760,0,CVR018_001,194311
106336,760,0,CVR018_001,195071
106337,752,0,CVR018_001,195823
106338,756,0,CVR018_001,196579
106339,752,0,CVR018_001,197331
106340,764,0,CVR018_001,198095
106341,768,0,CVR018_001,198863
106342,776,0,CVR018_001,199639
106343,780,0,CVR018_001,200419
106344,784,0,CVR018_001,201203
106345,792,0,CVR018_001,201995
106346,792,0,CVR018_001,202787
106347,784,0,CVR018_001,203571
106348,788,0,CVR018_001,204359
106349,780,0,CVR018_001,205139
106350,776,0,CVR018_001,205915
106351,812,1,CVR018_001,206727
106352,712,0,CVR018_001,207439
106353,764,0,CVR018_001,208203
106354,760,0,CVR018_001,208963
106355,760,0,CVR018_001,209723
106356,764,0,CVR018_001,210487
106357,776,0,CVR018_001,211263
106358,776,0,CVR018_001,212039
106359,772,0,CVR018_001,212811
106360,772,0,CVR018_001,213583
106361,776,0,CVR018_001,214359
106362,784,0,CVR018_001,215143
106363,772,0,CVR018_001,215915
106364,772,0,CVR018_001,216687
106365,768,0,CVR018_001,217455
106366,768,0,CVR018_001,218223
106367,760,0,CVR018_001,218983
106368,760,0,CVR018_001,219743
106369,748,0,CVR018_001,220491
106370,748,0,CVR018_001,221239
106371,748,0,CVR018_001,221987
106372,748,0,CVR018_001,222735
106373,756,0,CVR018_001,223491
106374,756,0,CVR018_001,224247
106375,728,0,CVR018_001,224975
106376,752,0,CVR018_001,225727
106377,744,0,CVR018_001,226471
106378,752,0,CVR018_001,227223
106379,752,0,CVR018_001,227975
106380,748,0,CVR018_001,228723
106381,752,0,CVR018_001,229475
106382,764,0,CVR018_001,230239
106383,764,0,CVR018_001,231003
106384,772,0,CVR018_001,231775
106385,776,0,CVR018_001,232551
106386,780,0,CVR018_001,233331
106387,772,0,CVR018_001,234103
106388,780,0,CVR018_001,234883
106389,768,0,CVR018_001,235651
106390,764,0,CVR018_001,236415
106391,760,0,CVR018_001,237175
106392,756,0,CVR018_001,237931
106393,752,0,CVR018_001,238683
106394,744,0,CVR018_001,239427
106395,736,0,CVR018_001,240163
106396,736,0,CVR018_001,240899
106397,732,0,CVR018_001,241631
106398,728,0,CVR018_001,242359
106399,724,0,CVR018_001,243083
106400,724,0,CVR018_001,243807
106401,740,0,CVR018_001,244547
106402,740,0,CVR018_001,245287
106403,744,0,CVR018_001,246031
106404,752,0,CVR018_001,246783
106405,756,0,CVR018_001,247539
106406,768,0,CVR018_001,248307
106407,776,0,CVR018_001,249083
106408,776,0,CVR018_001,249859
106409,776,0,CVR018_001,250635
106410,776,0,CVR018_001,251411
106411,776,0,CVR018_001,252187
106412,772,0,CVR018_001,252959
106413,760,0,CVR018_001,253719
106414,760,0,CVR018_001,254479
106415,756,0,CVR018_001,255235
106416,748,0,CVR018_001,255983
106417,748,0,CVR018_001,256731
106418,740,0,CVR018_001,257471
106419,740,0,CVR018_001,258211
106420,744,0,CVR018_001,258955
106421,756,0,CVR018_001,259711
106422,752,0,CVR018_001,260463
106423,756,0,CVR018_001,261219
106424,760,0,CVR018_001,261979
106425,744,0,CVR018_001,262723
106426,748,0,CVR018_001,263471
106427,744,0,CVR018_001,264215
106428,740,0,CVR018_001,264955
106429,740,0,CVR018_001,265695
106430,740,0,CVR018_001,266435
106431,744,0,CVR018_001,267179
106432,744,0,CVR018_001,267923
106433,744,0,CVR018_001,268667
106434,748,0,CVR018_001,269415
106435,756,0,CVR018_001,270171
106436,764,0,CVR018_001,270935
106437,764,0,CVR018_001,271699
106438,772,0,CVR018_001,272471
106439,780,0,CVR018_001,273251
106440,772,0,CVR018_001,274023
106441,756,0,CVR018_001,274779
106442,740,0,CVR018_001,275519
106443,752,0,CVR018_001,276271
106444,756,0,CVR018_001,277027
106445,740,0,CVR018_001,277767
106446,752,0,CVR018_001,278519
106447,732,0,CVR018_001,279251
106448,748,0,CVR018_001,279999
106449,728,0,CVR018_001,280727
106450,724,0,CVR018_001,281451
106451,744,0,CVR018_001,282195
106452,740,0,CVR018_001,282935
106453,728,0,CVR018_001,283663
106454,716,0,CVR018_001,284379
106455,720,0,CVR018_001,285099
106456,732,0,CVR018_001,285831
106457,728,0,CVR018_001,286559
106458,720,0,CVR018_001,287279
106459,720,0,CVR018_001,287999
106460,728,0,CVR018_001,288727
106461,732,0,CVR018_001,289459
106462,744,0,CVR018_001,290203
106463,768,0,CVR018_001,290971
106464,804,0,CVR018_001,291775
106465,844,0,CVR018_001,292619
106466,892,0,CVR018_001,293511
106467,904,0,CVR018_001,294415
106468,916,0,CVR018_001,295331
106469,916,0,CVR018_001,296247
106470,944,0,CVR018_001,297191
106471,968,0,CVR018_001,298159
106472,972,0,CVR018_001,299131
106473,928,0,CVR018_001,300059
106474,912,0,CVR018_001,300971
106475,924,0,CVR018_001,301895
106476,896,0,CVR018_001,302791
106477,892,0,CVR018_001,303683
106478,880,0,CVR018_001,304563
106479,860,0,CVR018_001,305423
106480,864,0,CVR018_001,306287
106481,856,0,CVR018_001,307143
106482,860,0,CVR018_001,308003
106483,864,0,CVR018_001,308867
106484,868,0,CVR018_001,309735
106485,868,0,CVR018_001,310603
106486,884,0,CVR018_001,311487
106487,896,0,CVR018_001,312383
106488,892,0,CVR018_001,313275
106489,912,0,CVR018_001,314187
106490,900,0,CVR018_001,315087
106491,900,0,CVR018_001,315987
106492,876,0,CVR018_001,316863
106493,860,0,CVR018_001,317723
106494,856,0,CVR018_001,318579
106495,864,0,CVR018_001,319443
106496,852,0,CVR018_001,320295
106497,860,0,CVR018_001,321155
106498,872,0,CVR018_001,322027
106499,860,0,CVR018_001,322887
106500,868,0,CVR018_001,323755
106501,872,0,CVR018_001,324627
106502,856,0,CVR018_001,325483
106503,852,0,CVR018_001,326335
106504,848,0,CVR018_001,327183
106505,852,0,CVR018_001,328035
106506,860,0,CVR018_001,328895
106507,872,0,CVR018_001,329767
106508,864,0,CVR018_001,330631
106509,868,0,CVR018_001,331499
106510,868,0,CVR018_001,332367
106511,876,0,CVR018_001,333243
106512,868,0,CVR018_001,334111
106513,868,0,CVR018_001,334979
106514,864,0,CVR018_001,335843
106515,848,0,CVR018_001,336691
106516,832,0,CVR018_001,337523
106517,840,0,CVR018_001,338363
106518,840,0,CVR018_001,339203
106519,836,0,CVR018_001,340039
106520,840,0,CVR018_001,340879
106521,824,0,CVR018_001,341703
106522,820,0,CVR018_001,342523
106523,824,0,CVR018_001,343347
106524,820,0,CVR018_001,344167
106525,804,0,CVR018_001,344971
106526,812,0,CVR018_001,345783
106527,832,0,CVR018_001,346615
106528,844,0,CVR018_001,347459
106529,860,0,CVR018_001,348319
106530,852,0,CVR018_001,349171
106531,840,0,CVR018_001,350011
106532,852,0,CVR018_001,350863
106533,844,0,CVR018_001,351707
106534,848,0,CVR018_001,352555
106535,852,0,CVR018_001,353407
106536,856,0,CVR018_001,354263
106537,860,0,CVR018_001,355123
106538,864,0,CVR018_001,355987
106539,864,0,CVR018_001,356851
106540,860,0,CVR018_001,357711
106541,860,0,CVR018_001,358571
106542,868,0,CVR018_001,359439
106543,864,0,CVR018_001,360303
106544,864,0,CVR018_001,361167
106545,852,0,CVR018_001,362019
106546,884,0,CVR018_001,362903
106547,876,0,CVR018_001,363779
106548,880,0,CVR018_001,364659
106549,920,0,CVR018_001,365579
106550,916,0,CVR018_001,366495
106551,932,0,CVR018_001,367427
106552,892,0,CVR018_001,368319
106553,888,0,CVR018_001,369207
106554,884,0,CVR018_001,370091
106555,884,0,CVR018_001,370975
106556,872,0,CVR018_001,371847
106557,880,0,CVR018_001,372727
106558,860,0,CVR018_001,373587
106559,868,0,CVR018_001,374455
106560,864,0,CVR018_001,375319
106561,848,0,CVR018_001,376167
106562,844,0,CVR018_001,377011
106563,876,0,CVR018_001,377887
106564,856,0,CVR018_001,378743
106565,852,0,CVR018_001,379595
106566,860,0,CVR018_001,380455
106567,864,0,CVR018_001,381319
106568,884,0,CVR018_001,382203
106569,884,0,CVR018_001,383087
106570,900,0,CVR018_001,383987
106571,892,0,CVR018_001,384879
106572,876,0,CVR018_001,385755
106573,872,0,CVR018_001,386627
106574,888,0,CVR018_001,387515
106575,872,0,CVR018_001,388387
106576,876,0,CVR018_001,389263
106577,872,0,CVR018_001,390135
106578,860,0,CVR018_001,390995
106579,860,0,CVR018_001,391855
106580,856,0,CVR018_001,392711
106581,848,0,CVR018_001,393559
106582,856,0,CVR018_001,394415
106583,860,0,CVR018_001,395275
106584,856,0,CVR018_001,396131
106585,852,0,CVR018_001,396983
106586,852,0,CVR018_001,397835
106587,844,0,CVR018_001,398679
106588,840,0,CVR018_001,399519
106589,844,0,CVR018_001,400363
106590,836,0,CVR018_001,401199
106591,848,0,CVR018_001,402047
106592,856,0,CVR018_001,402903
106593,840,0,CVR018_001,403743
106594,844,0,CVR018_001,404587
106595,844,0,CVR018_001,405431
106596,832,0,CVR018_001,406263
106597,828,0,CVR018_001,407091
106598,824,0,CVR018_001,407915
106599,824,0,CVR018_001,408739
106600,828,0,CVR018_001,409567
106601,828,0,CVR018_001,410395
106602,824,0,CVR018_001,411219
106603,820,0,CVR018_001,412039
106604,816,0,CVR018_001,412855
106605,820,0,CVR018_001,413675
106606,816,0,CVR018_001,414491
106607,820,0,CVR018_001,415311
106608,836,0,CVR018_001,416147
106609,832,0,CVR018_001,416979
106610,844,0,CVR018_001,417823
106611,840,0,CVR018_001,418663
106612,844,0,CVR018_001,419507
106613,848,0,CVR018_001,420355
106614,840,0,CVR018_001,421195
106615,836,0,CVR018_001,422031
106616,844,0,CVR018_001,422875
106617,852,0,CVR018_001,423727
106618,860,0,CVR018_001,424587
106619,856,0,CVR018_001,425443
106620,844,0,CVR018_001,426287
106621,844,0,CVR018_001,427131
106622,856,0,CVR018_001,427987
106623,848,0,CVR018_001,428835
106624,856,0,CVR018_001,429691
106625,852,0,CVR018_001,430543
106626,856,0,CVR018_001,431399
106627,852,0,CVR018_001,432251
106628,856,0,CVR018_001,433107
106629,848,0,CVR018_001,433955
106630,860,0,CVR018_001,434815
106631,852,0,CVR018_001,435667
106632,860,0,CVR018_001,436527
106633,884,0,CVR018_001,437411
106634,872,0,CVR018_001,438283
106635,892,0,CVR018_001,439175
106636,868,0,CVR018_001,440043
106637,872,0,CVR018_001,440915
106638,880,0,CVR018_001,441795
106639,864,0,CVR018_001,442659
106640,876,0,CVR018_001,443535
106641,872,0,CVR018_001,444407
106642,860,0,CVR018_001,445267
106643,872,0,CVR018_001,446139
106644,860,0,CVR018_001,446999
106645,864,0,CVR018_001,447863
106646,860,0,CVR018_001,448723
106647,848,0,CVR018_001,449571
106648,844,0,CVR018_001,450415
106649,864,0,CVR018_001,451279
106650,852,0,CVR018_001,452131
106651,856,0,CVR018_001,452987
106652,872,0,CVR018_001,453859
106653,856,0,CVR018_001,454715
106654,852,0,CVR018_001,455567
106655,896,0,CVR018_001,456463
106656,856,0,CVR018_001,457319
106657,868,0,CVR018_001,458187
106658,864,0,CVR018_001,459051
106659,868,0,CVR018_001,459919
106660,880,0,CVR018_001,460799
106661,884,0,CVR018_001,461683
106662,872,0,CVR018_001,462555
106663,864,0,CVR018_001,463419
106664,864,0,CVR018_001,464283
106665,864,0,CVR018_001,465147
106666,856,0,CVR018_001,466003
106667,848,0,CVR018_001,466851
106668,836,0,CVR018_001,467687
106669,820,0,CVR018_001,468507
106670,820,0,CVR018_001,469327
106671,824,0,CVR018_001,470151
106672,828,0,CVR018_001,470979
106673,824,0,CVR018_001,471803
106674,832,0,CVR018_001,472635
106675,864,0,CVR018_001,473499
106676,856,0,CVR018_001,474355
106677,864,0,CVR018_001,475219
106678,872,0,CVR018_001,476091
106679,904,0,CVR018_001,476995
106680,900,0,CVR018_001,477895
106681,888,0,CVR018_001,478783
106682,880,0,CVR018_001,479663
106683,892,0,CVR018_001,480555
106684,904,0,CVR018_001,481459
106685,876,0,CVR018_001,482335
106686,880,0,CVR018_001,483215
106687,872,0,CVR018_001,484087
106688,852,0,CVR018_001,484939
106689,840,0,CVR018_001,485779
106690,840,0,CVR018_001,486619
106691,856,0,CVR018_001,487475
106692,856,0,CVR018_001,488331
106693,868,0,CVR018_001,489199
106694,860,0,CVR018_001,490059
106695,856,0,CVR018_001,490915
106696,868,0,CVR018_001,491783
106697,860,0,CVR018_001,492643
106698,876,0,CVR018_001,493519
106699,872,0,CVR018_001,494391
106700,860,0,CVR018_001,495251
106701,864,0,CVR018_001,496115
106702,852,0,CVR018_001,496967
106703,836,0,CVR018_001,497803
106704,840,0,CVR018_001,498643
106705,832,0,CVR018_001,499475
106706,836,0,CVR018_001,500311
106707,828,0,CVR018_001,501139
106708,836,0,CVR018_001,501975
106709,820,0,CVR018_001,502795
106710,828,0,CVR018_001,503623
106711,824,0,CVR018_001,504447
106712,832,0,CVR018_001,505279
106713,820,0,CVR018_001,506099
106714,824,0,CVR018_001,506923
106715,816,0,CVR018_001,507739
106716,808,0,CVR018_001,508547
106717,816,0,CVR018_001,509363
106718,812,0,CVR018_001,510175
106719,820,0,CVR018_001,510995
106720,808,0,CVR018_001,511803
106721,812,0,CVR018_001,512615
106722,816,0,CVR018_001,513431
106723,804,0,CVR018_001,514235
106724,804,0,CVR018_001,515039
106725,808,0,CVR018_001,515847
106726,808,0,CVR018_001,516655
106727,816,0,CVR018_001,517471
106728,828,0,CVR018_001,518299
106729,832,0,CVR018_001,519131
106730,832,0,CVR018_001,519963
106731,836,0,CVR018_001,520799
106732,832,0,CVR018_001,521631
106733,840,0,CVR018_001,522471
106734,836,0,CVR018_001,523307
106735,848,0,CVR018_001,524155
106736,836,0,CVR018_001,524991
106737,1636,0,CVR018_001,526627
106738,812,0,CVR018_001,527439
106739,812,0,CVR018_001,528251
106740,836,0,CVR018_001,529087
106741,832,0,CVR018_001,529919
106742,840,0,CVR018_001,530759
106743,852,0,CVR018_001,531611
106744,852,0,CVR018_001,532463
106745,864,0,CVR018_001,533327
106746,856,0,CVR018_001,534183
106747,872,0,CVR018_001,535055
106748,884,0,CVR018_001,535939
106749,872,0,CVR018_001,536811
106750,872,0,CVR018_001,537683
106751,860,0,CVR018_001,538543
106752,852,0,CVR018_001,539395
106753,852,0,CVR018_001,540247
106754,856,0,CVR018_001,541103
106755,856,0,CVR018_001,541959
106756,864,0,CVR018_001,542823
106757,848,0,CVR018_001,543671
106758,824,0,CVR018_001,544495
106759,832,0,CVR018_001,545327
106760,828,0,CVR018_001,546155
106761,840,0,CVR018_001,546995
106762,1680,0,CVR018_001,548675
106763,840,0,CVR018_001,549515
106764,848,0,CVR018_001,550363
106765,836,0,CVR018_001,551199
106766,860,0,CVR018_001,552059
106767,848,0,CVR018_001,552907
106768,840,0,CVR018_001,553747
106769,840,0,CVR018_001,554587
106770,832,0,CVR018_001,555419
106771,828,0,CVR018_001,556247
106772,828,0,CVR018_001,557075
106773,824,0,CVR018_001,557899
106774,824,0,CVR018_001,558723
106775,832,0,CVR018_001,559555
106776,836,0,CVR018_001,560391
106777,836,0,CVR018_001,561227
106778,828,0,CVR018_001,562055
106779,832,0,CVR018_001,562887
106780,832,0,CVR018_001,563719
106781,836,0,CVR018_001,564555
106782,832,0,CVR018_001,565387
106783,844,0,CVR018_001,566231
106784,832,0,CVR018_001,567063
106785,832,0,CVR018_001,567895
106786,828,0,CVR018_001,568723
106787,828,0,CVR018_001,569551
106788,848,0,CVR018_001,570399
106789,844,0,CVR018_001,571243
106790,844,0,CVR018_001,572087
106791,848,0,CVR018_001,572935
106792,848,0,CVR018_001,573783
106793,844,0,CVR018_001,574627
106794,856,0,CVR018_001,575483
106795,852,0,CVR018_001,576335
106796,848,0,CVR018_001,577183
106797,848,0,CVR018_001,578031
106798,852,0,CVR018_001,578883
106799,856,0,CVR018_001,579739
106800,856,0,CVR018_001,580595
106801,844,0,CVR018_001,581439
106802,848,0,CVR018_001,582287
106803,880,0,CVR018_001,583167
106804,884,0,CVR018_001,584051
106805,876,0,CVR018_001,584927
106806,888,0,CVR018_001,585815
106807,888,0,CVR018_001,586703
106808,868,0,CVR018_001,587571
106809,864,0,CVR018_001,588435
106810,864,0,CVR018_001,589299
106811,856,0,CVR018_001,590155
106812,852,0,CVR018_001,591007
106813,856,0,CVR018_001,591863
106814,852,0,CVR018_001,592715
106815,844,0,CVR018_001,593559
106816,868,0,CVR018_001,594427
106817,848,0,CVR018_001,595275
106818,856,0,CVR018_001,596131
106819,864,0,CVR018_001,596995
106820,860,0,CVR018_001,597855
106821,864,0,CVR018_001,598719
106822,864,0,CVR018_001,599583
106823,852,0,CVR018_001,600435
106824,844,0,CVR018_001,601279
106825,844,0,CVR018_001,602123
106826,840,0,CVR018_001,602963
106827,844,0,CVR018_001,603807
106828,836,0,CVR018_001,604643
106829,832,0,CVR018_001,605475
106830,836,0,CVR018_001,606311
106831,856,0,CVR018_001,607167
106832,860,0,CVR018_001,608027
106833,856,0,CVR018_001,608883
106834,860,0,CVR018_001,609743
106835,864,0,CVR018_001,610607
106836,848,0,CVR018_001,611455
106837,856,0,CVR018_001,612311
106838,872,0,CVR018_001,613183
106839,864,0,CVR018_001,614047
106840,848,0,CVR018_001,614895
106841,852,0,CVR018_001,615747
106842,856,0,CVR018_001,616603
106843,844,0,CVR018_001,617447
106844,836,0,CVR018_001,618283
106845,840,0,CVR018_001,619123
106846,848,0,CVR018_001,619971
106847,840,0,CVR018_001,620811
106848,836,0,CVR018_001,621647
106849,840,0,CVR018_001,622487
106850,844,0,CVR018_001,623331
106851,852,0,CVR018_001,624183
106852,860,0,CVR018_001,625043
106853,856,0,CVR018_001,625899
106854,844,0,CVR018_001,626743
106855,856,0,CVR018_001,627599
106856,844,0,CVR018_001,628443
106857,840,0,CVR018_001,629283
106858,840,0,CVR018_001,630123
106859,848,0,CVR018_001,630971
106860,860,0,CVR018_001,631831
106861,856,0,CVR018_001,632687
106862,860,0,CVR018_001,633547
106863,860,0,CVR018_001,634407
106864,868,0,CVR018_001,635275
106865,872,0,CVR018_001,636147
106866,860,0,CVR018_001,637007
106867,844,0,CVR018_001,637851
106868,836,0,CVR018_001,638687
106869,836,0,CVR018_001,639523
106870,828,0,CVR018_001,640351
106871,840,0,CVR018_001,641191
106872,852,0,CVR018_001,642043
106873,840,0,CVR018_001,642883
106874,848,0,CVR018_001,643731
106875,848,0,CVR018_001,644579
106876,840,0,CVR018_001,645419
106877,848,0,CVR018_001,646267
106878,836,0,CVR018_001,647103
106879,852,0,CVR018_001,647955
106880,848,0,CVR018_001,648803
106881,848,0,CVR018_001,649651
106882,856,0,CVR018_001,650507
106883,876,0,CVR018_001,651383
106884,860,0,CVR018_001,652243
106885,860,0,CVR018_001,653103
106886,888,0,CVR018_001,653991
106887,876,0,CVR018_001,654867
106888,872,0,CVR018_001,655739
106889,860,0,CVR018_001,656599
106890,856,0,CVR018_001,657455
106891,852,0,CVR018_001,658307
106892,856,0,CVR018_001,659163
106893,852,0,CVR018_001,660015
106894,844,0,CVR018_001,660859
106895,860,0,CVR018_001,661719
106896,852,0,CVR018_001,662571
106897,852,0,CVR018_001,663423
106898,880,0,CVR018_001,664303
106899,872,0,CVR018_001,665175
106900,860,0,CVR018_001,666035
106901,856,0,CVR018_001,666891
106902,860,0,CVR018_001,667751
106903,860,0,CVR018_001,668611
106904,860,0,CVR018_001,669471
106905,868,0,CVR018_001,670339
106906,864,0,CVR018_001,671203
106907,860,0,CVR018_001,672063
106908,844,0,CVR018_001,672907
106909,840,0,CVR018_001,673747
106910,832,0,CVR018_001,674579
106911,832,0,CVR018_001,675411
106912,816,0,CVR018_001,676227
106913,812,0,CVR018_001,677039
106914,812,0,CVR018_001,677851
106915,796,0,CVR018_001,678647
106916,804,0,CVR018_001,679451
106917,808,0,CVR018_001,680259
106918,808,0,CVR018_001,681067
106919,812,0,CVR018_001,681879
106920,824,0,CVR018_001,682703
106921,848,0,CVR018_001,683551
106922,832,0,CVR018_001,684383
106923,840,0,CVR018_001,685223
106924,836,0,CVR018_001,686059
106925,840,0,CVR018_001,686899
106926,848,0,CVR018_001,687747
106927,844,0,CVR018_001,688591
106928,848,0,CVR018_001,689439
106929,880,0,CVR018_001,690319
106930,864,0,CVR018_001,691183
106931,844,0,CVR018_001,692027
106932,848,0,CVR018_001,692875
106933,836,0,CVR018_001,693711
106934,836,0,CVR018_001,694547
106935,824,0,CVR018_001,695371
106936,816,0,CVR018_001,696187
106937,816,0,CVR018_001,697003
106938,812,0,CVR018_001,697815
106939,812,0,CVR018_001,698627
106940,804,0,CVR018_001,699431
106941,812,0,CVR018_001,700243
106942,816,0,CVR018_001,701059
106943,808,0,CVR018_001,701867
106944,812,0,CVR018_001,702679
106945,824,0,CVR018_001,703503
106946,824,0,CVR018_001,704327
106947,828,0,CVR018_001,705155
106948,832,0,CVR018_001,705987
106949,828,0,CVR018_001,706815
106950,828,0,CVR018_001,707643
106951,816,0,CVR018_001,708459
106952,824,0,CVR018_001,709283
106953,824,0,CVR018_001,710107
106954,820,0,CVR018_001,710927
106955,824,0,CVR018_001,711751
106956,836,0,CVR018_001,712587
106957,840,0,CVR018_001,713427
106958,844,0,CVR018_001,714271
106959,868,0,CVR018_001,715139
106960,868,0,CVR018_001,716007
106961,848,0,CVR018_001,716855
106962,848,0,CVR018_001,717703
106963,856,0,CVR018_001,718559
106964,840,0,CVR018_001,719399
106965,836,0,CVR018_001,720235
106966,840,0,CVR018_001,721075
106967,1684,0,CVR018_001,722759
106968,832,0,CVR018_001,723591
106969,844,0,CVR018_001,724435
106970,848,0,CVR018_001,725283
106971,836,0,CVR018_001,726119
106972,836,0,CVR018_001,726955
106973,840,0,CVR018_001,727795
106974,832,0,CVR018_001,728627
106975,824,0,CVR018_001,729451
106976,828,0,CVR018_001,730279
106977,824,0,CVR018_001,731103
106978,848,0,CVR018_001,731951
106979,844,0,CVR018_001,732795
106980,832,0,CVR018_001,733627
106981,856,0,CVR018_001,734483
106982,852,0,CVR018_001,735335
106983,836,0,CVR018_001,736171
106984,832,0,CVR018_001,737003
106985,832,0,CVR018_001,737835
106986,816,0,CVR018_001,738651
106987,812,0,CVR018_001,739463
106988,804,0,CVR018_001,740267
106989,796,0,CVR018_001,741063
106990,796,0,CVR018_001,741859
106991,792,0,CVR018_001,742651
106992,800,0,CVR018_001,743451
106993,816,0,CVR018_001,744267
106994,804,0,CVR018_001,745071
106995,816,0,CVR018_001,745887
106996,816,0,CVR018_001,746703
106997,828,0,CVR018_001,747531
106998,820,0,CVR018_001,748351
106999,828,0,CVR018_001,749179
107000,824,0,CVR018_001,750003
107001,824,0,CVR018_001,750827
107002,808,0,CVR018_001,751635
107003,808,0,CVR018_001,752443
107004,812,0,CVR018_001,753255
107005,808,0,CVR018_001,754063
107006,804,0,CVR018_001,754867
107007,816,0,CVR018_001,755683
107008,824,0,CVR018_001,756507
107009,812,0,CVR018_001,757319
107010,820,0,CVR018_001,758139
107011,816,0,CVR018_001,758955
107012,812,0,CVR018_001,759767
107013,808,0,CVR018_001,760575
107014,812,0,CVR018_001,761387
107015,816,0,CVR018_001,762203
107016,808,0,CVR018_001,763011
107017,816,0,CVR018_001,763827
107018,812,0,CVR018_001,764639
107019,812,0,CVR018_001,765451
107020,808,0,CVR018_001,766259
107021,808,0,CVR018_001,767067
107022,820,0,CVR018_001,767887
107023,812,0,CVR018_001,768699
107024,816,0,CVR018_001,769515
107025,824,0,CVR018_001,770339
107026,828,0,CVR018_001,771167
107027,832,0,CVR018_001,771999
107028,828,0,CVR018_001,772827
107029,828,0,CVR018_001,773655
107030,820,0,CVR018_001,774475
107031,824,0,CVR018_001,775299
107032,828,0,CVR018_001,776127
107033,828,0,CVR018_001,776955
107034,832,0,CVR018_001,777787
107035,828,0,CVR018_001,778615
107036,832,0,CVR018_001,779447
107037,832,0,CVR018_001,780279
107038,828,0,CVR018_001,781107
107039,820,0,CVR018_001,781927
107040,820,0,CVR018_001,782747
107041,816,0,CVR018_001,783563
107042,820,0,CVR018_001,784383
107043,824,0,CVR018_001,785207
107044,828,0,CVR018_001,786035
107045,820,0,CVR018_001,786855
107046,816,0,CVR018_001,787671
107047,824,0,CVR018_001,788495
107048,840,0,CVR018_001,789335
107049,820,0,CVR018_001,790155
107050,820,0,CVR018_001,790975
107051,824,0,CVR018_001,791799
107052,816,0,CVR018_001,792615
107053,816,0,CVR018_001,793431
107054,824,0,CVR018_001,794255
107055,832,0,CVR018_001,795087
107056,832,0,CVR018_001,795919
107057,840,0,CVR018_001,796759
107058,852,0,CVR018_001,797611
107059,844,0,CVR018_001,798455
107060,848,0,CVR018_001,799303
107061,848,0,CVR018_001,800151
107062,852,0,CVR018_001,801003
107063,868,0,CVR018_001,801871
107064,860,0,CVR018_001,802731
107065,848,0,CVR018_001,803579
107066,844,0,CVR018_001,804423
107067,832,0,CVR018_001,805255
107068,840,0,CVR018_001,806095
107069,828,0,CVR018_001,806923
107070,816,0,CVR018_001,807739
107071,816,0,CVR018_001,808555
107072,824,0,CVR018_001,809379
107073,836,0,CVR018_001,810215
107074,816,0,CVR018_001,811031
107075,824,0,CVR018_001,811855
107076,828,0,CVR018_001,812683
107077,836,0,CVR018_001,813519
107078,848,0,CVR018_001,814367
107079,824,0,CVR018_001,815191
107080,828,0,CVR018_001,816019
107081,836,0,CVR018_001,816855
107082,824,0,CVR018_001,817679
107083,816,0,CVR018_001,818495
107084,832,0,CVR018_001,819327
107085,828,0,CVR018_001,820155
107086,828,0,CVR018_001,820983
107087,828,0,CVR018_001,821811
107088,844,0,CVR018_001,822655
107089,828,0,CVR018_001,823483
107090,832,0,CVR018_001,824315
107091,824,0,CVR018_001,825139
107092,816,0,CVR018_001,825955
107093,824,0,CVR018_001,826779
107094,812,0,CVR018_001,827591
107095,812,0,CVR018_001,828403
107096,816,0,CVR018_001,829219
107097,816,0,CVR018_001,830035
107098,812,0,CVR018_001,830847
107099,824,0,CVR018_001,831671
107100,824,0,CVR018_001,832495
107101,832,0,CVR018_001,833327
107102,832,0,CVR018_001,834159
107103,832,0,CVR018_001,834991
107104,832,0,CVR018_001,835823
107105,840,0,CVR018_001,836663
107106,828,0,CVR018_001,837491
107107,824,0,CVR018_001,838315
107108,844,0,CVR018_001,839159
107109,836,0,CVR018_001,839995
107110,820,0,CVR018_001,840815
107111,828,0,CVR018_001,841643
107112,824,0,CVR018_001,842467
107113,836,0,CVR018_001,843303
107114,824,0,CVR018_001,844127
107115,824,0,CVR018_001,844951
107116,832,0,CVR018_001,845783
107117,844,0,CVR018_001,846627
107118,832,0,CVR018_001,847459
107119,824,0,CVR018_001,848283
107120,836,0,CVR018_001,849119
107121,828,0,CVR018_001,849947
107122,820,0,CVR018_001,850767
107123,824,0,CVR018_001,851591
107124,824,0,CVR018_001,852415
107125,824,0,CVR018_001,853239
107126,828,0,CVR018_001,854067
107127,828,0,CVR018_001,854895
107128,824,0,CVR018_001,855719
107129,816,0,CVR018_001,856535
107130,824,0,CVR018_001,857359
107131,820,0,CVR018_001,858179
107132,820,0,CVR018_001,858999
107133,820,0,CVR018_001,859819
107134,828,0,CVR018_001,860647
107135,824,0,CVR018_001,861471
107136,828,0,CVR018_001,862299
107137,852,0,CVR018_001,863151
107138,840,0,CVR018_001,863991
107139,844,0,CVR018_001,864835
107140,860,0,CVR018_001,865695
107141,832,0,CVR018_001,866527
107142,856,0,CVR018_001,867383
107143,840,0,CVR018_001,868223
107144,840,0,CVR018_001,869063
107145,844,0,CVR018_001,869907
107146,864,0,CVR018_001,870771
107147,852,0,CVR018_001,871623
107148,848,0,CVR018_001,872471
107149,848,0,CVR018_001,873319
107150,840,0,CVR018_001,874159
107151,836,0,CVR018_001,874995
107152,828,0,CVR018_001,875823
107153,828,0,CVR018_001,876651
107154,828,0,CVR018_001,877479
107155,828,0,CVR018_001,878307
107156,820,0,CVR018_001,879127
107157,820,0,CVR018_001,879947
107158,812,0,CVR018_001,880759
107159,824,0,CVR018_001,881583
107160,824,0,CVR018_001,882407
107161,812,0,CVR018_001,883219
107162,812,0,CVR018_001,884031
107163,820,0,CVR018_001,884851
107164,816,0,CVR018_001,885667
107165,812,0,CVR018_001,886479
107166,816,0,CVR018_001,887295
107167,824,0,CVR018_001,888119
107168,820,0,CVR018_001,888939
107169,824,0,CVR018_001,889763
107170,816,0,CVR018_001,890579
107171,812,0,CVR018_001,891391
107172,816,0,CVR018_001,892207
107173,860,1,CVR018_001,893067
107174,760,0,CVR018_001,893827
107175,804,0,CVR018_001,894631
107176,808,0,CVR018_001,895439
107177,812,0,CVR018_001,896251
107178,824,0,CVR018_001,897075
107179,832,0,CVR018_001,897907
107180,824,0,CVR018_001,898731
107181,824,0,CVR018_001,899555
107182,836,0,CVR018_001,900391
107183,828,0,CVR018_001,901219
107184,828,0,CVR018_001,902047
107185,828,0,CVR018_001,902875
107186,828,0,CVR018_001,903703
107187,824,0,CVR018_001,904527
107188,844,0,CVR018_001,905371
107189,832,0,CVR018_001,906203
107190,840,0,CVR018_001,907043
107191,828,0,CVR018_001,907871
107192,820,0,CVR018_001,908691
107193,820,0,CVR018_001,909511
107194,820,0,CVR018_001,910331
107195,808,0,CVR018_001,911139
107196,812,0,CVR018_001,911951
107197,800,0,CVR018_001,912751
107198,800,0,CVR018_001,913551
107199,800,0,CVR018_001,914351
107200,800,0,CVR018_001,915151
107201,804,0,CVR018_001,915955
107202,812,0,CVR018_001,916767
107203,820,0,CVR018_001,917587
107204,824,0,CVR018_001,918411
107205,824,0,CVR018_001,919235
107206,808,0,CVR018_001,920043
107207,808,0,CVR018_001,920851
107208,812,0,CVR018_001,921663
107209,808,0,CVR018_001,922471
107210,808,0,CVR018_001,923279
107211,816,0,CVR018_001,924095
107212,816,0,CVR018_001,924911
107213,824,0,CVR018_001,925735
107214,824,0,CVR018_001,926559
107215,820,0,CVR018_001,927379
107216,816,0,CVR018_001,928195
107217,824,0,CVR018_001,929019
107218,820,0,CVR018_001,929839
107219,816,0,CVR018_001,930655
107220,816,0,CVR018_001,931471
107221,816,0,CVR018_001,932287
107222,812,0,CVR018_001,933099
107223,812,0,CVR018_001,933911
107224,808,0,CVR018_001,934719
107225,800,0,CVR018_001,935519
107226,804,0,CVR018_001,936323
107227,788,0,CVR018_001,937111
107228,788,0,CVR018_001,937899
107229,788,0,CVR018_001,938687
107230,800,0,CVR018_001,939487
107231,796,0,CVR018_001,940283
107232,808,0,CVR018_001,941091
107233,796,0,CVR018_001,941887
107234,796,0,CVR018_001,942683
107235,804,0,CVR018_001,943487
107236,804,0,CVR018_001,944291
107237,808,0,CVR018_001,945099
107238,808,0,CVR018_001,945907
107239,808,0,CVR018_001,946715
107240,816,0,CVR018_001,947531
107241,820,0,CVR018_001,948351
107242,816,0,CVR018_001,949167
107243,816,0,CVR018_001,949983
107244,808,0,CVR018_001,950791
107245,812,0,CVR018_001,951603
107246,812,0,CVR018_001,952415
107247,808,0,CVR018_001,953223
107248,796,0,CVR018_001,954019
107249,804,0,CVR018_001,954823
107250,804,0,CVR018_001,955627
107251,792,0,CVR018_001,956419
107252,792,0,CVR018_001,957211
107253,788,0,CVR018_001,957999
107254,784,0,CVR018_001,958783
107255,792,0,CVR018_001,959575
107256,800,0,CVR018_001,960375
107257,788,0,CVR018_001,961163
107258,796,0,CVR018_001,961959
107259,796,0,CVR018_001,962755
107260,792,0,CVR018_001,963547
107261,788,0,CVR018_001,964335
107262,788,0,CVR018_001,965123
107263,788,0,CVR018_001,965911
107264,792,0,CVR018_001,966703
107265,800,0,CVR018_001,967503
107266,808,0,CVR018_001,968311
107267,808,0,CVR018_001,969119
107268,804,0,CVR018_001,969923
107269,808,0,CVR018_001,970731
107270,804,0,CVR018_001,971535
107271,800,0,CVR018_001,972335
107272,800,0,CVR018_001,973135
107273,792,0,CVR018_001,973927
107274,792,0,CVR018_001,974719
107275,796,0,CVR018_001,975515
107276,788,0,CVR018_001,976303
107277,780,0,CVR018_001,977083
107278,784,0,CVR018_001,977867
107279,780,0,CVR018_001,978647
107280,780,0,CVR018_001,979427
107281,780,0,CVR018_001,980207
107282,784,0,CVR018_001,980991
107283,796,0,CVR018_001,981787
107284,800,0,CVR018_001,982587
107285,804,0,CVR018_001,983391
107286,804,0,CVR018_001,984195
107287,808,0,CVR018_001,985003
107288,804,0,CVR018_001,985807
107289,804,0,CVR018_001,986611
107290,792,0,CVR018_001,987403
107291,784,0,CVR018_001,988187
107292,788,0,CVR018_001,988975
107293,780,0,CVR018_001,989755
107294,768,0,CVR018_001,990523
107295,760,0,CVR018_001,991283
107296,756,0,CVR018_001,992039
107297,764,0,CVR018_001,992803
107298,760,0,CVR018_001,993563
107299,752,0,CVR018_001,994315
107300,752,0,CVR018_001,995067
107301,748,0,CVR018_001,995815
107302,752,0,CVR018_001,996567
107303,748,0,CVR018_001,997315
107304,752,0,CVR018_001,998067
107305,752,0,CVR018_001,998819
107306,760,0,CVR018_001,999579
107307,760,0,CVR018_001,1000339
107308,772,0,CVR018_001,1001111
107309,776,0,CVR018_001,1001887
107310,784,0,CVR018_001,1002671
107311,784,0,CVR018_001,1003455
107312,784,0,CVR018_001,1004239
107313,788,0,CVR018_001,1005027
107314,792,0,CVR018_001,1005819
107315,792,0,CVR018_001,1006611
107316,780,0,CVR018_001,1007391
107317,788,0,CVR018_001,1008179
107318,804,0,CVR018_001,1008983
107319,800,0,CVR018_001,1009783
107320,796,0,CVR018_001,1010579
107321,788,0,CVR018_001,1011367
107322,800,0,CVR018_001,1012167
107323,812,0,CVR018_001,1012979
107324,808,0,CVR018_001,1013787
107325,820,0,CVR018_001,1014607
107326,824,0,CVR018_001,1015431
107327,820,0,CVR018_001,1016251
107328,820,0,CVR018_001,1017071
107329,820,0,CVR018_001,1017891
107330,828,0,CVR018_001,1018719
107331,824,0,CVR018_001,1019543
107332,820,0,CVR018_001,1020363
107333,832,0,CVR018_001,1021195
107334,840,0,CVR018_001,1022035
107335,832,0,CVR018_001,1022867
107336,832,0,CVR018_001,1023699
107337,828,0,CVR018_001,1024527
107338,820,0,CVR018_001,1025347
107339,812,0,CVR018_001,1026159
107340,812,0,CVR018_001,1026971
107341,816,0,CVR018_001,1027787
107342,804,0,CVR018_001,1028591
107343,812,0,CVR018_001,1029403
107344,808,0,CVR018_001,1030211
107345,812,0,CVR018_001,1031023
107346,812,0,CVR018_001,1031835
107347,812,0,CVR018_001,1032647
107348,812,0,CVR018_001,1033459
107349,824,0,CVR018_001,1034283
107350,816,0,CVR018_001,1035099
107351,820,0,CVR018_001,1035919
107352,828,0,CVR018_001,1036747
107353,820,0,CVR018_001,1037567
107354,816,0,CVR018_001,1038383
107355,816,0,CVR018_001,1039199
107356,808,0,CVR018_001,1040007
107357,808,0,CVR018_001,1040815
107358,804,0,CVR018_001,1041619
107359,804,0,CVR018_001,1042423
107360,800,0,CVR018_001,1043223
107361,796,0,CVR018_001,1044019
107362,792,0,CVR018_001,1044811
107363,788,0,CVR018_001,1045599
107364,792,0,CVR018_001,1046391
107365,792,0,CVR018_001,1047183
107366,796,0,CVR018_001,1047979
107367,796,0,CVR018_001,1048775
107368,804,0,CVR018_001,1049579
107369,804,0,CVR018_001,1050383
107370,812,0,CVR018_001,1051195
107371,808,0,CVR018_001,1052003
107372,824,0,CVR018_001,1052827
107373,828,0,CVR018_001,1053655
107374,816,0,CVR018_001,1054471
107375,820,0,CVR018_001,1055291
107376,820,0,CVR018_001,1056111
107377,816,0,CVR018_001,1056927
107378,804,0,CVR018_001,1057731
107379,800,0,CVR018_001,1058531
107380,792,0,CVR018_001,1059323
107381,788,0,CVR018_001,1060111
107382,784,0,CVR018_001,1060895
107383,784,0,CVR018_001,1061679
107384,784,0,CVR018_001,1062463
107385,792,0,CVR018_001,1063255
107386,788,0,CVR018_001,1064043
107387,796,0,CVR018_001,1064839
107388,796,0,CVR018_001,1065635
107389,808,0,CVR018_001,1066443
107390,808,0,CVR018_001,1067251
107391,816,0,CVR018_001,1068067
107392,824,0,CVR018_001,1068891
107393,824,0,CVR018_001,1069715
107394,828,0,CVR018_001,1070543
107395,820,0,CVR018_001,1071363
107396,812,0,CVR018_001,1072175
107397,812,0,CVR018_001,1072987
107398,800,0,CVR018_001,1073787
107399,800,0,CVR018_001,1074587
107400,792,0,CVR018_001,1075379
107401,796,0,CVR018_001,1076175
107402,792,0,CVR018_001,1076967
107403,796,0,CVR018_001,1077763
107404,792,0,CVR018_001,1078555
107405,792,0,CVR018_001,1079347
107406,792,0,CVR018_001,1080139
107407,796,0,CVR018_001,1080935
107408,796,0,CVR018_001,1081731
107409,804,0,CVR018_001,1082535
107410,816,0,CVR018_001,1083351
107411,824,0,CVR018_001,1084175
107412,824,0,CVR018_001,1084999
107413,836,0,CVR018_001,1085835
107414,836,0,CVR018_001,1086671
107415,840,0,CVR018_001,1087511
107416,840,0,CVR018_001,1088351
107417,832,0,CVR018_001,1089183
107418,820,0,CVR018_001,1090003
107419,816,0,CVR018_001,1090819
107420,812,0,CVR018_001,1091631
107421,804,0,CVR018_001,1092435
107422,800,0,CVR018_001,1093235
107423,796,0,CVR018_001,1094031
107424,796,0,CVR018_001,1094827
107425,788,0,CVR018_001,1095615
107426,792,0,CVR018_001,1096407
107427,792,0,CVR018_001,1097199
107428,792,0,CVR018_001,1097991
107429,784,0,CVR018_001,1098775
107430,780,0,CVR018_001,1099555
107431,780,0,CVR018_001,1100335
107432,780,0,CVR018_001,1101115
107433,796,0,CVR018_001,1101911
107434,796,0,CVR018_001,1102707
107435,804,0,CVR018_001,1103511
107436,816,0,CVR018_001,1104327
107437,820,0,CVR018_001,1105147
107438,828,0,CVR018_001,1105975
107439,824,0,CVR018_001,1106799
107440,820,0,CVR018_001,1107619
107441,812,0,CVR018_001,1108431
107442,816,0,CVR018_001,1109247
107443,816,0,CVR018_001,1110063
107444,804,0,CVR018_001,1110867
107445,800,0,CVR018_001,1111667
107446,800,0,CVR018_001,1112467
107447,792,0,CVR018_001,1113259
107448,784,0,CVR018_001,1114043
107449,780,0,CVR018_001,1114823
107450,784,0,CVR018_001,1115607
107451,780,0,CVR018_001,1116387
107452,776,0,CVR018_001,1117163
107453,784,0,CVR018_001,1117947
107454,788,0,CVR018_001,1118735
107455,800,0,CVR018_001,1119535
107456,800,0,CVR018_001,1120335
107457,804,0,CVR018_001,1121139
107458,796,0,CVR018_001,1121935
107459,800,0,CVR018_001,1122735
107460,800,0,CVR018_001,1123535
107461,804,0,CVR018_001,1124339
107462,804,0,CVR018_001,1125143
107463,804,0,CVR018_001,1125947
107464,808,0,CVR018_001,1126755
107465,816,0,CVR018_001,1127571
107466,816,0,CVR018_001,1128387
107467,824,0,CVR018_001,1129211
107468,808,0,CVR018_001,1130019
107469,812,0,CVR018_001,1130831
107470,804,0,CVR018_001,1131635
107471,804,0,CVR018_001,1132439
107472,796,0,CVR018_001,1133235
107473,796,0,CVR018_001,1134031
107474,796,0,CVR018_001,1134827
107475,800,0,CVR018_001,1135627
107476,796,0,CVR018_001,1136423
107477,804,0,CVR018_001,1137227
107478,808,0,CVR018_001,1138035
107479,824,0,CVR018_001,1138859
107480,820,0,CVR018_001,1139679
107481,820,0,CVR018_001,1140499
107482,824,0,CVR018_001,1141323
107483,832,0,CVR018_001,1142155
107484,828,0,CVR018_001,1142983
107485,824,0,CVR018_001,1143807
107486,828,0,CVR018_001,1144635
107487,824,0,CVR018_001,1145459
107488,820,0,CVR018_001,1146279
107489,804,0,CVR018_001,1147083
107490,800,0,CVR018_001,1147883
107491,792,0,CVR018_001,1148675
107492,788,0,CVR018_001,1149463
107493,784,0,CVR018_001,1150247
107494,780,0,CVR018_001,1151027
107495,780,0,CVR018_001,1151807
107496,788,0,CVR018_001,1152595
107497,804,0,CVR018_001,1153399
107498,800,0,CVR018_001,1154199
107499,808,0,CVR018_001,1155007
107500,812,0,CVR018_001,1155819
107501,816,0,CVR018_001,1156635
107502,824,0,CVR018_001,1157459
107503,816,0,CVR018_001,1158275
107504,824,0,CVR018_001,1159099
107505,812,0,CVR018_001,1159911
107506,816,0,CVR018_001,1160727
107507,808,0,CVR018_001,1161535
107508,804,0,CVR018_001,1162339
107509,856,1,CVR018_001,1163195
107510,768,0,CVR018_001,1163963
107511,804,0,CVR018_001,1164767
107512,804,0,CVR018_001,1165571
107513,804,0,CVR018_001,1166375
107514,804,0,CVR018_001,1167179
107515,804,0,CVR018_001,1167983
107516,812,0,CVR018_001,1168795
107517,812,0,CVR018_001,1169607
107518,812,0,CVR018_001,1170419
107519,816,0,CVR018_001,1171235
107520,820,0,CVR018_001,1172055
107521,808,0,CVR018_001,1172863
107522,816,0,CVR018_001,1173679
107523,812,0,CVR018_001,1174491
107524,816,0,CVR018_001,1175307
107525,816,0,CVR018_001,1176123
107526,816,0,CVR018_001,1176939
107527,812,0,CVR018_001,1177751
107528,816,0,CVR018_001,1178567
107529,824,0,CVR018_001,1179391
107530,816,0,CVR018_001,1180207
107531,804,0,CVR018_001,1181011
107532,808,0,CVR018_001,1181819
107533,808,0,CVR018_001,1182627
107534,800,0,CVR018_001,1183427
107535,792,0,CVR018_001,1184219
107536,788,0,CVR018_001,1185007
107537,796,0,CVR018_001,1185803
107538,800,0,CVR018_001,1186603
107539,796,0,CVR018_001,1187399
107540,800,0,CVR018_001,1188199
107541,804,0,CVR018_001,1189003
107542,800,0,CVR018_001,1189803
107543,804,0,CVR018_001,1190607
107544,804,0,CVR018_001,1191411
107545,816,0,CVR018_001,1192227
107546,820,0,CVR018_001,1193047
107547,812,0,CVR018_001,1193859
107548,820,0,CVR018_001,1194679
107549,828,0,CVR018_001,1195507
107550,816,0,CVR018_001,1196323
107551,820,0,CVR018_001,1197143
107552,824,0,CVR018_001,1197967
107553,820,0,CVR018_001,1198787
107554,820,0,CVR018_001,1199607
107555,812,0,CVR018_001,1200419
107556,812,0,CVR018_001,1201231
107557,820,0,CVR018_001,1202051
107558,812,0,CVR018_001,1202863
107559,816,0,CVR018_001,1203679
107560,816,0,CVR018_001,1204495
107561,816,0,CVR018_001,1205311
107562,812,0,CVR018_001,1206123
107563,816,0,CVR018_001,1206939
107564,816,0,CVR018_001,1207755
107565,812,0,CVR018_001,1208567
107566,816,0,CVR018_001,1209383
107567,824,0,CVR018_001,1210207
107568,840,0,CVR018_001,1211047
107569,828,0,CVR018_001,1211875
107570,840,0,CVR018_001,1212715
107571,840,0,CVR018_001,1213555
107572,832,0,CVR018_001,1214387
107573,844,0,CVR018_001,1215231
107574,836,0,CVR018_001,1216067
107575,832,0,CVR018_001,1216899
107576,832,0,CVR018_001,1217731
107577,820,0,CVR018_001,1218551
107578,824,0,CVR018_001,1219375
107579,828,0,CVR018_001,1220203
107580,824,0,CVR018_001,1221027
107581,816,0,CVR018_001,1221843
107582,812,0,CVR018_001,1222655
107583,808,0,CVR018_001,1223463
107584,812,0,CVR018_001,1224275
107585,816,0,CVR018_001,1225091
107586,812,0,CVR018_001,1225903
107587,820,0,CVR018_001,1226723
107588,816,0,CVR018_001,1227539
107589,816,0,CVR018_001,1228355
107590,816,0,CVR018_001,1229171
107591,812,0,CVR018_001,1229983
107592,820,0,CVR018_001,1230803
107593,812,0,CVR018_001,1231615
107594,812,0,CVR018_001,1232427
107595,824,0,CVR018_001,1233251
107596,836,0,CVR018_001,1234087
107597,832,0,CVR018_001,1234919
107598,824,0,CVR018_001,1235743
107599,828,0,CVR018_001,1236571
107600,816,0,CVR018_001,1237387
107601,824,0,CVR018_001,1238211
107602,812,0,CVR018_001,1239023
107603,816,0,CVR018_001,1239839
107604,804,0,CVR018_001,1240643
107605,808,0,CVR018_001,1241451
107606,808,0,CVR018_001,1242259
107607,808,0,CVR018_001,1243067
107608,816,0,CVR018_001,1243883
107609,812,0,CVR018_001,1244695
107610,816,0,CVR018_001,1245511
107611,820,0,CVR018_001,1246331
107612,820,0,CVR018_001,1247151
107613,816,0,CVR018_001,1247967
107614,824,0,CVR018_001,1248791
107615,816,0,CVR018_001,1249607
107616,816,0,CVR018_001,1250423
107617,812,0,CVR018_001,1251235
107618,808,0,CVR018_001,1252043
107619,816,0,CVR018_001,1252859
107620,820,0,CVR018_001,1253679
107621,840,0,CVR018_001,1254519
107622,832,0,CVR018_001,1255351
107623,888,1,CVR018_001,1256239
107624,800,0,CVR018_001,1257039
107625,832,0,CVR018_001,1257871
107626,840,0,CVR018_001,1258711
107627,828,0,CVR018_001,1259539
107628,816,0,CVR018_001,1260355
107629,816,0,CVR018_001,1261171
107630,812,0,CVR018_001,1261983
107631,816,0,CVR018_001,1262799
107632,816,0,CVR018_001,1263615
107633,816,0,CVR018_001,1264431
107634,808,0,CVR018_001,1265239
107635,816,0,CVR018_001,1266055
107636,820,0,CVR018_001,1266875
107637,816,0,CVR018_001,1267691
107638,824,0,CVR018_001,1268515
107639,816,0,CVR018_001,1269331
107640,808,0,CVR018_001,1270139
107641,808,0,CVR018_001,1270947
107642,804,0,CVR018_001,1271751
107643,808,0,CVR018_001,1272559
107644,808,0,CVR018_001,1273367
107645,808,0,CVR018_001,1274175
107646,816,0,CVR018_001,1274991
107647,804,0,CVR018_001,1275795
107648,804,0,CVR018_001,1276599
107649,804,0,CVR018_001,1277403
107650,852,1,CVR018_001,1278255
107651,752,0,CVR018_001,1279007
107652,804,0,CVR018_001,1279811
107653,800,0,CVR018_001,1280611
107654,808,0,CVR018_001,1281419
107655,804,0,CVR018_001,1282223
107656,804,0,CVR018_001,1283027
107657,808,0,CVR018_001,1283835
107658,804,0,CVR018_001,1284639
107659,800,0,CVR018_001,1285439
107660,804,0,CVR018_001,1286243
107661,796,0,CVR018_001,1287039
107662,796,0,CVR018_001,1287835
107663,796,0,CVR018_001,1288631
107664,788,0,CVR018_001,1289419
107665,808,0,CVR018_001,1290227
107666,796,0,CVR018_001,1291023
107667,804,0,CVR018_001,1291827
107668,800,0,CVR018_001,1292627
107669,796,0,CVR018_001,1293423
107670,784,0,CVR018_001,1294207
107671,784,0,CVR018_001,1294991
107672,792,0,CVR018_001,1295783
107673,792,0,CVR018_001,1296575
107674,800,0,CVR018_001,1297375
107675,808,0,CVR018_001,1298183
107676,816,0,CVR018_001,1298999
107677,824,0,CVR018_001,1299823
107678,828,0,CVR018_001,1300651
107679,844,0,CVR018_001,1301495
107680,836,0,CVR018_001,1302331
107681,840,0,CVR018_001,1303171
107682,840,0,CVR018_001,1304011
107683,828,0,CVR018_001,1304839
107684,824,0,CVR018_001,1305663
107685,812,0,CVR018_001,1306475
107686,812,0,CVR018_001,1307287
107687,812,0,CVR018_001,1308099
107688,804,0,CVR018_001,1308903
107689,808,0,CVR018_001,1309711
107690,804,0,CVR018_001,1310515
107691,800,0,CVR018_001,1311315
107692,796,0,CVR018_001,1312111
107693,800,0,CVR018_001,1312911
107694,796,0,CVR018_001,1313707
107695,796,0,CVR018_001,1314503
107696,804,0,CVR018_001,1315307
107697,800,0,CVR018_001,1316107
107698,788,0,CVR018_001,1316895
107699,800,0,CVR018_001,1317695
107700,796,0,CVR018_001,1318491
107701,800,0,CVR018_001,1319291
107702,800,0,CVR018_001,1320091
107703,804,0,CVR018_001,1320895
107704,800,0,CVR018_001,1321695
107705,796,0,CVR018_001,1322491
107706,796,0,CVR018_001,1323287
107707,792,0,CVR018_001,1324079
107708,796,0,CVR018_001,1324875
107709,784,0,CVR018_001,1325659
107710,788,0,CVR018_001,1326447
107711,800,0,CVR018_001,1327247
107712,796,0,CVR018_001,1328043
107713,780,0,CVR018_001,1328823
107714,788,0,CVR018_001,1329611
107715,784,0,CVR018_001,1330395
107716,772,0,CVR018_001,1331167
107717,768,0,CVR018_001,1331935
107718,768,0,CVR018_001,1332703
107719,768,0,CVR018_001,1333471
107720,764,0,CVR018_001,1334235
107721,772,0,CVR018_001,1335007
107722,768,0,CVR018_001,1335775
107723,756,0,CVR018_001,1336531
107724,760,0,CVR018_001,1337291
107725,776,0,CVR018_001,1338067
107726,772,0,CVR018_001,1338839
107727,776,0,CVR018_001,1339615
107728,776,0,CVR018_001,1340391
107729,784,0,CVR018_001,1341175
107730,776,0,CVR018_001,1341951
107731,788,0,CVR018_001,1342739
107732,788,0,CVR018_001,1343527
107733,792,0,CVR018_001,1344319
107734,796,0,CVR018_001,1345115
107735,800,0,CVR018_001,1345915
107736,796,0,CVR018_001,1346711
107737,796,0,CVR018_001,1347507
107738,796,0,CVR018_001,1348303
107739,804,0,CVR018_001,1349107
107740,808,0,CVR018_001,1349915
107741,812,0,CVR018_001,1350727
107742,812,0,CVR018_001,1351539
107743,812,0,CVR018_001,1352351
107744,816,0,CVR018_001,1353167
107745,800,0,CVR018_001,1353967
107746,800,0,CVR018_001,1354767
107747,804,0,CVR018_001,1355571
107748,820,0,CVR018_001,1356391
107749,820,0,CVR018_001,1357211
107750,824,0,CVR018_001,1358035
107751,832,0,CVR018_001,1358867
107752,832,0,CVR018_001,1359699
107753,840,0,CVR018_001,1360539
107754,840,0,CVR018_001,1361379
107755,836,0,CVR018_001,1362215
107756,832,0,CVR018_001,1363047
107757,832,0,CVR018_001,1363879
107758,828,0,CVR018_001,1364707
107759,824,0,CVR018_001,1365531
107760,820,0,CVR018_001,1366351
107761,812,0,CVR018_001,1367163
107762,828,0,CVR018_001,1367991
107763,824,0,CVR018_001,1368815
107764,820,0,CVR018_001,1369635
107765,812,0,CVR018_001,1370447
107766,820,0,CVR018_001,1371267
107767,812,0,CVR018_001,1372079
107768,824,0,CVR018_001,1372903
107769,828,0,CVR018_001,1373731
107770,816,0,CVR018_001,1374547
107771,812,0,CVR018_001,1375359
107772,812,0,CVR018_001,1376171
107773,812,0,CVR018_001,1376983
107774,804,0,CVR018_001,1377787
107775,800,0,CVR018_001,1378587
107776,804,0,CVR018_001,1379391
107777,796,0,CVR018_001,1380187
107778,812,0,CVR018_001,1380999
107779,816,0,CVR018_001,1381815
107780,820,0,CVR018_001,1382635
107781,820,0,CVR018_001,1383455
107782,820,0,CVR018_001,1384275
107783,828,0,CVR018_001,1385103
107784,828,0,CVR018_001,1385931
107785,836,0,CVR018_001,1386767
107786,840,0,CVR018_001,1387607
107787,832,0,CVR018_001,1388439
107788,852,0,CVR018_001,1389291
107789,860,0,CVR018_001,1390151
107790,840,0,CVR018_001,1390991
107791,844,0,CVR018_001,1391835
107792,844,0,CVR018_001,1392679
107793,836,0,CVR018_001,1393515
107794,828,0,CVR018_001,1394343
107795,824,0,CVR018_001,1395167
107796,816,0,CVR018_001,1395983
107797,808,0,CVR018_001,1396791
107798,816,0,CVR018_001,1397607
107799,816,0,CVR018_001,1398423
107800,812,0,CVR018_001,1399235
107801,808,0,CVR018_001,1400043
107802,800,0,CVR018_001,1400843
107803,800,0,CVR018_001,1401643
107804,812,0,CVR018_001,1402455
107805,828,0,CVR018_001,1403283
107806,832,0,CVR018_001,1404115
107807,852,0,CVR018_001,1404967
107808,868,0,CVR018_001,1405835
107809,864,0,CVR018_001,1406699
107810,860,0,CVR018_001,1407559
107811,852,0,CVR018_001,1408411
107812,852,0,CVR018_001,1409263
107813,836,0,CVR018_001,1410099
107814,836,0,CVR018_001,1410935
107815,824,0,CVR018_001,1411759
107816,816,0,CVR018_001,1412575
107817,808,0,CVR018_001,1413383
107818,812,0,CVR018_001,1414195
107819,808,0,CVR018_001,1415003
107820,800,0,CVR018_001,1415803
107821,812,0,CVR018_001,1416615
107822,804,0,CVR018_001,1417419
107823,792,0,CVR018_001,1418211
107824,792,0,CVR018_001,1419003
107825,800,0,CVR018_001,1419803
107826,824,0,CVR018_001,1420627
107827,836,0,CVR018_001,1421463
107828,840,0,CVR018_001,1422303
107829,832,0,CVR018_001,1423135
107830,852,0,CVR018_001,1423987
107831,848,0,CVR018_001,1424835
107832,840,0,CVR018_001,1425675
107833,836,0,CVR018_001,1426511
107834,832,0,CVR018_001,1427343
107835,824,0,CVR018_001,1428167
107836,820,0,CVR018_001,1428987
107837,812,0,CVR018_001,1429799
107838,796,0,CVR018_001,1430595
107839,800,0,CVR018_001,1431395
107840,804,0,CVR018_001,1432199
107841,800,0,CVR018_001,1432999
107842,800,0,CVR018_001,1433799
107843,808,0,CVR018_001,1434607
107844,812,0,CVR018_001,1435419
107845,820,0,CVR018_001,1436239
107846,812,0,CVR018_001,1437051
107847,820,0,CVR018_001,1437871
107848,820,0,CVR018_001,1438691
107849,824,0,CVR018_001,1439515
107850,820,0,CVR018_001,1440335
107851,832,0,CVR018_001,1441167
107852,832,0,CVR018_001,1441999
107853,824,0,CVR018_001,1442823
107854,812,0,CVR018_001,1443635
107855,816,0,CVR018_001,1444451
107856,816,0,CVR018_001,1445267
107857,824,0,CVR018_001,1446091
107858,832,0,CVR018_001,1446923
107859,832,0,CVR018_001,1447755
107860,840,0,CVR018_001,1448595
107861,864,0,CVR018_001,1449459
107862,856,0,CVR018_001,1450315
107863,868,0,CVR018_001,1451183
107864,852,0,CVR018_001,1452035
107865,848,0,CVR018_001,1452883
107866,848,0,CVR018_001,1453731
107867,824,0,CVR018_001,1454555
107868,824,0,CVR018_001,1455379
107869,816,0,CVR018_001,1456195
107870,808,0,CVR018_001,1457003
107871,816,0,CVR018_001,1457819
107872,820,0,CVR018_001,1458639
107873,824,0,CVR018_001,1459463
107874,880,1,CVR018_001,1460343
107875,808,0,CVR018_001,1461151
107876,856,0,CVR018_001,1462007
107877,868,0,CVR018_001,1462875
107878,876,0,CVR018_001,1463751
107879,872,0,CVR018_001,1464623
107880,880,0,CVR018_001,1465503
107881,864,0,CVR018_001,1466367
107882,864,0,CVR018_001,1467231
107883,848,0,CVR018_001,1468079
107884,836,0,CVR018_001,1468915
107885,820,0,CVR018_001,1469735
107886,820,0,CVR018_001,1470555
107887,816,0,CVR018_001,1471371
107888,812,0,CVR018_001,1472183
107889,824,0,CVR018_001,1473007
107890,820,0,CVR018_001,1473827
107891,812,0,CVR018_001,1474639
107892,820,0,CVR018_001,1475459
107893,820,0,CVR018_001,1476279
107894,824,0,CVR018_001,1477103
107895,824,0,CVR018_001,1477927
107896,828,0,CVR018_001,1478755
107897,848,0,CVR018_001,1479603
107898,852,0,CVR018_001,1480455
107899,840,0,CVR018_001,1481295
107900,836,0,CVR018_001,1482131
107901,824,0,CVR018_001,1482955
107902,824,0,CVR018_001,1483779
107903,812,0,CVR018_001,1484591
107904,820,0,CVR018_001,1485411
107905,816,0,CVR018_001,1486227
107906,812,0,CVR018_001,1487039
107907,816,0,CVR018_001,1487855
107908,812,0,CVR018_001,1488667
107909,812,0,CVR018_001,1489479
107910,812,0,CVR018_001,1490291
107911,824,0,CVR018_001,1491115
107912,820,0,CVR018_001,1491935
107913,812,0,CVR018_001,1492747
107914,808,0,CVR018_001,1493555
107915,812,0,CVR018_001,1494367
107916,804,0,CVR018_001,1495171
107917,796,0,CVR018_001,1495967
107918,804,0,CVR018_001,1496771
107919,816,0,CVR018_001,1497587
107920,812,0,CVR018_001,1498399
107921,816,0,CVR018_001,1499215
107922,808,0,CVR018_001,1500023
107923,808,0,CVR018_001,1500831
107924,804,0,CVR018_001,1501635
107925,804,0,CVR018_001,1502439
107926,816,0,CVR018_001,1503255
107927,816,0,CVR018_001,1504071
107928,816,0,CVR018_001,1504887
107929,820,0,CVR018_001,1505707
107930,820,0,CVR018_001,1506527
107931,824,0,CVR018_001,1507351
107932,812,0,CVR018_001,1508163
107933,812,0,CVR018_001,1508975
107934,804,0,CVR018_001,1509779
107935,816,0,CVR018_001,1510595
107936,812,0,CVR018_001,1511407
107937,812,0,CVR018_001,1512219
107938,812,0,CVR018_001,1513031
107939,812,0,CVR018_001,1513843
107940,800,0,CVR018_001,1514643
107941,808,0,CVR018_001,1515451
107942,804,0,CVR018_001,1516255
107943,800,0,CVR018_001,1517055
107944,804,0,CVR018_001,1517859
107945,800,0,CVR018_001,1518659
107946,800,0,CVR018_001,1519459
107947,800,0,CVR018_001,1520259
107948,808,0,CVR018_001,1521067
107949,804,0,CVR018_001,1521871
107950,804,0,CVR018_001,1522675
107951,800,0,CVR018_001,1523475
107952,800,0,CVR018_001,1524275
107953,804,0,CVR018_001,1525079
107954,800,0,CVR018_001,1525879
107955,812,0,CVR018_001,1526691
107956,812,0,CVR018_001,1527503
107957,808,0,CVR018_001,1528311
107958,824,0,CVR018_001,1529135
107959,828,0,CVR018_001,1529963
107960,824,0,CVR018_001,1530787
107961,824,0,CVR018_001,1531611
107962,816,0,CVR018_001,1532427
107963,816,0,CVR018_001,1533243
107964,808,0,CVR018_001,1534051
107965,800,0,CVR018_001,1534851
107966,800,0,CVR018_001,1535651
107967,800,0,CVR018_001,1536451
107968,800,0,CVR018_001,1537251
107969,796,0,CVR018_001,1538047
107970,804,0,CVR018_001,1538851
107971,800,0,CVR018_001,1539651
107972,812,0,CVR018_001,1540463
107973,816,0,CVR018_001,1541279
107974,824,0,CVR018_001,1542103
107975,836,0,CVR018_001,1542939
107976,840,0,CVR018_001,1543779
107977,828,0,CVR018_001,1544607
107978,828,0,CVR018_001,1545435
107979,828,0,CVR018_001,1546263
107980,828,0,CVR018_001,1547091
107981,828,0,CVR018_001,1547919
107982,832,0,CVR018_001,1548751
107983,824,0,CVR018_001,1549575
107984,828,0,CVR018_001,1550403
107985,824,0,CVR018_001,1551227
107986,816,0,CVR018_001,1552043
107987,812,0,CVR018_001,1552855
107988,816,0,CVR018_001,1553671
107989,804,0,CVR018_001,1554475
107990,808,0,CVR018_001,1555283
107991,808,0,CVR018_001,1556091
107992,800,0,CVR018_001,1556891
107993,792,0,CVR018_001,1557683
107994,800,0,CVR018_001,1558483
107995,788,0,CVR018_001,1559271
107996,800,0,CVR018_001,1560071
107997,792,0,CVR018_001,1560863
107998,792,0,CVR018_001,1561655
107999,808,0,CVR018_001,1562463
108000,820,0,CVR018_001,1563283
108001,832,0,CVR018_001,1564115
108002,832,0,CVR018_001,1564947
108003,836,0,CVR018_001,1565783
108004,840,0,CVR018_001,1566623
108005,828,0,CVR018_001,1567451
108006,820,0,CVR018_001,1568271
108007,820,0,CVR018_001,1569091
108008,804,0,CVR018_001,1569895
108009,804,0,CVR018_001,1570699
108010,796,0,CVR018_001,1571495
108011,792,0,CVR018_001,1572287
108012,784,0,CVR018_001,1573071
108013,776,0,CVR018_001,1573847
108014,776,0,CVR018_001,1574623
108015,772,0,CVR018_001,1575395
108016,760,0,CVR018_001,1576155
108017,756,0,CVR018_001,1576911
108018,760,0,CVR018_001,1577671
108019,760,0,CVR018_001,1578431
108020,764,0,CVR018_001,1579195
108021,776,0,CVR018_001,1579971
108022,788,0,CVR018_001,1580759
108023,792,0,CVR018_001,1581551
108024,796,0,CVR018_001,1582347
108025,796,0,CVR018_001,1583143
108026,792,0,CVR018_001,1583935
108027,796,0,CVR018_001,1584731
108028,788,0,CVR018_001,1585519
108029,788,0,CVR018_001,1586307
108030,784,0,CVR018_001,1587091
108031,772,0,CVR018_001,1587863
108032,768,0,CVR018_001,1588631
108033,768,0,CVR018_001,1589399
108034,772,0,CVR018_001,1590171
108035,760,0,CVR018_001,1590931
108036,752,0,CVR018_001,1591683
108037,744,0,CVR018_001,1592427
108038,748,0,CVR018_001,1593175
108039,752,0,CVR018_001,1593927
108040,748,0,CVR018_001,1594675
108041,748,0,CVR018_001,1595423
108042,756,0,CVR018_001,1596179
108043,756,0,CVR018_001,1596935
108044,764,0,CVR018_001,1597699
108045,768,0,CVR018_001,1598467
108046,780,0,CVR018_001,1599247
108047,792,0,CVR018_001,1600039
108048,800,0,CVR018_001,1600839
108049,812,0,CVR018_001,1601651
108050,820,0,CVR018_001,1602471
108051,828,0,CVR018_001,1603299
108052,820,0,CVR018_001,1604119
108053,808,0,CVR018_001,1604927
108054,800,0,CVR018_001,1605727
108055,788,0,CVR018_001,1606515
108056,792,0,CVR018_001,1607307
108057,776,0,CVR018_001,1608083
108058,772,0,CVR018_001,1608855
108059,760,0,CVR018_001,1609615
108060,760,0,CVR018_001,1610375
108061,756,0,CVR018_001,1611131
108062,764,0,CVR018_001,1611895
108063,764,0,CVR018_001,1612659
108064,764,0,CVR018_001,1613423
108065,760,0,CVR018_001,1614183
108066,748,0,CVR018_001,1614931
108067,752,0,CVR018_001,1615683
108068,752,0,CVR018_001,1616435
108069,740,0,CVR018_001,1617175
108070,744,0,CVR018_001,1617919
108071,744,0,CVR018_001,1618663
108072,724,0,CVR018_001,1619387
108073,724,0,CVR018_001,1620111
108074,728,0,CVR018_001,1620839
108075,720,0,CVR018_001,1621559
108076,720,0,CVR018_001,1622279
108077,724,0,CVR018_001,1623003
108078,728,0,CVR018_001,1623731
108079,732,0,CVR018_001,1624463
108080,732,0,CVR018_001,1625195
108081,744,0,CVR018_001,1625939
108082,764,0,CVR018_001,1626703
108083,788,0,CVR018_001,1627491
108084,796,0,CVR018_001,1628287
108085,800,0,CVR018_001,1629087
108086,808,0,CVR018_001,1629895
108087,820,0,CVR018_001,1630715
108088,820,0,CVR018_001,1631535
108089,832,0,CVR018_001,1632367
108090,832,0,CVR018_001,1633199
108091,832,0,CVR018_001,1634031
108092,844,0,CVR018_001,1634875
108093,828,0,CVR018_001,1635703
108094,824,0,CVR018_001,1636527
108095,800,0,CVR018_001,1637327
108096,788,0,CVR018_001,1638115
108097,796,0,CVR018_001,1638911
108098,788,0,CVR018_001,1639699
108099,792,0,CVR018_001,1640491
108100,800,0,CVR018_001,1641291
108101,796,0,CVR018_001,1642087
108102,800,0,CVR018_001,1642887
108103,804,0,CVR018_001,1643691
108104,800,0,CVR018_001,1644491
108105,804,0,CVR018_001,1645295
108106,824,0,CVR018_001,1646119
108107,836,0,CVR018_001,1646955
108108,844,0,CVR018_001,1647799
108109,836,0,CVR018_001,1648635
108110,840,0,CVR018_001,1649475
108111,852,0,CVR018_001,1650327
108112,840,0,CVR018_001,1651167
108113,840,0,CVR018_001,1652007
108114,836,0,CVR018_001,1652843
108115,840,0,CVR018_001,1653683
108116,840,0,CVR018_001,1654523
108117,824,0,CVR018_001,1655347
108118,820,0,CVR018_001,1656167
108119,800,0,CVR018_001,1656967
108120,796,0,CVR018_001,1657763
108121,800,0,CVR018_001,1658563
108122,796,0,CVR018_001,1659359
108123,788,0,CVR018_001,1660147
108124,784,0,CVR018_001,1660931
108125,792,0,CVR018_001,1661723
108126,804,0,CVR018_001,1662527
108127,792,0,CVR018_001,1663319
108128,808,0,CVR018_001,1664127
108129,800,0,CVR018_001,1664927
108130,800,0,CVR018_001,1665727
108131,776,0,CVR018_001,1666503
108132,796,0,CVR018_001,1667299
108133,788,0,CVR018_001,1668087
108134,772,0,CVR018_001,1668859
108135,784,0,CVR018_001,1669643
108136,776,0,CVR018_001,1670419
108137,788,0,CVR018_001,1671207
108138,784,0,CVR018_001,1671991
108139,784,0,CVR018_001,1672775
108140,780,0,CVR018_001,1673555
108141,776,0,CVR018_001,1674331
108142,784,0,CVR018_001,1675115
108143,776,0,CVR018_001,1675891
108144,784,0,CVR018_001,1676675
108145,772,0,CVR018_001,1677447
108146,768,0,CVR018_001,1678215
108147,756,0,CVR018_001,1678971
108148,764,0,CVR018_001,1679735
108149,764,0,CVR018_001,1680499
108150,764,0,CVR018_001,1681263
108151,756,0,CVR018_001,1682019
108152,764,0,CVR018_001,1682783
108153,784,0,CVR018_001,1683567
108154,796,0,CVR018_001,1684363
108155,788,0,CVR018_001,1685151
108156,788,0,CVR018_001,1685939
108157,792,0,CVR018_001,1686731
108158,792,0,CVR018_001,1687523
108159,792,0,CVR018_001,1688315
108160,788,0,CVR018_001,1689103
108161,780,0,CVR018_001,1689883
108162,780,0,CVR018_001,1690663
108163,780,0,CVR018_001,1691443
108164,776,0,CVR018_001,1692219
108165,764,0,CVR018_001,1692983
108166,772,0,CVR018_001,1693755
108167,768,0,CVR018_001,1694523
108168,768,0,CVR018_001,1695291
108169,768,0,CVR018_001,1696059
108170,780,0,CVR018_001,1696839
108171,768,0,CVR018_001,1697607
108172,760,0,CVR018_001,1698367
108173,768,0,CVR018_001,1699135
108174,772,0,CVR018_001,1699907
108175,772,0,CVR018_001,1700679
108176,772,0,CVR018_001,1701451
108177,792,0,CVR018_001,1702243
108178,792,0,CVR018_001,1703035
108179,796,0,CVR018_001,1703831
108180,800,0,CVR018_001,1704631
108181,808,0,CVR018_001,1705439
108182,808,0,CVR018_001,1706247
108183,812,0,CVR018_001,1707059
108184,816,0,CVR018_001,1707875
108185,808,0,CVR018_001,1708683
108186,812,0,CVR018_001,1709495
108187,816,0,CVR018_001,1710311
108188,804,0,CVR018_001,1711115
108189,796,0,CVR018_001,1711911
108190,792,0,CVR018_001,1712703
108191,788,0,CVR018_001,1713491
108192,772,0,CVR018_001,1714263
108193,768,0,CVR018_001,1715031
108194,768,0,CVR018_001,1715799
108195,772,0,CVR018_001,1716571
108196,776,0,CVR018_001,1717347
108197,784,0,CVR018_001,1718131
108198,796,0,CVR018_001,1718927
108199,820,0,CVR018_001,1719747
108200,824,0,CVR018_001,1720571
108201,828,0,CVR018_001,1721399
108202,832,0,CVR018_001,1722231
108203,840,0,CVR018_001,1723071
108204,860,0,CVR018_001,1723931
108205,848,0,CVR018_001,1724779
108206,844,0,CVR018_001,1725623
108207,840,0,CVR018_001,1726463
108208,824,0,CVR018_001,1727287
108209,820,0,CVR018_001,1728107
108210,808,0,CVR018_001,1728915
108211,788,0,CVR018_001,1729703
108212,780,0,CVR018_001,1730483
108213,764,0,CVR018_001,1731247
108214,764,0,CVR018_001,1732011
108215,748,0,CVR018_001,1732759
108216,740,0,CVR018_001,1733499
108217,752,0,CVR018_001,1734251
108218,756,0,CVR018_001,1735007
108219,768,0,CVR018_001,1735775
108220,792,0,CVR018_001,1736567
108221,808,0,CVR018_001,1737375
108222,800,0,CVR018_001,1738175
108223,844,0,CVR018_001,1739019
108224,836,0,CVR018_001,1739855
108225,844,0,CVR018_001,1740699
108226,864,0,CVR018_001,1741563
108227,1708,0,CVR018_001,1743271
108228,832,0,CVR018_001,1744103
108229,832,0,CVR018_001,1744935
108230,836,0,CVR018_001,1745771
108231,832,0,CVR018_001,1746603
108232,848,0,CVR018_001,1747451
108233,852,0,CVR018_001,1748303
108234,856,0,CVR018_001,1749159
108235,852,0,CVR018_001,1750011
108236,848,0,CVR018_001,1750859
108237,848,0,CVR018_001,1751707
108238,828,0,CVR018_001,1752535
108239,820,0,CVR018_001,1753355
108240,820,0,CVR018_001,1754175
108241,816,0,CVR018_001,1754991
108242,816,0,CVR018_001,1755807
108243,824,0,CVR018_001,1756631
108244,832,0,CVR018_001,1757463
108245,832,0,CVR018_001,1758295
108246,840,0,CVR018_001,1759135
108247,848,0,CVR018_001,1759983
108248,860,0,CVR018_001,1760843
108249,884,0,CVR018_001,1761727
108250,892,0,CVR018_001,1762619
108251,872,0,CVR018_001,1763491
108252,892,0,CVR018_001,1764383
108253,876,0,CVR018_001,1765259
108254,860,0,CVR018_001,1766119
108255,876,0,CVR018_001,1766995
108256,856,0,CVR018_001,1767851
108257,840,0,CVR018_001,1768691
108258,832,0,CVR018_001,1769523
108259,828,0,CVR018_001,1770351
108260,808,0,CVR018_001,1771159
108261,804,0,CVR018_001,1771963
108262,792,0,CVR018_001,1772755
108263,780,0,CVR018_001,1773535
108264,780,0,CVR018_001,1774315
108265,784,0,CVR018_001,1775099
108266,792,0,CVR018_001,1775891
108267,788,0,CVR018_001,1776679
108268,792,0,CVR018_001,1777471
108269,804,0,CVR018_001,1778275
108270,812,0,CVR018_001,1779087
108271,820,0,CVR018_001,1779907
108272,820,0,CVR018_001,1780727
108273,820,0,CVR018_001,1781547
108274,820,0,CVR018_001,1782367
108275,816,0,CVR018_001,1783183
108276,804,0,CVR018_001,1783987
108277,800,0,CVR018_001,1784787
108278,796,0,CVR018_001,1785583
108279,796,0,CVR018_001,1786379
108280,784,0,CVR018_001,1787163
108281,792,0,CVR018_001,1787955
108282,796,0,CVR018_001,1788751
108283,792,0,CVR018_001,1789543
108284,796,0,CVR018_001,1790339
108285,808,0,CVR018_001,1791147
108286,808,0,CVR018_001,1791955
108287,796,0,CVR018_001,1792751
108288,800,0,CVR018_001,1793551
108289,800,0,CVR018_001,1794351
108290,820,0,CVR018_001,1795171
108291,808,0,CVR018_001,1795979
108292,796,0,CVR018_001,1796775
108293,792,0,CVR018_001,1797567
108294,784,0,CVR018_001,1798351
108295,784,0,CVR018_001,1799135
108296,776,0,CVR018_001,1799911
108297,772,0,CVR018_001,1800683
108298,776,0,CVR018_001,1801459
108299,780,0,CVR018_001,1802239
108300,796,0,CVR018_001,1803035
108301,812,0,CVR018_001,1803847
108302,828,0,CVR018_001,1804675
108303,820,0,CVR018_001,1805495
108304,836,0,CVR018_001,1806331
108305,812,0,CVR018_001,1807143
108306,812,0,CVR018_001,1807955
108307,804,0,CVR018_001,1808759
108308,808,0,CVR018_001,1809567
108309,792,0,CVR018_001,1810359
108310,804,0,CVR018_001,1811163
108311,804,0,CVR018_001,1811967
108312,776,0,CVR018_001,1812743
108313,784,0,CVR018_001,1813527
108314,760,0,CVR018_001,1814287
108315,1508,0,CVR018_001,1815795
108316,1452,0,CVR018_001,1817247
108317,720,0,CVR018_001,1817967
108318,708,0,CVR018_001,1818675
108319,716,0,CVR018_001,1819391
108320,716,0,CVR018_001,1820107
108321,708,0,CVR018_001,1820815
108322,696,0,CVR018_001,1821511
108323,688,0,CVR018_001,1822199
108324,696,0,CVR018_001,1822895
108325,684,0,CVR018_001,1823579
108326,680,0,CVR018_001,1824259
108327,680,0,CVR018_001,1824939
108328,680,0,CVR018_001,1825619
108329,680,0,CVR018_001,1826299
108330,684,0,CVR018_001,1826983
108331,688,0,CVR018_001,1827671
108332,692,0,CVR018_001,1828363
108333,692,0,CVR018_001,1829055
108334,700,0,CVR018_001,1829755
108335,720,0,CVR018_001,1830475
108336,720,0,CVR018_001,1831195
108337,728,0,CVR018_001,1831923
108338,716,0,CVR018_001,1832639
108339,716,0,CVR018_001,1833355
108340,724,0,CVR018_001,1834079
108341,720,0,CVR018_001,1834799
108342,728,0,CVR018_001,1835527
108343,720,0,CVR018_001,1836247
108344,716,0,CVR018_001,1836963
108345,712,0,CVR018_001,1837675
108346,712,0,CVR018_001,1838387
108347,712,0,CVR018_001,1839099
108348,712,0,CVR018_001,1839811
108349,708,0,CVR018_001,1840519
108350,716,0,CVR018_001,1841235
108351,720,0,CVR018_001,1841955
108352,724,0,CVR018_001,1842679
108353,728,0,CVR018_001,1843407
108354,736,0,CVR018_001,1844143
108355,732,0,CVR018_001,1844875
108356,736,0,CVR018_001,1845611
108357,744,0,CVR018_001,1846355
108358,740,0,CVR018_001,1847095
108359,744,0,CVR018_001,1847839
108360,740,0,CVR018_001,1848579
108361,736,0,CVR018_001,1849315
108362,732,0,CVR018_001,1850047
108363,728,0,CVR018_001,1850775
108364,780,1,CVR018_001,1851555
108365,676,0,CVR018_001,1852231
108366,724,0,CVR018_001,1852955
108367,712,0,CVR018_001,1853667
108368,712,0,CVR018_001,1854379
108369,708,0,CVR018_001,1855087
108370,704,0,CVR018_001,1855791
108371,1416,0,CVR018_001,1857207
108372,716,0,CVR018_001,1857923
108373,720,0,CVR018_001,1858643
108374,716,0,CVR018_001,1859359
108375,716,0,CVR018_001,1860075
108376,712,0,CVR018_001,1860787
108377,1404,0,CVR018_001,1862191
108378,696,0,CVR018_001,1862887
108379,696,0,CVR018_001,1863583
108380,692,0,CVR018_001,1864275
108381,700,0,CVR018_001,1864975
108382,708,0,CVR018_001,1865683
108383,704,0,CVR018_001,1866387
108384,720,0,CVR018_001,1867107
108385,720,0,CVR018_001,1867827
108386,728,0,CVR018_001,1868555
108387,728,0,CVR018_001,1869283
108388,720,0,CVR018_001,1870003
108389,728,0,CVR018_001,1870731
108390,724,0,CVR018_001,1871455
108391,720,0,CVR018_001,1872175
108392,716,0,CVR018_001,1872891
108393,724,0,CVR018_001,1873615
108394,720,0,CVR018_001,1874335
108395,720,0,CVR018_001,1875055
108396,732,0,CVR018_001,1875787
108397,1456,0,CVR018_001,1877243
108398,740,0,CVR018_001,1877983
108399,740,0,CVR018_001,1878723
108400,752,0,CVR018_001,1879475
108401,768,0,CVR018_001,1880243
108402,768,0,CVR018_001,1881011
108403,768,0,CVR018_001,1881779
108404,768,0,CVR018_001,1882547
108405,764,0,CVR018_001,1883311
108406,772,0,CVR018_001,1884083
108407,760,0,CVR018_001,1884843
108408,756,0,CVR018_001,1885599
108409,756,0,CVR018_001,1886355
108410,748,0,CVR018_001,1887103
108411,748,0,CVR018_001,1887851
108412,744,0,CVR018_001,1888595
108413,748,0,CVR018_001,1889343
108414,756,0,CVR018_001,1890099
108415,748,0,CVR018_001,1890847
108416,752,0,CVR018_001,1891599
108417,752,0,CVR018_001,1892351
108418,744,0,CVR018_001,1893095
108419,744,0,CVR018_001,1893839
108420,732,0,CVR018_001,1894571
108421,740,0,CVR018_001,1895311
108422,732,0,CVR018_001,1896043
108423,736,0,CVR018_001,1896779
108424,732,0,CVR018_001,1897511
108425,744,0,CVR018_001,1898255
108426,732,0,CVR018_001,1898987
108427,732,0,CVR018_001,1899719
108428,736,0,CVR018_001,1900455
108429,752,0,CVR018_001,1901207
108430,760,0,CVR018_001,1901967
108431,764,0,CVR018_001,1902731
108432,772,0,CVR018_001,1903503
108433,780,0,CVR018_001,1904283
108434,768,0,CVR018_001,1905051
108435,764,0,CVR018_001,1905815
108436,764,0,CVR018_001,1906579
108437,748,0,CVR018_001,1907327
108438,744,0,CVR018_001,1908071
108439,736,0,CVR018_001,1908807
108440,732,0,CVR018_001,1909539
108441,732,0,CVR018_001,1910271
108442,732,0,CVR018_001,1911003
108443,732,0,CVR018_001,1911735
108444,740,0,CVR018_001,1912475
108445,732,0,CVR018_001,1913207
108446,736,0,CVR018_001,1913943
108447,740,0,CVR018_001,1914683
108448,736,0,CVR018_001,1915419
108449,736,0,CVR018_001,1916155
108450,748,0,CVR018_001,1916903
108451,748,0,CVR018_001,1917651
108452,752,0,CVR018_001,1918403
108453,760,0,CVR018_001,1919163
108454,916,0,ONMK002_002,916
108455,964,0,ONMK002_002,1880
108456,988,0,ONMK002_002,2868
108457,948,0,ONMK002_002,3816
108458,980,0,ONMK002_002,4796
108459,1012,0,ONMK002_002,5808
108460,1960,0,ONMK002_002,7768
108461,1012,0,ONMK002_002,8780
108462,952,0,ONMK002_002,9732
108463,968,0,ONMK002_002,10700
108464,1008,0,ONMK002_002,11708
108465,960,0,ONMK002_002,12668
108466,964,0,ONMK002_002,13632
108467,1020,0,ONMK002_002,14652
108468,1920,0,ONMK002_002,16572
108469,1008,0,ONMK002_002,17580
108470,1008,0,ONMK002_002,18588
108471,948,0,ONMK002_002,19536
108472,1020,0,ONMK002_002,20556
108473,1004,0,ONMK002_002,21560
108474,972,0,ONMK002_002,22532
108475,1020,0,ONMK002_002,23552
108476,976,0,ONMK002_002,24528
108477,980,0,ONMK002_002,25508
108478,1020,0,ONMK002_002,26528
108479,956,0,ONMK002_002,27484
108480,972,0,ONMK002_002,28456
108481,1008,0,ONMK002_002,29464
108482,968,0,ONMK002_002,30432
108483,960,0,ONMK002_002,31392
108484,984,0,ONMK002_002,32376
108485,988,0,ONMK002_002,33364
108486,980,0,ONMK002_002,34344
108487,976,0,ONMK002_002,35320
108488,960,0,ONMK002_002,36280
108489,460,0,ONMK002_002,36740
108490,524,0,ONMK002_002,37264
108491,376,0,ONMK002_002,37640
108492,584,0,ONMK002_002,38224
108493,956,0,ONMK002_002,39180
108494,1008,0,ONMK002_002,40188
108495,340,0,ONMK002_002,40528
108496,196,0,ONMK002_002,40724
108497,384,0,ONMK002_002,41108
108498,940,0,ONMK002_002,42048
108499,940,0,ONMK002_002,42988
108500,384,0,ONMK002_002,43372
108501,1540,0,ONMK002_002,44912
108502,940,0,ONMK002_002,45852
108503,964,0,ONMK002_002,46816
108504,1020,1,ONMK002_002,47836
108505,880,0,ONMK002_002,48716
108506,944,0,ONMK002_002,49660
108507,952,0,ONMK002_002,50612
108508,964,0,ONMK002_002,51576
108509,924,0,ONMK002_002,52500
108510,964,0,ONMK002_002,53464
108511,976,0,ONMK002_002,54440
108512,944,0,ONMK002_002,55384
108513,976,0,ONMK002_002,56360
108514,960,0,ONMK002_002,57320
108515,960,0,ONMK002_002,58280
108516,964,0,ONMK002_002,59244
108517,964,0,ONMK002_002,60208
108518,984,0,ONMK002_002,61192
108519,960,0,ONMK002_002,62152
108520,984,0,ONMK002_002,63136
108521,960,0,ONMK002_002,64096
108522,980,0,ONMK002_002,65076
108523,988,0,ONMK002_002,66064
108524,952,0,ONMK002_002,67016
108525,1000,0,ONMK002_002,68016
108526,964,0,ONMK002_002,68980
108527,980,0,ONMK002_002,69960
108528,972,0,ONMK002_002,70932
108529,980,0,ONMK002_002,71912
108530,1932,0,ONMK002_002,73844
108531,988,0,ONMK002_002,74832
108532,1912,0,ONMK002_002,76744
108533,984,0,ONMK002_002,77728
108534,956,0,ONMK002_002,78684
108535,944,0,ONMK002_002,79628
108536,976,0,ONMK002_002,80604
108537,960,0,ONMK002_002,81564
108538,964,0,ONMK002_002,82528
108539,972,0,ONMK002_002,83500
108540,952,0,ONMK002_002,84452
108541,984,0,ONMK002_002,85436
108542,960,0,ONMK002_002,86396
108543,960,0,ONMK002_002,87356
108544,980,0,ONMK002_002,88336
108545,956,0,ONMK002_002,89292
108546,988,0,ONMK002_002,90280
108547,960,0,ONMK002_002,91240
108548,960,0,ONMK002_002,92200
108549,980,0,ONMK002_002,93180
108550,944,0,ONMK002_002,94124
108551,980,0,ONMK002_002,95104
108552,1912,0,ONMK002_002,97016
108553,976,0,ONMK002_002,97992
108554,956,0,ONMK002_002,98948
108555,968,0,ONMK002_002,99916
108556,988,0,ONMK002_002,100904
108557,964,0,ONMK002_002,101868
108558,964,0,ONMK002_002,102832
108559,1940,0,ONMK002_002,104772
108560,976,0,ONMK002_002,105748
108561,968,0,ONMK002_002,106716
108562,936,0,ONMK002_002,107652
108563,964,0,ONMK002_002,108616
108564,1000,0,ONMK002_002,109616
108565,944,0,ONMK002_002,110560
108566,992,0,ONMK002_002,111552
108567,952,0,ONMK002_002,112504
108568,976,0,ONMK002_002,113480
108569,984,0,ONMK002_002,114464
108570,940,0,ONMK002_002,115404
108571,984,0,ONMK002_002,116388
108572,996,0,ONMK002_002,117384
108573,948,0,ONMK002_002,118332
108574,988,0,ONMK002_002,119320
108575,944,0,ONMK002_002,120264
108576,952,0,ONMK002_002,121216
108577,960,0,ONMK002_002,122176
108578,964,0,ONMK002_002,123140
108579,952,0,ONMK002_002,124092
108580,976,0,ONMK002_002,125068
108581,1004,0,ONMK002_002,126072
108582,944,0,ONMK002_002,127016
108583,1000,0,ONMK002_002,128016
108584,976,0,ONMK002_002,128992
108585,956,0,ONMK002_002,129948
108586,988,0,ONMK002_002,130936
108587,940,0,ONMK002_002,131876
108588,976,0,ONMK002_002,132852
108589,988,0,ONMK002_002,133840
108590,952,0,ONMK002_002,134792
108591,984,0,ONMK002_002,135776
108592,988,0,ONMK002_002,136764
108593,952,0,ONMK002_002,137716
108594,984,0,ONMK002_002,138700
108595,956,0,ONMK002_002,139656
108596,980,0,ONMK002_002,140636
108597,976,0,ONMK002_002,141612
108598,984,0,ONMK002_002,142596
108599,964,0,ONMK002_002,143560
108600,980,0,ONMK002_002,144540
108601,980,0,ONMK002_002,145520
108602,972,0,ONMK002_002,146492
108603,1000,0,ONMK002_002,147492
108604,968,0,ONMK002_002,148460
108605,996,0,ONMK002_002,149456
108606,960,0,ONMK002_002,150416
108607,968,0,ONMK002_002,151384
108608,992,0,ONMK002_002,152376
108609,984,0,ONMK002_002,153360
108610,956,0,ONMK002_002,154316
108611,988,0,ONMK002_002,155304
108612,488,0,ONMK002_002,155792
108613,1268,0,ONMK002_002,157060
108614,264,0,ONMK002_002,157324
108615,476,0,ONMK002_002,157800
108616,444,0,ONMK002_002,158244
108617,976,0,ONMK002_002,159220
108618,940,0,ONMK002_002,160160
108619,968,0,ONMK002_002,161128
108620,988,0,ONMK002_002,162116
108621,944,0,ONMK002_002,163060
108622,980,0,ONMK002_002,164040
108623,988,0,ONMK002_002,165028
108624,952,0,ONMK002_002,165980
108625,996,0,ONMK002_002,166976
108626,944,0,ONMK002_002,167920
108627,964,0,ONMK002_002,168884
108628,960,0,ONMK002_002,169844
108629,1936,0,ONMK002_002,171780
108630,976,0,ONMK002_002,172756
108631,984,0,ONMK002_002,173740
108632,1000,0,ONMK002_002,174740
108633,960,0,ONMK002_002,175700
108634,984,0,ONMK002_002,176684
108635,968,0,ONMK002_002,177652
108636,988,0,ONMK002_002,178640
108637,984,0,ONMK002_002,179624
108638,984,0,ONMK002_002,180608
108639,980,0,ONMK002_002,181588
108640,972,0,ONMK002_002,182560
108641,976,0,ONMK002_002,183536
108642,972,0,ONMK002_002,184508
108643,952,0,ONMK002_002,185460
108644,976,0,ONMK002_002,186436
108645,944,0,ONMK002_002,187380
108646,976,0,ONMK002_002,188356
108647,968,0,ONMK002_002,189324
108648,976,0,ONMK002_002,190300
108649,980,0,ONMK002_002,191280
108650,944,0,ONMK002_002,192224
108651,984,0,ONMK002_002,193208
108652,976,0,ONMK002_002,194184
108653,940,0,ONMK002_002,195124
108654,968,0,ONMK002_002,196092
108655,988,0,ONMK002_002,197080
108656,944,0,ONMK002_002,198024
108657,980,0,ONMK002_002,199004
108658,996,0,ONMK002_002,200000
108659,944,0,ONMK002_002,200944
108660,1004,0,ONMK002_002,201948
108661,976,0,ONMK002_002,202924
108662,964,0,ONMK002_002,203888
108663,996,0,ONMK002_002,204884
108664,1920,0,ONMK002_002,206804
108665,980,0,ONMK002_002,207784
108666,944,0,ONMK002_002,208728
108667,976,0,ONMK002_002,209704
108668,936,0,ONMK002_002,210640
108669,960,0,ONMK002_002,211600
108670,952,0,ONMK002_002,212552
108671,932,0,ONMK002_002,213484
108672,972,0,ONMK002_002,214456
108673,948,0,ONMK002_002,215404
108674,948,0,ONMK002_002,216352
108675,976,0,ONMK002_002,217328
108676,956,0,ONMK002_002,218284
108677,952,0,ONMK002_002,219236
108678,976,0,ONMK002_002,220212
108679,952,0,ONMK002_002,221164
108680,964,0,ONMK002_002,222128
108681,960,0,ONMK002_002,223088
108682,932,0,ONMK002_002,224020
108683,964,0,ONMK002_002,224984
108684,952,0,ONMK002_002,225936
108685,952,0,ONMK002_002,226888
108686,948,0,ONMK002_002,227836
108687,1008,1,ONMK002_002,228844
108688,860,0,ONMK002_002,229704
108689,960,0,ONMK002_002,230664
108690,960,0,ONMK002_002,231624
108691,924,0,ONMK002_002,232548
108692,992,0,ONMK002_002,233540
108693,1908,0,ONMK002_002,235448
108694,992,0,ONMK002_002,236440
108695,980,0,ONMK002_002,237420
108696,948,0,ONMK002_002,238368
108697,992,0,ONMK002_002,239360
108698,988,0,ONMK002_002,240348
108699,940,0,ONMK002_002,241288
108700,992,0,ONMK002_002,242280
108701,996,0,ONMK002_002,243276
108702,952,0,ONMK002_002,244228
108703,992,0,ONMK002_002,245220
108704,996,0,ONMK002_002,246216
108705,956,0,ONMK002_002,247172
108706,984,0,ONMK002_002,248156
108707,996,0,ONMK002_002,249152
108708,956,0,ONMK002_002,250108
108709,984,0,ONMK002_002,251092
108710,996,0,ONMK002_002,252088
108711,1944,0,ONMK002_002,254032
108712,976,0,ONMK002_002,255008
108713,968,0,ONMK002_002,255976
108714,988,0,ONMK002_002,256964
108715,960,0,ONMK002_002,257924
108716,944,0,ONMK002_002,258868
108717,1000,0,ONMK002_002,259868
108718,976,0,ONMK002_002,260844
108719,964,0,ONMK002_002,261808
108720,988,0,ONMK002_002,262796
108721,992,0,ONMK002_002,263788
108722,964,0,ONMK002_002,264752
108723,996,0,ONMK002_002,265748
108724,968,0,ONMK002_002,266716
108725,972,0,ONMK002_002,267688
108726,1000,0,ONMK002_002,268688
108727,968,0,ONMK002_002,269656
108728,980,0,ONMK002_002,270636
108729,1004,0,ONMK002_002,271640
108730,976,0,ONMK002_002,272616
108731,980,0,ONMK002_002,273596
108732,1000,0,ONMK002_002,274596
108733,980,0,ONMK002_002,275576
108734,964,0,ONMK002_002,276540
108735,1000,0,ONMK002_002,277540
108736,976,0,ONMK002_002,278516
108737,960,0,ONMK002_002,279476
108738,996,0,ONMK002_002,280472
108739,980,0,ONMK002_002,281452
108740,956,0,ONMK002_002,282408
108741,996,0,ONMK002_002,283404
108742,964,0,ONMK002_002,284368
108743,968,0,ONMK002_002,285336
108744,996,0,ONMK002_002,286332
108745,980,0,ONMK002_002,287312
108746,976,0,ONMK002_002,288288
108747,996,0,ONMK002_002,289284
108748,984,0,ONMK002_002,290268
108749,964,0,ONMK002_002,291232
108750,1000,0,ONMK002_002,292232
108751,1000,0,ONMK002_002,293232
108752,964,0,ONMK002_002,294196
108753,1000,0,ONMK002_002,295196
108754,992,0,ONMK002_002,296188
108755,964,0,ONMK002_002,297152
108756,996,0,ONMK002_002,298148
108757,988,0,ONMK002_002,299136
108758,964,0,ONMK002_002,300100
108759,1004,0,ONMK002_002,301104
108760,996,0,ONMK002_002,302100
108761,968,0,ONMK002_002,303068
108762,1008,0,ONMK002_002,304076
108763,1000,0,ONMK002_002,305076
108764,968,0,ONMK002_002,306044
108765,1000,0,ONMK002_002,307044
108766,976,0,ONMK002_002,308020
108767,964,0,ONMK002_002,308984
108768,1000,0,ONMK002_002,309984
108769,4872,0,ONMK002_002,314856
108770,1004,0,ONMK002_002,315860
108771,976,0,ONMK002_002,316836
108772,960,0,ONMK002_002,317796
108773,1000,0,ONMK002_002,318796
108774,964,0,ONMK002_002,319760
108775,960,0,ONMK002_002,320720
108776,992,0,ONMK002_002,321712
108777,972,0,ONMK002_002,322684
108778,944,0,ONMK002_002,323628
108779,968,0,ONMK002_002,324596
108780,972,0,ONMK002_002,325568
108781,1008,0,ONMK002_002,326576
108782,948,0,ONMK002_002,327524
108783,1016,0,ONMK002_002,328540
108784,988,0,ONMK002_002,329528
108785,980,0,ONMK002_002,330508
108786,1016,0,ONMK002_002,331524
108787,952,0,ONMK002_002,332476
108788,1028,0,ONMK002_002,333504
108789,1016,0,ONMK002_002,334520
108790,968,0,ONMK002_002,335488
108791,1028,0,ONMK002_002,336516
108792,1000,0,ONMK002_002,337516
108793,968,0,ONMK002_002,338484
108794,1004,0,ONMK002_002,339488
108795,976,0,ONMK002_002,340464
108796,972,0,ONMK002_002,341436
108797,996,0,ONMK002_002,342432
108798,992,0,ONMK002_002,343424
108799,964,0,ONMK002_002,344388
108800,1004,0,ONMK002_002,345392
108801,1000,0,ONMK002_002,346392
108802,960,0,ONMK002_002,347352
108803,1000,0,ONMK002_002,348352
108804,980,0,ONMK002_002,349332
108805,984,0,ONMK002_002,350316
108806,1000,0,ONMK002_002,351316
108807,996,0,ONMK002_002,352312
108808,968,0,ONMK002_002,353280
108809,1012,0,ONMK002_002,354292
108810,1008,0,ONMK002_002,355300
108811,980,0,ONMK002_002,356280
108812,1016,0,ONMK002_002,357296
108813,1008,0,ONMK002_002,358304
108814,980,0,ONMK002_002,359284
108815,1020,0,ONMK002_002,360304
108816,1004,0,ONMK002_002,361308
108817,984,0,ONMK002_002,362292
108818,1008,0,ONMK002_002,363300
108819,1008,0,ONMK002_002,364308
108820,980,0,ONMK002_002,365288
108821,988,0,ONMK002_002,366276
108822,1000,0,ONMK002_002,367276
108823,960,0,ONMK002_002,368236
108824,1000,0,ONMK002_002,369236
108825,992,0,ONMK002_002,370228
108826,964,0,ONMK002_002,371192
108827,1000,0,ONMK002_002,372192
108828,996,0,ONMK002_002,373188
108829,968,0,ONMK002_002,374156
108830,1004,0,ONMK002_002,375160
108831,1000,0,ONMK002_002,376160
108832,964,0,ONMK002_002,377124
108833,1012,0,ONMK002_002,378136
108834,1008,0,ONMK002_002,379144
108835,968,0,ONMK002_002,380112
108836,1012,0,ONMK002_002,381124
108837,1004,0,ONMK002_002,382128
108838,976,0,ONMK002_002,383104
108839,1016,0,ONMK002_002,384120
108840,1020,0,ONMK002_002,385140
108841,988,0,ONMK002_002,386128
108842,1028,0,ONMK002_002,387156
108843,1028,0,ONMK002_002,388184
108844,988,0,ONMK002_002,389172
108845,1036,0,ONMK002_002,390208
108846,1028,0,ONMK002_002,391236
108847,996,0,ONMK002_002,392232
108848,1024,0,ONMK002_002,393256
108849,1036,0,ONMK002_002,394292
108850,1984,0,ONMK002_002,396276
108851,1000,0,ONMK002_002,397276
108852,1000,0,ONMK002_002,398276
108853,964,0,ONMK002_002,399240
108854,992,0,ONMK002_002,400232
108855,1000,0,ONMK002_002,401232
108856,968,0,ONMK002_002,402200
108857,964,0,ONMK002_002,403164
108858,960,0,ONMK002_002,404124
108859,940,0,ONMK002_002,405064
108860,972,0,ONMK002_002,406036
108861,980,0,ONMK002_002,407016
108862,988,0,ONMK002_002,408004
108863,1908,0,ONMK002_002,409912
108864,1000,0,ONMK002_002,410912
108865,936,0,ONMK002_002,411848
108866,992,0,ONMK002_002,412840
108867,988,0,ONMK002_002,413828
108868,944,0,ONMK002_002,414772
108869,996,0,ONMK002_002,415768
108870,1944,0,ONMK002_002,417712
108871,1016,0,ONMK002_002,418728
108872,944,0,ONMK002_002,419672
108873,1000,0,ONMK002_002,420672
108874,980,0,ONMK002_002,421652
108875,956,0,ONMK002_002,422608
108876,992,0,ONMK002_002,423600
108877,976,0,ONMK002_002,424576
108878,964,0,ONMK002_002,425540
108879,996,0,ONMK002_002,426536
108880,960,0,ONMK002_002,427496
108881,972,0,ONMK002_002,428468
108882,980,0,ONMK002_002,429448
108883,968,0,ONMK002_002,430416
108884,976,0,ONMK002_002,431392
108885,984,0,ONMK002_002,432376
108886,960,0,ONMK002_002,433336
108887,964,0,ONMK002_002,434300
108888,972,0,ONMK002_002,435272
108889,976,0,ONMK002_002,436248
108890,968,0,ONMK002_002,437216
108891,964,0,ONMK002_002,438180
108892,984,0,ONMK002_002,439164
108893,960,0,ONMK002_002,440124
108894,976,0,ONMK002_002,441100
108895,984,0,ONMK002_002,442084
108896,956,0,ONMK002_002,443040
108897,988,0,ONMK002_002,444028
108898,980,0,ONMK002_002,445008
108899,956,0,ONMK002_002,445964
108900,980,0,ONMK002_002,446944
108901,984,0,ONMK002_002,447928
108902,956,0,ONMK002_002,448884
108903,988,0,ONMK002_002,449872
108904,952,0,ONMK002_002,450824
108905,976,0,ONMK002_002,451800
108906,996,0,ONMK002_002,452796
108907,972,0,ONMK002_002,453768
108908,964,0,ONMK002_002,454732
108909,1004,0,ONMK002_002,455736
108910,996,0,ONMK002_002,456732
108911,976,0,ONMK002_002,457708
108912,1004,0,ONMK002_002,458712
108913,1000,0,ONMK002_002,459712
108914,976,0,ONMK002_002,460688
108915,1004,0,ONMK002_002,461692
108916,1012,0,ONMK002_002,462704
108917,976,0,ONMK002_002,463680
108918,1012,0,ONMK002_002,464692
108919,1024,0,ONMK002_002,465716
108920,980,0,ONMK002_002,466696
108921,1024,0,ONMK002_002,467720
108922,1016,0,ONMK002_002,468736
108923,980,0,ONMK002_002,469716
108924,1004,0,ONMK002_002,470720
108925,1020,0,ONMK002_002,471740
108926,980,0,ONMK002_002,472720
108927,1020,0,ONMK002_002,473740
108928,1000,0,ONMK002_002,474740
108929,996,0,ONMK002_002,475736
108930,1012,0,ONMK002_002,476748
108931,992,0,ONMK002_002,477740
108932,980,0,ONMK002_002,478720
108933,1012,0,ONMK002_002,479732
108934,992,0,ONMK002_002,480724
108935,980,0,ONMK002_002,481704
108936,1020,0,ONMK002_002,482724
108937,1000,0,ONMK002_002,483724
108938,984,0,ONMK002_002,484708
108939,1012,0,ONMK002_002,485720
108940,1004,0,ONMK002_002,486724
108941,984,0,ONMK002_002,487708
108942,1024,0,ONMK002_002,488732
108943,996,0,ONMK002_002,489728
108944,980,0,ONMK002_002,490708
108945,1016,0,ONMK002_002,491724
108946,1004,0,ONMK002_002,492728
108947,984,0,ONMK002_002,493712
108948,1020,0,ONMK002_002,494732
108949,1004,0,ONMK002_002,495736
108950,996,0,ONMK002_002,496732
108951,1020,0,ONMK002_002,497752
108952,1004,0,ONMK002_002,498756
108953,980,0,ONMK002_002,499736
108954,1024,0,ONMK002_002,500760
108955,996,0,ONMK002_002,501756
108956,996,0,ONMK002_002,502752
108957,1024,0,ONMK002_002,503776
108958,1016,0,ONMK002_002,504792
108959,980,0,ONMK002_002,505772
108960,1020,0,ONMK002_002,506792
108961,1024,0,ONMK002_002,507816
108962,980,0,ONMK002_002,508796
108963,1004,0,ONMK002_002,509800
108964,1020,0,ONMK002_002,510820
108965,980,0,ONMK002_002,511800
108966,1020,0,ONMK002_002,512820
108967,1024,0,ONMK002_002,513844
108968,980,0,ONMK002_002,514824
108969,1032,0,ONMK002_002,515856
108970,1024,0,ONMK002_002,516880
108971,988,0,ONMK002_002,517868
108972,1032,0,ONMK002_002,518900
108973,1004,0,ONMK002_002,519904
108974,1000,0,ONMK002_002,520904
108975,1020,0,ONMK002_002,521924
108976,1020,0,ONMK002_002,522944
108977,1000,0,ONMK002_002,523944
108978,1020,0,ONMK002_002,524964
108979,2020,0,ONMK002_002,526984
108980,1016,0,ONMK002_002,528000
108981,2004,0,ONMK002_002,530004
108982,1024,0,ONMK002_002,531028
108983,1036,0,ONMK002_002,532064
108984,1060,0,ONMK002_002,533124
108985,920,0,ONMK002_002,534044
108986,1020,0,ONMK002_002,535064
108987,984,0,ONMK002_002,536048
108988,1992,0,ONMK002_002,538040
108989,1064,0,ONMK002_002,539104
108990,904,0,ONMK002_002,540008
108991,1024,0,ONMK002_002,541032
108992,1032,0,ONMK002_002,542064
108993,2008,0,ONMK002_002,544072
108994,1040,0,ONMK002_002,545112
108995,996,0,ONMK002_002,546108
108996,1020,0,ONMK002_002,547128
108997,1036,0,ONMK002_002,548164
108998,1004,0,ONMK002_002,549168
108999,1004,0,ONMK002_002,550172
109000,1020,0,ONMK002_002,551192
109001,1020,0,ONMK002_002,552212
109002,980,0,ONMK002_002,553192
109003,1028,0,ONMK002_002,554220
109004,1028,0,ONMK002_002,555248
109005,984,0,ONMK002_002,556232
109006,1008,0,ONMK002_002,557240
109007,1012,0,ONMK002_002,558252
109008,960,0,ONMK002_002,559212
109009,1000,0,ONMK002_002,560212
109010,1020,0,ONMK002_002,561232
109011,964,0,ONMK002_002,562196
109012,980,0,ONMK002_002,563176
109013,1016,0,ONMK002_002,564192
109014,980,0,ONMK002_002,565172
109015,964,0,ONMK002_002,566136
109016,980,0,ONMK002_002,567116
109017,960,0,ONMK002_002,568076
109018,944,0,ONMK002_002,569020
109019,988,0,ONMK002_002,570008
109020,1008,0,ONMK002_002,571016
109021,956,0,ONMK002_002,571972
109022,1040,0,ONMK002_002,573012
109023,1004,0,ONMK002_002,574016
109024,956,0,ONMK002_002,574972
109025,1036,0,ONMK002_002,576008
109026,1008,0,ONMK002_002,577016
109027,960,0,ONMK002_002,577976
109028,1036,0,ONMK002_002,579012
109029,1020,0,ONMK002_002,580032
109030,976,0,ONMK002_002,581008
109031,1028,0,ONMK002_002,582036
109032,996,0,ONMK002_002,583032
109033,1004,0,ONMK002_002,584036
109034,1056,0,ONMK002_002,585092
109035,1984,0,ONMK002_002,587076
109036,1028,0,ONMK002_002,588104
109037,1044,0,ONMK002_002,589148
109038,1008,0,ONMK002_002,590156
109039,1000,0,ONMK002_002,591156
109040,1012,0,ONMK002_002,592168
109041,988,0,ONMK002_002,593156
109042,992,0,ONMK002_002,594148
109043,1012,0,ONMK002_002,595160
109044,996,0,ONMK002_002,596156
109045,988,0,ONMK002_002,597144
109046,1008,0,ONMK002_002,598152
109047,1020,0,ONMK002_002,599172
109048,980,0,ONMK002_002,600152
109049,1020,0,ONMK002_002,601172
109050,1004,0,ONMK002_002,602176
109051,992,0,ONMK002_002,603168
109052,1024,0,ONMK002_002,604192
109053,1004,0,ONMK002_002,605196
109054,1000,0,ONMK002_002,606196
109055,1020,0,ONMK002_002,607216
109056,1016,0,ONMK002_002,608232
109057,984,0,ONMK002_002,609216
109058,1020,0,ONMK002_002,610236
109059,1024,0,ONMK002_002,611260
109060,980,0,ONMK002_002,612240
109061,1016,0,ONMK002_002,613256
109062,1040,0,ONMK002_002,614296
109063,1976,0,ONMK002_002,616272
109064,1020,0,ONMK002_002,617292
109065,968,0,ONMK002_002,618260
109066,1000,0,ONMK002_002,619260
109067,1012,0,ONMK002_002,620272
109068,968,0,ONMK002_002,621240
109069,984,0,ONMK002_002,622224
109070,1012,0,ONMK002_002,623236
109071,984,0,ONMK002_002,624220
109072,980,0,ONMK002_002,625200
109073,1016,0,ONMK002_002,626216
109074,984,0,ONMK002_002,627200
109075,984,0,ONMK002_002,628184
109076,1016,0,ONMK002_002,629200
109077,996,0,ONMK002_002,630196
109078,984,0,ONMK002_002,631180
109079,1020,0,ONMK002_002,632200
109080,996,0,ONMK002_002,633196
109081,988,0,ONMK002_002,634184
109082,1020,0,ONMK002_002,635204
109083,996,0,ONMK002_002,636200
109084,992,0,ONMK002_002,637192
109085,1024,0,ONMK002_002,638216
109086,1004,0,ONMK002_002,639220
109087,964,0,ONMK002_002,640184
109088,1004,0,ONMK002_002,641188
109089,1008,0,ONMK002_002,642196
109090,948,0,ONMK002_002,643144
109091,1016,0,ONMK002_002,644160
109092,1036,0,ONMK002_002,645196
109093,964,0,ONMK002_002,646160
109094,1024,0,ONMK002_002,647184
109095,1040,0,ONMK002_002,648224
109096,980,0,ONMK002_002,649204
109097,1036,0,ONMK002_002,650240
109098,1024,0,ONMK002_002,651264
109099,1016,0,ONMK002_002,652280
109100,980,0,ONMK002_002,653260
109101,1020,0,ONMK002_002,654280
109102,1000,0,ONMK002_002,655280
109103,984,0,ONMK002_002,656264
109104,1020,0,ONMK002_002,657284
109105,996,0,ONMK002_002,658280
109106,988,0,ONMK002_002,659268
109107,1012,0,ONMK002_002,660280
109108,1000,0,ONMK002_002,661280
109109,1000,0,ONMK002_002,662280
109110,1020,0,ONMK002_002,663300
109111,984,0,ONMK002_002,664284
109112,1000,0,ONMK002_002,665284
109113,1020,0,ONMK002_002,666304
109114,996,0,ONMK002_002,667300
109115,984,0,ONMK002_002,668284
109116,1020,0,ONMK002_002,669304
109117,2000,0,ONMK002_002,671304
109118,1036,0,ONMK002_002,672340
109119,1040,0,ONMK002_002,673380
109120,984,0,ONMK002_002,674364
109121,1008,0,ONMK002_002,675372
109122,1036,0,ONMK002_002,676408
109123,980,0,ONMK002_002,677388
109124,996,0,ONMK002_002,678384
109125,1020,0,ONMK002_002,679404
109126,1000,0,ONMK002_002,680404
109127,984,0,ONMK002_002,681388
109128,1004,0,ONMK002_002,682392
109129,1000,0,ONMK002_002,683392
109130,980,0,ONMK002_002,684372
109131,1012,0,ONMK002_002,685384
109132,1000,0,ONMK002_002,686384
109133,968,0,ONMK002_002,687352
109134,1004,0,ONMK002_002,688356
109135,1000,0,ONMK002_002,689356
109136,976,0,ONMK002_002,690332
109137,1000,0,ONMK002_002,691332
109138,1000,0,ONMK002_002,692332
109139,964,0,ONMK002_002,693296
109140,1004,0,ONMK002_002,694300
109141,1004,0,ONMK002_002,695304
109142,968,0,ONMK002_002,696272
109143,988,0,ONMK002_002,697260
109144,1012,0,ONMK002_002,698272
109145,964,0,ONMK002_002,699236
109146,988,0,ONMK002_002,700224
109147,1012,0,ONMK002_002,701236
109148,1004,0,ONMK002_002,702240
109149,980,0,ONMK002_002,703220
109150,1024,0,ONMK002_002,704244
109151,1032,0,ONMK002_002,705276
109152,988,0,ONMK002_002,706264
109153,1024,0,ONMK002_002,707288
109154,1016,0,ONMK002_002,708304
109155,1004,0,ONMK002_002,709308
109156,1032,0,ONMK002_002,710340
109157,1040,0,ONMK002_002,711380
109158,1000,0,ONMK002_002,712380
109159,1036,0,ONMK002_002,713416
109160,1032,0,ONMK002_002,714448
109161,996,0,ONMK002_002,715444
109162,1028,0,ONMK002_002,716472
109163,1052,0,ONMK002_002,717524
109164,1000,0,ONMK002_002,718524
109165,1020,0,ONMK002_002,719544
109166,1036,0,ONMK002_002,720580
109167,988,0,ONMK002_002,721568
109168,1000,0,ONMK002_002,722568
109169,1032,0,ONMK002_002,723600
109170,984,0,ONMK002_002,724584
109171,976,0,ONMK002_002,725560
109172,972,0,ONMK002_002,726532
109173,996,0,ONMK002_002,727528
109174,1008,0,ONMK002_002,728536
109175,972,0,ONMK002_002,729508
109176,1004,0,ONMK002_002,730512
109177,996,0,ONMK002_002,731508
109178,964,0,ONMK002_002,732472
109179,1000,0,ONMK002_002,733472
109180,1000,0,ONMK002_002,734472
109181,972,0,ONMK002_002,735444
109182,1004,0,ONMK002_002,736448
109183,1012,0,ONMK002_002,737460
109184,1016,0,ONMK002_002,738476
109185,1032,0,ONMK002_002,739508
109186,1020,0,ONMK002_002,740528
109187,1024,0,ONMK002_002,741552
109188,1016,0,ONMK002_002,742568
109189,1004,0,ONMK002_002,743572
109190,996,0,ONMK002_002,744568
109191,1020,0,ONMK002_002,745588
109192,972,0,ONMK002_002,746560
109193,996,0,ONMK002_002,747556
109194,1000,0,ONMK002_002,748556
109195,960,0,ONMK002_002,749516
109196,1000,0,ONMK002_002,750516
109197,960,0,ONMK002_002,751476
109198,964,0,ONMK002_002,752440
109199,988,0,ONMK002_002,753428
109200,944,0,ONMK002_002,754372
109201,980,0,ONMK002_002,755352
109202,980,0,ONMK002_002,756332
109203,944,0,ONMK002_002,757276
109204,980,0,ONMK002_002,758256
109205,984,0,ONMK002_002,759240
109206,960,0,ONMK002_002,760200
109207,980,0,ONMK002_002,761180
109208,996,0,ONMK002_002,762176
109209,1944,0,ONMK002_002,764120
109210,2004,0,ONMK002_002,766124
109211,980,0,ONMK002_002,767104
109212,1008,0,ONMK002_002,768112
109213,992,0,ONMK002_002,769104
109214,960,0,ONMK002_002,770064
109215,1000,0,ONMK002_002,771064
109216,960,0,ONMK002_002,772024
109217,964,0,ONMK002_002,772988
109218,996,0,ONMK002_002,773984
109219,960,0,ONMK002_002,774944
109220,960,0,ONMK002_002,775904
109221,988,0,ONMK002_002,776892
109222,952,0,ONMK002_002,777844
109223,956,0,ONMK002_002,778800
109224,988,0,ONMK002_002,779788
109225,940,0,ONMK002_002,780728
109226,964,0,ONMK002_002,781692
109227,992,0,ONMK002_002,782684
109228,948,0,ONMK002_002,783632
109229,972,0,ONMK002_002,784604
109230,988,0,ONMK002_002,785592
109231,960,0,ONMK002_002,786552
109232,980,0,ONMK002_002,787532
109233,992,0,ONMK002_002,788524
109234,952,0,ONMK002_002,789476
109235,992,0,ONMK002_002,790468
109236,984,0,ONMK002_002,791452
109237,956,0,ONMK002_002,792408
109238,988,0,ONMK002_002,793396
109239,992,0,ONMK002_002,794388
109240,964,0,ONMK002_002,795352
109241,1004,0,ONMK002_002,796356
109242,996,0,ONMK002_002,797352
109243,968,0,ONMK002_002,798320
109244,1012,0,ONMK002_002,799332
109245,984,0,ONMK002_002,800316
109246,980,0,ONMK002_002,801296
109247,1004,0,ONMK002_002,802300
109248,976,0,ONMK002_002,803276
109249,980,0,ONMK002_002,804256
109250,996,0,ONMK002_002,805252
109251,2924,0,ONMK002_002,808176
109252,960,0,ONMK002_002,809136
109253,964,0,ONMK002_002,810100
109254,996,0,ONMK002_002,811096
109255,964,0,ONMK002_002,812060
109256,980,0,ONMK002_002,813040
109257,996,0,ONMK002_002,814036
109258,984,0,ONMK002_002,815020
109259,960,0,ONMK002_002,815980
109260,992,0,ONMK002_002,816972
109261,952,0,ONMK002_002,817924
109262,980,0,ONMK002_002,818904
109263,988,0,ONMK002_002,819892
109264,972,0,ONMK002_002,820864
109265,964,0,ONMK002_002,821828
109266,996,0,ONMK002_002,822824
109267,964,0,ONMK002_002,823788
109268,960,0,ONMK002_002,824748
109269,980,0,ONMK002_002,825728
109270,1880,0,ONMK002_002,827608
109271,964,0,ONMK002_002,828572
109272,960,0,ONMK002_002,829532
109273,936,0,ONMK002_002,830468
109274,980,0,ONMK002_002,831448
109275,964,0,ONMK002_002,832412
109276,940,0,ONMK002_002,833352
109277,1000,0,ONMK002_002,834352
109278,980,0,ONMK002_002,835332
109279,944,0,ONMK002_002,836276
109280,1004,0,ONMK002_002,837280
109281,976,0,ONMK002_002,838256
109282,956,0,ONMK002_002,839212
109283,1008,0,ONMK002_002,840220
109284,996,0,ONMK002_002,841216
109285,960,0,ONMK002_002,842176
109286,1024,0,ONMK002_002,843200
109287,960,0,ONMK002_002,844160
109288,980,0,ONMK002_002,845140
109289,980,0,ONMK002_002,846120
109290,980,0,ONMK002_002,847100
109291,964,0,ONMK002_002,848064
109292,1000,0,ONMK002_002,849064
109293,980,0,ONMK002_002,850044
109294,992,0,ONMK002_002,851036
109295,1004,0,ONMK002_002,852040
109296,984,0,ONMK002_002,853024
109297,980,0,ONMK002_002,854004
109298,1016,0,ONMK002_002,855020
109299,968,0,ONMK002_002,855988
109300,984,0,ONMK002_002,856972
109301,1008,0,ONMK002_002,857980
109302,968,0,ONMK002_002,858948
109303,980,0,ONMK002_002,859928
109304,1004,0,ONMK002_002,860932
109305,976,0,ONMK002_002,861908
109306,968,0,ONMK002_002,862876
109307,1000,0,ONMK002_002,863876
109308,956,0,ONMK002_002,864832
109309,964,0,ONMK002_002,865796
109310,996,0,ONMK002_002,866792
109311,984,0,ONMK002_002,867776
109312,956,0,ONMK002_002,868732
109313,1004,0,ONMK002_002,869736
109314,980,0,ONMK002_002,870716
109315,964,0,ONMK002_002,871680
109316,996,0,ONMK002_002,872676
109317,980,0,ONMK002_002,873656
109318,964,0,ONMK002_002,874620
109319,996,0,ONMK002_002,875616
109320,964,0,ONMK002_002,876580
109321,960,0,ONMK002_002,877540
109322,1000,0,ONMK002_002,878540
109323,976,0,ONMK002_002,879516
109324,948,0,ONMK002_002,880464
109325,992,0,ONMK002_002,881456
109326,972,0,ONMK002_002,882428
109327,956,0,ONMK002_002,883384
109328,976,0,ONMK002_002,884360
109329,988,0,ONMK002_002,885348
109330,944,0,ONMK002_002,886292
109331,976,0,ONMK002_002,887268
109332,984,0,ONMK002_002,888252
109333,936,0,ONMK002_002,889188
109334,980,0,ONMK002_002,890168
109335,980,0,ONMK002_002,891148
109336,948,0,ONMK002_002,892096
109337,964,0,ONMK002_002,893060
109338,976,0,ONMK002_002,894036
109339,1924,0,ONMK002_002,895960
109340,980,0,ONMK002_002,896940
109341,976,0,ONMK002_002,897916
109342,964,0,ONMK002_002,898880
109343,980,0,ONMK002_002,899860
109344,984,0,ONMK002_002,900844
109345,976,0,ONMK002_002,901820
109346,1004,0,ONMK002_002,902824
109347,980,0,ONMK002_002,903804
109348,984,0,ONMK002_002,904788
109349,1016,0,ONMK002_002,905804
109350,1004,0,ONMK002_002,906808
109351,984,0,ONMK002_002,907792
109352,1016,0,ONMK002_002,908808
109353,1008,0,ONMK002_002,909816
109354,1000,0,ONMK002_002,910816
109355,1016,0,ONMK002_002,911832
109356,1024,0,ONMK002_002,912856
109357,984,0,ONMK002_002,913840
109358,996,0,ONMK002_002,914836
109359,1016,0,ONMK002_002,915852
109360,972,0,ONMK002_002,916824
109361,980,0,ONMK002_002,917804
109362,1004,0,ONMK002_002,918808
109363,956,0,ONMK002_002,919764
109364,936,0,ONMK002_002,920700
109365,964,0,ONMK002_002,921664
109366,960,0,ONMK002_002,922624
109367,924,0,ONMK002_002,923548
109368,964,0,ONMK002_002,924512
109369,976,0,ONMK002_002,925488
109370,924,0,ONMK002_002,926412
109371,980,0,ONMK002_002,927392
109372,984,0,ONMK002_002,928376
109373,940,0,ONMK002_002,929316
109374,1000,0,ONMK002_002,930316
109375,1020,0,ONMK002_002,931336
109376,944,0,ONMK002_002,932280
109377,1012,0,ONMK002_002,933292
109378,1028,0,ONMK002_002,934320
109379,1884,0,ONMK002_002,936204
109380,984,0,ONMK002_002,937188
109381,972,0,ONMK002_002,938160
109382,988,0,ONMK002_002,939148
109383,976,0,ONMK002_002,940124
109384,964,0,ONMK002_002,941088
109385,992,0,ONMK002_002,942080
109386,968,0,ONMK002_002,943048
109387,964,0,ONMK002_002,944012
109388,992,0,ONMK002_002,945004
109389,968,0,ONMK002_002,945972
109390,960,0,ONMK002_002,946932
109391,988,0,ONMK002_002,947920
109392,976,0,ONMK002_002,948896
109393,960,0,ONMK002_002,949856
109394,972,0,ONMK002_002,950828
109395,972,0,ONMK002_002,951800
109396,952,0,ONMK002_002,952752
109397,960,0,ONMK002_002,953712
109398,984,0,ONMK002_002,954696
109399,964,0,ONMK002_002,955660
109400,960,0,ONMK002_002,956620
109401,988,0,ONMK002_002,957608
109402,976,0,ONMK002_002,958584
109403,972,0,ONMK002_002,959556
109404,996,0,ONMK002_002,960552
109405,992,0,ONMK002_002,961544
109406,980,0,ONMK002_002,962524
109407,1004,0,ONMK002_002,963528
109408,1004,0,ONMK002_002,964532
109409,980,0,ONMK002_002,965512
109410,1012,0,ONMK002_002,966524
109411,988,0,ONMK002_002,967512
109412,980,0,ONMK002_002,968492
109413,1004,0,ONMK002_002,969496
109414,996,0,ONMK002_002,970492
109415,944,0,ONMK002_002,971436
109416,988,0,ONMK002_002,972424
109417,1008,0,ONMK002_002,973432
109418,928,0,ONMK002_002,974360
109419,960,0,ONMK002_002,975320
109420,1000,0,ONMK002_002,976320
109421,960,0,ONMK002_002,977280
109422,940,0,ONMK002_002,978220
109423,992,0,ONMK002_002,979212
109424,976,0,ONMK002_002,980188
109425,936,0,ONMK002_002,981124
109426,992,0,ONMK002_002,982116
109427,992,0,ONMK002_002,983108
109428,944,0,ONMK002_002,984052
109429,1016,0,ONMK002_002,985068
109430,1004,0,ONMK002_002,986072
109431,972,0,ONMK002_002,987044
109432,1024,0,ONMK002_002,988068
109433,984,0,ONMK002_002,989052
109434,980,0,ONMK002_002,990032
109435,984,0,ONMK002_002,991016
109436,976,0,ONMK002_002,991992
109437,960,0,ONMK002_002,992952
109438,988,0,ONMK002_002,993940
109439,972,0,ONMK002_002,994912
109440,960,0,ONMK002_002,995872
109441,984,0,ONMK002_002,996856
109442,964,0,ONMK002_002,997820
109443,960,0,ONMK002_002,998780
109444,980,0,ONMK002_002,999760
109445,960,0,ONMK002_002,1000720
109446,960,0,ONMK002_002,1001680
109447,984,0,ONMK002_002,1002664
109448,960,0,ONMK002_002,1003624
109449,952,0,ONMK002_002,1004576
109450,980,0,ONMK002_002,1005556
109451,964,0,ONMK002_002,1006520
109452,944,0,ONMK002_002,1007464
109453,980,0,ONMK002_002,1008444
109454,980,0,ONMK002_002,1009424
109455,944,0,ONMK002_002,1010368
109456,996,0,ONMK002_002,1011364
109457,980,0,ONMK002_002,1012344
109458,1940,0,ONMK002_002,1014284
109459,1920,0,ONMK002_002,1016204
109460,972,0,ONMK002_002,1017176
109461,956,0,ONMK002_002,1018132
109462,956,0,ONMK002_002,1019088
109463,968,0,ONMK002_002,1020056
109464,976,0,ONMK002_002,1021032
109465,940,0,ONMK002_002,1021972
109466,992,0,ONMK002_002,1022964
109467,968,0,ONMK002_002,1023932
109468,944,0,ONMK002_002,1024876
109469,980,0,ONMK002_002,1025856
109470,956,0,ONMK002_002,1026812
109471,944,0,ONMK002_002,1027756
109472,976,0,ONMK002_002,1028732
109473,960,0,ONMK002_002,1029692
109474,952,0,ONMK002_002,1030644
109475,980,0,ONMK002_002,1031624
109476,956,0,ONMK002_002,1032580
109477,976,0,ONMK002_002,1033556
109478,988,0,ONMK002_002,1034544
109479,960,0,ONMK002_002,1035504
109480,980,0,ONMK002_002,1036484
109481,992,0,ONMK002_002,1037476
109482,968,0,ONMK002_002,1038444
109483,996,0,ONMK002_002,1039440
109484,984,0,ONMK002_002,1040424
109485,960,0,ONMK002_002,1041384
109486,984,0,ONMK002_002,1042368
109487,956,0,ONMK002_002,1043324
109488,972,0,ONMK002_002,1044296
109489,972,0,ONMK002_002,1045268
109490,940,0,ONMK002_002,1046208
109491,988,0,ONMK002_002,1047196
109492,972,0,ONMK002_002,1048168
109493,940,0,ONMK002_002,1049108
109494,984,0,ONMK002_002,1050092
109495,976,0,ONMK002_002,1051068
109496,1928,0,ONMK002_002,1052996
109497,976,0,ONMK002_002,1053972
109498,972,0,ONMK002_002,1054944
109499,984,0,ONMK002_002,1055928
109500,984,0,ONMK002_002,1056912
109501,972,0,ONMK002_002,1057884
109502,992,0,ONMK002_002,1058876
109503,976,0,ONMK002_002,1059852
109504,964,0,ONMK002_002,1060816
109505,996,0,ONMK002_002,1061812
109506,964,0,ONMK002_002,1062776
109507,964,0,ONMK002_002,1063740
109508,976,0,ONMK002_002,1064716
109509,984,0,ONMK002_002,1065700
109510,960,0,ONMK002_002,1066660
109511,976,0,ONMK002_002,1067636
109512,960,0,ONMK002_002,1068596
109513,944,0,ONMK002_002,1069540
109514,960,0,ONMK002_002,1070500
109515,920,0,ONMK002_002,1071420
109516,924,0,ONMK002_002,1072344
109517,936,0,ONMK002_002,1073280
109518,924,0,ONMK002_002,1074204
109519,972,0,ONMK002_002,1075176
109520,952,0,ONMK002_002,1076128
109521,952,0,ONMK002_002,1077080
109522,944,0,ONMK002_002,1078024
109523,944,0,ONMK002_002,1078968
109524,956,0,ONMK002_002,1079924
109525,940,0,ONMK002_002,1080864
109526,944,0,ONMK002_002,1081808
109527,1900,0,ONMK002_002,1083708
109528,952,0,ONMK002_002,1084660
109529,952,0,ONMK002_002,1085612
109530,952,0,ONMK002_002,1086564
109531,2836,0,ONMK002_002,1089400
109532,992,0,ONMK002_002,1090392
109533,860,0,ONMK002_002,1091252
109534,940,0,ONMK002_002,1092192
109535,924,0,ONMK002_002,1093116
109536,900,0,ONMK002_002,1094016
109537,960,0,ONMK002_002,1094976
109538,1856,0,ONMK002_002,1096832
109539,948,0,ONMK002_002,1097780
109540,916,0,ONMK002_002,1098696
109541,964,0,ONMK002_002,1099660
109542,940,0,ONMK002_002,1100600
109543,944,0,ONMK002_002,1101544
109544,952,0,ONMK002_002,1102496
109545,956,0,ONMK002_002,1103452
109546,952,0,ONMK002_002,1104404
109547,976,0,ONMK002_002,1105380
109548,1924,0,ONMK002_002,1107304
109549,996,0,ONMK002_002,1108300
109550,964,0,ONMK002_002,1109264
109551,960,0,ONMK002_002,1110224
109552,1000,0,ONMK002_002,1111224
109553,980,0,ONMK002_002,1112204
109554,1948,0,ONMK002_002,1114152
109555,980,0,ONMK002_002,1115132
109556,972,0,ONMK002_002,1116104
109557,976,0,ONMK002_002,1117080
109558,968,0,ONMK002_002,1118048
109559,956,0,ONMK002_002,1119004
109560,988,0,ONMK002_002,1119992
109561,904,0,ONMK002_002,1120896
109562,1024,0,ONMK002_002,1121920
109563,976,0,ONMK002_002,1122896
109564,960,0,ONMK002_002,1123856
109565,980,0,ONMK002_002,1124836
109566,980,0,ONMK002_002,1125816
109567,956,0,ONMK002_002,1126772
109568,988,0,ONMK002_002,1127760
109569,984,0,ONMK002_002,1128744
109570,972,0,ONMK002_002,1129716
109571,1000,0,ONMK002_002,1130716
109572,984,0,ONMK002_002,1131700
109573,980,0,ONMK002_002,1132680
109574,1000,0,ONMK002_002,1133680
109575,980,0,ONMK002_002,1134660
109576,1000,0,ONMK002_002,1135660
109577,1004,0,ONMK002_002,1136664
109578,960,0,ONMK002_002,1137624
109579,1000,0,ONMK002_002,1138624
109580,980,0,ONMK002_002,1139604
109581,976,0,ONMK002_002,1140580
109582,1924,0,ONMK002_002,1142504
109583,980,0,ONMK002_002,1143484
109584,976,0,ONMK002_002,1144460
109585,964,0,ONMK002_002,1145424
109586,960,0,ONMK002_002,1146384
109587,984,0,ONMK002_002,1147368
109588,1956,0,ONMK002_002,1149324
109589,968,0,ONMK002_002,1150292
109590,956,0,ONMK002_002,1151248
109591,984,0,ONMK002_002,1152232
109592,960,0,ONMK002_002,1153192
109593,952,0,ONMK002_002,1154144
109594,968,0,ONMK002_002,1155112
109595,952,0,ONMK002_002,1156064
109596,972,0,ONMK002_002,1157036
109597,976,0,ONMK002_002,1158012
109598,960,0,ONMK002_002,1158972
109599,964,0,ONMK002_002,1159936
109600,936,0,ONMK002_002,1160872
109601,960,0,ONMK002_002,1161832
109602,940,0,ONMK002_002,1162772
109603,916,0,ONMK002_002,1163688
109604,1004,0,ONMK002_002,1164692
109605,824,0,ONMK002_002,1165516
109606,912,0,ONMK002_002,1166428
109607,172,0,ONMK002_002,1166600
109608,716,0,ONMK002_002,1167316
109609,888,0,ONMK002_002,1168204
109610,928,0,ONMK002_002,1169132
109611,888,0,ONMK002_002,1170020
109612,908,0,ONMK002_002,1170928
109613,392,0,ONMK002_002,1171320
109614,296,0,ONMK002_002,1171616
109615,208,0,ONMK002_002,1171824
109616,888,0,ONMK002_002,1172712
109617,960,0,ONMK002_002,1173672
109618,20,0,ONMK002_002,1173692
109619,820,0,ONMK002_002,1174512
109620,888,0,ONMK002_002,1175400
109621,2696,0,ONMK002_002,1178096
109622,432,0,ONMK002_002,1178528
109623,552,0,ONMK002_002,1179080
109624,828,0,ONMK002_002,1179908
109625,892,0,ONMK002_002,1180800
109626,896,0,ONMK002_002,1181696
109627,1544,0,ONMK002_002,1183240
109628,288,0,ONMK002_002,1183528
109629,232,0,ONMK002_002,1183760
109630,120,0,ONMK002_002,1183880
109631,528,0,ONMK002_002,1184408
109632,252,0,ONMK002_002,1184660
109633,620,0,ONMK002_002,1185280
109634,1644,0,ONMK002_002,1186924
109635,868,0,ONMK002_002,1187792
109636,836,0,ONMK002_002,1188628
109637,828,0,ONMK002_002,1189456
109638,836,0,ONMK002_002,1190292
109639,812,0,ONMK002_002,1191104
109640,464,0,ONMK002_002,1191568
109641,368,0,ONMK002_002,1191936
109642,820,0,ONMK002_002,1192756
109643,800,0,ONMK002_002,1193556
109644,1648,0,ONMK002_002,1195204
109645,832,0,ONMK002_002,1196036
109646,820,0,ONMK002_002,1196856
109647,820,0,ONMK002_002,1197676
109648,852,0,ONMK002_002,1198528
109649,1672,0,ONMK002_002,1200200
109650,864,0,ONMK002_002,1201064
109651,844,0,ONMK002_002,1201908
109652,840,0,ONMK002_002,1202748
109653,864,0,ONMK002_002,1203612
109654,848,0,ONMK002_002,1204460
109655,852,0,ONMK002_002,1205312
109656,848,0,ONMK002_002,1206160
109657,1680,0,ONMK002_002,1207840
109658,848,0,ONMK002_002,1208688
109659,840,0,ONMK002_002,1209528
109660,860,0,ONMK002_002,1210388
109661,852,0,ONMK002_002,1211240
109662,860,0,ONMK002_002,1212100
109663,860,0,ONMK002_002,1212960
109664,860,0,ONMK002_002,1213820
109665,860,0,ONMK002_002,1214680
109666,860,0,ONMK002_002,1215540
109667,856,0,ONMK002_002,1216396
109668,860,0,ONMK002_002,1217256
109669,860,0,ONMK002_002,1218116
109670,856,0,ONMK002_002,1218972
109671,860,0,ONMK002_002,1219832
109672,856,0,ONMK002_002,1220688
109673,2544,0,ONMK002_002,1223232
109674,836,0,ONMK002_002,1224068
109675,852,0,ONMK002_002,1224920
109676,844,0,ONMK002_002,1225764
109677,828,0,ONMK002_002,1226592
109678,832,0,ONMK002_002,1227424
109679,844,0,ONMK002_002,1228268
109680,844,0,ONMK002_002,1229112
109681,816,0,ONMK002_002,1229928
109682,848,0,ONMK002_002,1230776
109683,852,0,ONMK002_002,1231628
109684,848,0,ONMK002_002,1232476
109685,876,0,ONMK002_002,1233352
109686,784,0,ONMK002_002,1234136
109687,852,0,ONMK002_002,1234988
109688,828,0,ONMK002_002,1235816
109689,848,0,ONMK002_002,1236664
109690,852,0,ONMK002_002,1237516
109691,844,0,ONMK002_002,1238360
109692,848,0,ONMK002_002,1239208
109693,868,0,ONMK002_002,1240076
109694,848,0,ONMK002_002,1240924
109695,856,0,ONMK002_002,1241780
109696,872,0,ONMK002_002,1242652
109697,848,0,ONMK002_002,1243500
109698,864,0,ONMK002_002,1244364
109699,880,0,ONMK002_002,1245244
109700,1728,0,ONMK002_002,1246972
109701,888,0,ONMK002_002,1247860
109702,1736,0,ONMK002_002,1249596
109703,888,0,ONMK002_002,1250484
109704,872,0,ONMK002_002,1251356
109705,868,0,ONMK002_002,1252224
109706,896,0,ONMK002_002,1253120
109707,1740,0,ONMK002_002,1254860
109708,880,0,ONMK002_002,1255740
109709,1752,0,ONMK002_002,1257492
109710,1860,0,ONMK002_002,1259352
109711,796,0,ONMK002_002,1260148
109712,896,0,ONMK002_002,1261044
109713,892,0,ONMK002_002,1261936
109714,884,0,ONMK002_002,1262820
109715,912,0,ONMK002_002,1263732
109716,900,0,ONMK002_002,1264632
109717,896,0,ONMK002_002,1265528
109718,916,0,ONMK002_002,1266444
109719,896,0,ONMK002_002,1267340
109720,912,0,ONMK002_002,1268252
109721,920,0,ONMK002_002,1269172
109722,888,0,ONMK002_002,1270060
109723,920,0,ONMK002_002,1270980
109724,912,0,ONMK002_002,1271892
109725,884,0,ONMK002_002,1272776
109726,916,0,ONMK002_002,1273692
109727,900,0,ONMK002_002,1274592
109728,884,0,ONMK002_002,1275476
109729,908,0,ONMK002_002,1276384
109730,916,0,ONMK002_002,1277300
109731,880,0,ONMK002_002,1278180
109732,912,0,ONMK002_002,1279092
109733,916,0,ONMK002_002,1280008
109734,884,0,ONMK002_002,1280892
109735,916,0,ONMK002_002,1281808
109736,912,0,ONMK002_002,1282720
109737,896,0,ONMK002_002,1283616
109738,920,0,ONMK002_002,1284536
109739,1800,0,ONMK002_002,1286336
109740,912,0,ONMK002_002,1287248
109741,892,0,ONMK002_002,1288140
109742,884,0,ONMK002_002,1289024
109743,908,0,ONMK002_002,1289932
109744,888,0,ONMK002_002,1290820
109745,912,0,ONMK002_002,1291732
109746,920,0,ONMK002_002,1292652
109747,892,0,ONMK002_002,1293544
109748,924,0,ONMK002_002,1294468
109749,924,0,ONMK002_002,1295392
109750,920,0,ONMK002_002,1296312
109751,932,0,ONMK002_002,1297244
109752,924,0,ONMK002_002,1298168
109753,928,0,ONMK002_002,1299096
109754,1852,0,ONMK002_002,1300948
109755,924,0,ONMK002_002,1301872
109756,940,0,ONMK002_002,1302812
109757,912,0,ONMK002_002,1303724
109758,928,0,ONMK002_002,1304652
109759,932,0,ONMK002_002,1305584
109760,904,0,ONMK002_002,1306488
109761,1852,0,ONMK002_002,1308340
109762,904,0,ONMK002_002,1309244
109763,928,0,ONMK002_002,1310172
109764,928,0,ONMK002_002,1311100
109765,900,0,ONMK002_002,1312000
109766,928,0,ONMK002_002,1312928
109767,936,0,ONMK002_002,1313864
109768,912,0,ONMK002_002,1314776
109769,940,0,ONMK002_002,1315716
109770,928,0,ONMK002_002,1316644
109771,916,0,ONMK002_002,1317560
109772,936,0,ONMK002_002,1318496
109773,1832,0,ONMK002_002,1320328
109774,940,0,ONMK002_002,1321268
109775,920,0,ONMK002_002,1322188
109776,916,0,ONMK002_002,1323104
109777,940,0,ONMK002_002,1324044
109778,1856,0,ONMK002_002,1325900
109779,952,0,ONMK002_002,1326852
109780,620,0,ONMK002_002,1327472
109781,308,0,ONMK002_002,1327780
109782,936,0,ONMK002_002,1328716
109783,924,0,ONMK002_002,1329640
109784,940,0,ONMK002_002,1330580
109785,940,0,ONMK002_002,1331520
109786,1020,0,ONMK002_002,1332540
109787,840,0,ONMK002_002,1333380
109788,936,0,ONMK002_002,1334316
109789,1864,0,ONMK002_002,1336180
109790,940,0,ONMK002_002,1337120
109791,924,0,ONMK002_002,1338044
109792,940,0,ONMK002_002,1338984
109793,944,0,ONMK002_002,1339928
109794,948,0,ONMK002_002,1340876
109795,604,0,ONMK002_002,1341480
109796,332,0,ONMK002_002,1341812
109797,948,0,ONMK002_002,1342760
109798,376,0,ONMK002_002,1343136
109799,564,0,ONMK002_002,1343700
109800,716,0,ONMK002_002,1344416
109801,1088,0,ONMK002_002,1345504
109802,52,0,ONMK002_002,1345556
109803,572,0,ONMK002_002,1346128
109804,688,0,ONMK002_002,1346816
109805,588,0,ONMK002_002,1347404
109806,2752,0,ONMK002_002,1350156
109807,940,0,ONMK002_002,1351096
109808,804,0,ONMK002_002,1351900
109809,1976,0,ONMK002_002,1353876
109810,948,0,ONMK002_002,1354824
109811,912,0,ONMK002_002,1355736
109812,2860,0,ONMK002_002,1358596
109813,948,0,ONMK002_002,1359544
109814,964,0,ONMK002_002,1360508
109815,972,0,ONMK002_002,1361480
109816,936,0,ONMK002_002,1362416
109817,964,0,ONMK002_002,1363380
109818,972,0,ONMK002_002,1364352
109819,1912,0,ONMK002_002,1366264
109820,976,0,ONMK002_002,1367240
109821,968,0,ONMK002_002,1368208
109822,956,0,ONMK002_002,1369164
109823,264,0,ONMK002_002,1369428
109824,700,0,ONMK002_002,1370128
109825,968,0,ONMK002_002,1371096
109826,944,0,ONMK002_002,1372040
109827,968,0,ONMK002_002,1373008
109828,968,0,ONMK002_002,1373976
109829,944,0,ONMK002_002,1374920
109830,960,0,ONMK002_002,1375880
109831,964,0,ONMK002_002,1376844
109832,956,0,ONMK002_002,1377800
109833,948,0,ONMK002_002,1378748
109834,960,0,ONMK002_002,1379708
109835,964,0,ONMK002_002,1380672
109836,944,0,ONMK002_002,1381616
109837,964,0,ONMK002_002,1382580
109838,976,0,ONMK002_002,1383556
109839,956,0,ONMK002_002,1384512
109840,1020,1,ONMK002_002,1385532
109841,900,0,ONMK002_002,1386432
109842,960,0,ONMK002_002,1387392
109843,944,0,ONMK002_002,1388336
109844,968,0,ONMK002_002,1389304
109845,968,0,ONMK002_002,1390272
109846,948,0,ONMK002_002,1391220
109847,976,0,ONMK002_002,1392196
109848,964,0,ONMK002_002,1393160
109849,948,0,ONMK002_002,1394108
109850,968,0,ONMK002_002,1395076
109851,964,0,ONMK002_002,1396040
109852,948,0,ONMK002_002,1396988
109853,964,0,ONMK002_002,1397952
109854,964,0,ONMK002_002,1398916
109855,944,0,ONMK002_002,1399860
109856,960,0,ONMK002_002,1400820
109857,964,0,ONMK002_002,1401784
109858,948,0,ONMK002_002,1402732
109859,928,0,ONMK002_002,1403660
109860,980,0,ONMK002_002,1404640
109861,952,0,ONMK002_002,1405592
109862,944,0,ONMK002_002,1406536
109863,956,0,ONMK002_002,1407492
109864,944,0,ONMK002_002,1408436
109865,948,0,ONMK002_002,1409384
109866,944,0,ONMK002_002,1410328
109867,1884,0,ONMK002_002,1412212
109868,932,0,ONMK002_002,1413144
109869,956,0,ONMK002_002,1414100
109870,952,0,ONMK002_002,1415052
109871,940,0,ONMK002_002,1415992
109872,944,0,ONMK002_002,1416936
109873,956,0,ONMK002_002,1417892
109874,544,0,ONMK002_002,1418436
109875,1360,0,ONMK002_002,1419796
109876,936,0,ONMK002_002,1420732
109877,956,0,ONMK002_002,1421688
109878,944,0,ONMK002_002,1422632
109879,928,0,ONMK002_002,1423560
109880,948,0,ONMK002_002,1424508
109881,928,0,ONMK002_002,1425436
109882,956,0,ONMK002_002,1426392
109883,956,0,ONMK002_002,1427348
109884,928,0,ONMK002_002,1428276
109885,956,0,ONMK002_002,1429232
109886,956,0,ONMK002_002,1430188
109887,952,0,ONMK002_002,1431140
109888,964,0,ONMK002_002,1432104
109889,964,0,ONMK002_002,1433068
109890,968,0,ONMK002_002,1434036
109891,960,0,ONMK002_002,1434996
109892,968,0,ONMK002_002,1435964
109893,968,0,ONMK002_002,1436932
109894,968,0,ONMK002_002,1437900
109895,976,0,ONMK002_002,1438876
109896,968,0,ONMK002_002,1439844
109897,956,0,ONMK002_002,1440800
109898,972,0,ONMK002_002,1441772
109899,960,0,ONMK002_002,1442732
109900,952,0,ONMK002_002,1443684
109901,976,0,ONMK002_002,1444660
109902,1052,1,ONMK002_002,1445712
109903,876,0,ONMK002_002,1446588
109904,956,0,ONMK002_002,1447544
109905,972,0,ONMK002_002,1448516
109906,952,0,ONMK002_002,1449468
109907,948,0,ONMK002_002,1450416
109908,968,0,ONMK002_002,1451384
109909,960,0,ONMK002_002,1452344
109910,1904,0,ONMK002_002,1454248
109911,968,0,ONMK002_002,1455216
109912,948,0,ONMK002_002,1456164
109913,972,0,ONMK002_002,1457136
109914,976,0,ONMK002_002,1458112
109915,964,0,ONMK002_002,1459076
109916,992,0,ONMK002_002,1460068
109917,992,0,ONMK002_002,1461060
109918,1000,0,ONMK004_003,1000
109919,1000,0,ONMK004_003,2000
109920,944,0,ONMK004_003,2944
109921,972,0,ONMK004_003,3916
109922,952,0,ONMK004_003,4868
109923,988,0,ONMK004_003,5856
109924,996,0,ONMK004_003,6852
109925,988,0,ONMK004_003,7840
109926,984,0,ONMK004_003,8824
109927,968,0,ONMK004_003,9792
109928,996,0,ONMK004_003,10788
109929,992,0,ONMK004_003,11780
109930,964,0,ONMK004_003,12744
109931,992,0,ONMK004_003,13736
109932,968,0,ONMK004_003,14704
109933,980,0,ONMK004_003,15684
109934,964,0,ONMK004_003,16648
109935,972,0,ONMK004_003,17620
109936,988,0,ONMK004_003,18608
109937,988,0,ONMK004_003,19596
109938,972,0,ONMK004_003,20568
109939,980,0,ONMK004_003,21548
109940,964,0,ONMK004_003,22512
109941,1004,0,ONMK004_003,23516
109942,992,0,ONMK004_003,24508
109943,984,0,ONMK004_003,25492
109944,972,0,ONMK004_003,26464
109945,992,0,ONMK004_003,27456
109946,972,0,ONMK004_003,28428
109947,976,0,ONMK004_003,29404
109948,960,0,ONMK004_003,30364
109949,960,0,ONMK004_003,31324
109950,964,0,ONMK004_003,32288
109951,968,0,ONMK004_003,33256
109952,980,0,ONMK004_003,34236
109953,984,0,ONMK004_003,35220
109954,976,0,ONMK004_003,36196
109955,968,0,ONMK004_003,37164
109956,956,0,ONMK004_003,38120
109957,968,0,ONMK004_003,39088
109958,952,0,ONMK004_003,40040
109959,964,0,ONMK004_003,41004
109960,972,0,ONMK004_003,41976
109961,960,0,ONMK004_003,42936
109962,952,0,ONMK004_003,43888
109963,948,0,ONMK004_003,44836
109964,936,0,ONMK004_003,45772
109965,904,0,ONMK004_003,46676
109966,932,0,ONMK004_003,47608
109967,932,0,ONMK004_003,48540
109968,920,0,ONMK004_003,49460
109969,936,0,ONMK004_003,50396
109970,984,0,ONMK004_003,51380
109971,1052,0,ONMK004_003,52432
109972,1044,0,ONMK004_003,53476
109973,1060,0,ONMK004_003,54536
109974,1052,0,ONMK004_003,55588
109975,1020,0,ONMK004_003,56608
109976,1044,0,ONMK004_003,57652
109977,1008,0,ONMK004_003,58660
109978,1040,0,ONMK004_003,59700
109979,980,0,ONMK004_003,60680
109980,988,0,ONMK004_003,61668
109981,1008,0,ONMK004_003,62676
109982,1008,0,ONMK004_003,63684
109983,1000,0,ONMK004_003,64684
109984,960,0,ONMK004_003,65644
109985,988,0,ONMK004_003,66632
109986,1016,0,ONMK004_003,67648
109987,996,0,ONMK004_003,68644
109988,980,0,ONMK004_003,69624
109989,948,0,ONMK004_003,70572
109990,964,0,ONMK004_003,71536
109991,940,0,ONMK004_003,72476
109992,916,0,ONMK004_003,73392
109993,904,0,ONMK004_003,74296
109994,916,0,ONMK004_003,75212
109995,920,0,ONMK004_003,76132
109996,912,0,ONMK004_003,77044
109997,912,0,ONMK004_003,77956
109998,908,0,ONMK004_003,78864
109999,920,0,ONMK004_003,79784
110000,916,0,ONMK004_003,80700
110001,932,0,ONMK004_003,81632
110002,936,0,ONMK004_003,82568
110003,968,0,ONMK004_003,83536
110004,960,0,ONMK004_003,84496
110005,980,0,ONMK004_003,85476
110006,988,0,ONMK004_003,86464
110007,1012,0,ONMK004_003,87476
110008,1000,0,ONMK004_003,88476
110009,1000,0,ONMK004_003,89476
110010,964,0,ONMK004_003,90440
110011,964,0,ONMK004_003,91404
110012,932,0,ONMK004_003,92336
110013,968,0,ONMK004_003,93304
110014,944,0,ONMK004_003,94248
110015,980,0,ONMK004_003,95228
110016,864,0,ONMK004_003,96092
110017,968,0,ONMK004_003,97060
110018,376,0,ONMK004_003,97436
110019,1412,0,ONMK004_003,98848
110020,836,0,ONMK004_003,99684
110021,892,0,ONMK004_003,100576
110022,1752,0,ONMK004_003,102328
110023,880,0,ONMK004_003,103208
110024,872,0,ONMK004_003,104080
110025,876,0,ONMK004_003,104956
110026,880,0,ONMK004_003,105836
110027,888,0,ONMK004_003,106724
110028,904,0,ONMK004_003,107628
110029,904,0,ONMK004_003,108532
110030,904,0,ONMK004_003,109436
110031,932,0,ONMK004_003,110368
110032,928,0,ONMK004_003,111296
110033,908,0,ONMK004_003,112204
110034,928,0,ONMK004_003,113132
110035,924,0,ONMK004_003,114056
110036,920,0,ONMK004_003,114976
110037,932,0,ONMK004_003,115908
110038,924,0,ONMK004_003,116832
110039,896,0,ONMK004_003,117728
110040,896,0,ONMK004_003,118624
110041,896,0,ONMK004_003,119520
110042,896,0,ONMK004_003,120416
110043,896,0,ONMK004_003,121312
110044,864,0,ONMK004_003,122176
110045,888,0,ONMK004_003,123064
110046,876,0,ONMK004_003,123940
110047,860,0,ONMK004_003,124800
110048,888,0,ONMK004_003,125688
110049,872,0,ONMK004_003,126560
110050,852,0,ONMK004_003,127412
110051,872,0,ONMK004_003,128284
110052,848,0,ONMK004_003,129132
110053,864,0,ONMK004_003,129996
110054,848,0,ONMK004_003,130844
110055,856,0,ONMK004_003,131700
110056,868,0,ONMK004_003,132568
110057,868,0,ONMK004_003,133436
110058,868,0,ONMK004_003,134304
110059,944,1,ONMK004_003,135248
110060,848,0,ONMK004_003,136096
110061,900,0,ONMK004_003,136996
110062,920,0,ONMK004_003,137916
110063,924,0,ONMK004_003,138840
110064,928,0,ONMK004_003,139768
110065,956,0,ONMK004_003,140724
110066,968,0,ONMK004_003,141692
110067,960,0,ONMK004_003,142652
110068,944,0,ONMK004_003,143596
110069,968,0,ONMK004_003,144564
110070,972,0,ONMK004_003,145536
110071,968,0,ONMK004_003,146504
110072,964,0,ONMK004_003,147468
110073,956,0,ONMK004_003,148424
110074,976,0,ONMK004_003,149400
110075,964,0,ONMK004_003,150364
110076,992,0,ONMK004_003,151356
110077,980,0,ONMK004_003,152336
110078,956,0,ONMK004_003,153292
110079,956,0,ONMK004_003,154248
110080,932,0,ONMK004_003,155180
110081,952,0,ONMK004_003,156132
110082,936,0,ONMK004_003,157068
110083,956,0,ONMK004_003,158024
110084,960,0,ONMK004_003,158984
110085,952,0,ONMK004_003,159936
110086,968,0,ONMK004_003,160904
110087,976,0,ONMK004_003,161880
110088,976,0,ONMK004_003,162856
110089,972,0,ONMK004_003,163828
110090,980,0,ONMK004_003,164808
110091,968,0,ONMK004_003,165776
110092,964,0,ONMK004_003,166740
110093,972,0,ONMK004_003,167712
110094,976,0,ONMK004_003,168688
110095,976,0,ONMK004_003,169664
110096,996,0,ONMK004_003,170660
110097,992,0,ONMK004_003,171652
110098,972,0,ONMK004_003,172624
110099,1000,0,ONMK004_003,173624
110100,992,0,ONMK004_003,174616
110101,992,0,ONMK004_003,175608
110102,980,0,ONMK004_003,176588
110103,976,0,ONMK004_003,177564
110104,972,0,ONMK004_003,178536
110105,980,0,ONMK004_003,179516
110106,980,0,ONMK004_003,180496
110107,988,0,ONMK004_003,181484
110108,980,0,ONMK004_003,182464
110109,992,0,ONMK004_003,183456
110110,992,0,ONMK004_003,184448
110111,1004,0,ONMK004_003,185452
110112,1008,0,ONMK004_003,186460
110113,1004,0,ONMK004_003,187464
110114,1016,0,ONMK004_003,188480
110115,1008,0,ONMK004_003,189488
110116,1020,0,ONMK004_003,190508
110117,1000,0,ONMK004_003,191508
110118,1024,0,ONMK004_003,192532
110119,1020,0,ONMK004_003,193552
110120,1024,0,ONMK004_003,194576
110121,1012,0,ONMK004_003,195588
110122,1016,0,ONMK004_003,196604
110123,1032,0,ONMK004_003,197636
110124,1024,0,ONMK004_003,198660
110125,1012,0,ONMK004_003,199672
110126,1036,0,ONMK004_003,200708
110127,1024,0,ONMK004_003,201732
110128,1004,0,ONMK004_003,202736
110129,1044,0,ONMK004_003,203780
110130,1008,0,ONMK004_003,204788
110131,1016,0,ONMK004_003,205804
110132,1012,0,ONMK004_003,206816
110133,1004,0,ONMK004_003,207820
110134,1012,0,ONMK004_003,208832
110135,1016,0,ONMK004_003,209848
110136,1004,0,ONMK004_003,210852
110137,1020,0,ONMK004_003,211872
110138,1012,0,ONMK004_003,212884
110139,996,0,ONMK004_003,213880
110140,1004,0,ONMK004_003,214884
110141,988,0,ONMK004_003,215872
110142,1000,0,ONMK004_003,216872
110143,996,0,ONMK004_003,217868
110144,984,0,ONMK004_003,218852
110145,984,0,ONMK004_003,219836
110146,956,0,ONMK004_003,220792
110147,972,0,ONMK004_003,221764
110148,968,0,ONMK004_003,222732
110149,968,0,ONMK004_003,223700
110150,964,0,ONMK004_003,224664
110151,996,0,ONMK004_003,225660
110152,1000,0,ONMK004_003,226660
110153,1032,0,ONMK004_003,227692
110154,1012,0,ONMK004_003,228704
110155,1020,0,ONMK004_003,229724
110156,1000,0,ONMK004_003,230724
110157,1016,0,ONMK004_003,231740
110158,1036,0,ONMK004_003,232776
110159,1048,0,ONMK004_003,233824
110160,1028,0,ONMK004_003,234852
110161,1044,0,ONMK004_003,235896
110162,1032,0,ONMK004_003,236928
110163,1036,0,ONMK004_003,237964
110164,1072,0,ONMK004_003,239036
110165,1036,0,ONMK004_003,240072
110166,1004,0,ONMK004_003,241076
110167,976,0,ONMK004_003,242052
110168,992,0,ONMK004_003,243044
110169,964,0,ONMK004_003,244008
110170,984,0,ONMK004_003,244992
110171,980,0,ONMK004_003,245972
110172,1000,0,ONMK004_003,246972
110173,996,0,ONMK004_003,247968
110174,996,0,ONMK004_003,248964
110175,1040,0,ONMK004_003,250004
110176,1004,0,ONMK004_003,251008
110177,984,0,ONMK004_003,251992
110178,988,0,ONMK004_003,252980
110179,992,0,ONMK004_003,253972
110180,996,0,ONMK004_003,254968
110181,1036,0,ONMK004_003,256004
110182,1036,0,ONMK004_003,257040
110183,1060,0,ONMK004_003,258100
110184,1052,0,ONMK004_003,259152
110185,1080,0,ONMK004_003,260232
110186,1084,0,ONMK004_003,261316
110187,1088,0,ONMK004_003,262404
110188,1100,0,ONMK004_003,263504
110189,1048,0,ONMK004_003,264552
110190,1016,0,ONMK004_003,265568
110191,1020,0,ONMK004_003,266588
110192,1012,0,ONMK004_003,267600
110193,992,0,ONMK004_003,268592
110194,968,0,ONMK004_003,269560
110195,952,0,ONMK004_003,270512
110196,948,0,ONMK004_003,271460
110197,928,0,ONMK004_003,272388
110198,928,0,ONMK004_003,273316
110199,916,0,ONMK004_003,274232
110200,908,0,ONMK004_003,275140
110201,932,0,ONMK004_003,276072
110202,932,0,ONMK004_003,277004
110203,920,0,ONMK004_003,277924
110204,952,0,ONMK004_003,278876
110205,960,0,ONMK004_003,279836
110206,964,0,ONMK004_003,280800
110207,984,0,ONMK004_003,281784
110208,964,0,ONMK004_003,282748
110209,992,0,ONMK004_003,283740
110210,1012,0,ONMK004_003,284752
110211,968,0,ONMK004_003,285720
110212,1012,0,ONMK004_003,286732
110213,984,0,ONMK004_003,287716
110214,1000,0,ONMK004_003,288716
110215,1020,0,ONMK004_003,289736
110216,988,0,ONMK004_003,290724
110217,1008,0,ONMK004_003,291732
110218,1044,0,ONMK004_003,292776
110219,1000,0,ONMK004_003,293776
110220,1028,0,ONMK004_003,294804
110221,1040,0,ONMK004_003,295844
110222,1004,0,ONMK004_003,296848
110223,1036,0,ONMK004_003,297884
110224,1028,0,ONMK004_003,298912
110225,1016,0,ONMK004_003,299928
110226,1048,0,ONMK004_003,300976
110227,1028,0,ONMK004_003,302004
110228,1040,0,ONMK004_003,303044
110229,1052,0,ONMK004_003,304096
110230,1036,0,ONMK004_003,305132
110231,1040,0,ONMK004_003,306172
110232,1068,0,ONMK004_003,307240
110233,1084,0,ONMK004_003,308324
110234,1008,0,ONMK004_003,309332
110235,1044,0,ONMK004_003,310376
110236,1020,0,ONMK004_003,311396
110237,1072,0,ONMK004_003,312468
110238,1044,0,ONMK004_003,313512
110239,1072,0,ONMK004_003,314584
110240,1068,0,ONMK004_003,315652
110241,1080,0,ONMK004_003,316732
110242,1080,0,ONMK004_003,317812
110243,1056,0,ONMK004_003,318868
110244,1108,0,ONMK004_003,319976
110245,1048,0,ONMK004_003,321024
110246,1112,0,ONMK004_003,322136
110247,1124,0,ONMK004_003,323260
110248,1072,0,ONMK004_003,324332
110249,1124,0,ONMK004_003,325456
110250,1060,0,ONMK004_003,326516
110251,1104,0,ONMK004_003,327620
110252,1068,0,ONMK004_003,328688
110253,1096,0,ONMK004_003,329784
110254,1148,0,ONMK004_003,330932
110255,1096,0,ONMK004_003,332028
110256,1128,0,ONMK004_003,333156
110257,1112,0,ONMK004_003,334268
110258,1116,0,ONMK004_003,335384
110259,1136,0,ONMK004_003,336520
110260,1100,0,ONMK004_003,337620
110261,1124,0,ONMK004_003,338744
110262,1096,0,ONMK004_003,339840
110263,1116,0,ONMK004_003,340956
110264,1152,0,ONMK004_003,342108
110265,1092,0,ONMK004_003,343200
110266,1120,0,ONMK004_003,344320
110267,1152,0,ONMK004_003,345472
110268,1080,0,ONMK004_003,346552
110269,1120,0,ONMK004_003,347672
110270,1108,0,ONMK004_003,348780
110271,1104,0,ONMK004_003,349884
110272,1144,0,ONMK004_003,351028
110273,1140,0,ONMK004_003,352168
110274,1072,0,ONMK004_003,353240
110275,1096,0,ONMK004_003,354336
110276,1128,0,ONMK004_003,355464
110277,1104,0,ONMK004_003,356568
110278,1088,0,ONMK004_003,357656
110279,1128,0,ONMK004_003,358784
110280,1124,0,ONMK004_003,359908
110281,1092,0,ONMK004_003,361000
110282,1116,0,ONMK004_003,362116
110283,1128,0,ONMK004_003,363244
110284,1104,0,ONMK004_003,364348
110285,1144,0,ONMK004_003,365492
110286,1160,0,ONMK004_003,366652
110287,1112,0,ONMK004_003,367764
110288,1112,0,ONMK004_003,368876
110289,1128,0,ONMK004_003,370004
110290,1144,0,ONMK004_003,371148
110291,1132,0,ONMK004_003,372280
110292,1096,0,ONMK004_003,373376
110293,1120,0,ONMK004_003,374496
110294,1144,0,ONMK004_003,375640
110295,1128,0,ONMK004_003,376768
110296,1164,0,ONMK004_003,377932
110297,1128,0,ONMK004_003,379060
110298,1116,0,ONMK004_003,380176
110299,1160,0,ONMK004_003,381336
110300,1160,0,ONMK004_003,382496
110301,1200,0,ONMK004_003,383696
110302,1156,0,ONMK004_003,384852
110303,1140,0,ONMK004_003,385992
110304,1176,0,ONMK004_003,387168
110305,1236,0,ONMK004_003,388404
110306,1172,0,ONMK004_003,389576
110307,1136,0,ONMK004_003,390712
110308,1140,0,ONMK004_003,391852
110309,1204,0,ONMK004_003,393056
110310,1160,0,ONMK004_003,394216
110311,1144,0,ONMK004_003,395360
110312,1144,0,ONMK004_003,396504
110313,1136,0,ONMK004_003,397640
110314,1100,0,ONMK004_003,398740
110315,1144,0,ONMK004_003,399884
110316,1164,0,ONMK004_003,401048
110317,1164,0,ONMK004_003,402212
110318,1124,0,ONMK004_003,403336
110319,1148,0,ONMK004_003,404484
110320,1204,0,ONMK004_003,405688
110321,1156,0,ONMK004_003,406844
110322,1152,0,ONMK004_003,407996
110323,1156,0,ONMK004_003,409152
110324,1144,0,ONMK004_003,410296
110325,1108,0,ONMK004_003,411404
110326,1144,0,ONMK004_003,412548
110327,1156,0,ONMK004_003,413704
110328,1104,0,ONMK004_003,414808
110329,1132,0,ONMK004_003,415940
110330,1128,0,ONMK004_003,417068
110331,1100,0,ONMK004_003,418168
110332,1116,0,ONMK004_003,419284
110333,1164,0,ONMK004_003,420448
110334,1128,0,ONMK004_003,421576
110335,1148,0,ONMK004_003,422724
110336,1136,0,ONMK004_003,423860
110337,1128,0,ONMK004_003,424988
110338,1176,0,ONMK004_003,426164
110339,1128,0,ONMK004_003,427292
110340,1112,0,ONMK004_003,428404
110341,1128,0,ONMK004_003,429532
110342,1108,0,ONMK004_003,430640
110343,1124,0,ONMK004_003,431764
110344,1104,0,ONMK004_003,432868
110345,1072,0,ONMK004_003,433940
110346,1116,0,ONMK004_003,435056
110347,1124,0,ONMK004_003,436180
110348,1100,0,ONMK004_003,437280
110349,1136,0,ONMK004_003,438416
110350,1148,0,ONMK004_003,439564
110351,1112,0,ONMK004_003,440676
110352,1124,0,ONMK004_003,441800
110353,1152,0,ONMK004_003,442952
110354,1100,0,ONMK004_003,444052
110355,1140,0,ONMK004_003,445192
110356,1132,0,ONMK004_003,446324
110357,1120,0,ONMK004_003,447444
110358,1112,0,ONMK004_003,448556
110359,1152,0,ONMK004_003,449708
110360,1116,0,ONMK004_003,450824
110361,1144,0,ONMK004_003,451968
110362,1244,0,ONMK004_003,453212
110363,1160,0,ONMK004_003,454372
110364,1132,0,ONMK004_003,455504
110365,1140,0,ONMK004_003,456644
110366,1156,0,ONMK004_003,457800
110367,1120,0,ONMK004_003,458920
110368,1152,0,ONMK004_003,460072
110369,1164,0,ONMK004_003,461236
110370,1152,0,ONMK004_003,462388
110371,1176,0,ONMK004_003,463564
110372,1168,0,ONMK004_003,464732
110373,1148,0,ONMK004_003,465880
110374,1160,0,ONMK004_003,467040
110375,1204,0,ONMK004_003,468244
110376,1280,0,ONMK004_003,469524
110377,1216,0,ONMK004_003,470740
110378,1136,0,ONMK004_003,471876
110379,1180,0,ONMK004_003,473056
110380,1208,0,ONMK004_003,474264
110381,1164,0,ONMK004_003,475428
110382,1128,0,ONMK004_003,476556
110383,1156,0,ONMK004_003,477712
110384,1172,0,ONMK004_003,478884
110385,1236,0,ONMK004_003,480120
110386,1156,0,ONMK004_003,481276
110387,1156,0,ONMK004_003,482432
110388,1132,0,ONMK004_003,483564
110389,1112,0,ONMK004_003,484676
110390,1104,0,ONMK004_003,485780
110391,1112,0,ONMK004_003,486892
110392,1100,0,ONMK004_003,487992
110393,1088,0,ONMK004_003,489080
110394,1112,0,ONMK004_003,490192
110395,1148,0,ONMK004_003,491340
110396,1168,0,ONMK004_003,492508
110397,1140,0,ONMK004_003,493648
110398,1124,0,ONMK004_003,494772
110399,1152,0,ONMK004_003,495924
110400,1176,0,ONMK004_003,497100
110401,1220,0,ONMK004_003,498320
110402,1244,0,ONMK004_003,499564
110403,1168,0,ONMK004_003,500732
110404,1172,0,ONMK004_003,501904
110405,1180,0,ONMK004_003,503084
110406,1184,0,ONMK004_003,504268
110407,1184,0,ONMK004_003,505452
110408,1160,0,ONMK004_003,506612
110409,1112,0,ONMK004_003,507724
110410,1132,0,ONMK004_003,508856
110411,1204,0,ONMK004_003,510060
110412,1164,0,ONMK004_003,511224
110413,1204,0,ONMK004_003,512428
110414,1072,0,ONMK004_003,513500
110415,1108,0,ONMK004_003,514608
110416,1168,0,ONMK004_003,515776
110417,1212,0,ONMK004_003,516988
110418,1236,0,ONMK004_003,518224
110419,1208,0,ONMK004_003,519432
110420,1132,0,ONMK004_003,520564
110421,1152,0,ONMK004_003,521716
110422,1184,0,ONMK004_003,522900
110423,1288,0,ONMK004_003,524188
110424,1328,0,ONMK004_003,525516
110425,1240,0,ONMK004_003,526756
110426,1148,0,ONMK004_003,527904
110427,1140,0,ONMK004_003,529044
110428,1196,0,ONMK004_003,530240
110429,1160,0,ONMK004_003,531400
110430,1184,0,ONMK004_003,532584
110431,1176,0,ONMK004_003,533760
110432,1192,0,ONMK004_003,534952
110433,1168,0,ONMK004_003,536120
110434,1168,0,ONMK004_003,537288
110435,1196,0,ONMK004_003,538484
110436,1244,0,ONMK004_003,539728
110437,1236,0,ONMK004_003,540964
110438,1160,0,ONMK004_003,542124
110439,1212,0,ONMK004_003,543336
110440,1268,0,ONMK004_003,544604
110441,1216,0,ONMK004_003,545820
110442,1260,0,ONMK004_003,547080
110443,1272,0,ONMK004_003,548352
110444,1192,0,ONMK004_003,549544
110445,1200,0,ONMK004_003,550744
110446,1212,0,ONMK004_003,551956
110447,1240,0,ONMK004_003,553196
110448,1204,0,ONMK004_003,554400
110449,1204,0,ONMK004_003,555604
110450,1208,0,ONMK004_003,556812
110451,1204,0,ONMK004_003,558016
110452,1192,0,ONMK004_003,559208
110453,1232,0,ONMK004_003,560440
110454,1208,0,ONMK004_003,561648
110455,1196,0,ONMK004_003,562844
110456,1200,0,ONMK004_003,564044
110457,1188,0,ONMK004_003,565232
110458,1168,0,ONMK004_003,566400
110459,1180,0,ONMK004_003,567580
110460,1200,0,ONMK004_003,568780
110461,1204,0,ONMK004_003,569984
110462,1168,0,ONMK004_003,571152
110463,1160,0,ONMK004_003,572312
110464,1156,0,ONMK004_003,573468
110465,1156,0,ONMK004_003,574624
110466,1172,0,ONMK004_003,575796
110467,1180,0,ONMK004_003,576976
110468,1168,0,ONMK004_003,578144
110469,1176,0,ONMK004_003,579320
110470,1196,0,ONMK004_003,580516
110471,1184,0,ONMK004_003,581700
110472,1192,0,ONMK004_003,582892
110473,1176,0,ONMK004_003,584068
110474,1184,0,ONMK004_003,585252
110475,1176,0,ONMK004_003,586428
110476,1172,0,ONMK004_003,587600
110477,1184,0,ONMK004_003,588784
110478,1196,0,ONMK004_003,589980
110479,1180,0,ONMK004_003,591160
110480,1196,0,ONMK004_003,592356
110481,1176,0,ONMK004_003,593532
110482,1176,0,ONMK004_003,594708
110483,1180,0,ONMK004_003,595888
110484,1176,0,ONMK004_003,597064
110485,1164,0,ONMK004_003,598228
110486,1200,0,ONMK004_003,599428
110487,1172,0,ONMK004_003,600600
110488,1216,0,ONMK004_003,601816
110489,1196,0,ONMK004_003,603012
110490,1212,0,ONMK004_003,604224
110491,1208,0,ONMK004_003,605432
110492,1216,0,ONMK004_003,606648
110493,1224,0,ONMK004_003,607872
110494,1196,0,ONMK004_003,609068
110495,1196,0,ONMK004_003,610264
110496,1228,0,ONMK004_003,611492
110497,1200,0,ONMK004_003,612692
110498,1220,0,ONMK004_003,613912
110499,1224,0,ONMK004_003,615136
110500,1200,0,ONMK004_003,616336
110501,1192,0,ONMK004_003,617528
110502,1192,0,ONMK004_003,618720
110503,1196,0,ONMK004_003,619916
110504,1208,0,ONMK004_003,621124
110505,1208,0,ONMK004_003,622332
110506,1200,0,ONMK004_003,623532
110507,1224,0,ONMK004_003,624756
110508,1216,0,ONMK004_003,625972
110509,1216,0,ONMK004_003,627188
110510,1216,0,ONMK004_003,628404
110511,1212,0,ONMK004_003,629616
110512,1184,0,ONMK004_003,630800
110513,1180,0,ONMK004_003,631980
110514,1220,0,ONMK004_003,633200
110515,1200,0,ONMK004_003,634400
110516,1212,0,ONMK004_003,635612
110517,1184,0,ONMK004_003,636796
110518,1184,0,ONMK004_003,637980
110519,1236,0,ONMK004_003,639216
110520,1240,0,ONMK004_003,640456
110521,1204,0,ONMK004_003,641660
110522,1184,0,ONMK004_003,642844
110523,1192,0,ONMK004_003,644036
110524,1216,0,ONMK004_003,645252
110525,1196,0,ONMK004_003,646448
110526,1200,0,ONMK004_003,647648
110527,1216,0,ONMK004_003,648864
110528,1224,0,ONMK004_003,650088
110529,1216,0,ONMK004_003,651304
110530,1212,0,ONMK004_003,652516
110531,1248,0,ONMK004_003,653764
110532,1220,0,ONMK004_003,654984
110533,1216,0,ONMK004_003,656200
110534,1188,0,ONMK004_003,657388
110535,1208,0,ONMK004_003,658596
110536,1212,0,ONMK004_003,659808
110537,1192,0,ONMK004_003,661000
110538,1216,0,ONMK004_003,662216
110539,1224,0,ONMK004_003,663440
110540,1224,0,ONMK004_003,664664
110541,1212,0,ONMK004_003,665876
110542,1212,0,ONMK004_003,667088
110543,1236,0,ONMK004_003,668324
110544,1200,0,ONMK004_003,669524
110545,1200,0,ONMK004_003,670724
110546,1196,0,ONMK004_003,671920
110547,1204,0,ONMK004_003,673124
110548,1196,0,ONMK004_003,674320
110549,1212,0,ONMK004_003,675532
110550,1196,0,ONMK004_003,676728
110551,1184,0,ONMK004_003,677912
110552,1168,0,ONMK004_003,679080
110553,1120,0,ONMK004_003,680200
110554,1320,0,ONMK004_003,681520
110555,1228,0,ONMK004_003,682748
110556,1216,0,ONMK004_003,683964
110557,1204,0,ONMK004_003,685168
110558,1176,0,ONMK004_003,686344
110559,1180,0,ONMK004_003,687524
110560,1204,0,ONMK004_003,688728
110561,1204,0,ONMK004_003,689932
110562,1200,0,ONMK004_003,691132
110563,1196,0,ONMK004_003,692328
110564,1188,0,ONMK004_003,693516
110565,1212,0,ONMK004_003,694728
110566,1228,0,ONMK004_003,695956
110567,1212,0,ONMK004_003,697168
110568,1196,0,ONMK004_003,698364
110569,1204,0,ONMK004_003,699568
110570,1200,0,ONMK004_003,700768
110571,1188,0,ONMK004_003,701956
110572,1180,0,ONMK004_003,703136
110573,1196,0,ONMK004_003,704332
110574,1192,0,ONMK004_003,705524
110575,1180,0,ONMK004_003,706704
110576,1172,0,ONMK004_003,707876
110577,1192,0,ONMK004_003,709068
110578,1180,0,ONMK004_003,710248
110579,1180,0,ONMK004_003,711428
110580,1172,0,ONMK004_003,712600
110581,1164,0,ONMK004_003,713764
110582,1156,0,ONMK004_003,714920
110583,1208,0,ONMK004_003,716128
110584,1184,0,ONMK004_003,717312
110585,1208,0,ONMK004_003,718520
110586,1208,0,ONMK004_003,719728
110587,1176,0,ONMK004_003,720904
110588,1176,0,ONMK004_003,722080
110589,1204,0,ONMK004_003,723284
110590,1208,0,ONMK004_003,724492
110591,1196,0,ONMK004_003,725688
110592,1200,0,ONMK004_003,726888
110593,1200,0,ONMK004_003,728088
110594,1160,0,ONMK004_003,729248
110595,1164,0,ONMK004_003,730412
110596,1188,0,ONMK004_003,731600
110597,1180,0,ONMK004_003,732780
110598,1196,0,ONMK004_003,733976
110599,1212,0,ONMK004_003,735188
110600,1196,0,ONMK004_003,736384
110601,1208,0,ONMK004_003,737592
110602,1208,0,ONMK004_003,738800
110603,1188,0,ONMK004_003,739988
110604,1184,0,ONMK004_003,741172
110605,1180,0,ONMK004_003,742352
110606,1156,0,ONMK004_003,743508
110607,1172,0,ONMK004_003,744680
110608,1192,0,ONMK004_003,745872
110609,1176,0,ONMK004_003,747048
110610,1168,0,ONMK004_003,748216
110611,1188,0,ONMK004_003,749404
110612,1176,0,ONMK004_003,750580
110613,1164,0,ONMK004_003,751744
110614,1188,0,ONMK004_003,752932
110615,1196,0,ONMK004_003,754128
110616,1196,0,ONMK004_003,755324
110617,1232,1,ONMK004_003,756556
110618,1124,0,ONMK004_003,757680
110619,1172,0,ONMK004_003,758852
110620,1200,0,ONMK004_003,760052
110621,1180,0,ONMK004_003,761232
110622,1164,0,ONMK004_003,762396
110623,1172,0,ONMK004_003,763568
110624,1176,0,ONMK004_003,764744
110625,1160,0,ONMK004_003,765904
110626,1168,0,ONMK004_003,767072
110627,1172,0,ONMK004_003,768244
110628,1156,0,ONMK004_003,769400
110629,1172,0,ONMK004_003,770572
110630,1172,0,ONMK004_003,771744
110631,1164,0,ONMK004_003,772908
110632,1164,0,ONMK004_003,774072
110633,1168,0,ONMK004_003,775240
110634,1184,0,ONMK004_003,776424
110635,1168,0,ONMK004_003,777592
110636,1200,0,ONMK004_003,778792
110637,1180,0,ONMK004_003,779972
110638,1184,0,ONMK004_003,781156
110639,1188,0,ONMK004_003,782344
110640,1188,0,ONMK004_003,783532
110641,1180,0,ONMK004_003,784712
110642,1176,0,ONMK004_003,785888
110643,1172,0,ONMK004_003,787060
110644,1176,0,ONMK004_003,788236
110645,1112,0,ONMK004_003,789348
110646,1116,0,ONMK004_003,790464
110647,1208,0,ONMK004_003,791672
110648,1212,0,ONMK004_003,792884
110649,1260,0,ONMK004_003,794144
110650,1252,0,ONMK004_003,795396
110651,1288,0,ONMK004_003,796684
110652,1248,0,ONMK004_003,797932
110653,1276,0,ONMK004_003,799208
110654,1284,0,ONMK004_003,800492
110655,1256,0,ONMK004_003,801748
110656,1236,0,ONMK004_003,802984
110657,1216,0,ONMK004_003,804200
110658,1212,0,ONMK004_003,805412
110659,1208,0,ONMK004_003,806620
110660,1208,0,ONMK004_003,807828
110661,1224,0,ONMK004_003,809052
110662,1236,0,ONMK004_003,810288
110663,1236,0,ONMK004_003,811524
110664,1208,0,ONMK004_003,812732
110665,1232,0,ONMK004_003,813964
110666,1248,0,ONMK004_003,815212
110667,1240,0,ONMK004_003,816452
110668,1236,0,ONMK004_003,817688
110669,1232,0,ONMK004_003,818920
110670,1244,0,ONMK004_003,820164
110671,1308,0,ONMK004_003,821472
110672,1252,0,ONMK004_003,822724
110673,1236,0,ONMK004_003,823960
110674,1240,0,ONMK004_003,825200
110675,1256,0,ONMK004_003,826456
110676,1240,0,ONMK004_003,827696
110677,1264,0,ONMK004_003,828960
110678,1236,0,ONMK004_003,830196
110679,1232,0,ONMK004_003,831428
110680,1232,0,ONMK004_003,832660
110681,1244,0,ONMK004_003,833904
110682,1252,0,ONMK004_003,835156
110683,1240,0,ONMK004_003,836396
110684,1220,0,ONMK004_003,837616
110685,1256,0,ONMK004_003,838872
110686,1252,0,ONMK004_003,840124
110687,1228,0,ONMK004_003,841352
110688,1228,0,ONMK004_003,842580
110689,1280,0,ONMK004_003,843860
110690,1236,0,ONMK004_003,845096
110691,1256,0,ONMK004_003,846352
110692,1228,0,ONMK004_003,847580
110693,1212,0,ONMK004_003,848792
110694,1204,0,ONMK004_003,849996
110695,1208,0,ONMK004_003,851204
110696,1188,0,ONMK004_003,852392
110697,1196,0,ONMK004_003,853588
110698,1192,0,ONMK004_003,854780
110699,1172,0,ONMK004_003,855952
110700,1184,0,ONMK004_003,857136
110701,1180,0,ONMK004_003,858316
110702,1176,0,ONMK004_003,859492
110703,1180,0,ONMK004_003,860672
110704,1212,0,ONMK004_003,861884
110705,1184,0,ONMK004_003,863068
110706,1176,0,ONMK004_003,864244
110707,1204,0,ONMK004_003,865448
110708,1216,0,ONMK004_003,866664
110709,1200,0,ONMK004_003,867864
110710,1208,0,ONMK004_003,869072
110711,1248,0,ONMK004_003,870320
110712,1240,0,ONMK004_003,871560
110713,1232,0,ONMK004_003,872792
110714,1252,0,ONMK004_003,874044
110715,1268,0,ONMK004_003,875312
110716,1272,0,ONMK004_003,876584
110717,1272,0,ONMK004_003,877856
110718,1272,0,ONMK004_003,879128
110719,1260,0,ONMK004_003,880388
110720,1260,0,ONMK004_003,881648
110721,1252,0,ONMK004_003,882900
110722,1264,0,ONMK004_003,884164
110723,1276,0,ONMK004_003,885440
110724,1228,0,ONMK004_003,886668
110725,1240,0,ONMK004_003,887908
110726,1280,0,ONMK004_003,889188
110727,1272,0,ONMK004_003,890460
110728,1308,0,ONMK004_003,891768
110729,1244,0,ONMK004_003,893012
110730,1228,0,ONMK004_003,894240
110731,1228,0,ONMK004_003,895468
110732,1240,0,ONMK004_003,896708
110733,1220,0,ONMK004_003,897928
110734,1256,0,ONMK004_003,899184
110735,1256,0,ONMK004_003,900440
110736,1216,0,ONMK004_003,901656
110737,1196,0,ONMK004_003,902852
110738,1260,0,ONMK004_003,904112
110739,1260,0,ONMK004_003,905372
110740,1224,0,ONMK004_003,906596
110741,1236,0,ONMK004_003,907832
110742,1204,0,ONMK004_003,909036
110743,1208,0,ONMK004_003,910244
110744,1228,0,ONMK004_003,911472
110745,1220,0,ONMK004_003,912692
110746,1216,0,ONMK004_003,913908
110747,1116,0,ONMK004_003,915024
110748,1124,0,ONMK004_003,916148
110749,1164,0,ONMK004_003,917312
110750,1196,0,ONMK004_003,918508
110751,1244,0,ONMK004_003,919752
110752,1224,0,ONMK004_003,920976
110753,1228,0,ONMK004_003,922204
110754,1232,0,ONMK004_003,923436
110755,1232,0,ONMK004_003,924668
110756,1256,0,ONMK004_003,925924
110757,1236,0,ONMK004_003,927160
110758,1240,0,ONMK004_003,928400
110759,1240,0,ONMK004_003,929640
110760,1228,0,ONMK004_003,930868
110761,1232,0,ONMK004_003,932100
110762,1244,0,ONMK004_003,933344
110763,1220,0,ONMK004_003,934564
110764,1136,0,ONMK004_003,935700
110765,1088,0,ONMK004_003,936788
110766,1116,0,ONMK004_003,937904
110767,1080,0,ONMK004_003,938984
110768,1116,0,ONMK004_003,940100
110769,1108,0,ONMK004_003,941208
110770,1148,0,ONMK004_003,942356
110771,1076,0,ONMK004_003,943432
110772,1120,0,ONMK004_003,944552
110773,1160,0,ONMK004_003,945712
110774,1120,0,ONMK004_003,946832
110775,1176,0,ONMK004_003,948008
110776,1208,0,ONMK004_003,949216
110777,1136,0,ONMK004_003,950352
110778,1168,0,ONMK004_003,951520
110779,1140,0,ONMK004_003,952660
110780,1096,0,ONMK004_003,953756
110781,1160,0,ONMK004_003,954916
110782,1280,0,ONMK004_003,956196
110783,1160,0,ONMK004_003,957356
110784,1216,0,ONMK004_003,958572
110785,1264,0,ONMK004_003,959836
110786,1160,0,ONMK004_003,960996
110787,1192,0,ONMK004_003,962188
110788,1328,0,ONMK004_003,963516
110789,1224,0,ONMK004_003,964740
110790,1180,0,ONMK004_003,965920
110791,1288,0,ONMK004_003,967208
110792,1172,0,ONMK004_003,968380
110793,1184,0,ONMK004_003,969564
110794,1156,0,ONMK004_003,970720
110795,1132,0,ONMK004_003,971852
110796,1188,0,ONMK004_003,973040
110797,1184,0,ONMK004_003,974224
110798,1160,0,ONMK004_003,975384
110799,1156,0,ONMK004_003,976540
110800,1172,0,ONMK004_003,977712
110801,1168,0,ONMK004_003,978880
110802,1232,0,ONMK004_003,980112
110803,1196,0,ONMK004_003,981308
110804,1188,0,ONMK004_003,982496
110805,1240,0,ONMK004_003,983736
110806,1324,0,ONMK004_003,985060
110807,1280,0,ONMK004_003,986340
110808,1220,0,ONMK004_003,987560
110809,1372,0,ONMK004_003,988932
110810,1308,0,ONMK004_003,990240
110811,1260,0,ONMK004_003,991500
110812,1248,0,ONMK004_003,992748
110813,1236,0,ONMK004_003,993984
110814,1204,0,ONMK004_003,995188
110815,1208,0,ONMK004_003,996396
110816,1208,0,ONMK004_003,997604
110817,1204,0,ONMK004_003,998808
110818,1204,0,ONMK004_003,1000012
110819,1212,0,ONMK004_003,1001224
110820,1180,0,ONMK004_003,1002404
110821,1172,0,ONMK004_003,1003576
110822,1248,0,ONMK004_003,1004824
110823,1208,0,ONMK004_003,1006032
110824,1220,0,ONMK004_003,1007252
110825,1228,0,ONMK004_003,1008480
110826,1204,0,ONMK004_003,1009684
110827,1232,0,ONMK004_003,1010916
110828,1248,0,ONMK004_003,1012164
110829,1220,0,ONMK004_003,1013384
110830,1204,0,ONMK004_003,1014588
110831,1232,0,ONMK004_003,1015820
110832,1208,0,ONMK004_003,1017028
110833,1240,0,ONMK004_003,1018268
110834,1248,0,ONMK004_003,1019516
110835,1232,0,ONMK004_003,1020748
110836,1256,0,ONMK004_003,1022004
110837,1240,0,ONMK004_003,1023244
110838,1224,0,ONMK004_003,1024468
110839,1236,0,ONMK004_003,1025704
110840,1244,0,ONMK004_003,1026948
110841,1232,0,ONMK004_003,1028180
110842,1248,0,ONMK004_003,1029428
110843,1304,0,ONMK004_003,1030732
110844,1268,0,ONMK004_003,1032000
110845,1244,0,ONMK004_003,1033244
110846,1236,0,ONMK004_003,1034480
110847,1228,0,ONMK004_003,1035708
110848,1224,0,ONMK004_003,1036932
110849,1248,0,ONMK004_003,1038180
110850,1256,0,ONMK004_003,1039436
110851,1228,0,ONMK004_003,1040664
110852,1248,0,ONMK004_003,1041912
110853,1244,0,ONMK004_003,1043156
110854,1232,0,ONMK004_003,1044388
110855,1280,0,ONMK004_003,1045668
110856,1272,0,ONMK004_003,1046940
110857,1228,0,ONMK004_003,1048168
110858,1228,0,ONMK004_003,1049396
110859,1236,0,ONMK004_003,1050632
110860,1252,0,ONMK004_003,1051884
110861,1232,0,ONMK004_003,1053116
110862,1256,0,ONMK004_003,1054372
110863,1268,0,ONMK004_003,1055640
110864,1236,0,ONMK004_003,1056876
110865,1224,0,ONMK004_003,1058100
110866,1248,0,ONMK004_003,1059348
110867,1260,0,ONMK004_003,1060608
110868,1228,0,ONMK004_003,1061836
110869,1276,0,ONMK004_003,1063112
110870,1248,0,ONMK004_003,1064360
110871,1252,0,ONMK004_003,1065612
110872,1248,0,ONMK004_003,1066860
110873,1228,0,ONMK004_003,1068088
110874,1224,0,ONMK004_003,1069312
110875,1236,0,ONMK004_003,1070548
110876,1240,0,ONMK004_003,1071788
110877,1256,0,ONMK004_003,1073044
110878,1232,0,ONMK004_003,1074276
110879,1224,0,ONMK004_003,1075500
110880,1248,0,ONMK004_003,1076748
110881,1248,0,ONMK004_003,1077996
110882,1248,0,ONMK004_003,1079244
110883,1248,0,ONMK004_003,1080492
110884,1260,0,ONMK004_003,1081752
110885,1212,0,ONMK004_003,1082964
110886,1216,0,ONMK004_003,1084180
110887,1192,0,ONMK004_003,1085372
110888,1196,0,ONMK004_003,1086568
110889,1212,0,ONMK004_003,1087780
110890,1240,0,ONMK004_003,1089020
110891,1240,0,ONMK004_003,1090260
110892,1248,0,ONMK004_003,1091508
110893,1240,0,ONMK004_003,1092748
110894,1260,0,ONMK004_003,1094008
110895,1224,0,ONMK004_003,1095232
110896,1244,0,ONMK004_003,1096476
110897,1268,0,ONMK004_003,1097744
110898,1264,0,ONMK004_003,1099008
110899,1252,0,ONMK004_003,1100260
110900,1244,0,ONMK004_003,1101504
110901,1252,0,ONMK004_003,1102756
110902,1260,0,ONMK004_003,1104016
110903,1256,0,ONMK004_003,1105272
110904,1256,0,ONMK004_003,1106528
110905,1224,0,ONMK004_003,1107752
110906,1228,0,ONMK004_003,1108980
110907,1228,0,ONMK004_003,1110208
110908,1208,0,ONMK004_003,1111416
110909,1224,0,ONMK004_003,1112640
110910,1216,0,ONMK004_003,1113856
110911,1240,0,ONMK004_003,1115096
110912,1268,0,ONMK004_003,1116364
110913,1236,0,ONMK004_003,1117600
110914,1192,0,ONMK004_003,1118792
110915,1184,0,ONMK004_003,1119976
110916,1208,0,ONMK004_003,1121184
110917,1196,0,ONMK004_003,1122380
110918,1204,0,ONMK004_003,1123584
110919,1192,0,ONMK004_003,1124776
110920,1220,0,ONMK004_003,1125996
110921,1256,0,ONMK004_003,1127252
110922,1268,0,ONMK004_003,1128520
110923,1248,0,ONMK004_003,1129768
110924,1260,0,ONMK004_003,1131028
110925,1248,0,ONMK004_003,1132276
110926,1248,0,ONMK004_003,1133524
110927,1276,0,ONMK004_003,1134800
110928,1268,0,ONMK004_003,1136068
110929,1244,0,ONMK004_003,1137312
110930,1236,0,ONMK004_003,1138548
110931,1268,0,ONMK004_003,1139816
110932,1240,0,ONMK004_003,1141056
110933,1260,0,ONMK004_003,1142316
110934,1316,0,ONMK004_003,1143632
110935,1300,0,ONMK004_003,1144932
110936,1268,0,ONMK004_003,1146200
110937,1272,0,ONMK004_003,1147472
110938,1284,0,ONMK004_003,1148756
110939,1272,0,ONMK004_003,1150028
110940,1244,0,ONMK004_003,1151272
110941,1256,0,ONMK004_003,1152528
110942,1240,0,ONMK004_003,1153768
110943,1232,0,ONMK004_003,1155000
110944,1260,0,ONMK004_003,1156260
110945,1204,0,ONMK004_003,1157464
110946,1196,0,ONMK004_003,1158660
110947,1212,0,ONMK004_003,1159872
110948,1168,0,ONMK004_003,1161040
110949,1204,0,ONMK004_003,1162244
110950,1176,0,ONMK004_003,1163420
110951,1196,0,ONMK004_003,1164616
110952,1204,0,ONMK004_003,1165820
110953,1196,0,ONMK004_003,1167016
110954,1192,0,ONMK004_003,1168208
110955,1128,0,ONMK004_003,1169336
110956,1136,0,ONMK004_003,1170472
110957,1172,0,ONMK004_003,1171644
110958,1268,0,ONMK004_003,1172912
110959,1208,0,ONMK004_003,1174120
110960,1196,0,ONMK004_003,1175316
110961,1256,0,ONMK004_003,1176572
110962,1228,0,ONMK004_003,1177800
110963,1332,0,ONMK004_003,1179132
110964,1280,0,ONMK004_003,1180412
110965,1272,0,ONMK004_003,1181684
110966,1284,0,ONMK004_003,1182968
110967,1244,0,ONMK004_003,1184212
110968,1172,0,ONMK004_003,1185384
110969,1188,0,ONMK004_003,1186572
110970,1200,0,ONMK004_003,1187772
110971,1180,0,ONMK004_003,1188952
110972,1232,0,ONMK004_003,1190184
110973,1228,0,ONMK004_003,1191412
110974,1216,0,ONMK004_003,1192628
110975,1168,0,ONMK004_003,1193796
110976,1172,0,ONMK004_003,1194968
110977,1200,0,ONMK004_003,1196168
110978,1256,0,ONMK004_003,1197424
110979,1192,0,ONMK004_003,1198616
110980,1240,0,ONMK004_003,1199856
110981,1264,0,ONMK004_003,1201120
110982,1188,0,ONMK004_003,1202308
110983,1196,0,ONMK004_003,1203504
110984,1312,0,ONMK004_003,1204816
110985,1204,0,ONMK004_003,1206020
110986,1180,0,ONMK004_003,1207200
110987,1256,0,ONMK004_003,1208456
110988,1428,0,ONMK004_003,1209884
110989,1296,0,ONMK004_003,1211180
110990,1324,0,ONMK004_003,1212504
110991,1308,0,ONMK004_003,1213812
110992,1288,0,ONMK004_003,1215100
110993,1276,0,ONMK004_003,1216376
110994,1280,0,ONMK004_003,1217656
110995,1232,0,ONMK004_003,1218888
110996,1224,0,ONMK004_003,1220112
110997,1236,0,ONMK004_003,1221348
110998,1248,0,ONMK004_003,1222596
110999,1260,0,ONMK004_003,1223856
111000,1260,0,ONMK004_003,1225116
111001,1212,0,ONMK004_003,1226328
111002,1244,0,ONMK004_003,1227572
111003,1216,0,ONMK004_003,1228788
111004,1216,0,ONMK004_003,1230004
111005,1244,0,ONMK004_003,1231248
111006,1264,0,ONMK004_003,1232512
111007,1224,0,ONMK004_003,1233736
111008,1208,0,ONMK004_003,1234944
111009,1232,0,ONMK004_003,1236176
111010,1192,0,ONMK004_003,1237368
111011,1196,0,ONMK004_003,1238564
111012,1212,0,ONMK004_003,1239776
111013,1216,0,ONMK004_003,1240992
111014,1204,0,ONMK004_003,1242196
111015,1220,0,ONMK004_003,1243416
111016,1252,0,ONMK004_003,1244668
111017,1248,0,ONMK004_003,1245916
111018,1236,0,ONMK004_003,1247152
111019,1228,0,ONMK004_003,1248380
111020,1220,0,ONMK004_003,1249600
111021,1204,0,ONMK004_003,1250804
111022,1264,0,ONMK004_003,1252068
111023,1232,0,ONMK004_003,1253300
111024,1216,0,ONMK004_003,1254516
111025,1216,0,ONMK004_003,1255732
111026,1224,0,ONMK004_003,1256956
111027,1220,0,ONMK004_003,1258176
111028,1216,0,ONMK004_003,1259392
111029,1256,0,ONMK004_003,1260648
111030,1252,0,ONMK004_003,1261900
111031,1268,0,ONMK004_003,1263168
111032,1280,0,ONMK004_003,1264448
111033,1268,0,ONMK004_003,1265716
111034,1244,0,ONMK004_003,1266960
111035,1240,0,ONMK004_003,1268200
111036,1256,0,ONMK004_003,1269456
111037,1236,0,ONMK004_003,1270692
111038,1248,0,ONMK004_003,1271940
111039,1252,0,ONMK004_003,1273192
111040,1216,0,ONMK004_003,1274408
111041,1236,0,ONMK004_003,1275644
111042,1224,0,ONMK004_003,1276868
111043,1196,0,ONMK004_003,1278064
111044,1176,0,ONMK004_003,1279240
111045,1236,0,ONMK004_003,1280476
111046,1224,0,ONMK004_003,1281700
111047,1256,0,ONMK004_003,1282956
111048,1228,0,ONMK004_003,1284184
111049,1212,0,ONMK004_003,1285396
111050,1232,0,ONMK004_003,1286628
111051,1200,0,ONMK004_003,1287828
111052,1108,0,ONMK004_003,1288936
111053,1112,0,ONMK004_003,1290048
111054,1156,0,ONMK004_003,1291204
111055,1200,0,ONMK004_003,1292404
111056,1228,0,ONMK004_003,1293632
111057,1224,0,ONMK004_003,1294856
111058,1220,0,ONMK004_003,1296076
111059,1228,0,ONMK004_003,1297304
111060,1268,0,ONMK004_003,1298572
111061,1308,0,ONMK004_003,1299880
111062,1280,0,ONMK004_003,1301160
111063,1260,0,ONMK004_003,1302420
111064,1256,0,ONMK004_003,1303676
111065,1236,0,ONMK004_003,1304912
111066,1236,0,ONMK004_003,1306148
111067,1304,0,ONMK004_003,1307452
111068,1276,0,ONMK004_003,1308728
111069,1268,0,ONMK004_003,1309996
111070,1296,0,ONMK004_003,1311292
111071,1292,0,ONMK004_003,1312584
111072,1248,0,ONMK004_003,1313832
111073,1232,0,ONMK004_003,1315064
111074,1244,0,ONMK004_003,1316308
111075,1232,0,ONMK004_003,1317540
111076,1248,0,ONMK004_003,1318788
111077,1216,0,ONMK004_003,1320004
111078,1188,0,ONMK004_003,1321192
111079,1220,0,ONMK004_003,1322412
111080,1208,0,ONMK004_003,1323620
111081,1236,0,ONMK004_003,1324856
111082,1224,0,ONMK004_003,1326080
111083,1240,0,ONMK004_003,1327320
111084,1276,0,ONMK004_003,1328596
111085,1232,0,ONMK004_003,1329828
111086,1224,0,ONMK004_003,1331052
111087,1236,0,ONMK004_003,1332288
111088,1224,0,ONMK004_003,1333512
111089,1204,0,ONMK004_003,1334716
111090,1208,0,ONMK004_003,1335924
111091,1204,0,ONMK004_003,1337128
111092,1224,0,ONMK004_003,1338352
111093,1236,0,ONMK004_003,1339588
111094,1224,0,ONMK004_003,1340812
111095,1212,0,ONMK004_003,1342024
111096,1188,0,ONMK004_003,1343212
111097,1200,0,ONMK004_003,1344412
111098,1204,0,ONMK004_003,1345616
111099,1176,0,ONMK004_003,1346792
111100,1172,0,ONMK004_003,1347964
111101,1144,0,ONMK004_003,1349108
111102,1148,0,ONMK004_003,1350256
111103,1152,0,ONMK004_003,1351408
111104,1160,0,ONMK004_003,1352568
111105,1168,0,ONMK004_003,1353736
111106,1168,0,ONMK004_003,1354904
111107,1156,0,ONMK004_003,1356060
111108,1176,0,ONMK004_003,1357236
111109,1188,0,ONMK004_003,1358424
111110,1188,0,ONMK004_003,1359612
111111,1168,0,ONMK004_003,1360780
111112,1164,0,ONMK004_003,1361944
111113,1152,0,ONMK004_003,1363096
111114,1084,0,ONMK004_003,1364180
111115,1100,0,ONMK004_003,1365280
111116,1108,0,ONMK004_003,1366388
111117,1132,0,ONMK004_003,1367520
111118,1144,0,ONMK004_003,1368664
111119,1164,0,ONMK004_003,1369828
111120,1120,0,ONMK004_003,1370948
111121,1104,0,ONMK004_003,1372052
111122,1116,0,ONMK004_003,1373168
111123,1100,0,ONMK004_003,1374268
111124,1092,0,ONMK004_003,1375360
111125,1104,0,ONMK004_003,1376464
111126,1100,0,ONMK004_003,1377564
111127,1072,0,ONMK004_003,1378636
111128,1084,0,ONMK004_003,1379720
111129,1072,0,ONMK004_003,1380792
111130,1088,0,ONMK004_003,1381880
111131,1080,0,ONMK004_003,1382960
111132,1056,0,ONMK004_003,1384016
111133,1080,0,ONMK004_003,1385096
111134,1088,0,ONMK004_003,1386184
111135,1068,0,ONMK004_003,1387252
111136,1056,0,ONMK004_003,1388308
111137,1052,0,ONMK004_003,1389360
111138,1028,0,ONMK004_003,1390388
111139,1056,0,ONMK004_003,1391444
111140,1032,0,ONMK004_003,1392476
111141,1040,0,ONMK004_003,1393516
111142,1020,0,ONMK004_003,1394536
111143,1040,0,ONMK004_003,1395576
111144,1024,0,ONMK004_003,1396600
111145,1016,0,ONMK004_003,1397616
111146,1048,0,ONMK004_003,1398664
111147,1052,0,ONMK004_003,1399716
111148,1092,0,ONMK004_003,1400808
111149,1072,0,ONMK004_003,1401880
111150,1024,0,ONMK004_003,1402904
111151,1016,0,ONMK004_003,1403920
111152,1088,0,ONMK004_003,1405008
111153,1096,0,ONMK004_003,1406104
111154,1076,0,ONMK004_003,1407180
111155,1048,0,ONMK004_003,1408228
111156,1080,0,ONMK004_003,1409308
111157,1072,0,ONMK004_003,1410380
111158,1040,0,ONMK004_003,1411420
111159,1024,0,ONMK004_003,1412444
111160,1004,0,ONMK004_003,1413448
111161,988,0,ONMK004_003,1414436
111162,980,0,ONMK004_003,1415416
111163,952,0,ONMK004_003,1416368
111164,960,0,ONMK004_003,1417328
111165,932,0,ONMK004_003,1418260
111166,940,0,ONMK004_003,1419200
111167,932,0,ONMK004_003,1420132
111168,912,0,ONMK004_003,1421044
111169,912,0,ONMK004_003,1421956
111170,912,0,ONMK004_003,1422868
111171,532,0,ONMK004_003,1423400
111172,380,0,ONMK004_003,1423780
111173,916,0,ONMK004_003,1424696
111174,904,0,ONMK004_003,1425600
111175,932,0,ONMK004_003,1426532
111176,916,0,ONMK004_003,1427448
111177,1864,0,ONMK004_003,1429312
111178,940,0,ONMK004_003,1430252
111179,940,0,ONMK004_003,1431192
111180,960,0,ONMK004_003,1432152
111181,964,0,ONMK004_003,1433116
111182,1000,0,ONMK004_003,1434116
111183,992,0,ONMK004_003,1435108
111184,992,0,ONMK004_003,1436100
111185,1056,0,ONMK004_003,1437156
111186,1060,0,ONMK004_003,1438216
111187,1024,0,ONMK004_003,1439240
111188,1020,0,ONMK004_003,1440260
111189,1052,0,ONMK004_003,1441312
111190,1028,0,ONMK004_003,1442340
111191,1024,0,ONMK004_003,1443364
111192,1016,0,ONMK004_003,1444380
111193,1008,0,ONMK004_003,1445388
111194,992,0,ONMK004_003,1446380
111195,980,0,ONMK004_003,1447360
111196,972,0,ONMK004_003,1448332
111197,960,0,ONMK004_003,1449292
111198,956,0,ONMK004_003,1450248
111199,956,0,ONMK004_003,1451204
111200,968,0,ONMK004_003,1452172
111201,984,0,ONMK004_003,1453156
111202,1008,0,ONMK004_003,1454164
111203,1024,0,ONMK004_003,1455188
111204,1040,0,ONMK004_003,1456228
111205,1044,0,ONMK004_003,1457272
111206,1076,0,ONMK004_003,1458348
111207,1080,0,ONMK004_003,1459428
111208,1064,0,ONMK004_003,1460492
111209,1084,0,ONMK004_003,1461576
111210,1096,0,ONMK004_003,1462672
111211,1052,0,ONMK004_003,1463724
111212,1088,0,ONMK004_003,1464812
111213,1104,0,ONMK004_003,1465916
111214,1052,0,ONMK004_003,1466968
111215,1104,0,ONMK004_003,1468072
111216,1072,0,ONMK004_003,1469144
111217,1044,0,ONMK004_003,1470188
111218,1064,0,ONMK004_003,1471252
111219,1032,0,ONMK004_003,1472284
111220,1056,0,ONMK004_003,1473340
111221,1052,0,ONMK004_003,1474392
111222,1024,0,ONMK004_003,1475416
111223,1052,0,ONMK004_003,1476468
111224,1056,0,ONMK004_003,1477524
111225,1032,0,ONMK004_003,1478556
111226,1064,0,ONMK004_003,1479620
111227,1052,0,ONMK004_003,1480672
111228,1040,0,ONMK004_003,1481712
111229,1044,0,ONMK004_003,1482756
111230,1028,0,ONMK004_003,1483784
111231,1044,0,ONMK004_003,1484828
111232,1028,0,ONMK004_003,1485856
111233,1064,1,ONMK004_003,1486920
111234,980,0,ONMK004_003,1487900
111235,1024,0,ONMK004_003,1488924
111236,1020,0,ONMK004_003,1489944
111237,1040,0,ONMK004_003,1490984
111238,1036,0,ONMK004_003,1492020
111239,1040,0,ONMK004_003,1493060
111240,1052,0,ONMK004_003,1494112
111241,1044,0,ONMK004_003,1495156
111242,1028,0,ONMK004_003,1496184
111243,1044,0,ONMK004_003,1497228
111244,1020,0,ONMK004_003,1498248
111245,1008,0,ONMK004_003,1499256
111246,1016,0,ONMK004_003,1500272
111247,1032,0,ONMK004_003,1501304
111248,1024,0,ONMK004_003,1502328
111249,1004,0,ONMK004_003,1503332
111250,1032,0,ONMK004_003,1504364
111251,1028,0,ONMK004_003,1505392
111252,1012,0,ONMK004_003,1506404
111253,1036,0,ONMK004_003,1507440
111254,1032,0,ONMK004_003,1508472
111255,1032,0,ONMK004_003,1509504
111256,1096,1,ONMK004_003,1510600
111257,1000,0,ONMK004_003,1511600
111258,1052,0,ONMK004_003,1512652
111259,1064,0,ONMK004_003,1513716
111260,1028,0,ONMK004_003,1514744
111261,1048,0,ONMK004_003,1515792
111262,1024,0,ONMK004_003,1516816
111263,1016,0,ONMK004_003,1517832
111264,1032,0,ONMK004_003,1518864
111265,1064,0,ONMK004_003,1519928
111266,1032,0,ONMK004_003,1520960
111267,988,0,ONMK004_003,1521948
111268,1008,0,ONMK004_003,1522956
111269,1044,0,ONMK004_003,1524000
111270,1040,0,ONMK004_003,1525040
111271,1024,0,ONMK004_003,1526064
111272,1056,0,ONMK004_003,1527120
111273,1036,0,ONMK004_003,1528156
111274,1052,0,ONMK004_003,1529208
111275,1008,0,ONMK004_003,1530216
111276,1040,0,ONMK004_003,1531256
111277,1016,0,ONMK004_003,1532272
111278,1004,0,ONMK004_003,1533276
111279,992,0,ONMK004_003,1534268
111280,1024,0,ONMK004_003,1535292
111281,1012,0,ONMK004_003,1536304
111282,1028,0,ONMK004_003,1537332
111283,996,0,ONMK004_003,1538328
111284,1000,0,ONMK004_003,1539328
111285,1000,0,ONMK004_003,1540328
111286,1008,0,ONMK004_003,1541336
111287,996,0,ONMK004_003,1542332
111288,984,0,ONMK004_003,1543316
111289,1000,0,ONMK004_003,1544316
111290,684,0,ONMK005_005,684
111291,836,0,ONMK005_005,1520
111292,204,0,ONMK005_005,1724
111293,336,0,ONMK005_005,2060
111294,688,0,ONMK005_005,2748
111295,700,0,ONMK005_005,3448
111296,716,0,ONMK005_005,4164
111297,696,0,ONMK005_005,4860
111298,688,0,ONMK005_005,5548
111299,72,0,ONMK005_005,5620
111300,620,0,ONMK005_005,6240
111301,628,0,ONMK005_005,6868
111302,736,0,ONMK005_005,7604
111303,668,0,ONMK005_005,8272
111304,676,0,ONMK005_005,8948
111305,664,0,ONMK005_005,9612
111306,660,0,ONMK005_005,10272
111307,664,0,ONMK005_005,10936
111308,676,0,ONMK005_005,11612
111309,616,0,ONMK005_005,12228
111310,344,0,ONMK005_005,12572
111311,380,0,ONMK005_005,12952
111312,260,0,ONMK005_005,13212
111313,420,0,ONMK005_005,13632
111314,664,0,ONMK005_005,14296
111315,648,0,ONMK005_005,14944
111316,652,0,ONMK005_005,15596
111317,648,0,ONMK005_005,16244
111318,652,0,ONMK005_005,16896
111319,208,0,ONMK005_005,17104
111320,436,0,ONMK005_005,17540
111321,640,0,ONMK005_005,18180
111322,644,0,ONMK005_005,18824
111323,280,0,ONMK005_005,19104
111324,360,0,ONMK005_005,19464
111325,644,0,ONMK005_005,20108
111326,588,0,ONMK005_005,20696
111327,688,0,ONMK005_005,21384
111328,632,0,ONMK005_005,22016
111329,632,0,ONMK005_005,22648
111330,636,0,ONMK005_005,23284
111331,640,0,ONMK005_005,23924
111332,588,0,ONMK005_005,24512
111333,676,0,ONMK005_005,25188
111334,640,0,ONMK005_005,25828
111335,636,0,ONMK005_005,26464
111336,644,0,ONMK005_005,27108
111337,640,0,ONMK005_005,27748
111338,640,0,ONMK005_005,28388
111339,640,0,ONMK005_005,29028
111340,644,0,ONMK005_005,29672
111341,636,0,ONMK005_005,30308
111342,640,0,ONMK005_005,30948
111343,644,0,ONMK005_005,31592
111344,588,0,ONMK005_005,32180
111345,696,0,ONMK005_005,32876
111346,652,0,ONMK005_005,33528
111347,648,0,ONMK005_005,34176
111348,656,0,ONMK005_005,34832
111349,1316,0,ONMK005_005,36148
111350,668,0,ONMK005_005,36816
111351,660,0,ONMK005_005,37476
111352,684,0,ONMK005_005,38160
111353,656,0,ONMK005_005,38816
111354,656,0,ONMK005_005,39472
111355,664,0,ONMK005_005,40136
111356,660,0,ONMK005_005,40796
111357,664,0,ONMK005_005,41460
111358,656,0,ONMK005_005,42116
111359,664,0,ONMK005_005,42780
111360,664,0,ONMK005_005,43444
111361,656,0,ONMK005_005,44100
111362,660,0,ONMK005_005,44760
111363,660,0,ONMK005_005,45420
111364,656,0,ONMK005_005,46076
111365,664,0,ONMK005_005,46740
111366,664,0,ONMK005_005,47404
111367,664,0,ONMK005_005,48068
111368,664,0,ONMK005_005,48732
111369,672,0,ONMK005_005,49404
111370,624,0,ONMK005_005,50028
111371,724,0,ONMK005_005,50752
111372,676,0,ONMK005_005,51428
111373,664,0,ONMK005_005,52092
111374,680,0,ONMK005_005,52772
111375,680,0,ONMK005_005,53452
111376,664,0,ONMK005_005,54116
111377,664,0,ONMK005_005,54780
111378,672,0,ONMK005_005,55452
111379,668,0,ONMK005_005,56120
111380,668,0,ONMK005_005,56788
111381,668,0,ONMK005_005,57456
111382,664,0,ONMK005_005,58120
111383,672,0,ONMK005_005,58792
111384,672,0,ONMK005_005,59464
111385,668,0,ONMK005_005,60132
111386,660,0,ONMK005_005,60792
111387,664,0,ONMK005_005,61456
111388,660,0,ONMK005_005,62116
111389,652,0,ONMK005_005,62768
111390,652,0,ONMK005_005,63420
111391,648,0,ONMK005_005,64068
111392,652,0,ONMK005_005,64720
111393,644,0,ONMK005_005,65364
111394,652,0,ONMK005_005,66016
111395,592,0,ONMK005_005,66608
111396,696,0,ONMK005_005,67304
111397,656,0,ONMK005_005,67960
111398,648,0,ONMK005_005,68608
111399,652,0,ONMK005_005,69260
111400,648,0,ONMK005_005,69908
111401,652,0,ONMK005_005,70560
111402,656,0,ONMK005_005,71216
111403,656,0,ONMK005_005,71872
111404,608,0,ONMK005_005,72480
111405,708,0,ONMK005_005,73188
111406,660,0,ONMK005_005,73848
111407,1320,0,ONMK005_005,75168
111408,656,0,ONMK005_005,75824
111409,660,0,ONMK005_005,76484
111410,664,0,ONMK005_005,77148
111411,660,0,ONMK005_005,77808
111412,660,0,ONMK005_005,78468
111413,1300,0,ONMK005_005,79768
111414,644,0,ONMK005_005,80412
111415,652,0,ONMK005_005,81064
111416,644,0,ONMK005_005,81708
111417,644,0,ONMK005_005,82352
111418,648,0,ONMK005_005,83000
111419,648,0,ONMK005_005,83648
111420,652,0,ONMK005_005,84300
111421,652,0,ONMK005_005,84952
111422,660,0,ONMK005_005,85612
111423,652,0,ONMK005_005,86264
111424,652,0,ONMK005_005,86916
111425,656,0,ONMK005_005,87572
111426,648,0,ONMK005_005,88220
111427,656,0,ONMK005_005,88876
111428,604,0,ONMK005_005,89480
111429,700,0,ONMK005_005,90180
111430,648,0,ONMK005_005,90828
111431,648,0,ONMK005_005,91476
111432,644,0,ONMK005_005,92120
111433,656,0,ONMK005_005,92776
111434,648,0,ONMK005_005,93424
111435,648,0,ONMK005_005,94072
111436,652,0,ONMK005_005,94724
111437,656,0,ONMK005_005,95380
111438,648,0,ONMK005_005,96028
111439,652,0,ONMK005_005,96680
111440,652,0,ONMK005_005,97332
111441,652,0,ONMK005_005,97984
111442,652,0,ONMK005_005,98636
111443,640,0,ONMK005_005,99276
111444,644,0,ONMK005_005,99920
111445,648,0,ONMK005_005,100568
111446,656,0,ONMK005_005,101224
111447,648,0,ONMK005_005,101872
111448,600,0,ONMK005_005,102472
111449,696,0,ONMK005_005,103168
111450,656,0,ONMK005_005,103824
111451,644,0,ONMK005_005,104468
111452,656,0,ONMK005_005,105124
111453,640,0,ONMK005_005,105764
111454,644,0,ONMK005_005,106408
111455,644,0,ONMK005_005,107052
111456,652,0,ONMK005_005,107704
111457,644,0,ONMK005_005,108348
111458,644,0,ONMK005_005,108992
111459,644,0,ONMK005_005,109636
111460,656,0,ONMK005_005,110292
111461,644,0,ONMK005_005,110936
111462,656,0,ONMK005_005,111592
111463,636,0,ONMK005_005,112228
111464,628,0,ONMK005_005,112856
111465,636,0,ONMK005_005,113492
111466,624,0,ONMK005_005,114116
111467,620,0,ONMK005_005,114736
111468,620,0,ONMK005_005,115356
111469,620,0,ONMK005_005,115976
111470,624,0,ONMK005_005,116600
111471,632,0,ONMK005_005,117232
111472,632,0,ONMK005_005,117864
111473,636,0,ONMK005_005,118500
111474,624,0,ONMK005_005,119124
111475,636,0,ONMK005_005,119760
111476,636,0,ONMK005_005,120396
111477,632,0,ONMK005_005,121028
111478,636,0,ONMK005_005,121664
111479,632,0,ONMK005_005,122296
111480,628,0,ONMK005_005,122924
111481,580,0,ONMK005_005,123504
111482,688,0,ONMK005_005,124192
111483,636,0,ONMK005_005,124828
111484,660,0,ONMK005_005,125488
111485,644,0,ONMK005_005,126132
111486,652,0,ONMK005_005,126784
111487,640,0,ONMK005_005,127424
111488,640,0,ONMK005_005,128064
111489,632,0,ONMK005_005,128696
111490,632,0,ONMK005_005,129328
111491,620,0,ONMK005_005,129948
111492,616,0,ONMK005_005,130564
111493,616,0,ONMK005_005,131180
111494,616,0,ONMK005_005,131796
111495,620,0,ONMK005_005,132416
111496,564,0,ONMK005_005,132980
111497,616,0,ONMK005_005,133596
111498,660,0,ONMK005_005,134256
111499,620,0,ONMK005_005,134876
111500,628,0,ONMK005_005,135504
111501,636,0,ONMK005_005,136140
111502,644,0,ONMK005_005,136784
111503,656,0,ONMK005_005,137440
111504,664,0,ONMK005_005,138104
111505,672,0,ONMK005_005,138776
111506,668,0,ONMK005_005,139444
111507,672,0,ONMK005_005,140116
111508,676,0,ONMK005_005,140792
111509,676,0,ONMK005_005,141468
111510,676,0,ONMK005_005,142144
111511,676,0,ONMK005_005,142820
111512,684,0,ONMK005_005,143504
111513,676,0,ONMK005_005,144180
111514,676,0,ONMK005_005,144856
111515,672,0,ONMK005_005,145528
111516,680,0,ONMK005_005,146208
111517,672,0,ONMK005_005,146880
111518,672,0,ONMK005_005,147552
111519,664,0,ONMK005_005,148216
111520,672,0,ONMK005_005,148888
111521,620,0,ONMK005_005,149508
111522,720,0,ONMK005_005,150228
111523,672,0,ONMK005_005,150900
111524,616,0,ONMK005_005,151516
111525,728,0,ONMK005_005,152244
111526,672,0,ONMK005_005,152916
111527,676,0,ONMK005_005,153592
111528,672,0,ONMK005_005,154264
111529,676,0,ONMK005_005,154940
111530,676,0,ONMK005_005,155616
111531,680,0,ONMK005_005,156296
111532,672,0,ONMK005_005,156968
111533,672,0,ONMK005_005,157640
111534,672,0,ONMK005_005,158312
111535,676,0,ONMK005_005,158988
111536,680,0,ONMK005_005,159668
111537,676,0,ONMK005_005,160344
111538,672,0,ONMK005_005,161016
111539,676,0,ONMK005_005,161692
111540,676,0,ONMK005_005,162368
111541,680,0,ONMK005_005,163048
111542,672,0,ONMK005_005,163720
111543,668,0,ONMK005_005,164388
111544,676,0,ONMK005_005,165064
111545,672,0,ONMK005_005,165736
111546,672,0,ONMK005_005,166408
111547,664,0,ONMK005_005,167072
111548,660,0,ONMK005_005,167732
111549,676,0,ONMK005_005,168408
111550,664,0,ONMK005_005,169072
111551,664,0,ONMK005_005,169736
111552,668,0,ONMK005_005,170404
111553,612,0,ONMK005_005,171016
111554,716,0,ONMK005_005,171732
111555,664,0,ONMK005_005,172396
111556,656,0,ONMK005_005,173052
111557,656,0,ONMK005_005,173708
111558,656,0,ONMK005_005,174364
111559,668,0,ONMK005_005,175032
111560,668,0,ONMK005_005,175700
111561,676,0,ONMK005_005,176376
111562,668,0,ONMK005_005,177044
111563,672,0,ONMK005_005,177716
111564,680,0,ONMK005_005,178396
111565,672,0,ONMK005_005,179068
111566,672,0,ONMK005_005,179740
111567,680,0,ONMK005_005,180420
111568,676,0,ONMK005_005,181096
111569,688,0,ONMK005_005,181784
111570,688,0,ONMK005_005,182472
111571,692,0,ONMK005_005,183164
111572,688,0,ONMK005_005,183852
111573,692,0,ONMK005_005,184544
111574,696,0,ONMK005_005,185240
111575,640,0,ONMK005_005,185880
111576,728,0,ONMK005_005,186608
111577,680,0,ONMK005_005,187288
111578,668,0,ONMK005_005,187956
111579,676,0,ONMK005_005,188632
111580,664,0,ONMK005_005,189296
111581,672,0,ONMK005_005,189968
111582,664,0,ONMK005_005,190632
111583,664,0,ONMK005_005,191296
111584,676,0,ONMK005_005,191972
111585,676,0,ONMK005_005,192648
111586,668,0,ONMK005_005,193316
111587,668,0,ONMK005_005,193984
111588,676,0,ONMK005_005,194660
111589,696,0,ONMK005_005,195356
111590,680,0,ONMK005_005,196036
111591,684,0,ONMK005_005,196720
111592,676,0,ONMK005_005,197396
111593,680,0,ONMK005_005,198076
111594,684,0,ONMK005_005,198760
111595,684,0,ONMK005_005,199444
111596,676,0,ONMK005_005,200120
111597,680,0,ONMK005_005,200800
111598,680,0,ONMK005_005,201480
111599,692,0,ONMK005_005,202172
111600,688,0,ONMK005_005,202860
111601,680,0,ONMK005_005,203540
111602,680,0,ONMK005_005,204220
111603,680,0,ONMK005_005,204900
111604,684,0,ONMK005_005,205584
111605,684,0,ONMK005_005,206268
111606,680,0,ONMK005_005,206948
111607,676,0,ONMK005_005,207624
111608,680,0,ONMK005_005,208304
111609,676,0,ONMK005_005,208980
111610,684,0,ONMK005_005,209664
111611,672,0,ONMK005_005,210336
111612,672,0,ONMK005_005,211008
111613,680,0,ONMK005_005,211688
111614,676,0,ONMK005_005,212364
111615,680,0,ONMK005_005,213044
111616,680,0,ONMK005_005,213724
111617,680,0,ONMK005_005,214404
111618,680,0,ONMK005_005,215084
111619,680,0,ONMK005_005,215764
111620,684,0,ONMK005_005,216448
111621,684,0,ONMK005_005,217132
111622,684,0,ONMK005_005,217816
111623,680,0,ONMK005_005,218496
111624,692,0,ONMK005_005,219188
111625,688,0,ONMK005_005,219876
111626,696,0,ONMK005_005,220572
111627,696,0,ONMK005_005,221268
111628,684,0,ONMK005_005,221952
111629,688,0,ONMK005_005,222640
111630,692,0,ONMK005_005,223332
111631,688,0,ONMK005_005,224020
111632,692,0,ONMK005_005,224712
111633,684,0,ONMK005_005,225396
111634,680,0,ONMK005_005,226076
111635,684,0,ONMK005_005,226760
111636,692,0,ONMK005_005,227452
111637,680,0,ONMK005_005,228132
111638,672,0,ONMK005_005,228804
111639,676,0,ONMK005_005,229480
111640,692,0,ONMK005_005,230172
111641,684,0,ONMK005_005,230856
111642,692,0,ONMK005_005,231548
111643,680,0,ONMK005_005,232228
111644,684,0,ONMK005_005,232912
111645,636,0,ONMK005_005,233548
111646,732,0,ONMK005_005,234280
111647,676,0,ONMK005_005,234956
111648,680,0,ONMK005_005,235636
111649,680,0,ONMK005_005,236316
111650,680,0,ONMK005_005,236996
111651,672,0,ONMK005_005,237668
111652,668,0,ONMK005_005,238336
111653,668,0,ONMK005_005,239004
111654,672,0,ONMK005_005,239676
111655,676,0,ONMK005_005,240352
111656,664,0,ONMK005_005,241016
111657,664,0,ONMK005_005,241680
111658,672,0,ONMK005_005,242352
111659,660,0,ONMK005_005,243012
111660,664,0,ONMK005_005,243676
111661,660,0,ONMK005_005,244336
111662,660,0,ONMK005_005,244996
111663,660,0,ONMK005_005,245656
111664,660,0,ONMK005_005,246316
111665,664,0,ONMK005_005,246980
111666,660,0,ONMK005_005,247640
111667,660,0,ONMK005_005,248300
111668,660,0,ONMK005_005,248960
111669,676,0,ONMK005_005,249636
111670,620,0,ONMK005_005,250256
111671,724,0,ONMK005_005,250980
111672,676,0,ONMK005_005,251656
111673,680,0,ONMK005_005,252336
111674,676,0,ONMK005_005,253012
111675,684,0,ONMK005_005,253696
111676,684,0,ONMK005_005,254380
111677,680,0,ONMK005_005,255060
111678,676,0,ONMK005_005,255736
111679,680,0,ONMK005_005,256416
111680,680,0,ONMK005_005,257096
111681,680,0,ONMK005_005,257776
111682,668,0,ONMK005_005,258444
111683,676,0,ONMK005_005,259120
111684,680,0,ONMK005_005,259800
111685,680,0,ONMK005_005,260480
111686,688,0,ONMK005_005,261168
111687,680,0,ONMK005_005,261848
111688,684,0,ONMK005_005,262532
111689,684,0,ONMK005_005,263216
111690,680,0,ONMK005_005,263896
111691,684,0,ONMK005_005,264580
111692,688,0,ONMK005_005,265268
111693,692,0,ONMK005_005,265960
111694,680,0,ONMK005_005,266640
111695,684,0,ONMK005_005,267324
111696,700,0,ONMK005_005,268024
111697,696,0,ONMK005_005,268720
111698,688,0,ONMK005_005,269408
111699,688,0,ONMK005_005,270096
111700,692,0,ONMK005_005,270788
111701,696,0,ONMK005_005,271484
111702,696,0,ONMK005_005,272180
111703,688,0,ONMK005_005,272868
111704,692,0,ONMK005_005,273560
111705,680,0,ONMK005_005,274240
111706,688,0,ONMK005_005,274928
111707,692,0,ONMK005_005,275620
111708,684,0,ONMK005_005,276304
111709,680,0,ONMK005_005,276984
111710,684,0,ONMK005_005,277668
111711,692,0,ONMK005_005,278360
111712,696,0,ONMK005_005,279056
111713,688,0,ONMK005_005,279744
111714,688,0,ONMK005_005,280432
111715,692,0,ONMK005_005,281124
111716,696,0,ONMK005_005,281820
111717,692,0,ONMK005_005,282512
111718,696,0,ONMK005_005,283208
111719,692,0,ONMK005_005,283900
111720,688,0,ONMK005_005,284588
111721,692,0,ONMK005_005,285280
111722,688,0,ONMK005_005,285968
111723,684,0,ONMK005_005,286652
111724,680,0,ONMK005_005,287332
111725,676,0,ONMK005_005,288008
111726,684,0,ONMK005_005,288692
111727,696,0,ONMK005_005,289388
111728,696,0,ONMK005_005,290084
111729,684,0,ONMK005_005,290768
111730,680,0,ONMK005_005,291448
111731,684,0,ONMK005_005,292132
111732,696,0,ONMK005_005,292828
111733,688,0,ONMK005_005,293516
111734,692,0,ONMK005_005,294208
111735,680,0,ONMK005_005,294888
111736,684,0,ONMK005_005,295572
111737,680,0,ONMK005_005,296252
111738,680,0,ONMK005_005,296932
111739,680,0,ONMK005_005,297612
111740,680,0,ONMK005_005,298292
111741,680,0,ONMK005_005,298972
111742,688,0,ONMK005_005,299660
111743,688,0,ONMK005_005,300348
111744,684,0,ONMK005_005,301032
111745,680,0,ONMK005_005,301712
111746,680,0,ONMK005_005,302392
111747,680,0,ONMK005_005,303072
111748,680,0,ONMK005_005,303752
111749,680,0,ONMK005_005,304432
111750,672,0,ONMK005_005,305104
111751,676,0,ONMK005_005,305780
111752,676,0,ONMK005_005,306456
111753,684,0,ONMK005_005,307140
111754,680,0,ONMK005_005,307820
111755,676,0,ONMK005_005,308496
111756,684,0,ONMK005_005,309180
111757,680,0,ONMK005_005,309860
111758,696,0,ONMK005_005,310556
111759,684,0,ONMK005_005,311240
111760,688,0,ONMK005_005,311928
111761,692,0,ONMK005_005,312620
111762,696,0,ONMK005_005,313316
111763,700,0,ONMK005_005,314016
111764,692,0,ONMK005_005,314708
111765,692,0,ONMK005_005,315400
111766,684,0,ONMK005_005,316084
111767,692,0,ONMK005_005,316776
111768,688,0,ONMK005_005,317464
111769,692,0,ONMK005_005,318156
111770,684,0,ONMK005_005,318840
111771,684,0,ONMK005_005,319524
111772,688,0,ONMK005_005,320212
111773,692,0,ONMK005_005,320904
111774,696,0,ONMK005_005,321600
111775,688,0,ONMK005_005,322288
111776,696,0,ONMK005_005,322984
111777,684,0,ONMK005_005,323668
111778,700,0,ONMK005_005,324368
111779,704,0,ONMK005_005,325072
111780,704,0,ONMK005_005,325776
111781,700,0,ONMK005_005,326476
111782,696,0,ONMK005_005,327172
111783,704,0,ONMK005_005,327876
111784,712,0,ONMK005_005,328588
111785,704,0,ONMK005_005,329292
111786,708,0,ONMK005_005,330000
111787,708,0,ONMK005_005,330708
111788,708,0,ONMK005_005,331416
111789,708,0,ONMK005_005,332124
111790,700,0,ONMK005_005,332824
111791,692,0,ONMK005_005,333516
111792,696,0,ONMK005_005,334212
111793,716,0,ONMK005_005,334928
111794,704,0,ONMK005_005,335632
111795,700,0,ONMK005_005,336332
111796,700,0,ONMK005_005,337032
111797,696,0,ONMK005_005,337728
111798,688,0,ONMK005_005,338416
111799,696,0,ONMK005_005,339112
111800,680,0,ONMK005_005,339792
111801,680,0,ONMK005_005,340472
111802,680,0,ONMK005_005,341152
111803,680,0,ONMK005_005,341832
111804,664,0,ONMK005_005,342496
111805,680,0,ONMK005_005,343176
111806,676,0,ONMK005_005,343852
111807,684,0,ONMK005_005,344536
111808,684,0,ONMK005_005,345220
111809,696,0,ONMK005_005,345916
111810,684,0,ONMK005_005,346600
111811,680,0,ONMK005_005,347280
111812,676,0,ONMK005_005,347956
111813,668,0,ONMK005_005,348624
111814,672,0,ONMK005_005,349296
111815,664,0,ONMK005_005,349960
111816,660,0,ONMK005_005,350620
111817,676,0,ONMK005_005,351296
111818,660,0,ONMK005_005,351956
111819,604,0,ONMK005_005,352560
111820,720,0,ONMK005_005,353280
111821,664,0,ONMK005_005,353944
111822,676,0,ONMK005_005,354620
111823,664,0,ONMK005_005,355284
111824,676,0,ONMK005_005,355960
111825,1364,0,ONMK005_005,357324
111826,680,0,ONMK005_005,358004
111827,620,0,ONMK005_005,358624
111828,724,0,ONMK005_005,359348
111829,672,0,ONMK005_005,360020
111830,604,0,ONMK005_005,360624
111831,716,0,ONMK005_005,361340
111832,604,0,ONMK005_005,361944
111833,660,0,ONMK005_005,362604
111834,700,0,ONMK005_005,363304
111835,660,0,ONMK005_005,363964
111836,664,0,ONMK005_005,364628
111837,660,0,ONMK005_005,365288
111838,676,0,ONMK005_005,365964
111839,676,0,ONMK005_005,366640
111840,680,0,ONMK005_005,367320
111841,684,0,ONMK005_005,368004
111842,620,0,ONMK005_005,368624
111843,724,0,ONMK005_005,369348
111844,680,0,ONMK005_005,370028
111845,684,0,ONMK005_005,370712
111846,680,0,ONMK005_005,371392
111847,636,0,ONMK005_005,372028
111848,740,0,ONMK005_005,372768
111849,688,0,ONMK005_005,373456
111850,680,0,ONMK005_005,374136
111851,692,0,ONMK005_005,374828
111852,688,0,ONMK005_005,375516
111853,688,0,ONMK005_005,376204
111854,684,0,ONMK005_005,376888
111855,664,0,ONMK005_005,377552
111856,656,0,ONMK005_005,378208
111857,688,0,ONMK005_005,378896
111858,696,0,ONMK005_005,379592
111859,720,0,ONMK005_005,380312
111860,720,0,ONMK005_005,381032
111861,704,0,ONMK005_005,381736
111862,712,0,ONMK005_005,382448
111863,692,0,ONMK005_005,383140
111864,692,0,ONMK005_005,383832
111865,684,0,ONMK005_005,384516
111866,676,0,ONMK005_005,385192
111867,664,0,ONMK005_005,385856
111868,672,0,ONMK005_005,386528
111869,660,0,ONMK005_005,387188
111870,660,0,ONMK005_005,387848
111871,648,0,ONMK005_005,388496
111872,656,0,ONMK005_005,389152
111873,640,0,ONMK005_005,389792
111874,640,0,ONMK005_005,390432
111875,640,0,ONMK005_005,391072
111876,624,0,ONMK005_005,391696
111877,620,0,ONMK005_005,392316
111878,624,0,ONMK005_005,392940
111879,632,0,ONMK005_005,393572
111880,628,0,ONMK005_005,394200
111881,640,0,ONMK005_005,394840
111882,656,0,ONMK005_005,395496
111883,664,0,ONMK005_005,396160
111884,676,0,ONMK005_005,396836
111885,680,0,ONMK005_005,397516
111886,684,0,ONMK005_005,398200
111887,692,0,ONMK005_005,398892
111888,688,0,ONMK005_005,399580
111889,692,0,ONMK005_005,400272
111890,684,0,ONMK005_005,400956
111891,684,0,ONMK005_005,401640
111892,696,0,ONMK005_005,402336
111893,684,0,ONMK005_005,403020
111894,696,0,ONMK005_005,403716
111895,696,0,ONMK005_005,404412
111896,688,0,ONMK005_005,405100
111897,696,0,ONMK005_005,405796
111898,684,0,ONMK005_005,406480
111899,696,0,ONMK005_005,407176
111900,684,0,ONMK005_005,407860
111901,696,0,ONMK005_005,408556
111902,684,0,ONMK005_005,409240
111903,696,0,ONMK005_005,409936
111904,684,0,ONMK005_005,410620
111905,696,0,ONMK005_005,411316
111906,684,0,ONMK005_005,412000
111907,644,0,ONMK005_005,412644
111908,740,0,ONMK005_005,413384
111909,696,0,ONMK005_005,414080
111910,684,0,ONMK005_005,414764
111911,696,0,ONMK005_005,415460
111912,696,0,ONMK005_005,416156
111913,688,0,ONMK005_005,416844
111914,696,0,ONMK005_005,417540
111915,700,0,ONMK005_005,418240
111916,688,0,ONMK005_005,418928
111917,696,0,ONMK005_005,419624
111918,696,0,ONMK005_005,420320
111919,700,0,ONMK005_005,421020
111920,700,0,ONMK005_005,421720
111921,704,0,ONMK005_005,422424
111922,684,0,ONMK005_005,423108
111923,696,0,ONMK005_005,423804
111924,700,0,ONMK005_005,424504
111925,696,0,ONMK005_005,425200
111926,688,0,ONMK005_005,425888
111927,696,0,ONMK005_005,426584
111928,684,0,ONMK005_005,427268
111929,696,0,ONMK005_005,427964
111930,688,0,ONMK005_005,428652
111931,696,0,ONMK005_005,429348
111932,688,0,ONMK005_005,430036
111933,692,0,ONMK005_005,430728
111934,696,0,ONMK005_005,431424
111935,704,0,ONMK005_005,432128
111936,688,0,ONMK005_005,432816
111937,696,0,ONMK005_005,433512
111938,696,0,ONMK005_005,434208
111939,688,0,ONMK005_005,434896
111940,696,0,ONMK005_005,435592
111941,684,0,ONMK005_005,436276
111942,696,0,ONMK005_005,436972
111943,680,0,ONMK005_005,437652
111944,680,0,ONMK005_005,438332
111945,684,0,ONMK005_005,439016
111946,640,0,ONMK005_005,439656
111947,736,0,ONMK005_005,440392
111948,684,0,ONMK005_005,441076
111949,684,0,ONMK005_005,441760
111950,636,0,ONMK005_005,442396
111951,740,0,ONMK005_005,443136
111952,680,0,ONMK005_005,443816
111953,680,0,ONMK005_005,444496
111954,668,0,ONMK005_005,445164
111955,680,0,ONMK005_005,445844
111956,680,0,ONMK005_005,446524
111957,676,0,ONMK005_005,447200
111958,680,0,ONMK005_005,447880
111959,676,0,ONMK005_005,448556
111960,684,0,ONMK005_005,449240
111961,664,0,ONMK005_005,449904
111962,676,0,ONMK005_005,450580
111963,680,0,ONMK005_005,451260
111964,668,0,ONMK005_005,451928
111965,676,0,ONMK005_005,452604
111966,680,0,ONMK005_005,453284
111967,664,0,ONMK005_005,453948
111968,676,0,ONMK005_005,454624
111969,664,0,ONMK005_005,455288
111970,676,0,ONMK005_005,455964
111971,680,0,ONMK005_005,456644
111972,664,0,ONMK005_005,457308
111973,676,0,ONMK005_005,457984
111974,664,0,ONMK005_005,458648
111975,680,0,ONMK005_005,459328
111976,680,0,ONMK005_005,460008
111977,664,0,ONMK005_005,460672
111978,676,0,ONMK005_005,461348
111979,680,0,ONMK005_005,462028
111980,664,0,ONMK005_005,462692
111981,680,0,ONMK005_005,463372
111982,676,0,ONMK005_005,464048
111983,684,0,ONMK005_005,464732
111984,680,0,ONMK005_005,465412
111985,680,0,ONMK005_005,466092
111986,680,0,ONMK005_005,466772
111987,684,0,ONMK005_005,467456
111988,692,0,ONMK005_005,468148
111989,684,0,ONMK005_005,468832
111990,696,0,ONMK005_005,469528
111991,684,0,ONMK005_005,470212
111992,680,0,ONMK005_005,470892
111993,684,0,ONMK005_005,471576
111994,696,0,ONMK005_005,472272
111995,684,0,ONMK005_005,472956
111996,680,0,ONMK005_005,473636
111997,696,0,ONMK005_005,474332
111998,684,0,ONMK005_005,475016
111999,680,0,ONMK005_005,475696
112000,680,0,ONMK005_005,476376
112001,680,0,ONMK005_005,477056
112002,624,0,ONMK005_005,477680
112003,736,0,ONMK005_005,478416
112004,680,0,ONMK005_005,479096
112005,668,0,ONMK005_005,479764
112006,692,0,ONMK005_005,480456
112007,680,0,ONMK005_005,481136
112008,684,0,ONMK005_005,481820
112009,684,0,ONMK005_005,482504
112010,684,0,ONMK005_005,483188
112011,692,0,ONMK005_005,483880
112012,684,0,ONMK005_005,484564
112013,696,0,ONMK005_005,485260
112014,688,0,ONMK005_005,485948
112015,696,0,ONMK005_005,486644
112016,700,0,ONMK005_005,487344
112017,684,0,ONMK005_005,488028
112018,700,0,ONMK005_005,488728
112019,700,0,ONMK005_005,489428
112020,696,0,ONMK005_005,490124
112021,688,0,ONMK005_005,490812
112022,700,0,ONMK005_005,491512
112023,700,0,ONMK005_005,492212
112024,700,0,ONMK005_005,492912
112025,696,0,ONMK005_005,493608
112026,688,0,ONMK005_005,494296
112027,696,0,ONMK005_005,494992
112028,700,0,ONMK005_005,495692
112029,696,0,ONMK005_005,496388
112030,684,0,ONMK005_005,497072
112031,700,0,ONMK005_005,497772
112032,680,0,ONMK005_005,498452
112033,700,0,ONMK005_005,499152
112034,684,0,ONMK005_005,499836
112035,684,0,ONMK005_005,500520
112036,692,0,ONMK005_005,501212
112037,688,0,ONMK005_005,501900
112038,696,0,ONMK005_005,502596
112039,700,0,ONMK005_005,503296
112040,700,0,ONMK005_005,503996
112041,684,0,ONMK005_005,504680
112042,696,0,ONMK005_005,505376
112043,684,0,ONMK005_005,506060
112044,640,0,ONMK005_005,506700
112045,740,0,ONMK005_005,507440
112046,680,0,ONMK005_005,508120
112047,684,0,ONMK005_005,508804
112048,680,0,ONMK005_005,509484
112049,684,0,ONMK005_005,510168
112050,692,0,ONMK005_005,510860
112051,680,0,ONMK005_005,511540
112052,684,0,ONMK005_005,512224
112053,680,0,ONMK005_005,512904
112054,684,0,ONMK005_005,513588
112055,680,0,ONMK005_005,514268
112056,684,0,ONMK005_005,514952
112057,696,0,ONMK005_005,515648
112058,680,0,ONMK005_005,516328
112059,700,0,ONMK005_005,517028
112060,680,0,ONMK005_005,517708
112061,680,0,ONMK005_005,518388
112062,684,0,ONMK005_005,519072
112063,680,0,ONMK005_005,519752
112064,684,0,ONMK005_005,520436
112065,696,0,ONMK005_005,521132
112066,680,0,ONMK005_005,521812
112067,680,0,ONMK005_005,522492
112068,684,0,ONMK005_005,523176
112069,688,0,ONMK005_005,523864
112070,692,0,ONMK005_005,524556
112071,680,0,ONMK005_005,525236
112072,680,0,ONMK005_005,525916
112073,684,0,ONMK005_005,526600
112074,624,0,ONMK005_005,527224
112075,736,0,ONMK005_005,527960
112076,680,0,ONMK005_005,528640
112077,668,0,ONMK005_005,529308
112078,696,0,ONMK005_005,530004
112079,680,0,ONMK005_005,530684
112080,668,0,ONMK005_005,531352
112081,692,0,ONMK005_005,532044
112082,668,0,ONMK005_005,532712
112083,680,0,ONMK005_005,533392
112084,680,0,ONMK005_005,534072
112085,636,0,ONMK005_005,534708
112086,724,0,ONMK005_005,535432
112087,684,0,ONMK005_005,536116
112088,696,0,ONMK005_005,536812
112089,688,0,ONMK005_005,537500
112090,692,0,ONMK005_005,538192
112091,684,0,ONMK005_005,538876
112092,696,0,ONMK005_005,539572
112093,700,0,ONMK005_005,540272
112094,704,0,ONMK005_005,540976
112095,684,0,ONMK005_005,541660
112096,696,0,ONMK005_005,542356
112097,684,0,ONMK005_005,543040
112098,700,0,ONMK005_005,543740
112099,684,0,ONMK005_005,544424
112100,696,0,ONMK005_005,545120
112101,680,0,ONMK005_005,545800
112102,684,0,ONMK005_005,546484
112103,696,0,ONMK005_005,547180
112104,688,0,ONMK005_005,547868
112105,700,0,ONMK005_005,548568
112106,696,0,ONMK005_005,549264
112107,704,0,ONMK005_005,549968
112108,716,0,ONMK005_005,550684
112109,724,0,ONMK005_005,551408
112110,720,0,ONMK005_005,552128
112111,700,0,ONMK005_005,552828
112112,704,0,ONMK005_005,553532
112113,700,0,ONMK005_005,554232
112114,716,0,ONMK005_005,554948
112115,700,0,ONMK005_005,555648
112116,700,0,ONMK005_005,556348
112117,692,0,ONMK005_005,557040
112118,700,0,ONMK005_005,557740
112119,712,0,ONMK005_005,558452
112120,708,0,ONMK005_005,559160
112121,712,0,ONMK005_005,559872
112122,704,0,ONMK005_005,560576
112123,704,0,ONMK005_005,561280
112124,704,0,ONMK005_005,561984
112125,716,0,ONMK005_005,562700
112126,700,0,ONMK005_005,563400
112127,700,0,ONMK005_005,564100
112128,704,0,ONMK005_005,564804
112129,700,0,ONMK005_005,565504
112130,716,0,ONMK005_005,566220
112131,688,0,ONMK005_005,566908
112132,712,0,ONMK005_005,567620
112133,700,0,ONMK005_005,568320
112134,700,0,ONMK005_005,569020
112135,704,0,ONMK005_005,569724
112136,684,0,ONMK005_005,570408
112137,684,0,ONMK005_005,571092
112138,636,0,ONMK005_005,571728
112139,744,0,ONMK005_005,572472
112140,696,0,ONMK005_005,573168
112141,696,0,ONMK005_005,573864
112142,684,0,ONMK005_005,574548
112143,684,0,ONMK005_005,575232
112144,700,0,ONMK005_005,575932
112145,696,0,ONMK005_005,576628
112146,680,0,ONMK005_005,577308
112147,680,0,ONMK005_005,577988
112148,664,0,ONMK005_005,578652
112149,676,0,ONMK005_005,579328
112150,660,0,ONMK005_005,579988
112151,648,0,ONMK005_005,580636
112152,672,0,ONMK005_005,581308
112153,664,0,ONMK005_005,581972
112154,680,0,ONMK005_005,582652
112155,680,0,ONMK005_005,583332
112156,680,0,ONMK005_005,584012
112157,684,0,ONMK005_005,584696
112158,700,0,ONMK005_005,585396
112159,700,0,ONMK005_005,586096
112160,700,0,ONMK005_005,586796
112161,700,0,ONMK005_005,587496
112162,700,0,ONMK005_005,588196
112163,716,0,ONMK005_005,588912
112164,704,0,ONMK005_005,589616
112165,704,0,ONMK005_005,590320
112166,716,0,ONMK005_005,591036
112167,704,0,ONMK005_005,591740
112168,716,0,ONMK005_005,592456
112169,700,0,ONMK005_005,593156
112170,700,0,ONMK005_005,593856
112171,700,0,ONMK005_005,594556
112172,704,0,ONMK005_005,595260
112173,704,0,ONMK005_005,595964
112174,700,0,ONMK005_005,596664
112175,696,0,ONMK005_005,597360
112176,700,0,ONMK005_005,598060
112177,704,0,ONMK005_005,598764
112178,700,0,ONMK005_005,599464
112179,700,0,ONMK005_005,600164
112180,700,0,ONMK005_005,600864
112181,700,0,ONMK005_005,601564
112182,700,0,ONMK005_005,602264
112183,696,0,ONMK005_005,602960
112184,700,0,ONMK005_005,603660
112185,700,0,ONMK005_005,604360
112186,688,0,ONMK005_005,605048
112187,704,0,ONMK005_005,605752
112188,696,0,ONMK005_005,606448
112189,700,0,ONMK005_005,607148
112190,700,0,ONMK005_005,607848
112191,704,0,ONMK005_005,608552
112192,700,0,ONMK005_005,609252
112193,696,0,ONMK005_005,609948
112194,700,0,ONMK005_005,610648
112195,700,0,ONMK005_005,611348
112196,700,0,ONMK005_005,612048
112197,700,0,ONMK005_005,612748
112198,700,0,ONMK005_005,613448
112199,700,0,ONMK005_005,614148
112200,692,0,ONMK005_005,614840
112201,696,0,ONMK005_005,615536
112202,700,0,ONMK005_005,616236
112203,700,0,ONMK005_005,616936
112204,700,0,ONMK005_005,617636
112205,700,0,ONMK005_005,618336
112206,704,0,ONMK005_005,619040
112207,700,0,ONMK005_005,619740
112208,700,0,ONMK005_005,620440
112209,696,0,ONMK005_005,621136
112210,700,0,ONMK005_005,621836
112211,704,0,ONMK005_005,622540
112212,684,0,ONMK005_005,623224
112213,716,0,ONMK005_005,623940
112214,708,0,ONMK005_005,624648
112215,720,0,ONMK005_005,625368
112216,716,0,ONMK005_005,626084
112217,660,0,ONMK005_005,626744
112218,760,0,ONMK005_005,627504
112219,724,0,ONMK005_005,628228
112220,716,0,ONMK005_005,628944
112221,720,0,ONMK005_005,629664
112222,720,0,ONMK005_005,630384
112223,704,0,ONMK005_005,631088
112224,664,0,ONMK005_005,631752
112225,756,0,ONMK005_005,632508
112226,704,0,ONMK005_005,633212
112227,716,0,ONMK005_005,633928
112228,704,0,ONMK005_005,634632
112229,704,0,ONMK005_005,635336
112230,716,0,ONMK005_005,636052
112231,704,0,ONMK005_005,636756
112232,712,0,ONMK005_005,637468
112233,712,0,ONMK005_005,638180
112234,716,0,ONMK005_005,638896
112235,716,0,ONMK005_005,639612
112236,720,0,ONMK005_005,640332
112237,704,0,ONMK005_005,641036
112238,720,0,ONMK005_005,641756
112239,704,0,ONMK005_005,642460
112240,712,0,ONMK005_005,643172
112241,704,0,ONMK005_005,643876
112242,720,0,ONMK005_005,644596
112243,720,0,ONMK005_005,645316
112244,708,0,ONMK005_005,646024
112245,712,0,ONMK005_005,646736
112246,708,0,ONMK005_005,647444
112247,716,0,ONMK005_005,648160
112248,720,0,ONMK005_005,648880
112249,704,0,ONMK005_005,649584
112250,720,0,ONMK005_005,650304
112251,716,0,ONMK005_005,651020
112252,724,0,ONMK005_005,651744
112253,720,0,ONMK005_005,652464
112254,720,0,ONMK005_005,653184
112255,708,0,ONMK005_005,653892
112256,720,0,ONMK005_005,654612
112257,732,0,ONMK005_005,655344
112258,720,0,ONMK005_005,656064
112259,724,0,ONMK005_005,656788
112260,720,0,ONMK005_005,657508
112261,704,0,ONMK005_005,658212
112262,716,0,ONMK005_005,658928
112263,720,0,ONMK005_005,659648
112264,700,0,ONMK005_005,660348
112265,688,0,ONMK005_005,661036
112266,700,0,ONMK005_005,661736
112267,716,0,ONMK005_005,662452
112268,704,0,ONMK005_005,663156
112269,704,0,ONMK005_005,663860
112270,712,0,ONMK005_005,664572
112271,704,0,ONMK005_005,665276
112272,704,0,ONMK005_005,665980
112273,720,0,ONMK005_005,666700
112274,716,0,ONMK005_005,667416
112275,700,0,ONMK005_005,668116
112276,704,0,ONMK005_005,668820
112277,716,0,ONMK005_005,669536
112278,704,0,ONMK005_005,670240
112279,720,0,ONMK005_005,670960
112280,704,0,ONMK005_005,671664
112281,700,0,ONMK005_005,672364
112282,700,0,ONMK005_005,673064
112283,700,0,ONMK005_005,673764
112284,696,0,ONMK005_005,674460
112285,692,0,ONMK005_005,675152
112286,636,0,ONMK005_005,675788
112287,756,0,ONMK005_005,676544
112288,704,0,ONMK005_005,677248
112289,704,0,ONMK005_005,677952
112290,716,0,ONMK005_005,678668
112291,700,0,ONMK005_005,679368
112292,708,0,ONMK005_005,680076
112293,716,0,ONMK005_005,680792
112294,720,0,ONMK005_005,681512
112295,720,0,ONMK005_005,682232
112296,720,0,ONMK005_005,682952
112297,720,0,ONMK005_005,683672
112298,720,0,ONMK005_005,684392
112299,720,0,ONMK005_005,685112
112300,720,0,ONMK005_005,685832
112301,704,0,ONMK005_005,686536
112302,720,0,ONMK005_005,687256
112303,720,0,ONMK005_005,687976
112304,720,0,ONMK005_005,688696
112305,704,0,ONMK005_005,689400
112306,716,0,ONMK005_005,690116
112307,704,0,ONMK005_005,690820
112308,720,0,ONMK005_005,691540
112309,716,0,ONMK005_005,692256
112310,660,0,ONMK005_005,692916
112311,764,0,ONMK005_005,693680
112312,720,0,ONMK005_005,694400
112313,720,0,ONMK005_005,695120
112314,660,0,ONMK005_005,695780
112315,760,0,ONMK005_005,696540
112316,720,0,ONMK005_005,697260
112317,720,0,ONMK005_005,697980
112318,700,0,ONMK005_005,698680
112319,716,0,ONMK005_005,699396
112320,704,0,ONMK005_005,700100
112321,704,0,ONMK005_005,700804
112322,736,0,ONMK005_005,701540
112323,724,0,ONMK005_005,702264
112324,724,0,ONMK005_005,702988
112325,716,0,ONMK005_005,703704
112326,720,0,ONMK005_005,704424
112327,736,0,ONMK005_005,705160
112328,724,0,ONMK005_005,705884
112329,720,0,ONMK005_005,706604
112330,720,0,ONMK005_005,707324
112331,724,0,ONMK005_005,708048
112332,736,0,ONMK005_005,708784
112333,708,0,ONMK005_005,709492
112334,716,0,ONMK005_005,710208
112335,720,0,ONMK005_005,710928
112336,720,0,ONMK005_005,711648
112337,724,0,ONMK005_005,712372
112338,736,0,ONMK005_005,713108
112339,720,0,ONMK005_005,713828
112340,720,0,ONMK005_005,714548
112341,724,0,ONMK005_005,715272
112342,736,0,ONMK005_005,716008
112343,724,0,ONMK005_005,716732
112344,720,0,ONMK005_005,717452
112345,736,0,ONMK005_005,718188
112346,720,0,ONMK005_005,718908
112347,724,0,ONMK005_005,719632
112348,724,0,ONMK005_005,720356
112349,720,0,ONMK005_005,721076
112350,716,0,ONMK005_005,721792
112351,724,0,ONMK005_005,722516
112352,736,0,ONMK005_005,723252
112353,720,0,ONMK005_005,723972
112354,720,0,ONMK005_005,724692
112355,704,0,ONMK005_005,725396
112356,696,0,ONMK005_005,726092
112357,680,0,ONMK005_005,726772
112358,672,0,ONMK005_005,727444
112359,668,0,ONMK005_005,728112
112360,680,0,ONMK005_005,728792
112361,680,0,ONMK005_005,729472
112362,692,0,ONMK005_005,730164
112363,688,0,ONMK005_005,730852
112364,688,0,ONMK005_005,731540
112365,692,0,ONMK005_005,732232
112366,700,0,ONMK005_005,732932
112367,700,0,ONMK005_005,733632
112368,696,0,ONMK005_005,734328
112369,700,0,ONMK005_005,735028
112370,716,0,ONMK005_005,735744
112371,720,0,ONMK005_005,736464
112372,732,0,ONMK005_005,737196
112373,732,0,ONMK005_005,737928
112374,732,0,ONMK005_005,738660
112375,740,0,ONMK005_005,739400
112376,748,0,ONMK005_005,740148
112377,748,0,ONMK005_005,740896
112378,736,0,ONMK005_005,741632
112379,688,0,ONMK005_005,742320
112380,796,0,ONMK005_005,743116
112381,696,0,ONMK005_005,743812
112382,800,0,ONMK005_005,744612
112383,744,0,ONMK005_005,745356
112384,736,0,ONMK005_005,746092
112385,736,0,ONMK005_005,746828
112386,752,0,ONMK005_005,747580
112387,764,0,ONMK005_005,748344
112388,764,0,ONMK005_005,749108
112389,704,0,ONMK005_005,749812
112390,800,0,ONMK005_005,750612
112391,760,0,ONMK005_005,751372
112392,744,0,ONMK005_005,752116
112393,676,0,ONMK005_005,752792
112394,784,0,ONMK005_005,753576
112395,736,0,ONMK005_005,754312
112396,732,0,ONMK005_005,755044
112397,732,0,ONMK005_005,755776
112398,720,0,ONMK005_005,756496
112399,724,0,ONMK005_005,757220
112400,728,0,ONMK005_005,757948
112401,732,0,ONMK005_005,758680
112402,732,0,ONMK005_005,759412
112403,740,0,ONMK005_005,760152
112404,736,0,ONMK005_005,760888
112405,728,0,ONMK005_005,761616
112406,724,0,ONMK005_005,762340
112407,712,0,ONMK005_005,763052
112408,712,0,ONMK005_005,763764
112409,708,0,ONMK005_005,764472
112410,712,0,ONMK005_005,765184
112411,644,0,ONMK005_005,765828
112412,748,0,ONMK005_005,766576
112413,696,0,ONMK005_005,767272
112414,700,0,ONMK005_005,767972
112415,688,0,ONMK005_005,768660
112416,684,0,ONMK005_005,769344
112417,692,0,ONMK005_005,770036
112418,688,0,ONMK005_005,770724
112419,692,0,ONMK005_005,771416
112420,684,0,ONMK005_005,772100
112421,684,0,ONMK005_005,772784
112422,688,0,ONMK005_005,773472
112423,700,0,ONMK005_005,774172
112424,696,0,ONMK005_005,774868
112425,692,0,ONMK005_005,775560
112426,696,0,ONMK005_005,776256
112427,708,0,ONMK005_005,776964
112428,708,0,ONMK005_005,777672
112429,708,0,ONMK005_005,778380
112430,716,0,ONMK005_005,779096
112431,724,0,ONMK005_005,779820
112432,720,0,ONMK005_005,780540
112433,720,0,ONMK005_005,781260
112434,712,0,ONMK005_005,781972
112435,720,0,ONMK005_005,782692
112436,720,0,ONMK005_005,783412
112437,716,0,ONMK005_005,784128
112438,712,0,ONMK005_005,784840
112439,716,0,ONMK005_005,785556
112440,716,0,ONMK005_005,786272
112441,716,0,ONMK005_005,786988
112442,724,0,ONMK005_005,787712
112443,704,0,ONMK005_005,788416
112444,708,0,ONMK005_005,789124
112445,712,0,ONMK005_005,789836
112446,704,0,ONMK005_005,790540
112447,712,0,ONMK005_005,791252
112448,712,0,ONMK005_005,791964
112449,704,0,ONMK005_005,792668
112450,704,0,ONMK005_005,793372
112451,708,0,ONMK005_005,794080
112452,712,0,ONMK005_005,794792
112453,708,0,ONMK005_005,795500
112454,704,0,ONMK005_005,796204
112455,708,0,ONMK005_005,796912
112456,704,0,ONMK005_005,797616
112457,716,0,ONMK005_005,798332
112458,720,0,ONMK005_005,799052
112459,716,0,ONMK005_005,799768
112460,708,0,ONMK005_005,800476
112461,712,0,ONMK005_005,801188
112462,716,0,ONMK005_005,801904
112463,716,0,ONMK005_005,802620
112464,704,0,ONMK005_005,803324
112465,708,0,ONMK005_005,804032
112466,704,0,ONMK005_005,804736
112467,716,0,ONMK005_005,805452
112468,716,0,ONMK005_005,806168
112469,712,0,ONMK005_005,806880
112470,708,0,ONMK005_005,807588
112471,704,0,ONMK005_005,808292
112472,708,0,ONMK005_005,809000
112473,712,0,ONMK005_005,809712
112474,716,0,ONMK005_005,810428
112475,704,0,ONMK005_005,811132
112476,712,0,ONMK005_005,811844
112477,708,0,ONMK005_005,812552
112478,712,0,ONMK005_005,813264
112479,700,0,ONMK005_005,813964
112480,708,0,ONMK005_005,814672
112481,700,0,ONMK005_005,815372
112482,708,0,ONMK005_005,816080
112483,716,0,ONMK005_005,816796
112484,720,0,ONMK005_005,817516
112485,708,0,ONMK005_005,818224
112486,716,0,ONMK005_005,818940
112487,712,0,ONMK005_005,819652
112488,716,0,ONMK005_005,820368
112489,704,0,ONMK005_005,821072
112490,700,0,ONMK005_005,821772
112491,696,0,ONMK005_005,822468
112492,700,0,ONMK005_005,823168
112493,700,0,ONMK005_005,823868
112494,712,0,ONMK005_005,824580
112495,700,0,ONMK005_005,825280
112496,704,0,ONMK005_005,825984
112497,708,0,ONMK005_005,826692
112498,696,0,ONMK005_005,827388
112499,692,0,ONMK005_005,828080
112500,696,0,ONMK005_005,828776
112501,692,0,ONMK005_005,829468
112502,688,0,ONMK005_005,830156
112503,688,0,ONMK005_005,830844
112504,668,0,ONMK005_005,831512
112505,668,0,ONMK005_005,832180
112506,660,0,ONMK005_005,832840
112507,648,0,ONMK005_005,833488
112508,640,0,ONMK005_005,834128
112509,632,0,ONMK005_005,834760
112510,636,0,ONMK005_005,835396
112511,624,0,ONMK005_005,836020
112512,624,0,ONMK005_005,836644
112513,620,0,ONMK005_005,837264
112514,616,0,ONMK005_005,837880
112515,648,1,ONMK005_005,838528
112516,584,0,ONMK005_005,839112
112517,612,0,ONMK005_005,839724
112518,616,0,ONMK005_005,840340
112519,624,0,ONMK005_005,840964
112520,628,0,ONMK005_005,841592
112521,648,0,ONMK005_005,842240
112522,668,0,ONMK005_005,842908
112523,676,0,ONMK005_005,843584
112524,688,0,ONMK005_005,844272
112525,700,0,ONMK005_005,844972
112526,712,0,ONMK005_005,845684
112527,732,0,ONMK005_005,846416
112528,736,0,ONMK005_005,847152
112529,736,0,ONMK005_005,847888
112530,740,0,ONMK005_005,848628
112531,740,0,ONMK005_005,849368
112532,736,0,ONMK005_005,850104
112533,724,0,ONMK005_005,850828
112534,724,0,ONMK005_005,851552
112535,732,0,ONMK005_005,852284
112536,736,0,ONMK005_005,853020
112537,740,0,ONMK005_005,853760
112538,728,0,ONMK005_005,854488
112539,740,0,ONMK005_005,855228
112540,748,0,ONMK005_005,855976
112541,752,0,ONMK005_005,856728
112542,748,0,ONMK005_005,857476
112543,744,0,ONMK005_005,858220
112544,740,0,ONMK005_005,858960
112545,748,0,ONMK005_005,859708
112546,744,0,ONMK005_005,860452
112547,744,0,ONMK005_005,861196
112548,688,0,ONMK005_005,861884
112549,792,0,ONMK005_005,862676
112550,748,0,ONMK005_005,863424
112551,756,0,ONMK005_005,864180
112552,744,0,ONMK005_005,864924
112553,736,0,ONMK005_005,865660
112554,740,0,ONMK005_005,866400
112555,752,0,ONMK005_005,867152
112556,748,0,ONMK005_005,867900
112557,744,0,ONMK005_005,868644
112558,728,0,ONMK005_005,869372
112559,736,0,ONMK005_005,870108
112560,748,0,ONMK005_005,870856
112561,752,0,ONMK005_005,871608
112562,748,0,ONMK005_005,872356
112563,740,0,ONMK005_005,873096
112564,740,0,ONMK005_005,873836
112565,740,0,ONMK005_005,874576
112566,744,0,ONMK005_005,875320
112567,744,0,ONMK005_005,876064
112568,736,0,ONMK005_005,876800
112569,732,0,ONMK005_005,877532
112570,732,0,ONMK005_005,878264
112571,740,0,ONMK005_005,879004
112572,736,0,ONMK005_005,879740
112573,736,0,ONMK005_005,880476
112574,716,0,ONMK005_005,881192
112575,732,0,ONMK005_005,881924
112576,732,0,ONMK005_005,882656
112577,732,0,ONMK005_005,883388
112578,724,0,ONMK005_005,884112
112579,716,0,ONMK005_005,884828
112580,720,0,ONMK005_005,885548
112581,728,0,ONMK005_005,886276
112582,724,0,ONMK005_005,887000
112583,728,0,ONMK005_005,887728
112584,728,0,ONMK005_005,888456
112585,744,0,ONMK005_005,889200
112586,732,0,ONMK005_005,889932
112587,728,0,ONMK005_005,890660
112588,724,0,ONMK005_005,891384
112589,716,0,ONMK005_005,892100
112590,696,0,ONMK005_005,892796
112591,696,0,ONMK005_005,893492
112592,692,0,ONMK005_005,894184
112593,696,0,ONMK005_005,894880
112594,500,0,ONMK005_005,895380
112595,132,0,ONMK005_005,895512
112596,744,0,ONMK005_005,896256
112597,448,0,ONMK005_005,896704
112598,196,0,ONMK005_005,896900
112599,744,0,ONMK005_005,897644
112600,688,0,ONMK005_005,898332
112601,684,0,ONMK005_005,899016
112602,688,0,ONMK005_005,899704
112603,684,0,ONMK005_005,900388
112604,684,0,ONMK005_005,901072
112605,680,0,ONMK005_005,901752
112606,684,0,ONMK005_005,902436
112607,676,0,ONMK005_005,903112
112608,680,0,ONMK005_005,903792
112609,680,0,ONMK005_005,904472
112610,680,0,ONMK005_005,905152
112611,680,0,ONMK005_005,905832
112612,672,0,ONMK005_005,906504
112613,688,0,ONMK005_005,907192
112614,692,0,ONMK005_005,907884
112615,692,0,ONMK005_005,908576
112616,700,0,ONMK005_005,909276
112617,700,0,ONMK005_005,909976
112618,696,0,ONMK005_005,910672
112619,704,0,ONMK005_005,911376
112620,704,0,ONMK005_005,912080
112621,696,0,ONMK005_005,912776
112622,700,0,ONMK005_005,913476
112623,700,0,ONMK005_005,914176
112624,692,0,ONMK005_005,914868
112625,696,0,ONMK005_005,915564
112626,696,0,ONMK005_005,916260
112627,648,0,ONMK005_005,916908
112628,752,0,ONMK005_005,917660
112629,688,0,ONMK005_005,918348
112630,696,0,ONMK005_005,919044
112631,696,0,ONMK005_005,919740
112632,696,0,ONMK005_005,920436
112633,692,0,ONMK005_005,921128
112634,692,0,ONMK005_005,921820
112635,692,0,ONMK005_005,922512
112636,692,0,ONMK005_005,923204
112637,700,0,ONMK005_005,923904
112638,696,0,ONMK005_005,924600
112639,696,0,ONMK005_005,925296
112640,696,0,ONMK005_005,925992
112641,708,0,ONMK005_005,926700
112642,700,0,ONMK005_005,927400
112643,688,0,ONMK005_005,928088
112644,692,0,ONMK005_005,928780
112645,692,0,ONMK005_005,929472
112646,692,0,ONMK005_005,930164
112647,688,0,ONMK005_005,930852
112648,684,0,ONMK005_005,931536
112649,692,0,ONMK005_005,932228
112650,696,0,ONMK005_005,932924
112651,692,0,ONMK005_005,933616
112652,696,0,ONMK005_005,934312
112653,696,0,ONMK005_005,935008
112654,696,0,ONMK005_005,935704
112655,700,0,ONMK005_005,936404
112656,700,0,ONMK005_005,937104
112657,692,0,ONMK005_005,937796
112658,644,0,ONMK005_005,938440
112659,744,0,ONMK005_005,939184
112660,696,0,ONMK005_005,939880
112661,684,0,ONMK005_005,940564
112662,688,0,ONMK005_005,941252
112663,676,0,ONMK005_005,941928
112664,688,0,ONMK005_005,942616
112665,684,0,ONMK005_005,943300
112666,684,0,ONMK005_005,943984
112667,684,0,ONMK005_005,944668
112668,688,0,ONMK005_005,945356
112669,684,0,ONMK005_005,946040
112670,684,0,ONMK005_005,946724
112671,684,0,ONMK005_005,947408
112672,688,0,ONMK005_005,948096
112673,684,0,ONMK005_005,948780
112674,680,0,ONMK005_005,949460
112675,684,0,ONMK005_005,950144
112676,684,0,ONMK005_005,950828
112677,680,0,ONMK005_005,951508
112678,680,0,ONMK005_005,952188
112679,684,0,ONMK005_005,952872
112680,684,0,ONMK005_005,953556
112681,692,0,ONMK005_005,954248
112682,692,0,ONMK005_005,954940
112683,688,0,ONMK005_005,955628
112684,688,0,ONMK005_005,956316
112685,696,0,ONMK005_005,957012
112686,688,0,ONMK005_005,957700
112687,692,0,ONMK005_005,958392
112688,684,0,ONMK005_005,959076
112689,684,0,ONMK005_005,959760
112690,640,0,ONMK005_005,960400
112691,736,0,ONMK005_005,961136
112692,680,0,ONMK005_005,961816
112693,688,0,ONMK005_005,962504
112694,696,0,ONMK005_005,963200
112695,696,0,ONMK005_005,963896
112696,696,0,ONMK005_005,964592
112697,696,0,ONMK005_005,965288
112698,700,0,ONMK005_005,965988
112699,704,0,ONMK005_005,966692
112700,696,0,ONMK005_005,967388
112701,692,0,ONMK005_005,968080
112702,692,0,ONMK005_005,968772
112703,688,0,ONMK005_005,969460
112704,684,0,ONMK005_005,970144
112705,684,0,ONMK005_005,970828
112706,688,0,ONMK005_005,971516
112707,692,0,ONMK005_005,972208
112708,700,0,ONMK005_005,972908
112709,696,0,ONMK005_005,973604
112710,692,0,ONMK005_005,974296
112711,644,0,ONMK005_005,974940
112712,752,0,ONMK005_005,975692
112713,700,0,ONMK005_005,976392
112714,688,0,ONMK005_005,977080
112715,696,0,ONMK005_005,977776
112716,700,0,ONMK005_005,978476
112717,700,0,ONMK005_005,979176
112718,692,0,ONMK005_005,979868
112719,692,0,ONMK005_005,980560
112720,692,0,ONMK005_005,981252
112721,688,0,ONMK005_005,981940
112722,696,0,ONMK005_005,982636
112723,684,0,ONMK005_005,983320
112724,696,0,ONMK005_005,984016
112725,692,0,ONMK005_005,984708
112726,696,0,ONMK005_005,985404
112727,684,0,ONMK005_005,986088
112728,692,0,ONMK005_005,986780
112729,700,0,ONMK005_005,987480
112730,704,0,ONMK005_005,988184
112731,656,0,ONMK005_005,988840
112732,752,0,ONMK005_005,989592
112733,708,0,ONMK005_005,990300
112734,712,0,ONMK005_005,991012
112735,712,0,ONMK005_005,991724
112736,708,0,ONMK005_005,992432
112737,700,0,ONMK005_005,993132
112738,704,0,ONMK005_005,993836
112739,708,0,ONMK005_005,994544
112740,708,0,ONMK005_005,995252
112741,700,0,ONMK005_005,995952
112742,696,0,ONMK005_005,996648
112743,692,0,ONMK005_005,997340
112744,684,0,ONMK005_005,998024
112745,672,0,ONMK005_005,998696
112746,664,0,ONMK005_005,999360
112747,660,0,ONMK005_005,1000020
112748,660,0,ONMK005_005,1000680
112749,660,0,ONMK005_005,1001340
112750,612,0,ONMK005_005,1001952
112751,712,0,ONMK005_005,1002664
112752,660,0,ONMK005_005,1003324
112753,660,0,ONMK005_005,1003984
112754,656,0,ONMK005_005,1004640
112755,648,0,ONMK005_005,1005288
112756,648,0,ONMK005_005,1005936
112757,644,0,ONMK005_005,1006580
112758,660,0,ONMK005_005,1007240
112759,672,0,ONMK005_005,1007912
112760,680,0,ONMK005_005,1008592
112761,692,0,ONMK005_005,1009284
112762,704,0,ONMK005_005,1009988
112763,716,0,ONMK005_005,1010704
112764,720,0,ONMK005_005,1011424
112765,712,0,ONMK005_005,1012136
112766,664,0,ONMK005_005,1012800
112767,768,0,ONMK005_005,1013568
112768,704,0,ONMK005_005,1014272
112769,696,0,ONMK005_005,1014968
112770,688,0,ONMK005_005,1015656
112771,636,0,ONMK005_005,1016292
112772,740,0,ONMK005_005,1017032
112773,700,0,ONMK005_005,1017732
112774,684,0,ONMK005_005,1018416
112775,688,0,ONMK005_005,1019104
112776,696,0,ONMK005_005,1019800
112777,696,0,ONMK005_005,1020496
112778,680,0,ONMK005_005,1021176
112779,680,0,ONMK005_005,1021856
112780,680,0,ONMK005_005,1022536
112781,684,0,ONMK005_005,1023220
112782,688,0,ONMK005_005,1023908
112783,692,0,ONMK005_005,1024600
112784,680,0,ONMK005_005,1025280
112785,684,0,ONMK005_005,1025964
112786,696,0,ONMK005_005,1026660
112787,688,0,ONMK005_005,1027348
112788,692,0,ONMK005_005,1028040
112789,688,0,ONMK005_005,1028728
112790,692,0,ONMK005_005,1029420
112791,688,0,ONMK005_005,1030108
112792,688,0,ONMK005_005,1030796
112793,688,0,ONMK005_005,1031484
112794,688,0,ONMK005_005,1032172
112795,696,0,ONMK005_005,1032868
112796,688,0,ONMK005_005,1033556
112797,696,0,ONMK005_005,1034252
112798,680,0,ONMK005_005,1034932
112799,684,0,ONMK005_005,1035616
112800,696,0,ONMK005_005,1036312
112801,688,0,ONMK005_005,1037000
112802,696,0,ONMK005_005,1037696
112803,680,0,ONMK005_005,1038376
112804,700,0,ONMK005_005,1039076
112805,684,0,ONMK005_005,1039760
112806,696,0,ONMK005_005,1040456
112807,684,0,ONMK005_005,1041140
112808,684,0,ONMK005_005,1041824
112809,696,0,ONMK005_005,1042520
112810,700,0,ONMK005_005,1043220
112811,700,0,ONMK005_005,1043920
112812,704,0,ONMK005_005,1044624
112813,712,0,ONMK005_005,1045336
112814,712,0,ONMK005_005,1046048
112815,716,0,ONMK005_005,1046764
112816,712,0,ONMK005_005,1047476
112817,712,0,ONMK005_005,1048188
112818,720,0,ONMK005_005,1048908
112819,716,0,ONMK005_005,1049624
112820,708,0,ONMK005_005,1050332
112821,712,0,ONMK005_005,1051044
112822,708,0,ONMK005_005,1051752
112823,716,0,ONMK005_005,1052468
112824,720,0,ONMK005_005,1053188
112825,716,0,ONMK005_005,1053904
112826,708,0,ONMK005_005,1054612
112827,700,0,ONMK005_005,1055312
112828,660,0,ONMK005_005,1055972
112829,760,0,ONMK005_005,1056732
112830,704,0,ONMK005_005,1057436
112831,700,0,ONMK005_005,1058136
112832,704,0,ONMK005_005,1058840
112833,712,0,ONMK005_005,1059552
112834,712,0,ONMK005_005,1060264
112835,712,0,ONMK005_005,1060976
112836,716,0,ONMK005_005,1061692
112837,708,0,ONMK005_005,1062400
112838,720,0,ONMK005_005,1063120
112839,724,0,ONMK005_005,1063844
112840,720,0,ONMK005_005,1064564
112841,720,0,ONMK005_005,1065284
112842,732,0,ONMK005_005,1066016
112843,724,0,ONMK005_005,1066740
112844,736,0,ONMK005_005,1067476
112845,728,0,ONMK005_005,1068204
112846,732,0,ONMK005_005,1068936
112847,728,0,ONMK005_005,1069664
112848,736,0,ONMK005_005,1070400
112849,740,0,ONMK005_005,1071140
112850,680,0,ONMK005_005,1071820
112851,784,0,ONMK005_005,1072604
112852,736,0,ONMK005_005,1073340
112853,740,0,ONMK005_005,1074080
112854,664,0,ONMK005_005,1074744
112855,720,0,ONMK005_005,1075464
112856,720,0,ONMK005_005,1076184
112857,740,0,ONMK005_005,1076924
112858,60,0,ONMK005_005,1076984
112859,660,0,ONMK005_005,1077644
112860,780,0,ONMK005_005,1078424
112861,720,0,ONMK005_005,1079144
112862,724,0,ONMK005_005,1079868
112863,724,0,ONMK005_005,1080592
112864,720,0,ONMK005_005,1081312
112865,668,0,ONMK005_005,1081980
112866,768,0,ONMK005_005,1082748
112867,720,0,ONMK005_005,1083468
112868,660,0,ONMK005_005,1084128
112869,760,0,ONMK005_005,1084888
112870,704,0,ONMK005_005,1085592
112871,656,0,ONMK005_005,1086248
112872,700,0,ONMK005_005,1086948
112873,700,0,ONMK005_005,1087648
112874,700,0,ONMK005_005,1088348
112875,744,0,ONMK005_005,1089092
112876,656,0,ONMK005_005,1089748
112877,744,0,ONMK005_005,1090492
112878,640,0,ONMK005_005,1091132
112879,700,0,ONMK005_005,1091832
112880,760,0,ONMK005_005,1092592
112881,700,0,ONMK005_005,1093292
112882,700,0,ONMK005_005,1093992
112883,684,0,ONMK005_005,1094676
112884,696,0,ONMK005_005,1095372
112885,704,0,ONMK005_005,1096076
112886,680,0,ONMK005_005,1096756
112887,700,0,ONMK005_005,1097456
112888,640,0,ONMK005_005,1098096
112889,744,0,ONMK005_005,1098840
112890,696,0,ONMK005_005,1099536
112891,700,0,ONMK005_005,1100236
112892,684,0,ONMK005_005,1100920
112893,660,0,ONMK005_005,1101580
112894,760,0,ONMK005_005,1102340
112895,700,0,ONMK005_005,1103040
112896,684,0,ONMK005_005,1103724
112897,696,0,ONMK005_005,1104420
112898,700,0,ONMK005_005,1105120
112899,684,0,ONMK005_005,1105804
112900,680,0,ONMK005_005,1106484
112901,640,0,ONMK005_005,1107124
112902,740,0,ONMK005_005,1107864
112903,680,0,ONMK005_005,1108544
112904,684,0,ONMK005_005,1109228
112905,680,0,ONMK005_005,1109908
112906,680,0,ONMK005_005,1110588
112907,640,0,ONMK005_005,1111228
112908,740,0,ONMK005_005,1111968
112909,680,0,ONMK005_005,1112648
112910,680,0,ONMK005_005,1113328
112911,640,0,ONMK005_005,1113968
112912,700,0,ONMK005_005,1114668
112913,744,0,ONMK005_005,1115412
112914,700,0,ONMK005_005,1116112
112915,680,0,ONMK005_005,1116792
112916,700,0,ONMK005_005,1117492
112917,700,0,ONMK005_005,1118192
112918,644,0,ONMK005_005,1118836
112919,700,0,ONMK005_005,1119536
112920,740,0,ONMK005_005,1120276
112921,660,0,ONMK005_005,1120936
112922,744,0,ONMK005_005,1121680
112923,716,0,ONMK005_005,1122396
112924,684,0,ONMK005_005,1123080
112925,700,0,ONMK005_005,1123780
112926,700,0,ONMK005_005,1124480
112927,700,0,ONMK005_005,1125180
112928,680,0,ONMK005_005,1125860
112929,684,0,ONMK005_005,1126544
112930,696,0,ONMK005_005,1127240
112931,684,0,ONMK005_005,1127924
112932,676,0,ONMK005_005,1128600
112933,684,0,ONMK005_005,1129284
112934,680,0,ONMK005_005,1129964
112935,680,0,ONMK005_005,1130644
112936,640,0,ONMK005_005,1131284
112937,740,0,ONMK005_005,1132024
112938,644,0,ONMK005_005,1132668
112939,744,0,ONMK005_005,1133412
112940,656,0,ONMK005_005,1134068
112941,740,0,ONMK005_005,1134808
112942,704,0,ONMK005_005,1135512
112943,656,0,ONMK005_005,1136168
112944,764,0,ONMK005_005,1136932
112945,704,0,ONMK005_005,1137636
112946,716,0,ONMK005_005,1138352
112947,660,0,ONMK005_005,1139012
112948,764,0,ONMK005_005,1139776
112949,720,0,ONMK005_005,1140496
112950,720,0,ONMK005_005,1141216
112951,720,0,ONMK005_005,1141936
112952,720,0,ONMK005_005,1142656
112953,720,0,ONMK005_005,1143376
112954,720,0,ONMK005_005,1144096
112955,700,0,ONMK005_005,1144796
112956,660,0,ONMK005_005,1145456
112957,760,0,ONMK005_005,1146216
112958,704,0,ONMK005_005,1146920
112959,700,0,ONMK005_005,1147620
112960,700,0,ONMK005_005,1148320
112961,700,0,ONMK005_005,1149020
112962,700,0,ONMK005_005,1149720
112963,720,0,ONMK005_005,1150440
112964,700,0,ONMK005_005,1151140
112965,700,0,ONMK005_005,1151840
112966,704,0,ONMK005_005,1152544
112967,720,0,ONMK005_005,1153264
112968,700,0,ONMK005_005,1153964
112969,700,0,ONMK005_005,1154664
112970,660,0,ONMK005_005,1155324
112971,700,0,ONMK005_005,1156024
112972,764,0,ONMK005_005,1156788
112973,656,0,ONMK005_005,1157444
112974,764,0,ONMK005_005,1158208
112975,700,0,ONMK005_005,1158908
112976,720,0,ONMK005_005,1159628
112977,720,0,ONMK005_005,1160348
112978,660,0,ONMK005_005,1161008
112979,780,0,ONMK005_005,1161788
112980,724,0,ONMK005_005,1162512
112981,716,0,ONMK005_005,1163228
112982,700,0,ONMK005_005,1163928
112983,704,0,ONMK005_005,1164632
112984,700,0,ONMK005_005,1165332
112985,700,0,ONMK005_005,1166032
112986,696,0,ONMK005_005,1166728
112987,688,0,ONMK005_005,1167416
112988,696,0,ONMK005_005,1168112
112989,680,0,ONMK005_005,1168792
112990,624,0,ONMK005_005,1169416
112991,736,0,ONMK005_005,1170152
112992,664,0,ONMK005_005,1170816
112993,660,0,ONMK005_005,1171476
112994,484,0,ONMK005_007,484
112995,524,0,ONMK005_007,1008
112996,968,0,ONMK005_007,1976
112997,1000,0,ONMK005_007,2976
112998,988,0,ONMK005_007,3964
112999,980,0,ONMK005_007,4944
113000,952,0,ONMK005_007,5896
113001,996,0,ONMK005_007,6892
113002,992,0,ONMK005_007,7884
113003,1000,0,ONMK005_007,8884
113004,984,0,ONMK005_007,9868
113005,1012,0,ONMK005_007,10880
113006,1028,0,ONMK005_007,11908
113007,1008,0,ONMK005_007,12916
113008,1000,0,ONMK005_007,13916
113009,1024,0,ONMK005_007,14940
113010,1012,0,ONMK005_007,15952
113011,1000,0,ONMK005_007,16952
113012,1000,0,ONMK005_007,17952
113013,1020,0,ONMK005_007,18972
113014,996,0,ONMK005_007,19968
113015,980,0,ONMK005_007,20948
113016,952,0,ONMK005_007,21900
113017,988,0,ONMK005_007,22888
113018,992,0,ONMK005_007,23880
113019,980,0,ONMK005_007,24860
113020,964,0,ONMK005_007,25824
113021,984,0,ONMK005_007,26808
113022,1004,0,ONMK005_007,27812
113023,956,0,ONMK005_007,28768
113024,544,0,ONMK005_007,29312
113025,392,0,ONMK005_007,29704
113026,948,0,ONMK005_007,30652
113027,944,0,ONMK005_007,31596
113028,968,0,ONMK005_007,32564
113029,952,0,ONMK005_007,33516
113030,972,0,ONMK005_007,34488
113031,980,0,ONMK005_007,35468
113032,1000,0,ONMK005_007,36468
113033,1000,0,ONMK005_007,37468
113034,968,0,ONMK005_007,38436
113035,992,0,ONMK005_007,39428
113036,1000,0,ONMK005_007,40428
113037,980,0,ONMK005_007,41408
113038,1004,0,ONMK005_007,42412
113039,1000,0,ONMK005_007,43412
113040,980,0,ONMK005_007,44392
113041,976,0,ONMK005_007,45368
113042,984,0,ONMK005_007,46352
113043,972,0,ONMK005_007,47324
113044,964,0,ONMK005_007,48288
113045,988,0,ONMK005_007,49276
113046,924,0,ONMK005_007,50200
113047,1020,0,ONMK005_007,51220
113048,988,0,ONMK005_007,52208
113049,968,0,ONMK005_007,53176
113050,952,0,ONMK005_007,54128
113051,968,0,ONMK005_007,55096
113052,972,0,ONMK005_007,56068
113053,960,0,ONMK005_007,57028
113054,960,0,ONMK005_007,57988
113055,952,0,ONMK005_007,58940
113056,952,0,ONMK005_007,59892
113057,964,0,ONMK005_007,60856
113058,968,0,ONMK005_007,61824
113059,952,0,ONMK005_007,62776
113060,872,0,ONMK005_007,63648
113061,1012,0,ONMK005_007,64660
113062,956,0,ONMK005_007,65616
113063,920,0,ONMK005_007,66536
113064,916,0,ONMK005_007,67452
113065,936,0,ONMK005_007,68388
113066,924,0,ONMK005_007,69312
113067,916,0,ONMK005_007,70228
113068,928,0,ONMK005_007,71156
113069,944,0,ONMK005_007,72100
113070,916,0,ONMK005_007,73016
113071,908,0,ONMK005_007,73924
113072,852,0,ONMK005_007,74776
113073,900,0,ONMK005_007,75676
113074,928,0,ONMK005_007,76604
113075,808,0,ONMK005_007,77412
113076,908,0,ONMK005_007,78320
113077,848,0,ONMK005_007,79168
113078,828,0,ONMK005_007,79996
113079,832,0,ONMK005_007,80828
113080,816,0,ONMK005_007,81644
113081,828,0,ONMK005_007,82472
113082,792,0,ONMK005_007,83264
113083,816,0,ONMK005_007,84080
113084,836,0,ONMK005_007,84916
113085,196,0,ONMK005_007,85112
113086,420,0,ONMK005_007,85532
113087,264,0,ONMK005_007,85796
113088,860,0,ONMK005_007,86656
113089,928,0,ONMK005_007,87584
113090,976,0,ONMK005_007,88560
113091,988,0,ONMK005_007,89548
113092,968,0,ONMK005_007,90516
113093,1040,0,ONMK005_007,91556
113094,944,0,ONMK005_007,92500
113095,972,0,ONMK005_007,93472
113096,976,0,ONMK005_007,94448
113097,1008,0,ONMK005_007,95456
113098,996,0,ONMK005_007,96452
113099,1036,0,ONMK005_007,97488
113100,960,0,ONMK005_007,98448
113101,1096,0,ONMK005_007,99544
113102,992,0,ONMK005_007,100536
113103,976,0,ONMK005_007,101512
113104,988,0,ONMK005_007,102500
113105,1008,0,ONMK005_007,103508
113106,992,0,ONMK005_007,104500
113107,1000,0,ONMK005_007,105500
113108,1024,0,ONMK005_007,106524
113109,1000,0,ONMK005_007,107524
113110,1004,0,ONMK005_007,108528
113111,1004,0,ONMK005_007,109532
113112,972,0,ONMK005_007,110504
113113,1000,0,ONMK005_007,111504
113114,1008,0,ONMK005_007,112512
113115,972,0,ONMK005_007,113484
113116,548,0,ONMK005_007,114032
113117,16,0,ONMK005_007,114048
113118,368,0,ONMK005_007,114416
113119,1040,0,ONMK005_007,115456
113120,952,0,ONMK005_007,116408
113121,968,0,ONMK005_007,117376
113122,972,0,ONMK005_007,118348
113123,964,0,ONMK005_007,119312
113124,952,0,ONMK005_007,120264
113125,972,0,ONMK005_007,121236
113126,980,0,ONMK005_007,122216
113127,944,0,ONMK005_007,123160
113128,976,0,ONMK005_007,124136
113129,916,0,ONMK005_007,125052
113130,948,0,ONMK005_007,126000
113131,1020,0,ONMK005_007,127020
113132,992,0,ONMK005_007,128012
113133,992,0,ONMK005_007,129004
113134,976,0,ONMK005_007,129980
113135,996,0,ONMK005_007,130976
113136,1016,0,ONMK005_007,131992
113137,996,0,ONMK005_007,132988
113138,1008,0,ONMK005_007,133996
113139,1024,0,ONMK005_007,135020
113140,1028,0,ONMK005_007,136048
113141,1020,0,ONMK005_007,137068
113142,984,0,ONMK005_007,138052
113143,1008,0,ONMK005_007,139060
113144,1028,0,ONMK005_007,140088
113145,980,0,ONMK005_007,141068
113146,948,0,ONMK005_007,142016
113147,956,0,ONMK005_007,142972
113148,888,0,ONMK005_007,143860
113149,984,0,ONMK005_007,144844
113150,952,0,ONMK005_007,145796
113151,904,0,ONMK005_007,146700
113152,1004,0,ONMK005_007,147704
113153,332,0,ONMK005_007,148036
113154,624,0,ONMK005_007,148660
113155,964,0,ONMK005_007,149624
113156,976,0,ONMK005_007,150600
113157,972,0,ONMK005_007,151572
113158,1004,0,ONMK005_007,152576
113159,1000,0,ONMK005_007,153576
113160,1004,0,ONMK005_007,154580
113161,1032,0,ONMK005_007,155612
113162,1020,0,ONMK005_007,156632
113163,540,0,ONMK005_007,157172
113164,436,0,ONMK005_007,157608
113165,424,0,ONMK005_007,158032
113166,448,0,ONMK005_007,158480
113167,240,0,ONMK005_007,158720
113168,380,0,ONMK005_007,159100
113169,512,0,ONMK005_007,159612
113170,932,0,ONMK005_007,160544
113171,256,0,ONMK005_007,160800
113172,800,0,ONMK005_007,161600
113173,988,0,ONMK005_007,162588
113174,128,0,ONMK005_007,162716
113175,300,0,ONMK005_007,163016
113176,532,0,ONMK005_007,163548
113177,912,0,ONMK005_007,164460
113178,996,0,ONMK005_007,165456
113179,996,0,ONMK005_007,166452
113180,1036,0,ONMK005_007,167488
113181,1000,0,ONMK005_007,168488
113182,1004,0,ONMK005_007,169492
113183,936,0,ONMK005_007,170428
113184,1008,0,ONMK005_007,171436
113185,1008,0,ONMK005_007,172444
113186,1024,0,ONMK005_007,173468
113187,1008,0,ONMK005_007,174476
113188,908,0,ONMK005_007,175384
113189,1052,0,ONMK005_007,176436
113190,3064,0,ONMK005_007,179500
113191,1040,0,ONMK005_007,180540
113192,1048,0,ONMK005_007,181588
113193,964,0,ONMK005_007,182552
113194,960,0,ONMK005_007,183512
113195,940,0,ONMK005_007,184452
113196,952,0,ONMK005_007,185404
113197,880,0,ONMK005_007,186284
113198,944,0,ONMK005_007,187228
113199,976,0,ONMK005_007,188204
113200,860,0,ONMK005_007,189064
113201,960,0,ONMK005_007,190024
113202,840,0,ONMK005_007,190864
113203,952,0,ONMK005_007,191816
113204,888,0,ONMK005_007,192704
113205,844,0,ONMK005_007,193548
113206,960,0,ONMK005_007,194508
113207,904,0,ONMK005_007,195412
113208,912,0,ONMK005_007,196324
113209,924,0,ONMK005_007,197248
113210,844,0,ONMK005_007,198092
113211,956,0,ONMK005_007,199048
113212,896,0,ONMK005_007,199944
113213,888,0,ONMK005_007,200832
113214,884,0,ONMK005_007,201716
113215,896,0,ONMK005_007,202612
113216,928,0,ONMK005_007,203540
113217,956,0,ONMK005_007,204496
113218,1000,0,ONMK005_007,205496
113219,1016,0,ONMK005_007,206512
113220,1044,0,ONMK005_007,207556
113221,1052,0,ONMK005_007,208608
113222,1056,0,ONMK005_007,209664
113223,1044,0,ONMK005_007,210708
113224,592,0,ONMK005_007,211300
113225,876,0,ONMK005_007,212176
113226,648,0,ONMK005_007,212824
113227,1004,0,ONMK005_007,213828
113228,652,0,ONMK005_007,214480
113229,260,0,ONMK005_007,214740
113230,972,0,ONMK005_007,215712
113231,1000,0,ONMK005_007,216712
113232,1012,0,ONMK005_007,217724
113233,956,0,ONMK005_007,218680
113234,964,0,ONMK005_007,219644
113235,1016,0,ONMK005_007,220660
113236,880,0,ONMK005_007,221540
113237,948,0,ONMK005_007,222488
113238,996,0,ONMK005_007,223484
113239,940,0,ONMK005_007,224424
113240,940,0,ONMK005_007,225364
113241,940,0,ONMK005_007,226304
113242,920,0,ONMK005_007,227224
113243,928,0,ONMK005_007,228152
113244,916,0,ONMK005_007,229068
113245,912,0,ONMK005_007,229980
113246,924,0,ONMK005_007,230904
113247,920,0,ONMK005_007,231824
113248,928,0,ONMK005_007,232752
113249,928,0,ONMK005_007,233680
113250,928,0,ONMK005_007,234608
113251,928,0,ONMK005_007,235536
113252,948,0,ONMK005_007,236484
113253,952,0,ONMK005_007,237436
113254,960,0,ONMK005_007,238396
113255,916,0,ONMK005_007,239312
113256,972,0,ONMK005_007,240284
113257,972,0,ONMK005_007,241256
113258,1028,0,ONMK005_007,242284
113259,968,0,ONMK005_007,243252
113260,992,0,ONMK005_007,244244
113261,1000,0,ONMK005_007,245244
113262,896,0,ONMK005_007,246140
113263,944,0,ONMK005_007,247084
113264,1008,0,ONMK005_007,248092
113265,956,0,ONMK005_007,249048
113266,940,0,ONMK005_007,249988
113267,900,0,ONMK005_007,250888
113268,964,0,ONMK005_007,251852
113269,1016,0,ONMK005_007,252868
113270,968,0,ONMK005_007,253836
113271,920,0,ONMK005_007,254756
113272,992,0,ONMK005_007,255748
113273,1012,0,ONMK005_007,256760
113274,976,0,ONMK005_007,257736
113275,904,0,ONMK005_007,258640
113276,992,0,ONMK005_007,259632
113277,940,0,ONMK005_007,260572
113278,928,0,ONMK005_007,261500
113279,932,0,ONMK005_007,262432
113280,940,0,ONMK005_007,263372
113281,960,0,ONMK005_007,264332
113282,972,0,ONMK005_007,265304
113283,968,0,ONMK005_007,266272
113284,976,0,ONMK005_007,267248
113285,988,0,ONMK005_007,268236
113286,972,0,ONMK005_007,269208
113287,984,0,ONMK005_007,270192
113288,920,0,ONMK005_007,271112
113289,1008,0,ONMK005_007,272120
113290,972,0,ONMK005_007,273092
113291,960,0,ONMK005_007,274052
113292,968,0,ONMK005_007,275020
113293,904,0,ONMK005_007,275924
113294,940,0,ONMK005_007,276864
113295,1016,0,ONMK005_007,277880
113296,968,0,ONMK005_007,278848
113297,948,0,ONMK005_007,279796
113298,972,0,ONMK005_007,280768
113299,964,0,ONMK005_007,281732
113300,968,0,ONMK005_007,282700
113301,952,0,ONMK005_007,283652
113302,964,0,ONMK005_007,284616
113303,928,0,ONMK005_007,285544
113304,916,0,ONMK005_007,286460
113305,884,0,ONMK005_007,287344
113306,996,0,ONMK005_007,288340
113307,928,0,ONMK005_007,289268
113308,920,0,ONMK005_007,290188
113309,888,0,ONMK005_007,291076
113310,1004,0,ONMK005_007,292080
113311,964,0,ONMK005_007,293044
113312,960,0,ONMK005_007,294004
113313,980,0,ONMK005_007,294984
113314,976,0,ONMK005_007,295960
113315,980,0,ONMK005_007,296940
113316,1000,0,ONMK005_007,297940
113317,1000,0,ONMK005_007,298940
113318,976,0,ONMK005_007,299916
113319,992,0,ONMK005_007,300908
113320,992,0,ONMK005_007,301900
113321,960,0,ONMK005_007,302860
113322,944,0,ONMK005_007,303804
113323,944,0,ONMK005_007,304748
113324,920,0,ONMK005_007,305668
113325,912,0,ONMK005_007,306580
113326,892,0,ONMK005_007,307472
113327,856,0,ONMK005_007,308328
113328,916,0,ONMK005_007,309244
113329,1000,0,ONMK005_007,310244
113330,964,0,ONMK005_007,311208
113331,972,0,ONMK005_007,312180
113332,976,0,ONMK005_007,313156
113333,992,0,ONMK005_007,314148
113334,992,0,ONMK005_007,315140
113335,1000,0,ONMK005_007,316140
113336,992,0,ONMK005_007,317132
113337,988,0,ONMK005_007,318120
113338,996,0,ONMK005_007,319116
113339,996,0,ONMK005_007,320112
113340,976,0,ONMK005_007,321088
113341,968,0,ONMK005_007,322056
113342,996,0,ONMK005_007,323052
113343,984,0,ONMK005_007,324036
113344,980,0,ONMK005_007,325016
113345,984,0,ONMK005_007,326000
113346,984,0,ONMK005_007,326984
113347,968,0,ONMK005_007,327952
113348,960,0,ONMK005_007,328912
113349,976,0,ONMK005_007,329888
113350,980,0,ONMK005_007,330868
113351,968,0,ONMK005_007,331836
113352,980,0,ONMK005_007,332816
113353,992,0,ONMK005_007,333808
113354,996,0,ONMK005_007,334804
113355,956,0,ONMK005_007,335760
113356,976,0,ONMK005_007,336736
113357,968,0,ONMK005_007,337704
113358,952,0,ONMK005_007,338656
113359,924,0,ONMK005_007,339580
113360,932,0,ONMK005_007,340512
113361,916,0,ONMK005_007,341428
113362,908,0,ONMK005_007,342336
113363,896,0,ONMK005_007,343232
113364,892,0,ONMK005_007,344124
113365,840,0,ONMK005_007,344964
113366,932,0,ONMK005_007,345896
113367,864,0,ONMK005_007,346760
113368,868,0,ONMK005_007,347628
113369,832,0,ONMK005_007,348460
113370,936,0,ONMK005_007,349396
113371,920,0,ONMK005_007,350316
113372,944,0,ONMK005_007,351260
113373,968,0,ONMK005_007,352228
113374,964,0,ONMK005_007,353192
113375,980,0,ONMK005_007,354172
113376,1004,0,ONMK005_007,355176
113377,1016,0,ONMK005_007,356192
113378,976,0,ONMK005_007,357168
113379,980,0,ONMK005_007,358148
113380,1000,0,ONMK005_007,359148
113381,1004,0,ONMK005_007,360152
113382,1000,0,ONMK005_007,361152
113383,1020,0,ONMK005_007,362172
113384,1032,0,ONMK005_007,363204
113385,1008,0,ONMK005_007,364212
113386,1012,0,ONMK005_007,365224
113387,1028,0,ONMK005_007,366252
113388,1036,0,ONMK005_007,367288
113389,1024,0,ONMK005_007,368312
113390,1040,0,ONMK005_007,369352
113391,1044,0,ONMK005_007,370396
113392,1036,0,ONMK005_007,371432
113393,1024,0,ONMK005_007,372456
113394,1032,0,ONMK005_007,373488
113395,1032,0,ONMK005_007,374520
113396,1020,0,ONMK005_007,375540
113397,1020,0,ONMK005_007,376560
113398,1032,0,ONMK005_007,377592
113399,1004,0,ONMK005_007,378596
113400,1008,0,ONMK005_007,379604
113401,1008,0,ONMK005_007,380612
113402,1012,0,ONMK005_007,381624
113403,992,0,ONMK005_007,382616
113404,1000,0,ONMK005_007,383616
113405,1012,0,ONMK005_007,384628
113406,996,0,ONMK005_007,385624
113407,976,0,ONMK005_007,386600
113408,988,0,ONMK005_007,387588
113409,984,0,ONMK005_007,388572
113410,984,0,ONMK005_007,389556
113411,968,0,ONMK005_007,390524
113412,988,0,ONMK005_007,391512
113413,1000,0,ONMK005_007,392512
113414,1012,0,ONMK005_007,393524
113415,984,0,ONMK005_007,394508
113416,1004,0,ONMK005_007,395512
113417,1004,0,ONMK005_007,396516
113418,1008,0,ONMK005_007,397524
113419,992,0,ONMK005_007,398516
113420,1000,0,ONMK005_007,399516
113421,1008,0,ONMK005_007,400524
113422,1000,0,ONMK005_007,401524
113423,988,0,ONMK005_007,402512
113424,1000,0,ONMK005_007,403512
113425,992,0,ONMK005_007,404504
113426,972,0,ONMK005_007,405476
113427,980,0,ONMK005_007,406456
113428,1012,0,ONMK005_007,407468
113429,1016,0,ONMK005_007,408484
113430,1000,0,ONMK005_007,409484
113431,1004,0,ONMK005_007,410488
113432,1020,0,ONMK005_007,411508
113433,1012,0,ONMK005_007,412520
113434,1000,0,ONMK005_007,413520
113435,996,0,ONMK005_007,414516
113436,1008,0,ONMK005_007,415524
113437,1012,0,ONMK005_007,416536
113438,988,0,ONMK005_007,417524
113439,1000,0,ONMK005_007,418524
113440,1012,0,ONMK005_007,419536
113441,1000,0,ONMK005_007,420536
113442,996,0,ONMK005_007,421532
113443,1004,0,ONMK005_007,422536
113444,1008,0,ONMK005_007,423544
113445,996,0,ONMK005_007,424540
113446,1000,0,ONMK005_007,425540
113447,1016,0,ONMK005_007,426556
113448,1008,0,ONMK005_007,427564
113449,992,0,ONMK005_007,428556
113450,988,0,ONMK005_007,429544
113451,996,0,ONMK005_007,430540
113452,984,0,ONMK005_007,431524
113453,976,0,ONMK005_007,432500
113454,988,0,ONMK005_007,433488
113455,996,0,ONMK005_007,434484
113456,1000,0,ONMK005_007,435484
113457,996,0,ONMK005_007,436480
113458,1008,0,ONMK005_007,437488
113459,1008,0,ONMK005_007,438496
113460,1016,0,ONMK005_007,439512
113461,1000,0,ONMK005_007,440512
113462,1012,0,ONMK005_007,441524
113463,1008,0,ONMK005_007,442532
113464,1000,0,ONMK005_007,443532
113465,988,0,ONMK005_007,444520
113466,984,0,ONMK005_007,445504
113467,996,0,ONMK005_007,446500
113468,1004,0,ONMK005_007,447504
113469,988,0,ONMK005_007,448492
113470,988,0,ONMK005_007,449480
113471,988,0,ONMK005_007,450468
113472,980,0,ONMK005_007,451448
113473,980,0,ONMK005_007,452428
113474,984,0,ONMK005_007,453412
113475,976,0,ONMK005_007,454388
113476,948,0,ONMK005_007,455336
113477,964,0,ONMK005_007,456300
113478,956,0,ONMK005_007,457256
113479,944,0,ONMK005_007,458200
113480,940,0,ONMK005_007,459140
113481,956,0,ONMK005_007,460096
113482,940,0,ONMK005_007,461036
113483,924,0,ONMK005_007,461960
113484,932,0,ONMK005_007,462892
113485,944,0,ONMK005_007,463836
113486,928,0,ONMK005_007,464764
113487,936,0,ONMK005_007,465700
113488,956,0,ONMK005_007,466656
113489,960,0,ONMK005_007,467616
113490,948,0,ONMK005_007,468564
113491,972,0,ONMK005_007,469536
113492,992,0,ONMK005_007,470528
113493,996,0,ONMK005_007,471524
113494,984,0,ONMK005_007,472508
113495,1012,0,ONMK005_007,473520
113496,1024,0,ONMK005_007,474544
113497,1012,0,ONMK005_007,475556
113498,1024,0,ONMK005_007,476580
113499,1016,0,ONMK005_007,477596
113500,1016,0,ONMK005_007,478612
113501,992,0,ONMK005_007,479604
113502,1004,0,ONMK005_007,480608
113503,1000,0,ONMK005_007,481608
113504,972,0,ONMK005_007,482580
113505,972,0,ONMK005_007,483552
113506,980,0,ONMK005_007,484532
113507,968,0,ONMK005_007,485500
113508,952,0,ONMK005_007,486452
113509,964,0,ONMK005_007,487416
113510,976,0,ONMK005_007,488392
113511,980,0,ONMK005_007,489372
113512,960,0,ONMK005_007,490332
113513,984,0,ONMK005_007,491316
113514,980,0,ONMK005_007,492296
113515,972,0,ONMK005_007,493268
113516,920,0,ONMK005_007,494188
113517,992,0,ONMK005_007,495180
113518,1000,0,ONMK005_007,496180
113519,1036,0,ONMK005_007,497216
113520,956,0,ONMK005_007,498172
113521,1008,0,ONMK005_007,499180
113522,1072,0,ONMK005_007,500252
113523,988,0,ONMK005_007,501240
113524,1008,0,ONMK005_007,502248
113525,1008,0,ONMK005_007,503256
113526,996,0,ONMK005_007,504252
113527,976,0,ONMK005_007,505228
113528,932,0,ONMK005_007,506160
113529,1020,0,ONMK005_007,507180
113530,944,0,ONMK005_007,508124
113531,904,0,ONMK005_007,509028
113532,1032,0,ONMK005_007,510060
113533,972,0,ONMK005_007,511032
113534,960,0,ONMK005_007,511992
113535,980,0,ONMK005_007,512972
113536,980,0,ONMK005_007,513952
113537,936,0,ONMK005_007,514888
113538,1012,0,ONMK005_007,515900
113539,964,0,ONMK005_007,516864
113540,952,0,ONMK005_007,517816
113541,976,0,ONMK005_007,518792
113542,960,0,ONMK005_007,519752
113543,944,0,ONMK005_007,520696
113544,972,0,ONMK005_007,521668
113545,988,0,ONMK005_007,522656
113546,940,0,ONMK005_007,523596
113547,1040,0,ONMK005_007,524636
113548,1016,0,ONMK005_007,525652
113549,1008,0,ONMK005_007,526660
113550,964,0,ONMK005_007,527624
113551,1060,0,ONMK005_007,528684
113552,1020,0,ONMK005_007,529704
113553,1036,0,ONMK005_007,530740
113554,1012,0,ONMK005_007,531752
113555,996,0,ONMK005_007,532748
113556,1024,0,ONMK005_007,533772
113557,1016,0,ONMK005_007,534788
113558,1004,0,ONMK005_007,535792
113559,1008,0,ONMK005_007,536800
113560,1012,0,ONMK005_007,537812
113561,1032,0,ONMK005_007,538844
113562,1016,0,ONMK005_007,539860
113563,1004,0,ONMK005_007,540864
113564,1028,0,ONMK005_007,541892
113565,1016,0,ONMK005_007,542908
113566,1016,0,ONMK005_007,543924
113567,1032,0,ONMK005_007,544956
113568,948,0,ONMK005_007,545904
113569,1084,0,ONMK005_007,546988
113570,1016,0,ONMK005_007,548004
113571,1012,0,ONMK005_007,549016
113572,1028,0,ONMK005_007,550044
113573,1032,0,ONMK005_007,551076
113574,1024,0,ONMK005_007,552100
113575,1000,0,ONMK005_007,553100
113576,968,0,ONMK005_007,554068
113577,1076,0,ONMK005_007,555144
113578,1004,0,ONMK005_007,556148
113579,1000,0,ONMK005_007,557148
113580,1016,0,ONMK005_007,558164
113581,1028,0,ONMK005_007,559192
113582,1016,0,ONMK005_007,560208
113583,1016,0,ONMK005_007,561224
113584,1028,0,ONMK005_007,562252
113585,1032,0,ONMK005_007,563284
113586,1024,0,ONMK005_007,564308
113587,1036,0,ONMK005_007,565344
113588,1048,0,ONMK005_007,566392
113589,1040,0,ONMK005_007,567432
113590,1008,0,ONMK005_007,568440
113591,1016,0,ONMK005_007,569456
113592,1036,0,ONMK005_007,570492
113593,1028,0,ONMK005_007,571520
113594,1004,0,ONMK005_007,572524
113595,996,0,ONMK005_007,573520
113596,996,0,ONMK005_007,574516
113597,984,0,ONMK005_007,575500
113598,964,0,ONMK005_007,576464
113599,984,0,ONMK005_007,577448
113600,984,0,ONMK005_007,578432
113601,992,0,ONMK005_007,579424
113602,976,0,ONMK005_007,580400
113603,984,0,ONMK005_007,581384
113604,1000,0,ONMK005_007,582384
113605,1004,0,ONMK005_007,583388
113606,988,0,ONMK005_007,584376
113607,1008,0,ONMK005_007,585384
113608,1004,0,ONMK005_007,586388
113609,1008,0,ONMK005_007,587396
113610,992,0,ONMK005_007,588388
113611,1004,0,ONMK005_007,589392
113612,1020,0,ONMK005_007,590412
113613,1016,0,ONMK005_007,591428
113614,988,0,ONMK005_007,592416
113615,1020,0,ONMK005_007,593436
113616,1012,0,ONMK005_007,594448
113617,1000,0,ONMK005_007,595448
113618,992,0,ONMK005_007,596440
113619,1012,0,ONMK005_007,597452
113620,1012,0,ONMK005_007,598464
113621,1012,0,ONMK005_007,599476
113622,988,0,ONMK005_007,600464
113623,1016,0,ONMK005_007,601480
113624,1004,0,ONMK005_007,602484
113625,984,0,ONMK005_007,603468
113626,1008,0,ONMK005_007,604476
113627,1008,0,ONMK005_007,605484
113628,1004,0,ONMK005_007,606488
113629,1000,0,ONMK005_007,607488
113630,1000,0,ONMK005_007,608488
113631,1004,0,ONMK005_007,609492
113632,984,0,ONMK005_007,610476
113633,992,0,ONMK005_007,611468
113634,1008,0,ONMK005_007,612476
113635,984,0,ONMK005_007,613460
113636,984,0,ONMK005_007,614444
113637,1004,0,ONMK005_007,615448
113638,1000,0,ONMK005_007,616448
113639,976,0,ONMK005_007,617424
113640,996,0,ONMK005_007,618420
113641,1008,0,ONMK005_007,619428
113642,996,0,ONMK005_007,620424
113643,980,0,ONMK005_007,621404
113644,1008,0,ONMK005_007,622412
113645,1000,0,ONMK005_007,623412
113646,988,0,ONMK005_007,624400
113647,988,0,ONMK005_007,625388
113648,1008,0,ONMK005_007,626396
113649,992,0,ONMK005_007,627388
113650,980,0,ONMK005_007,628368
113651,988,0,ONMK005_007,629356
113652,996,0,ONMK005_007,630352
113653,996,0,ONMK005_007,631348
113654,988,0,ONMK005_007,632336
113655,1012,0,ONMK005_007,633348
113656,1016,0,ONMK005_007,634364
113657,976,0,ONMK005_007,635340
113658,300,0,ONMK005_007,635640
113659,760,0,ONMK005_007,636400
113660,1024,0,ONMK005_007,637424
113661,1036,0,ONMK005_007,638460
113662,1040,0,ONMK005_007,639500
113663,1020,0,ONMK005_007,640520
113664,980,0,ONMK005_007,641500
113665,1084,0,ONMK005_007,642584
113666,1024,0,ONMK005_007,643608
113667,1020,0,ONMK005_007,644628
113668,1036,0,ONMK005_007,645664
113669,1036,0,ONMK005_007,646700
113670,1000,0,ONMK005_007,647700
113671,1024,0,ONMK005_007,648724
113672,1024,0,ONMK005_007,649748
113673,1012,0,ONMK005_007,650760
113674,1028,0,ONMK005_007,651788
113675,1024,0,ONMK005_007,652812
113676,1012,0,ONMK005_007,653824
113677,1012,0,ONMK005_007,654836
113678,1032,0,ONMK005_007,655868
113679,1024,0,ONMK005_007,656892
113680,1012,0,ONMK005_007,657904
113681,1012,0,ONMK005_007,658916
113682,1036,0,ONMK005_007,659952
113683,1024,0,ONMK005_007,660976
113684,1020,0,ONMK005_007,661996
113685,968,0,ONMK005_007,662964
113686,1088,0,ONMK005_007,664052
113687,1024,0,ONMK005_007,665076
113688,1000,0,ONMK005_007,666076
113689,1020,0,ONMK005_007,667096
113690,1020,0,ONMK005_007,668116
113691,1008,0,ONMK005_007,669124
113692,992,0,ONMK005_007,670116
113693,1020,0,ONMK005_007,671136
113694,1020,0,ONMK005_007,672156
113695,1000,0,ONMK005_007,673156
113696,980,0,ONMK005_007,674136
113697,1000,0,ONMK005_007,675136
113698,1008,0,ONMK005_007,676144
113699,984,0,ONMK005_007,677128
113700,976,0,ONMK005_007,678104
113701,980,0,ONMK005_007,679084
113702,984,0,ONMK005_007,680068
113703,916,0,ONMK005_007,680984
113704,1032,0,ONMK005_007,682016
113705,984,0,ONMK005_007,683000
113706,984,0,ONMK005_007,683984
113707,964,0,ONMK005_007,684948
113708,1000,0,ONMK005_007,685948
113709,996,0,ONMK005_007,686944
113710,1004,0,ONMK005_007,687948
113711,984,0,ONMK005_007,688932
113712,1008,0,ONMK005_007,689940
113713,1012,0,ONMK005_007,690952
113714,1016,0,ONMK005_007,691968
113715,984,0,ONMK005_007,692952
113716,1020,0,ONMK005_007,693972
113717,1024,0,ONMK005_007,694996
113718,1012,0,ONMK005_007,696008
113719,964,0,ONMK005_007,696972
113720,1012,0,ONMK005_007,697984
113721,1080,0,ONMK005_007,699064
113722,1008,0,ONMK005_007,700072
113723,1036,0,ONMK005_007,701108
113724,1036,0,ONMK005_007,702144
113725,1016,0,ONMK005_007,703160
113726,1036,0,ONMK005_007,704196
113727,1048,0,ONMK005_007,705244
113728,1016,0,ONMK005_007,706260
113729,1032,0,ONMK005_007,707292
113730,1044,0,ONMK005_007,708336
113731,1052,0,ONMK005_007,709388
113732,1020,0,ONMK005_007,710408
113733,1024,0,ONMK005_007,711432
113734,1040,0,ONMK005_007,712472
113735,1036,0,ONMK005_007,713508
113736,1012,0,ONMK005_007,714520
113737,1032,0,ONMK005_007,715552
113738,1032,0,ONMK005_007,716584
113739,1032,0,ONMK005_007,717616
113740,1012,0,ONMK005_007,718628
113741,1024,0,ONMK005_007,719652
113742,1032,0,ONMK005_007,720684
113743,1032,0,ONMK005_007,721716
113744,1004,0,ONMK005_007,722720
113745,1036,0,ONMK005_007,723756
113746,988,0,ONMK005_007,724744
113747,1076,0,ONMK005_007,725820
113748,1020,0,ONMK005_007,726840
113749,1044,0,ONMK005_007,727884
113750,1036,0,ONMK005_007,728920
113751,1000,0,ONMK005_007,729920
113752,1032,0,ONMK005_007,730952
113753,1036,0,ONMK005_007,731988
113754,936,0,ONMK005_007,732924
113755,1064,0,ONMK005_007,733988
113756,1004,0,ONMK005_007,734992
113757,1016,0,ONMK005_007,736008
113758,992,0,ONMK005_007,737000
113759,992,0,ONMK005_007,737992
113760,1012,0,ONMK005_007,739004
113761,1004,0,ONMK005_007,740008
113762,960,0,ONMK005_007,740968
113763,996,0,ONMK005_007,741964
113764,1004,0,ONMK005_007,742968
113765,1004,0,ONMK005_007,743972
113766,1004,0,ONMK005_007,744976
113767,1032,0,ONMK005_007,746008
113768,1020,0,ONMK005_007,747028
113769,968,0,ONMK005_007,747996
113770,1084,0,ONMK005_007,749080
113771,1048,0,ONMK005_007,750128
113772,988,0,ONMK005_007,751116
113773,1056,0,ONMK005_007,752172
113774,948,0,ONMK005_007,753120
113775,1064,0,ONMK005_007,754184
113776,1004,0,ONMK005_007,755188
113777,1012,0,ONMK005_007,756200
113778,1044,0,ONMK005_007,757244
113779,1052,0,ONMK005_007,758296
113780,1024,0,ONMK005_007,759320
113781,1040,0,ONMK005_007,760360
113782,1044,0,ONMK005_007,761404
113783,1040,0,ONMK005_007,762444
113784,1004,0,ONMK005_007,763448
113785,1036,0,ONMK005_007,764484
113786,1020,0,ONMK005_007,765504
113787,1004,0,ONMK005_007,766508
113788,980,0,ONMK005_007,767488
113789,992,0,ONMK005_007,768480
113790,1000,0,ONMK005_007,769480
113791,932,0,ONMK005_007,770412
113792,1020,0,ONMK005_007,771432
113793,1000,0,ONMK005_007,772432
113794,996,0,ONMK005_007,773428
113795,984,0,ONMK005_007,774412
113796,980,0,ONMK005_007,775392
113797,988,0,ONMK005_007,776380
113798,984,0,ONMK005_007,777364
113799,972,0,ONMK005_007,778336
113800,984,0,ONMK005_007,779320
113801,996,0,ONMK005_007,780316
113802,988,0,ONMK005_007,781304
113803,980,0,ONMK005_007,782284
113804,992,0,ONMK005_007,783276
113805,996,0,ONMK005_007,784272
113806,984,0,ONMK005_007,785256
113807,968,0,ONMK005_007,786224
113808,996,0,ONMK005_007,787220
113809,1000,0,ONMK005_007,788220
113810,980,0,ONMK005_007,789200
113811,964,0,ONMK005_007,790164
113812,1000,0,ONMK005_007,791164
113813,948,0,ONMK005_007,792112
113814,1048,0,ONMK005_007,793160
113815,988,0,ONMK005_007,794148
113816,1008,0,ONMK005_007,795156
113817,952,0,ONMK005_007,796108
113818,1000,0,ONMK005_007,797108
113819,1072,0,ONMK005_007,798180
113820,1024,0,ONMK005_007,799204
113821,1036,0,ONMK005_007,800240
113822,1008,0,ONMK005_007,801248
113823,1028,0,ONMK005_007,802276
113824,1032,0,ONMK005_007,803308
113825,1040,0,ONMK005_007,804348
113826,1024,0,ONMK005_007,805372
113827,1036,0,ONMK005_007,806408
113828,1040,0,ONMK005_007,807448
113829,1028,0,ONMK005_007,808476
113830,1008,0,ONMK005_007,809484
113831,1028,0,ONMK005_007,810512
113832,1032,0,ONMK005_007,811544
113833,1028,0,ONMK005_007,812572
113834,1008,0,ONMK005_007,813580
113835,1036,0,ONMK005_007,814616
113836,1040,0,ONMK005_007,815656
113837,1028,0,ONMK005_007,816684
113838,1004,0,ONMK005_007,817688
113839,1032,0,ONMK005_007,818720
113840,1040,0,ONMK005_007,819760
113841,1036,0,ONMK005_007,820796
113842,1020,0,ONMK005_007,821816
113843,1020,0,ONMK005_007,822836
113844,1020,0,ONMK005_007,823856
113845,1016,0,ONMK005_007,824872
113846,988,0,ONMK005_007,825860
113847,1016,0,ONMK005_007,826876
113848,1020,0,ONMK005_007,827896
113849,1000,0,ONMK005_007,828896
113850,996,0,ONMK005_007,829892
113851,1004,0,ONMK005_007,830896
113852,1008,0,ONMK005_007,831904
113853,968,0,ONMK005_007,832872
113854,984,0,ONMK005_007,833856
113855,984,0,ONMK005_007,834840
113856,996,0,ONMK005_007,835836
113857,956,0,ONMK005_007,836792
113858,984,0,ONMK005_007,837776
113859,984,0,ONMK005_007,838760
113860,984,0,ONMK005_007,839744
113861,972,0,ONMK005_007,840716
113862,984,0,ONMK005_007,841700
113863,996,0,ONMK005_007,842696
113864,984,0,ONMK005_007,843680
113865,980,0,ONMK005_007,844660
113866,996,0,ONMK005_007,845656
113867,1000,0,ONMK005_007,846656
113868,996,0,ONMK005_007,847652
113869,988,0,ONMK005_007,848640
113870,1000,0,ONMK005_007,849640
113871,1016,0,ONMK005_007,850656
113872,984,0,ONMK005_007,851640
113873,984,0,ONMK005_007,852624
113874,1012,0,ONMK005_007,853636
113875,1004,0,ONMK005_007,854640
113876,1000,0,ONMK005_007,855640
113877,1000,0,ONMK005_007,856640
113878,1024,0,ONMK005_007,857664
113879,1032,0,ONMK005_007,858696
113880,1008,0,ONMK005_007,859704
113881,1020,0,ONMK005_007,860724
113882,1024,0,ONMK005_007,861748
113883,1028,0,ONMK005_007,862776
113884,1004,0,ONMK005_007,863780
113885,1028,0,ONMK005_007,864808
113886,1036,0,ONMK005_007,865844
113887,1024,0,ONMK005_007,866868
113888,1016,0,ONMK005_007,867884
113889,1040,0,ONMK005_007,868924
113890,1044,0,ONMK005_007,869968
113891,1040,0,ONMK005_007,871008
113892,1016,0,ONMK005_007,872024
113893,1040,0,ONMK005_007,873064
113894,1044,0,ONMK005_007,874108
113895,1024,0,ONMK005_007,875132
113896,1044,0,ONMK005_007,876176
113897,1036,0,ONMK005_007,877212
113898,1036,0,ONMK005_007,878248
113899,1020,0,ONMK005_007,879268
113900,1056,0,ONMK005_007,880324
113901,1064,0,ONMK005_007,881388
113902,1040,0,ONMK005_007,882428
113903,1016,0,ONMK005_007,883444
113904,992,0,ONMK005_007,884436
113905,1092,0,ONMK005_007,885528
113906,1016,0,ONMK005_007,886544
113907,1028,0,ONMK005_007,887572
113908,1040,0,ONMK005_007,888612
113909,1044,0,ONMK005_007,889656
113910,1024,0,ONMK005_007,890680
113911,1040,0,ONMK005_007,891720
113912,1052,0,ONMK005_007,892772
113913,1060,0,ONMK005_007,893832
113914,1028,0,ONMK005_007,894860
113915,1036,0,ONMK005_007,895896
113916,1036,0,ONMK005_007,896932
113917,1000,0,ONMK005_007,897932
113918,1004,0,ONMK005_007,898936
113919,968,0,ONMK005_007,899904
113920,1068,0,ONMK005_007,900972
113921,928,0,ONMK005_007,901900
113922,1068,0,ONMK005_007,902968
113923,1012,0,ONMK005_007,903980
113924,1008,0,ONMK005_007,904988
113925,992,0,ONMK005_007,905980
113926,1004,0,ONMK005_007,906984
113927,1000,0,ONMK005_007,907984
113928,972,0,ONMK005_007,908956
113929,996,0,ONMK005_007,909952
113930,1004,0,ONMK005_007,910956
113931,988,0,ONMK005_007,911944
113932,980,0,ONMK005_007,912924
113933,952,0,ONMK005_007,913876
113934,1004,0,ONMK005_007,914880
113935,1040,0,ONMK005_007,915920
113936,1000,0,ONMK005_007,916920
113937,960,0,ONMK005_007,917880
113938,1060,0,ONMK005_007,918940
113939,996,0,ONMK005_007,919936
113940,1028,0,ONMK005_007,920964
113941,1020,0,ONMK005_007,921984
113942,1016,0,ONMK005_007,923000
113943,1020,0,ONMK005_007,924020
113944,1040,0,ONMK005_007,925060
113945,1044,0,ONMK005_007,926104
113946,1028,0,ONMK005_007,927132
113947,1044,0,ONMK005_007,928176
113948,1064,0,ONMK005_007,929240
113949,1052,0,ONMK005_007,930292
113950,1048,0,ONMK005_007,931340
113951,1044,0,ONMK005_007,932384
113952,1064,0,ONMK005_007,933448
113953,1056,0,ONMK005_007,934504
113954,1036,0,ONMK005_007,935540
113955,1064,0,ONMK005_007,936604
113956,1056,0,ONMK005_007,937660
113957,1040,0,ONMK005_007,938700
113958,1044,0,ONMK005_007,939744
113959,1048,0,ONMK005_007,940792
113960,1036,0,ONMK005_007,941828
113961,1040,0,ONMK005_007,942868
113962,1052,0,ONMK005_007,943920
113963,1048,0,ONMK005_007,944968
113964,1040,0,ONMK005_007,946008
113965,1032,0,ONMK005_007,947040
113966,1048,0,ONMK005_007,948088
113967,1056,0,ONMK005_007,949144
113968,972,0,ONMK005_007,950116
113969,1096,0,ONMK005_007,951212
113970,1052,0,ONMK005_007,952264
113971,1044,0,ONMK005_007,953308
113972,988,0,ONMK005_007,954296
113973,1096,0,ONMK005_007,955392
113974,1044,0,ONMK005_007,956436
113975,1036,0,ONMK005_007,957472
113976,1012,0,ONMK005_007,958484
113977,1032,0,ONMK005_007,959516
113978,1052,0,ONMK005_007,960568
113979,1040,0,ONMK005_007,961608
113980,1024,0,ONMK005_007,962632
113981,1060,0,ONMK005_007,963692
113982,1060,0,ONMK005_007,964752
113983,1036,0,ONMK005_007,965788
113984,1056,0,ONMK005_007,966844
113985,1048,0,ONMK005_007,967892
113986,1032,0,ONMK005_007,968924
113987,1028,0,ONMK005_007,969952
113988,1048,0,ONMK005_007,971000
113989,1056,0,ONMK005_007,972056
113990,1056,0,ONMK005_007,973112
113991,1028,0,ONMK005_007,974140
113992,1072,0,ONMK005_007,975212
113993,1056,0,ONMK005_007,976268
113994,988,0,ONMK005_007,977256
113995,1088,0,ONMK005_007,978344
113996,1056,0,ONMK005_007,979400
113997,1052,0,ONMK005_007,980452
113998,1028,0,ONMK005_007,981480
113999,1044,0,ONMK005_007,982524
114000,1060,0,ONMK005_007,983584
114001,1044,0,ONMK005_007,984628
114002,1008,0,ONMK005_007,985636
114003,1040,0,ONMK005_007,986676
114004,1028,0,ONMK005_007,987704
114005,1032,0,ONMK005_007,988736
114006,1024,0,ONMK005_007,989760
114007,1040,0,ONMK005_007,990800
114008,1044,0,ONMK005_007,991844
114009,1032,0,ONMK005_007,992876
114010,1048,0,ONMK005_007,993924
114011,1060,0,ONMK005_007,994984
114012,1052,0,ONMK005_007,996036
114013,1032,0,ONMK005_007,997068
114014,1064,0,ONMK005_007,998132
114015,1008,0,ONMK005_007,999140
114016,1108,0,ONMK005_007,1000248
114017,1052,0,ONMK005_007,1001300
114018,1060,0,ONMK005_007,1002360
114019,1036,0,ONMK005_007,1003396
114020,1060,0,ONMK005_007,1004456
114021,1056,0,ONMK005_007,1005512
114022,1040,0,ONMK005_007,1006552
114023,1024,0,ONMK005_007,1007576
114024,1044,0,ONMK005_007,1008620
114025,1052,0,ONMK005_007,1009672
114026,1024,0,ONMK005_007,1010696
114027,1040,0,ONMK005_007,1011736
114028,1056,0,ONMK005_007,1012792
114029,1032,0,ONMK005_007,1013824
114030,1036,0,ONMK005_007,1014860
114031,1044,0,ONMK005_007,1015904
114032,1036,0,ONMK005_007,1016940
114033,1004,0,ONMK005_007,1017944
114034,1032,0,ONMK005_007,1018976
114035,1024,0,ONMK005_007,1020000
114036,1020,0,ONMK005_007,1021020
114037,1000,0,ONMK005_007,1022020
114038,1020,0,ONMK005_007,1023040
114039,1004,0,ONMK005_007,1024044
114040,984,0,ONMK005_007,1025028
114041,1016,0,ONMK005_007,1026044
114042,1024,0,ONMK005_007,1027068
114043,1008,0,ONMK005_007,1028076
114044,1008,0,ONMK005_007,1029084
114045,1024,0,ONMK005_007,1030108
114046,1032,0,ONMK005_007,1031140
114047,988,0,ONMK005_007,1032128
114048,1020,0,ONMK005_007,1033148
114049,1016,0,ONMK005_007,1034164
114050,1004,0,ONMK005_007,1035168
114051,988,0,ONMK005_007,1036156
114052,1020,0,ONMK005_007,1037176
114053,1012,0,ONMK005_007,1038188
114054,928,0,ONMK005_007,1039116
114055,1004,0,ONMK005_007,1040120
114056,1016,0,ONMK005_007,1041136
114057,1064,1,ONMK005_007,1042200
114058,932,0,ONMK005_007,1043132
114059,1004,0,ONMK005_007,1044136
114060,1020,0,ONMK005_007,1045156
114061,1008,0,ONMK005_007,1046164
114062,992,0,ONMK005_007,1047156
114063,1008,0,ONMK005_007,1048164
114064,1080,0,ONMK005_007,1049244
114065,1020,0,ONMK005_007,1050264
114066,1012,0,ONMK005_007,1051276
114067,984,0,ONMK005_007,1052260
114068,1044,0,ONMK005_007,1053304
114069,1016,0,ONMK005_007,1054320
114070,1084,0,ONMK005_007,1055404
114071,1040,0,ONMK005_007,1056444
114072,1036,0,ONMK005_007,1057480
114073,1020,0,ONMK005_007,1058500
114074,1044,0,ONMK005_007,1059544
114075,1040,0,ONMK005_007,1060584
114076,1048,0,ONMK005_007,1061632
114077,1032,0,ONMK005_007,1062664
114078,1040,0,ONMK005_007,1063704
114079,1056,0,ONMK005_007,1064760
114080,1048,0,ONMK005_007,1065808
114081,1028,0,ONMK005_007,1066836
114082,1056,0,ONMK005_007,1067892
114083,1060,0,ONMK005_007,1068952
114084,1076,0,ONMK005_007,1070028
114085,1028,0,ONMK005_007,1071056
114086,1024,0,ONMK005_007,1072080
114087,1036,0,ONMK005_007,1073116
114088,1020,0,ONMK005_007,1074136
114089,1028,0,ONMK005_007,1075164
114090,1036,0,ONMK005_007,1076200
114091,976,0,ONMK005_007,1077176
114092,1004,0,ONMK005_007,1078180
114093,1080,0,ONMK005_007,1079260
114094,1028,0,ONMK005_007,1080288
114095,1016,0,ONMK005_007,1081304
114096,996,0,ONMK005_007,1082300
114097,1020,0,ONMK005_007,1083320
114098,1032,0,ONMK005_007,1084352
114099,1008,0,ONMK005_007,1085360
114100,1004,0,ONMK005_007,1086364
114101,1032,0,ONMK005_007,1087396
114102,1016,0,ONMK005_007,1088412
114103,992,0,ONMK005_007,1089404
114104,1000,0,ONMK005_007,1090404
114105,1004,0,ONMK005_007,1091408
114106,1012,0,ONMK005_007,1092420
114107,980,0,ONMK005_007,1093400
114108,1004,0,ONMK005_007,1094404
114109,1012,0,ONMK005_007,1095416
114110,1008,0,ONMK005_007,1096424
114111,1000,0,ONMK005_007,1097424
114112,1024,0,ONMK005_007,1098448
114113,1032,0,ONMK005_007,1099480
114114,1012,0,ONMK005_007,1100492
114115,1012,0,ONMK005_007,1101504
114116,1044,0,ONMK005_007,1102548
114117,1040,0,ONMK005_007,1103588
114118,1020,0,ONMK005_007,1104608
114119,1024,0,ONMK005_007,1105632
114120,1040,0,ONMK005_007,1106672
114121,1036,0,ONMK005_007,1107708
114122,1024,0,ONMK005_007,1108732
114123,1016,0,ONMK005_007,1109748
114124,1032,0,ONMK005_007,1110780
114125,1028,0,ONMK005_007,1111808
114126,988,0,ONMK005_007,1112796
114127,1016,0,ONMK005_007,1113812
114128,1020,0,ONMK005_007,1114832
114129,1020,0,ONMK005_007,1115852
114130,996,0,ONMK005_007,1116848
114131,1024,0,ONMK005_007,1117872
114132,1044,0,ONMK005_007,1118916
114133,1052,0,ONMK005_007,1119968
114134,1020,0,ONMK005_007,1120988
114135,1044,0,ONMK005_007,1122032
114136,1044,0,ONMK005_007,1123076
114137,1064,0,ONMK005_007,1124140
114138,1032,0,ONMK005_007,1125172
114139,1048,0,ONMK005_007,1126220
114140,1056,0,ONMK005_007,1127276
114141,1040,0,ONMK005_007,1128316
114142,1028,0,ONMK005_007,1129344
114143,1036,0,ONMK005_007,1130380
114144,1044,0,ONMK005_007,1131424
114145,1036,0,ONMK005_007,1132460
114146,1004,0,ONMK005_007,1133464
114147,1044,0,ONMK005_007,1134508
114148,1040,0,ONMK005_007,1135548
114149,1052,0,ONMK005_007,1136600
114150,1012,0,ONMK005_007,1137612
114151,1056,0,ONMK005_007,1138668
114152,1040,0,ONMK005_007,1139708
114153,1028,0,ONMK005_007,1140736
114154,1000,0,ONMK005_007,1141736
114155,1032,0,ONMK005_007,1142768
114156,1024,0,ONMK005_007,1143792
114157,1016,0,ONMK005_007,1144808
114158,1020,0,ONMK005_007,1145828
114159,1032,0,ONMK005_007,1146860
114160,1036,0,ONMK005_007,1147896
114161,1016,0,ONMK005_007,1148912
114162,1028,0,ONMK005_007,1149940
114163,1044,0,ONMK005_007,1150984
114164,1040,0,ONMK005_007,1152024
114165,1032,0,ONMK005_007,1153056
114166,1024,0,ONMK005_007,1154080
114167,1036,0,ONMK005_007,1155116
114168,1024,0,ONMK005_007,1156140
114169,1040,0,ONMK005_007,1157180
114170,1036,0,ONMK005_007,1158216
114171,1032,0,ONMK005_007,1159248
114172,980,0,ONMK005_007,1160228
114173,1104,0,ONMK005_007,1161332
114174,1056,0,ONMK005_007,1162388
114175,1020,0,ONMK005_007,1163408
114176,1056,0,ONMK005_007,1164464
114177,1060,0,ONMK005_007,1165524
114178,1048,0,ONMK005_007,1166572
114179,1024,0,ONMK005_007,1167596
114180,1056,0,ONMK005_007,1168652
114181,1044,0,ONMK005_007,1169696
114182,1036,0,ONMK005_007,1170732
114183,1024,0,ONMK005_007,1171756
114184,1060,0,ONMK005_007,1172816
114185,1040,0,ONMK005_007,1173856
114186,1020,0,ONMK005_007,1174876
114187,1024,0,ONMK005_007,1175900
114188,1052,0,ONMK005_007,1176952
114189,1048,0,ONMK005_007,1178000
114190,1024,0,ONMK005_007,1179024
114191,1036,0,ONMK005_007,1180060
114192,1040,0,ONMK005_007,1181100
114193,1028,0,ONMK005_007,1182128
114194,1012,0,ONMK005_007,1183140
114195,1032,0,ONMK005_007,1184172
114196,1044,0,ONMK005_007,1185216
114197,1032,0,ONMK005_007,1186248
114198,1012,0,ONMK005_007,1187260
114199,976,0,ONMK005_007,1188236
114200,1096,0,ONMK005_007,1189332
114201,1036,0,ONMK005_007,1190368
114202,996,0,ONMK005_007,1191364
114203,1024,0,ONMK005_007,1192388
114204,1024,0,ONMK005_007,1193412
114205,1004,0,ONMK005_007,1194416
114206,1000,0,ONMK005_007,1195416
114207,1012,0,ONMK005_007,1196428
114208,1020,0,ONMK005_007,1197448
114209,1004,0,ONMK005_007,1198452
114210,1004,0,ONMK005_007,1199456
114211,1032,0,ONMK005_007,1200488
114212,1032,0,ONMK005_007,1201520
114213,1012,0,ONMK005_007,1202532
114214,1032,0,ONMK005_007,1203564
114215,1072,0,ONMK005_007,1204636
114216,1076,0,ONMK005_007,1205712
114217,1040,0,ONMK005_007,1206752
114218,1064,0,ONMK005_007,1207816
114219,1080,0,ONMK005_007,1208896
114220,1060,0,ONMK005_007,1209956
114221,1028,0,ONMK005_007,1210984
114222,1068,0,ONMK005_007,1212052
114223,1064,0,ONMK005_007,1213116
114224,1064,0,ONMK005_007,1214180
114225,1040,0,ONMK005_007,1215220
114226,1040,0,ONMK005_007,1216260
114227,1092,0,ONMK005_007,1217352
114228,1064,0,ONMK005_007,1218416
114229,1044,0,ONMK005_007,1219460
114230,1036,0,ONMK005_007,1220496
114231,1064,0,ONMK005_007,1221560
114232,1076,0,ONMK005_007,1222636
114233,1060,0,ONMK005_007,1223696
114234,1064,0,ONMK005_007,1224760
114235,1084,0,ONMK005_007,1225844
114236,1076,0,ONMK005_007,1226920
114237,1048,0,ONMK005_007,1227968
114238,1072,0,ONMK005_007,1229040
114239,1080,0,ONMK005_007,1230120
114240,1080,0,ONMK005_007,1231200
114241,1044,0,ONMK005_007,1232244
114242,1064,0,ONMK005_007,1233308
114243,1060,0,ONMK005_007,1234368
114244,1072,0,ONMK005_007,1235440
114245,1032,0,ONMK005_007,1236472
114246,1076,0,ONMK005_007,1237548
114247,1064,0,ONMK005_007,1238612
114248,1040,0,ONMK005_007,1239652
114249,1052,0,ONMK005_007,1240704
114250,1048,0,ONMK005_007,1241752
114251,996,0,ONMK005_007,1242748
114252,1080,0,ONMK005_007,1243828
114253,1016,0,ONMK005_007,1244844
114254,1028,0,ONMK005_007,1245872
114255,1016,0,ONMK005_007,1246888
114256,1016,0,ONMK005_007,1247904
114257,1004,0,ONMK005_007,1248908
114258,1020,0,ONMK005_007,1249928
114259,1056,0,ONMK005_007,1250984
114260,1024,0,ONMK005_007,1252008
114261,1040,0,ONMK005_007,1253048
114262,1056,0,ONMK005_007,1254104
114263,1032,0,ONMK005_007,1255136
114264,1020,0,ONMK005_007,1256156
114265,1060,0,ONMK005_007,1257216
114266,1068,0,ONMK005_007,1258284
114267,1052,0,ONMK005_007,1259336
114268,1056,0,ONMK005_007,1260392
114269,1080,0,ONMK005_007,1261472
114270,1044,0,ONMK005_007,1262516
114271,1024,0,ONMK005_007,1263540
114272,1052,0,ONMK005_007,1264592
114273,1064,0,ONMK005_007,1265656
114274,1040,0,ONMK005_007,1266696
114275,1036,0,ONMK005_007,1267732
114276,1084,0,ONMK005_007,1268816
114277,1044,0,ONMK005_007,1269860
114278,1016,0,ONMK005_007,1270876
114279,1040,0,ONMK005_007,1271916
114280,1040,0,ONMK005_007,1272956
114281,1028,0,ONMK005_007,1273984
114282,1016,0,ONMK005_007,1275000
114283,1064,0,ONMK005_007,1276064
114284,1080,0,ONMK005_007,1277144
114285,1040,0,ONMK005_007,1278184
114286,1064,0,ONMK005_007,1279248
114287,1072,0,ONMK005_007,1280320
114288,1064,0,ONMK005_007,1281384
114289,1040,0,ONMK005_007,1282424
114290,1060,0,ONMK005_007,1283484
114291,1076,0,ONMK005_007,1284560
114292,1064,0,ONMK005_007,1285624
114293,1040,0,ONMK005_007,1286664
114294,1076,0,ONMK005_007,1287740
114295,1084,0,ONMK005_007,1288824
114296,1064,0,ONMK005_007,1289888
114297,1056,0,ONMK005_007,1290944
114298,1096,0,ONMK005_007,1292040
114299,1088,0,ONMK005_007,1293128
114300,1060,0,ONMK005_007,1294188
114301,1056,0,ONMK005_007,1295244
114302,1004,0,ONMK005_007,1296248
114303,1112,0,ONMK005_007,1297360
114304,1024,0,ONMK005_007,1298384
114305,1044,0,ONMK005_007,1299428
114306,1024,0,ONMK005_007,1300452
114307,1016,0,ONMK005_007,1301468
114308,1040,0,ONMK005_007,1302508
114309,1048,0,ONMK005_007,1303556
114310,1016,0,ONMK005_007,1304572
114311,1032,0,ONMK005_007,1305604
114312,1028,0,ONMK005_007,1306632
114313,1024,0,ONMK005_007,1307656
114314,1004,0,ONMK005_007,1308660
114315,1028,0,ONMK005_007,1309688
114316,1024,0,ONMK005_007,1310712
114317,1020,0,ONMK005_007,1311732
114318,1000,0,ONMK005_007,1312732
114319,1020,0,ONMK005_007,1313752
114320,1008,0,ONMK005_007,1314760
114321,1000,0,ONMK005_007,1315760
114322,1008,0,ONMK005_007,1316768
114323,1032,0,ONMK005_007,1317800
114324,1044,0,ONMK005_007,1318844
114325,1028,0,ONMK005_007,1319872
114326,1040,0,ONMK005_007,1320912
114327,1052,0,ONMK005_007,1321964
114328,1040,0,ONMK005_007,1323004
114329,1016,0,ONMK005_007,1324020
114330,1044,0,ONMK005_007,1325064
114331,1036,0,ONMK005_007,1326100
114332,1024,0,ONMK005_007,1327124
114333,1000,0,ONMK005_007,1328124
114334,964,0,ONMK005_007,1329088
114335,1080,0,ONMK005_007,1330168
114336,1004,0,ONMK005_007,1331172
114337,1016,0,ONMK005_007,1332188
114338,1028,0,ONMK005_007,1333216
114339,1036,0,ONMK005_007,1334252
114340,1020,0,ONMK005_007,1335272
114341,1036,0,ONMK005_007,1336308
114342,468,0,ONMK005_007,1336776
114343,416,0,ONMK005_007,1337192
114344,844,0,ONMK005_007,1338036
114345,1200,0,ONMK005_007,1339236
114346,1088,0,ONMK005_007,1340324
114347,1100,0,ONMK005_007,1341424
114348,1080,0,ONMK005_007,1342504
114349,1052,0,ONMK005_007,1343556
114350,1068,0,ONMK005_007,1344624
114351,1056,0,ONMK005_007,1345680
114352,1044,0,ONMK005_007,1346724
114353,1020,0,ONMK005_007,1347744
114354,1048,0,ONMK005_007,1348792
114355,1056,0,ONMK005_007,1349848
114356,1036,0,ONMK005_007,1350884
114357,1044,0,ONMK005_007,1351928
114358,1068,0,ONMK005_007,1352996
114359,1064,0,ONMK005_007,1354060
114360,972,0,ONMK005_007,1355032
114361,1080,0,ONMK005_007,1356112
114362,1032,0,ONMK005_007,1357144
114363,1028,0,ONMK005_007,1358172
114364,1004,0,ONMK005_007,1359176
114365,1040,0,ONMK005_007,1360216
114366,1024,0,ONMK005_007,1361240
114367,996,0,ONMK005_007,1362236
114368,1020,0,ONMK005_007,1363256
114369,1024,0,ONMK005_007,1364280
114370,1020,0,ONMK005_007,1365300
114371,1008,0,ONMK005_007,1366308
114372,1048,0,ONMK005_007,1367356
114373,1048,0,ONMK005_007,1368404
114374,1040,0,ONMK005_007,1369444
114375,1044,0,ONMK005_007,1370488
114376,1048,0,ONMK005_007,1371536
114377,1036,0,ONMK005_007,1372572
114378,1008,0,ONMK005_007,1373580
114379,1016,0,ONMK005_007,1374596
114380,976,0,ONMK005_007,1375572
114381,1060,0,ONMK005_007,1376632
114382,944,0,ONMK005_007,1377576
114383,1072,0,ONMK005_007,1378648
114384,1008,0,ONMK005_007,1379656
114385,980,0,ONMK005_007,1380636
114386,1024,0,ONMK005_007,1381660
114387,1024,0,ONMK005_007,1382684
114388,1020,0,ONMK005_007,1383704
114389,1024,0,ONMK005_007,1384728
114390,1052,0,ONMK005_007,1385780
114391,1020,0,ONMK005_007,1386800
114392,1004,0,ONMK005_007,1387804
114393,1036,0,ONMK005_007,1388840
114394,1032,0,ONMK005_007,1389872
114395,1020,0,ONMK005_007,1390892
114396,1024,0,ONMK005_007,1391916
114397,1036,0,ONMK005_007,1392952
114398,1032,0,ONMK005_007,1393984
114399,1004,0,ONMK005_007,1394988
114400,960,0,ONMK005_007,1395948
114401,1080,0,ONMK005_007,1397028
114402,1000,0,ONMK005_007,1398028
114403,992,0,ONMK005_007,1399020
114404,1016,0,ONMK005_007,1400036
114405,1016,0,ONMK005_007,1401052
114406,984,0,ONMK005_007,1402036
114407,1008,0,ONMK005_007,1403044
114408,1008,0,ONMK005_007,1404052
114409,1004,0,ONMK005_007,1405056
114410,980,0,ONMK005_007,1406036
114411,1000,0,ONMK005_007,1407036
114412,1000,0,ONMK005_007,1408036
114413,1004,0,ONMK005_007,1409040
114414,980,0,ONMK005_007,1410020
114415,1000,0,ONMK005_007,1411020
114416,980,0,ONMK005_007,1412000
114417,956,0,ONMK005_007,1412956
114418,964,0,ONMK005_007,1413920
114419,984,0,ONMK005_007,1414904
114420,980,0,ONMK005_007,1415884
114421,976,0,ONMK005_007,1416860
114422,988,0,ONMK005_007,1417848
114423,1000,0,ONMK005_007,1418848
114424,916,0,ONMK005_007,1419764
114425,1004,0,ONMK005_007,1420768
114426,980,0,ONMK005_007,1421748
114427,1016,0,ONMK005_007,1422764
114428,948,0,ONMK005_007,1423712
114429,920,0,ONMK005_007,1424632
114430,916,0,ONMK005_007,1425548
114431,928,0,ONMK005_007,1426476
114432,876,0,ONMK005_007,1427352
114433,980,0,ONMK005_007,1428332
114434,940,0,ONMK005_007,1429272
114435,948,0,ONMK005_007,1430220
114436,940,0,ONMK005_007,1431160
114437,956,0,ONMK005_007,1432116
114438,972,0,ONMK005_007,1433088
114439,952,0,ONMK005_007,1434040
114440,956,0,ONMK005_007,1434996
114441,972,0,ONMK005_007,1435968
114442,956,0,ONMK005_007,1436924
114443,948,0,ONMK005_007,1437872
114444,948,0,ONMK005_007,1438820
114445,956,0,ONMK005_007,1439776
114446,940,0,ONMK005_007,1440716
114447,952,0,ONMK005_007,1441668
114448,964,0,ONMK005_007,1442632
114449,952,0,ONMK005_007,1443584
114450,900,0,ONMK005_007,1444484
114451,996,0,ONMK005_007,1445480
114452,880,0,ONMK005_007,1446360
114453,1000,0,ONMK005_007,1447360
114454,952,0,ONMK005_007,1448312
114455,968,0,ONMK005_007,1449280
114456,964,0,ONMK005_007,1450244
114457,968,0,ONMK005_007,1451212
114458,972,0,ONMK005_007,1452184
114459,904,0,ONMK005_007,1453088
114460,964,0,ONMK005_007,1454052
114461,1024,0,ONMK005_007,1455076
114462,964,0,ONMK005_007,1456040
114463,960,0,ONMK005_007,1457000
114464,932,0,ONMK005_007,1457932
114465,1044,0,ONMK005_007,1458976
114466,976,0,ONMK005_007,1459952
114467,968,0,ONMK005_007,1460920
114468,992,0,ONMK005_007,1461912
114469,920,0,ONMK005_007,1462832
114470,1020,0,ONMK005_007,1463852
114471,972,0,ONMK005_007,1464824
114472,980,0,ONMK005_007,1465804
114473,960,0,ONMK005_007,1466764
114474,976,0,ONMK005_007,1467740
114475,964,0,ONMK005_007,1468704
114476,944,0,ONMK005_007,1469648
114477,964,0,ONMK005_007,1470612
114478,908,0,ONMK005_007,1471520
114479,948,0,ONMK005_007,1472468
114480,1000,0,ONMK005_007,1473468
114481,896,0,ONMK005_007,1474364
114482,1004,0,ONMK005_007,1475368
114483,684,0,ONMK005_007,1476052
114484,276,0,ONMK005_007,1476328
114485,208,0,ONMK005_007,1476536
114486,256,0,ONMK005_007,1476792
114487,484,0,ONMK005_007,1477276
114488,948,0,ONMK005_007,1478224
114489,936,0,ONMK005_007,1479160
114490,952,0,ONMK005_007,1480112
114491,900,0,ONMK005_007,1481012
114492,924,0,ONMK005_007,1481936
114493,984,0,ONMK005_007,1482920
114494,908,0,ONMK005_007,1483828
114495,892,0,ONMK005_007,1484720
114496,896,0,ONMK005_007,1485616
114497,908,0,ONMK005_007,1486524
114498,852,0,ONMK005_007,1487376
114499,968,0,ONMK005_007,1488344
114500,932,0,ONMK005_007,1489276
114501,924,0,ONMK005_007,1490200
114502,924,0,ONMK005_007,1491124
114503,944,0,ONMK005_007,1492068
114504,944,0,ONMK005_007,1493012
114505,940,0,ONMK005_007,1493952
114506,936,0,ONMK005_007,1494888
114507,952,0,ONMK005_007,1495840
114508,940,0,ONMK005_007,1496780
114509,936,0,ONMK005_007,1497716
114510,956,0,ONMK005_007,1498672
114511,956,0,ONMK005_007,1499628
114512,940,0,ONMK005_007,1500568
114513,952,0,ONMK005_007,1501520
114514,964,0,ONMK005_007,1502484
114515,896,0,ONMK005_007,1503380
114516,1012,0,ONMK005_007,1504392
114517,956,0,ONMK005_007,1505348
114518,936,0,ONMK005_007,1506284
114519,888,0,ONMK005_007,1507172
114520,884,0,ONMK005_007,1508056
114521,940,0,ONMK005_007,1508996
114522,976,0,ONMK005_007,1509972
114523,1000,0,ONMK005_007,1510972
114524,1000,0,ONMK005_007,1511972
114525,1008,0,ONMK005_007,1512980
114526,1008,0,ONMK005_007,1513988
114527,972,0,ONMK005_007,1514960
114528,972,0,ONMK005_007,1515932
114529,960,0,ONMK005_007,1516892
114530,944,0,ONMK005_007,1517836
114531,892,0,ONMK005_007,1518728
114532,1000,0,ONMK005_007,1519728
114533,924,0,ONMK005_007,1520652
114534,920,0,ONMK005_007,1521572
114535,860,0,ONMK005_007,1522432
114536,844,0,ONMK005_007,1523276
114537,840,0,ONMK005_007,1524116
114538,820,0,ONMK005_007,1524936
114539,824,0,ONMK005_007,1525760
114540,816,0,ONMK005_007,1526576
114541,828,0,ONMK005_007,1527404
114542,816,0,ONMK005_007,1528220
114543,824,0,ONMK005_007,1529044
114544,832,0,ONMK005_007,1529876
114545,844,0,ONMK005_007,1530720
114546,836,0,ONMK005_007,1531556
114547,864,0,ONMK005_007,1532420
114548,860,0,ONMK005_007,1533280
114549,880,0,ONMK005_007,1534160
114550,896,0,ONMK005_007,1535056
114551,924,0,ONMK005_007,1535980
114552,932,0,ONMK005_007,1536912
114553,940,0,ONMK005_007,1537852
114554,956,0,ONMK005_007,1538808
114555,960,0,ONMK005_007,1539768
114556,956,0,ONMK005_007,1540724
114557,964,0,ONMK005_007,1541688
114558,968,0,ONMK005_007,1542656
114559,940,0,ONMK005_007,1543596
114560,932,0,ONMK005_007,1544528
114561,896,0,ONMK005_007,1545424
114562,896,0,ONMK005_007,1546320
114563,888,0,ONMK005_007,1547208
114564,868,0,ONMK005_007,1548076
114565,864,0,ONMK005_007,1548940
114566,848,0,ONMK005_007,1549788
114567,844,0,ONMK005_007,1550632
114568,784,0,ONMK005_007,1551416
114569,908,0,ONMK005_007,1552324
114570,852,0,ONMK005_007,1553176
114571,872,0,ONMK005_007,1554048
114572,888,0,ONMK005_007,1554936
114573,832,0,ONMK005_007,1555768
114574,884,0,ONMK005_007,1556652
114575,888,0,ONMK005_007,1557540
114576,880,0,ONMK005_007,1558420
114577,944,0,ONMK005_007,1559364
114578,896,0,ONMK005_007,1560260
114579,900,0,ONMK005_007,1561160
114580,912,0,ONMK005_007,1562072
114581,924,0,ONMK005_007,1562996
114582,916,0,ONMK005_007,1563912
114583,844,0,ONMK005_007,1564756
114584,948,0,ONMK005_007,1565704
114585,896,0,ONMK005_007,1566600
114586,900,0,ONMK005_007,1567500
114587,880,0,ONMK005_007,1568380
114588,880,0,ONMK005_007,1569260
114589,820,0,ONMK005_007,1570080
114590,900,0,ONMK005_007,1570980
114591,852,0,ONMK005_007,1571832
114592,788,0,ONMK005_007,1572620
114593,816,0,ONMK005_007,1573436
114594,872,0,ONMK005_007,1574308
114595,812,0,ONMK005_007,1575120
114596,800,0,ONMK005_007,1575920
114597,812,0,ONMK005_007,1576732
114598,764,0,ONMK005_007,1577496
114599,836,0,ONMK005_007,1578332
114600,928,0,ONMK005_007,1579260
114601,844,0,ONMK005_007,1580104
114602,896,0,ONMK005_007,1581000
114603,996,0,ONMK005_007,1581996
114604,948,0,ONMK005_007,1582944
114605,896,0,ONMK005_007,1583840
114606,1020,0,ONMK005_007,1584860
114607,964,0,ONMK005_007,1585824
114608,892,0,ONMK005_007,1586716
114609,984,0,ONMK005_007,1587700
114610,1040,0,ONMK005_007,1588740
114611,992,0,ONMK005_008,992
114612,368,0,ONMK005_008,1360
114613,636,0,ONMK005_008,1996
114614,1000,0,ONMK005_008,2996
114615,984,0,ONMK005_008,3980
114616,980,0,ONMK005_008,4960
114617,996,0,ONMK005_008,5956
114618,916,0,ONMK005_008,6872
114619,1024,0,ONMK005_008,7896
114620,984,0,ONMK005_008,8880
114621,1004,0,ONMK005_008,9884
114622,996,0,ONMK005_008,10880
114623,980,0,ONMK005_008,11860
114624,1004,0,ONMK005_008,12864
114625,1008,0,ONMK005_008,13872
114626,984,0,ONMK005_008,14856
114627,1000,0,ONMK005_008,15856
114628,1012,0,ONMK005_008,16868
114629,952,0,ONMK005_008,17820
114630,1040,0,ONMK005_008,18860
114631,1008,0,ONMK005_008,19868
114632,1016,0,ONMK005_008,20884
114633,1000,0,ONMK005_008,21884
114634,1012,0,ONMK005_008,22896
114635,980,0,ONMK005_008,23876
114636,1004,0,ONMK005_008,24880
114637,1016,0,ONMK005_008,25896
114638,1068,0,ONMK005_008,26964
114639,1012,0,ONMK005_008,27976
114640,924,0,ONMK005_008,28900
114641,1068,0,ONMK005_008,29968
114642,1008,0,ONMK005_008,30976
114643,1000,0,ONMK005_008,31976
114644,992,0,ONMK005_008,32968
114645,1012,0,ONMK005_008,33980
114646,1016,0,ONMK005_008,34996
114647,996,0,ONMK005_008,35992
114648,1000,0,ONMK005_008,36992
114649,972,0,ONMK005_008,37964
114650,1036,0,ONMK005_008,39000
114651,1024,0,ONMK005_008,40024
114652,1040,0,ONMK005_008,41064
114653,1116,0,ONMK005_008,42180
114654,1064,0,ONMK005_008,43244
114655,1040,0,ONMK005_008,44284
114656,1060,0,ONMK005_008,45344
114657,1000,0,ONMK005_008,46344
114658,1044,0,ONMK005_008,47388
114659,1104,0,ONMK005_008,48492
114660,1000,0,ONMK005_008,49492
114661,844,0,ONMK005_008,50336
114662,904,1,ONMK005_008,51240
114663,792,0,ONMK005_008,52032
114664,856,0,ONMK005_008,52888
114665,872,0,ONMK005_008,53760
114666,920,0,ONMK005_008,54680
114667,968,0,ONMK005_008,55648
114668,956,0,ONMK005_008,56604
114669,968,0,ONMK005_008,57572
114670,932,0,ONMK005_008,58504
114671,940,0,ONMK005_008,59444
114672,944,0,ONMK005_008,60388
114673,944,0,ONMK005_008,61332
114674,936,0,ONMK005_008,62268
114675,996,1,ONMK005_008,63264
114676,896,0,ONMK005_008,64160
114677,940,0,ONMK005_008,65100
114678,940,0,ONMK005_008,66040
114679,924,0,ONMK005_008,66964
114680,900,0,ONMK005_008,67864
114681,880,0,ONMK005_008,68744
114682,864,0,ONMK005_008,69608
114683,844,0,ONMK005_008,70452
114684,836,0,ONMK005_008,71288
114685,824,0,ONMK005_008,72112
114686,816,0,ONMK005_008,72928
114687,884,0,ONMK005_008,73812
114688,816,0,ONMK005_008,74628
114689,964,0,ONMK005_008,75592
114690,896,0,ONMK005_008,76488
114691,976,0,ONMK005_008,77464
114692,956,0,ONMK005_008,78420
114693,952,0,ONMK005_008,79372
114694,940,0,ONMK005_008,80312
114695,952,0,ONMK005_008,81264
114696,1004,1,ONMK005_008,82268
114697,908,0,ONMK005_008,83176
114698,976,0,ONMK005_008,84152
114699,944,0,ONMK005_008,85096
114700,996,0,ONMK005_008,86092
114701,920,0,ONMK005_008,87012
114702,884,0,ONMK005_008,87896
114703,820,0,ONMK005_008,88716
114704,908,0,ONMK005_008,89624
114705,832,0,ONMK005_008,90456
114706,836,0,ONMK005_008,91292
114707,832,0,ONMK005_008,92124
114708,832,0,ONMK005_008,92956
114709,780,0,ONMK005_008,93736
114710,884,0,ONMK005_008,94620
114711,776,0,ONMK005_008,95396
114712,860,0,ONMK005_008,96256
114713,888,0,ONMK005_008,97144
114714,900,0,ONMK005_008,98044
114715,912,0,ONMK005_008,98956
114716,912,0,ONMK005_008,99868
114717,928,0,ONMK005_008,100796
114718,920,0,ONMK005_008,101716
114719,896,0,ONMK005_008,102612
114720,880,0,ONMK005_008,103492
114721,852,0,ONMK005_008,104344
114722,848,0,ONMK005_008,105192
114723,868,0,ONMK005_008,106060
114724,868,0,ONMK005_008,106928
114725,912,0,ONMK005_008,107840
114726,928,0,ONMK005_008,108768
114727,952,0,ONMK005_008,109720
114728,968,0,ONMK005_008,110688
114729,976,0,ONMK005_008,111664
114730,964,0,ONMK005_008,112628
114731,1036,0,ONMK005_008,113664
114732,1004,0,ONMK005_008,114668
114733,960,0,ONMK005_008,115628
114734,1080,0,ONMK005_008,116708
114735,1020,0,ONMK005_008,117728
114736,1024,0,ONMK005_008,118752
114737,1040,0,ONMK005_008,119792
114738,948,0,ONMK005_008,120740
114739,1052,0,ONMK005_008,121792
114740,984,0,ONMK005_008,122776
114741,912,0,ONMK005_008,123688
114742,600,0,ONMK005_008,124288
114743,1260,0,ONMK005_008,125548
114744,1144,0,ONMK005_008,126692
114745,944,0,ONMK005_008,127636
114746,876,0,ONMK005_008,128512
114747,984,0,ONMK005_008,129496
114748,884,0,ONMK005_008,130380
114749,936,0,ONMK005_008,131316
114750,964,0,ONMK005_008,132280
114751,1040,0,ONMK005_008,133320
114752,960,0,ONMK005_008,134280
114753,1100,0,ONMK005_008,135380
114754,1060,0,ONMK005_008,136440
114755,1052,0,ONMK005_008,137492
114756,1028,0,ONMK005_008,138520
114757,1040,0,ONMK005_008,139560
114758,1044,0,ONMK005_008,140604
114759,1036,0,ONMK005_008,141640
114760,1000,0,ONMK005_008,142640
114761,996,0,ONMK005_008,143636
114762,964,0,ONMK005_008,144600
114763,916,0,ONMK005_008,145516
114764,948,0,ONMK005_008,146464
114765,940,0,ONMK005_008,147404
114766,952,0,ONMK005_008,148356
114767,960,0,ONMK005_008,149316
114768,1028,0,ONMK005_008,150344
114769,968,0,ONMK005_008,151312
114770,968,0,ONMK005_008,152280
114771,912,0,ONMK005_008,153192
114772,972,0,ONMK005_008,154164
114773,1028,0,ONMK005_008,155192
114774,912,0,ONMK005_008,156104
114775,1012,0,ONMK005_008,157116
114776,968,0,ONMK005_008,158084
114777,900,0,ONMK005_008,158984
114778,944,0,ONMK005_008,159928
114779,916,0,ONMK005_008,160844
114780,884,0,ONMK005_008,161728
114781,944,0,ONMK005_008,162672
114782,816,0,ONMK005_008,163488
114783,856,0,ONMK005_008,164344
114784,884,0,ONMK005_008,165228
114785,776,0,ONMK005_008,166004
114786,800,0,ONMK005_008,166804
114787,832,0,ONMK005_008,167636
114788,916,0,ONMK005_008,168552
114789,824,0,ONMK005_008,169376
114790,944,0,ONMK005_008,170320
114791,828,0,ONMK005_008,171148
114792,908,0,ONMK005_008,172056
114793,936,0,ONMK005_008,172992
114794,964,0,ONMK005_008,173956
114795,1040,0,ONMK005_008,174996
114796,936,0,ONMK005_008,175932
114797,988,0,ONMK005_008,176920
114798,980,0,ONMK005_008,177900
114799,960,0,ONMK005_008,178860
114800,1000,0,ONMK005_008,179860
114801,924,0,ONMK005_008,180784
114802,896,0,ONMK005_008,181680
114803,924,0,ONMK005_008,182604
114804,960,0,ONMK005_008,183564
114805,900,0,ONMK005_008,184464
114806,876,0,ONMK005_008,185340
114807,868,0,ONMK005_008,186208
114808,856,0,ONMK005_008,187064
114809,844,0,ONMK005_008,187908
114810,836,0,ONMK005_008,188744
114811,824,0,ONMK005_008,189568
114812,784,0,ONMK005_008,190352
114813,880,0,ONMK005_008,191232
114814,972,0,ONMK005_008,192204
114815,928,0,ONMK005_008,193132
114816,960,0,ONMK005_008,194092
114817,960,0,ONMK005_008,195052
114818,924,0,ONMK005_008,195976
114819,956,0,ONMK005_008,196932
114820,984,0,ONMK005_008,197916
114821,1000,0,ONMK005_008,198916
114822,960,0,ONMK005_008,199876
114823,1020,0,ONMK005_008,200896
114824,916,0,ONMK005_008,201812
114825,940,0,ONMK005_008,202752
114826,988,0,ONMK005_008,203740
114827,1020,0,ONMK005_008,204760
114828,1064,0,ONMK005_008,205824
114829,916,0,ONMK005_008,206740
114830,140,0,ONMK005_008,206880
114831,812,0,ONMK005_008,207692
114832,952,0,ONMK005_008,208644
114833,956,0,ONMK005_008,209600
114834,224,0,ONMK005_008,209824
114835,416,0,ONMK005_008,210240
114836,332,0,ONMK005_008,210572
114837,968,0,ONMK005_008,211540
114838,476,0,ONMK005_008,212016
114839,328,0,ONMK005_008,212344
114840,160,0,ONMK005_008,212504
114841,1020,0,ONMK005_008,213524
114842,904,0,ONMK005_008,214428
114843,76,0,ONMK005_008,214504
114844,908,0,ONMK005_008,215412
114845,964,0,ONMK005_008,216376
114846,952,0,ONMK005_008,217328
114847,976,0,ONMK005_008,218304
114848,1024,1,ONMK005_008,219328
114849,884,0,ONMK005_008,220212
114850,940,0,ONMK005_008,221152
114851,916,0,ONMK005_008,222068
114852,964,1,ONMK005_008,223032
114853,840,0,ONMK005_008,223872
114854,900,0,ONMK005_008,224772
114855,904,0,ONMK005_008,225676
114856,980,0,ONMK005_008,226656
114857,900,0,ONMK005_008,227556
114858,956,0,ONMK005_008,228512
114859,1028,0,ONMK005_008,229540
114860,976,0,ONMK005_008,230516
114861,896,0,ONMK005_008,231412
114862,964,0,ONMK005_008,232376
114863,960,0,ONMK005_008,233336
114864,1008,0,ONMK005_008,234344
114865,916,0,ONMK005_008,235260
114866,956,0,ONMK005_008,236216
114867,1024,0,ONMK005_008,237240
114868,888,0,ONMK005_008,238128
114869,1000,0,ONMK005_008,239128
114870,976,0,ONMK005_008,240104
114871,928,0,ONMK005_008,241032
114872,936,0,ONMK005_008,241968
114873,880,0,ONMK005_008,242848
114874,960,0,ONMK005_008,243808
114875,924,0,ONMK005_008,244732
114876,876,0,ONMK005_008,245608
114877,904,0,ONMK005_008,246512
114878,940,0,ONMK005_008,247452
114879,880,0,ONMK005_008,248332
114880,820,0,ONMK005_008,249152
114881,928,0,ONMK005_008,250080
114882,856,0,ONMK005_008,250936
114883,800,0,ONMK005_008,251736
114884,900,0,ONMK005_008,252636
114885,780,0,ONMK005_008,253416
114886,904,0,ONMK005_008,254320
114887,884,0,ONMK005_008,255204
114888,836,0,ONMK005_008,256040
114889,980,0,ONMK005_008,257020
114890,936,0,ONMK005_008,257956
114891,864,0,ONMK005_008,258820
114892,904,0,ONMK005_008,259724
114893,944,0,ONMK005_008,260668
114894,952,0,ONMK005_008,261620
114895,1008,0,ONMK005_008,262628
114896,880,0,ONMK005_008,263508
114897,1000,0,ONMK005_008,264508
114898,956,0,ONMK005_008,265464
114899,928,0,ONMK005_008,266392
114900,948,0,ONMK005_008,267340
114901,908,0,ONMK005_008,268248
114902,984,0,ONMK005_008,269232
114903,876,0,ONMK005_008,270108
114904,944,0,ONMK005_008,271052
114905,1024,0,ONMK005_008,272076
114906,956,0,ONMK005_008,273032
114907,904,0,ONMK005_008,273936
114908,976,0,ONMK005_008,274912
114909,964,0,ONMK005_008,275876
114910,960,0,ONMK005_008,276836
114911,1040,0,ONMK005_008,277876
114912,1004,0,ONMK005_008,278880
114913,1000,0,ONMK005_008,279880
114914,920,0,ONMK005_008,280800
114915,1044,0,ONMK005_008,281844
114916,940,0,ONMK005_008,282784
114917,980,0,ONMK005_008,283764
114918,980,0,ONMK005_008,284744
114919,976,0,ONMK005_008,285720
114920,1020,0,ONMK005_008,286740
114921,880,0,ONMK005_008,287620
114922,992,0,ONMK005_008,288612
114923,940,0,ONMK005_008,289552
114924,940,0,ONMK005_008,290492
114925,872,0,ONMK005_008,291364
114926,900,0,ONMK005_008,292264
114927,904,0,ONMK005_008,293168
